5.5511169e-17	0.99944835
0.0021021021	0.99943195
0.0042042042	0.99941555
0.0063063063	0.99939915
0.0084084084	0.99938275
0.010510511	0.99936635
0.012612613	0.99934995
0.014714715	0.99933355
0.016816817	0.99931715
0.018918919	0.99930075
0.021021021	0.99928436
0.023123123	0.99925781
0.025225225	0.99923094
0.027327327	0.99920407
0.029429429	0.9991772
0.031531532	0.99915033
0.033633634	0.99912345
0.035735736	0.99909658
0.037837838	0.99906971
0.03993994	0.99904284
0.042042042	0.99901596
0.044144144	0.99898909
0.046246246	0.99896222
0.048348348	0.99892245
0.05045045	0.99887634
0.052552553	0.99883024
0.054654655	0.99878413
0.056756757	0.99873802
0.058858859	0.99869192
0.060960961	0.99864581
0.063063063	0.99859971
0.065165165	0.9985536
0.067267267	0.99848284
0.069369369	0.99840789
0.071471471	0.99833294
0.073573574	0.99825799
0.075675676	0.99818304
0.077777778	0.99810809
0.07987988	0.99798618
0.081981982	0.99782346
0.084084084	0.99766075
0.086186186	0.99749803
0.088288288	0.99733491
0.09039039	0.99708334
0.092492492	0.99683176
0.094594595	0.99658018
0.096696697	0.83450322
0.098798799	0.62042557
0.1009009	0.35485015
0.103003	0.02061103
0.10510511	1.082829e-16
0.10720721	1.0686631e-16
0.10930931	1.0686631e-16
0.11141141	1.053411e-16
0.11351351	1.0373309e-16
0.11561562	1.0373309e-16
0.11771772	1.0206488e-16
0.11981982	1.0206488e-16
0.12192192	1.0034504e-16
0.12402402	1.0034504e-16
0.12612613	9.8576385e-17
0.12822823	9.6763693e-17
0.13033033	9.6763693e-17
0.13243243	9.4920984e-17
0.13453453	9.4920984e-17
0.13663664	9.3069751e-17
0.13873874	9.3069751e-17
0.14084084	9.1241139e-17
0.14294294	9.1241139e-17
0.14504505	8.9477525e-17
0.14714715	8.9477525e-17
0.14924925	8.7829906e-17
0.15135135	8.7829906e-17
0.15345345	8.7829906e-17
0.15555556	8.6345999e-17
0.15765766	8.6345999e-17
0.15975976	8.5053784e-17
0.16186186	8.5053784e-17
0.16396396	8.3954932e-17
0.16606607	8.3954932e-17
0.16816817	8.3954932e-17
0.17027027	8.3026696e-17
0.17237237	8.3026696e-17
0.17447447	8.2245616e-17
0.17657658	8.2245616e-17
0.17867868	8.2245616e-17
0.18078078	8.157728e-17
0.18288288	8.157728e-17
0.18498498	8.0995997e-17
0.18708709	8.0995997e-17
0.18918919	8.0995997e-17
0.19129129	8.0479423e-17
0.19339339	8.0479423e-17
0.1954955	8.0479423e-17
0.1975976	8.0007134e-17
0.1996997	8.0007134e-17
0.2018018	8.0007134e-17
0.2039039	7.9560154e-17
0.20600601	7.9560154e-17
0.20810811	7.9560154e-17
0.21021021	7.9129668e-17
0.21231231	7.9129668e-17
0.21441441	7.9129668e-17
0.21651652	7.8712323e-17
0.21861862	7.8712323e-17
0.22072072	7.8712323e-17
0.22282282	7.8306001e-17
0.22492492	7.8306001e-17
0.22702703	7.8306001e-17
0.22912913	7.7910488e-17
0.23123123	7.7910488e-17
0.23333333	7.7910488e-17
0.23543544	7.7910488e-17
0.23753754	7.7526329e-17
0.23963964	7.7526329e-17
0.24174174	7.7526329e-17
0.24384384	7.7154555e-17
0.24594595	7.7154555e-17
0.24804805	7.7154555e-17
0.25015015	7.7154555e-17
0.25225225	7.6795601e-17
0.25435435	7.6795601e-17
0.25645646	7.6795601e-17
0.25855856	7.6448494e-17
0.26066066	7.6448494e-17
0.26276276	7.6448494e-17
0.26486486	7.6448494e-17
0.26696697	7.6111287e-17
0.26906907	7.6111287e-17
0.27117117	7.6111287e-17
0.27327327	7.6111287e-17
0.27537538	7.5776977e-17
0.27747748	7.5776977e-17
0.27957958	7.5776977e-17
0.28168168	7.5776977e-17
0.28378378	7.5440877e-17
0.28588589	7.5440877e-17
0.28798799	7.5440877e-17
0.29009009	7.5440877e-17
0.29219219	7.5102421e-17
0.29429429	7.5102421e-17
0.2963964	7.5102421e-17
0.2984985	7.5102421e-17
0.3006006	7.5102421e-17
0.3027027	7.476362e-17
0.3048048	7.476362e-17
0.30690691	7.476362e-17
0.30900901	7.476362e-17
0.31111111	7.4428438e-17
0.31321321	7.4428438e-17
0.31531532	7.4428438e-17
0.31741742	7.4428438e-17
0.31951952	7.4428438e-17
0.32162162	7.4100933e-17
0.32372372	7.4100933e-17
0.32582583	7.4100933e-17
0.32792793	7.4100933e-17
0.33003003	7.3783955e-17
0.33213213	7.3783955e-17
0.33423423	7.3783955e-17
0.33633634	7.3783955e-17
0.33843844	7.3783955e-17
0.34054054	7.3478732e-17
0.34264264	7.3478732e-17
0.34474474	7.3478732e-17
0.34684685	7.3478732e-17
0.34894895	7.3478732e-17
0.35105105	7.318531e-17
0.35315315	7.318531e-17
0.35525526	7.318531e-17
0.35735736	7.318531e-17
0.35945946	7.318531e-17
0.36156156	7.290308e-17
0.36366366	7.290308e-17
0.36576577	7.290308e-17
0.36786787	7.290308e-17
0.36996997	7.290308e-17
0.37207207	7.290308e-17
0.37417417	7.2630781e-17
0.37627628	7.2630781e-17
0.37837838	7.2630781e-17
0.38048048	7.2630781e-17
0.38258258	7.2630781e-17
0.38468468	7.2367163e-17
0.38678679	7.2367163e-17
0.38888889	7.2367163e-17
0.39099099	7.2367163e-17
0.39309309	7.2367163e-17
0.3951952	7.2367163e-17
0.3972973	7.2106785e-17
0.3993994	7.2106785e-17
0.4015015	7.2106785e-17
0.4036036	7.2106785e-17
0.40570571	7.2106785e-17
0.40780781	7.2106785e-17
0.40990991	7.1840939e-17
0.41201201	7.1840939e-17
0.41411411	7.1840939e-17
0.41621622	7.1840939e-17
0.41831832	7.1840939e-17
0.42042042	7.1840939e-17
0.42252252	7.1554935e-17
0.42462462	7.1554935e-17
0.42672673	7.1554935e-17
0.42882883	7.1554935e-17
0.43093093	7.1554935e-17
0.43303303	7.1554935e-17
0.43513514	7.1225128e-17
0.43723724	7.1225128e-17
0.43933934	7.1225128e-17
0.44144144	7.1225128e-17
0.44354354	7.1225128e-17
0.44564565	7.1225128e-17
0.44774775	7.082956e-17
0.44984985	7.082956e-17
0.45195195	7.082956e-17
0.45405405	7.082956e-17
0.45615616	7.082956e-17
0.45825826	7.082956e-17
0.46036036	7.082956e-17
0.46246246	7.0391317e-17
0.46456456	7.0391317e-17
0.46666667	7.0391317e-17
0.46876877	7.0391317e-17
0.47087087	7.0391317e-17
0.47297297	7.0391317e-17
0.47507508	7.0391317e-17
0.47717718	6.9963727e-17
0.47927928	6.9963727e-17
0.48138138	6.9963727e-17
0.48348348	6.9963727e-17
0.48558559	6.9963727e-17
0.48768769	6.9963727e-17
0.48978979	6.9963727e-17
0.49189189	6.9577196e-17
0.49399399	6.9577196e-17
0.4960961	6.9577196e-17
0.4981982	6.9577196e-17
0.5003003	6.9577196e-17
0.5024024	6.9577196e-17
0.5045045	6.9577196e-17
0.50660661	6.9237911e-17
0.50870871	6.9237911e-17
0.51081081	6.9237911e-17
0.51291291	6.9237911e-17
0.51501502	6.9237911e-17
0.51711712	6.9237911e-17
0.51921922	6.9237911e-17
0.52132132	6.8935302e-17
0.52342342	6.8935302e-17
0.52552553	6.8935302e-17
0.52762763	6.8935302e-17
0.52972973	6.8935302e-17
0.53183183	6.8935302e-17
0.53393393	6.8935302e-17
0.53603604	6.8935302e-17
0.53813814	6.8657319e-17
0.54024024	6.8657319e-17
0.54234234	6.8657319e-17
0.54444444	6.8657319e-17
0.54654655	6.8657319e-17
0.54864865	6.8657319e-17
0.55075075	6.8657319e-17
0.55285285	6.8657319e-17
0.55495495	6.8394438e-17
0.55705706	6.8394438e-17
0.55915916	6.8394438e-17
0.56126126	6.8394438e-17
0.56336336	6.8394438e-17
0.56546547	6.8394438e-17
0.56756757	6.8394438e-17
0.56966967	6.8394438e-17
0.57177177	6.8138569e-17
0.57387387	6.8138569e-17
0.57597598	6.8138569e-17
0.57807808	6.8138569e-17
0.58018018	6.8138569e-17
0.58228228	6.8138569e-17
0.58438438	6.8138569e-17
0.58648649	6.8138569e-17
0.58858859	6.7891017e-17
0.59069069	6.7891017e-17
0.59279279	6.7891017e-17
0.59489489	6.7891017e-17
0.596997	6.7891017e-17
0.5990991	6.7891017e-17
0.6012012	6.7891017e-17
0.6033033	6.7891017e-17
0.60540541	6.7891017e-17
0.60750751	6.7650222e-17
0.60960961	6.7650222e-17
0.61171171	6.7650222e-17
0.61381381	6.7650222e-17
0.61591592	6.7650222e-17
0.61801802	6.7650222e-17
0.62012012	6.7650222e-17
0.62222222	6.7650222e-17
0.62432432	6.7650222e-17
0.62642643	6.7415186e-17
0.62852853	6.7415186e-17
0.63063063	6.7415186e-17
0.63273273	6.7415186e-17
0.63483483	6.7415186e-17
0.63693694	6.7415186e-17
0.63903904	6.7415186e-17
0.64114114	6.7415186e-17
0.64324324	6.7415186e-17
0.64534535	6.7184655e-17
0.64744745	6.7184655e-17
0.64954955	6.7184655e-17
0.65165165	6.7184655e-17
0.65375375	6.7184655e-17
0.65585586	6.7184655e-17
0.65795796	6.7184655e-17
0.66006006	6.7184655e-17
0.66216216	6.7184655e-17
0.66426426	6.6957482e-17
0.66636637	6.6957482e-17
0.66846847	6.6957482e-17
0.67057057	6.6957482e-17
0.67267267	6.6957482e-17
0.67477477	6.6957482e-17
0.67687688	6.6957482e-17
0.67897898	6.6957482e-17
0.68108108	6.6957482e-17
0.68318318	6.6957482e-17
0.68528529	6.6732885e-17
0.68738739	6.6732885e-17
0.68948949	6.6732885e-17
0.69159159	6.6732885e-17
0.69369369	6.6732885e-17
0.6957958	6.6732885e-17
0.6978979	6.6732885e-17
0.7	6.6732885e-17
0.7021021	6.6732885e-17
0.7042042	6.6732885e-17
0.70630631	6.651024e-17
0.70840841	6.651024e-17
0.71051051	6.651024e-17
0.71261261	6.651024e-17
0.71471471	6.651024e-17
0.71681682	6.651024e-17
0.71891892	6.651024e-17
0.72102102	6.651024e-17
0.72312312	6.651024e-17
0.72522523	6.651024e-17
0.72732733	6.6289046e-17
0.72942943	6.6289046e-17
0.73153153	6.6289046e-17
0.73363363	6.6289046e-17
0.73573574	6.6289046e-17
0.73783784	6.6289046e-17
0.73993994	6.6289046e-17
0.74204204	6.6289046e-17
0.74414414	6.6289046e-17
0.74624625	6.6289046e-17
0.74834835	6.6289046e-17
0.75045045	6.6069101e-17
0.75255255	6.6069101e-17
0.75465465	6.6069101e-17
0.75675676	6.6069101e-17
0.75885886	6.6069101e-17
0.76096096	6.6069101e-17
0.76306306	6.6069101e-17
0.76516517	6.6069101e-17
0.76726727	6.6069101e-17
0.76936937	6.6069101e-17
0.77147147	6.6069101e-17
0.77357357	6.5850296e-17
0.77567568	6.5850296e-17
0.77777778	6.5850296e-17
0.77987988	6.5850296e-17
0.78198198	6.5850296e-17
0.78408408	6.5850296e-17
0.78618619	6.5850296e-17
0.78828829	6.5850296e-17
0.79039039	6.5850296e-17
0.79249249	6.5850296e-17
0.79459459	6.5850296e-17
0.7966967	6.5632452e-17
0.7987988	6.5632452e-17
0.8009009	6.5632452e-17
0.803003	6.5632452e-17
0.80510511	6.5632452e-17
0.80720721	6.5632452e-17
0.80930931	6.5632452e-17
0.81141141	6.5632452e-17
0.81351351	6.5632452e-17
0.81561562	6.5632452e-17
0.81771772	6.5632452e-17
0.81981982	6.5632452e-17
0.82192192	6.5415341e-17
0.82402402	6.5415341e-17
0.82612613	6.5415341e-17
0.82822823	6.5415341e-17
0.83033033	6.5415341e-17
0.83243243	6.5415341e-17
0.83453453	6.5415341e-17
0.83663664	6.5415341e-17
0.83873874	6.5415341e-17
0.84084084	6.5415341e-17
0.84294294	6.5415341e-17
0.84504505	6.5415341e-17
0.84714715	6.5198758e-17
0.84924925	6.5198758e-17
0.85135135	6.5198758e-17
0.85345345	6.5198758e-17
0.85555556	6.5198758e-17
0.85765766	6.5198758e-17
0.85975976	6.5198758e-17
0.86186186	6.5198758e-17
0.86396396	6.5198758e-17
0.86606607	6.5198758e-17
0.86816817	6.5198758e-17
0.87027027	6.5198758e-17
0.87237237	6.4982509e-17
0.87447447	6.4982509e-17
0.87657658	6.4982509e-17
0.87867868	6.4982509e-17
0.88078078	6.4982509e-17
0.88288288	6.4982509e-17
0.88498498	6.4982509e-17
0.88708709	6.4982509e-17
0.88918919	6.4982509e-17
0.89129129	6.4982509e-17
0.89339339	6.4982509e-17
0.8954955	6.4982509e-17
0.8975976	6.4982509e-17
0.8996997	6.4766429e-17
0.9018018	6.4766429e-17
0.9039039	6.4766429e-17
0.90600601	6.4766429e-17
0.90810811	6.4766429e-17
0.91021021	6.4766429e-17
0.91231231	6.4766429e-17
0.91441441	6.4766429e-17
0.91651652	6.4766429e-17
0.91861862	6.4766429e-17
0.92072072	6.4766429e-17
0.92282282	6.4766429e-17
0.92492492	6.4766429e-17
0.92702703	6.4550364e-17
0.92912913	6.4550364e-17
0.93123123	6.4550364e-17
0.93333333	6.4550364e-17
0.93543544	6.4550364e-17
0.93753754	6.4550364e-17
0.93963964	6.4550364e-17
0.94174174	6.4550364e-17
0.94384384	6.4550364e-17
0.94594595	6.4550364e-17
0.94804805	6.4550364e-17
0.95015015	6.4550364e-17
0.95225225	6.4550364e-17
0.95435435	6.4550364e-17
0.95645646	6.4334156e-17
0.95855856	6.4334156e-17
0.96066066	6.4334156e-17
0.96276276	6.4334156e-17
0.96486486	6.4334156e-17
0.96696697	6.4334156e-17
0.96906907	6.4334156e-17
0.97117117	6.4334156e-17
0.97327327	6.4334156e-17
0.97537538	6.4334156e-17
0.97747748	6.4334156e-17
0.97957958	6.4334156e-17
0.98168168	6.4334156e-17
0.98378378	6.4334156e-17
0.98588589	6.4117653e-17
0.98798799	6.4117653e-17
0.99009009	6.4117653e-17
0.99219219	6.4117653e-17
0.99429429	6.4117653e-17
0.9963964	6.4117653e-17
0.9984985	6.4117653e-17
1.0006006	6.4117653e-17
1.0027027	6.4117653e-17
1.0048048	6.4117653e-17
1.0069069	6.4117653e-17
1.009009	6.4117653e-17
1.0111111	6.4117653e-17
1.0132132	6.4117653e-17
1.0153153	6.390071e-17
1.0174174	6.390071e-17
1.0195195	6.390071e-17
1.0216216	6.390071e-17
1.0237237	6.390071e-17
1.0258258	6.390071e-17
1.0279279	6.390071e-17
1.03003	6.390071e-17
1.0321321	6.390071e-17
1.0342342	6.390071e-17
1.0363363	6.390071e-17
1.0384384	6.390071e-17
1.0405405	6.390071e-17
1.0426426	6.390071e-17
1.0447447	6.390071e-17
1.0468468	6.3683168e-17
1.0489489	6.3683168e-17
1.0510511	6.3683168e-17
1.0531532	6.3683168e-17
1.0552553	6.3683168e-17
1.0573574	6.3683168e-17
1.0594595	6.3683168e-17
1.0615616	6.3683168e-17
1.0636637	6.3683168e-17
1.0657658	6.3683168e-17
1.0678679	6.3683168e-17
1.06997	6.3683168e-17
1.0720721	6.3683168e-17
1.0741742	6.3683168e-17
1.0762763	6.3683168e-17
1.0783784	6.3464898e-17
1.0804805	6.3464898e-17
1.0825826	6.3464898e-17
1.0846847	6.3464898e-17
1.0867868	6.3464898e-17
1.0888889	6.3464898e-17
1.090991	6.3464898e-17
1.0930931	6.3464898e-17
1.0951952	6.3464898e-17
1.0972973	6.3464898e-17
1.0993994	6.3464898e-17
1.1015015	6.3464898e-17
1.1036036	6.3464898e-17
1.1057057	6.3464898e-17
1.1078078	6.3464898e-17
1.1099099	6.3464898e-17
1.112012	6.3245761e-17
1.1141141	6.3245761e-17
1.1162162	6.3245761e-17
1.1183183	6.3245761e-17
1.1204204	6.3245761e-17
1.1225225	6.3245761e-17
1.1246246	6.3245761e-17
1.1267267	6.3245761e-17
1.1288288	6.3245761e-17
1.1309309	6.3245761e-17
1.133033	6.3245761e-17
1.1351351	6.3245761e-17
1.1372372	6.3245761e-17
1.1393393	6.3245761e-17
1.1414414	6.3245761e-17
1.1435435	6.3245761e-17
1.1456456	6.3025645e-17
1.1477477	6.3025645e-17
1.1498498	6.3025645e-17
1.151952	6.3025645e-17
1.1540541	6.3025645e-17
1.1561562	6.3025645e-17
1.1582583	6.3025645e-17
1.1603604	6.3025645e-17
1.1624625	6.3025645e-17
1.1645646	6.3025645e-17
1.1666667	6.3025645e-17
1.1687688	6.3025645e-17
1.1708709	6.3025645e-17
1.172973	6.3025645e-17
1.1750751	6.3025645e-17
1.1771772	6.3025645e-17
1.1792793	6.3025645e-17
1.1813814	6.2804516e-17
1.1834835	6.2804516e-17
1.1855856	6.2804516e-17
1.1876877	6.2804516e-17
1.1897898	6.2804516e-17
1.1918919	6.2804516e-17
1.193994	6.2804516e-17
1.1960961	6.2804516e-17
1.1981982	6.2804516e-17
1.2003003	6.2804516e-17
1.2024024	6.2804516e-17
1.2045045	6.2804516e-17
1.2066066	6.2804516e-17
1.2087087	6.2804516e-17
1.2108108	6.2804516e-17
1.2129129	6.2804516e-17
1.215015	6.2804516e-17
1.2171171	6.2804516e-17
1.2192192	6.2582488e-17
1.2213213	6.2582488e-17
1.2234234	6.2582488e-17
1.2255255	6.2582488e-17
1.2276276	6.2582488e-17
1.2297297	6.2582488e-17
1.2318318	6.2582488e-17
1.2339339	6.2582488e-17
1.236036	6.2582488e-17
1.2381381	6.2582488e-17
1.2402402	6.2582488e-17
1.2423423	6.2582488e-17
1.2444444	6.2582488e-17
1.2465465	6.2582488e-17
1.2486486	6.2582488e-17
1.2507508	6.2582488e-17
1.2528529	6.2582488e-17
1.254955	6.2361261e-17
1.2570571	6.2361261e-17
1.2591592	6.2361261e-17
1.2612613	6.2361261e-17
1.2633634	6.2361261e-17
1.2654655	6.2361261e-17
1.2675676	6.2361261e-17
1.2696697	6.2361261e-17
1.2717718	6.2361261e-17
1.2738739	6.2361261e-17
1.275976	6.2361261e-17
1.2780781	6.2361261e-17
1.2801802	6.2361261e-17
1.2822823	6.2361261e-17
1.2843844	6.2361261e-17
1.2864865	6.2361261e-17
1.2885886	6.2361261e-17
1.2906907	6.2361261e-17
1.2927928	6.2361261e-17
1.2948949	6.2157728e-17
1.296997	6.2157728e-17
1.2990991	6.2157728e-17
1.3012012	6.2157728e-17
1.3033033	6.2157728e-17
1.3054054	6.2157728e-17
1.3075075	6.2157728e-17
1.3096096	6.2157728e-17
1.3117117	6.2157728e-17
1.3138138	6.2157728e-17
1.3159159	6.2157728e-17
1.318018	6.2157728e-17
1.3201201	6.2157728e-17
1.3222222	6.2157728e-17
1.3243243	6.2157728e-17
1.3264264	6.2157728e-17
1.3285285	6.2157728e-17
1.3306306	6.2157728e-17
1.3327327	6.2157728e-17
1.3348348	6.2099491e-17
1.3369369	6.2099491e-17
1.339039	6.2099491e-17
1.3411411	6.2099491e-17
1.3432432	6.2099491e-17
1.3453453	6.2099491e-17
1.3474474	6.2099491e-17
1.3495495	6.2099491e-17
1.3516517	6.2099491e-17
1.3537538	6.2099491e-17
1.3558559	6.2099491e-17
1.357958	6.2099491e-17
1.3600601	6.2099491e-17
1.3621622	6.2099491e-17
1.3642643	6.2099491e-17
1.3663664	6.2099491e-17
1.3684685	6.2099491e-17
1.3705706	6.2099491e-17
1.3726727	6.2099491e-17
1.3747748	6.3292565e-17
1.3768769	6.3292565e-17
1.378979	6.3292565e-17
1.3810811	6.3292565e-17
1.3831832	6.3292565e-17
1.3852853	6.3292565e-17
1.3873874	6.3292565e-17
1.3894895	6.3292565e-17
1.3915916	6.3292565e-17
1.3936937	6.3292565e-17
1.3957958	6.3292565e-17
1.3978979	6.3292565e-17
1.4	6.3292565e-17
1.4021021	6.3292565e-17
1.4042042	6.3292565e-17
1.4063063	6.3292565e-17
1.4084084	6.3292565e-17
1.4105105	6.3292565e-17
1.4126126	6.3292565e-17
1.4147147	6.3292565e-17
1.4168168	6.3900417e-17
1.4189189	6.3900417e-17
1.421021	6.3900417e-17
1.4231231	6.3900417e-17
1.4252252	6.3900417e-17
1.4273273	6.3900417e-17
1.4294294	6.3900417e-17
1.4315315	6.3900417e-17
1.4336336	6.3900417e-17
1.4357357	6.3900417e-17
1.4378378	6.3900417e-17
1.4399399	6.3900417e-17
1.442042	6.3900417e-17
1.4441441	6.3900417e-17
1.4462462	6.3900417e-17
1.4483483	6.3900417e-17
1.4504505	6.3900417e-17
1.4525526	6.3900417e-17
1.4546547	6.3900417e-17
1.4567568	6.3900417e-17
1.4588589	6.3900417e-17
1.460961	6.4266155e-17
1.4630631	6.4266155e-17
1.4651652	6.4266155e-17
1.4672673	6.4266155e-17
1.4693694	6.4266155e-17
1.4714715	6.4266155e-17
1.4735736	6.4266155e-17
1.4756757	6.4266155e-17
1.4777778	6.4266155e-17
1.4798799	6.4266155e-17
1.481982	6.4266155e-17
1.4840841	6.4266155e-17
1.4861862	6.4266155e-17
1.4882883	6.4266155e-17
1.4903904	6.4266155e-17
1.4924925	6.4266155e-17
1.4945946	6.4266155e-17
1.4966967	6.4266155e-17
1.4987988	6.4266155e-17
1.5009009	6.4266155e-17
1.503003	6.4266155e-17
1.5051051	6.4403786e-17
1.5072072	6.4403786e-17
1.5093093	6.4403786e-17
1.5114114	6.4403786e-17
1.5135135	6.4403786e-17
1.5156156	6.4403786e-17
1.5177177	6.4403786e-17
1.5198198	6.4403786e-17
1.5219219	6.4403786e-17
1.524024	6.4403786e-17
1.5261261	6.4403786e-17
1.5282282	6.4403786e-17
1.5303303	6.4403786e-17
1.5324324	6.4403786e-17
1.5345345	6.4403786e-17
1.5366366	6.4403786e-17
1.5387387	6.4403786e-17
1.5408408	6.4403786e-17
1.5429429	6.4403786e-17
1.545045	6.4403786e-17
1.5471471	6.4403786e-17
1.5492492	6.4403786e-17
1.5513514	6.4423258e-17
1.5534535	6.4423258e-17
1.5555556	6.4423258e-17
1.5576577	6.4423258e-17
1.5597598	6.4423258e-17
1.5618619	6.4423258e-17
1.563964	6.4423258e-17
1.5660661	6.4423258e-17
1.5681682	6.4423258e-17
1.5702703	6.4423258e-17
1.5723724	6.4423258e-17
1.5744745	6.4423258e-17
1.5765766	6.4423258e-17
1.5786787	6.4423258e-17
1.5807808	6.4423258e-17
1.5828829	6.4423258e-17
1.584985	6.4423258e-17
1.5870871	6.4423258e-17
1.5891892	6.4423258e-17
1.5912913	6.4423258e-17
1.5933934	6.4423258e-17
1.5954955	6.4423258e-17
1.5975976	6.4423258e-17
1.5996997	6.4376898e-17
1.6018018	6.4376898e-17
1.6039039	6.4376898e-17
1.606006	6.4376898e-17
1.6081081	6.4376898e-17
1.6102102	6.4376898e-17
1.6123123	6.4376898e-17
1.6144144	6.4376898e-17
1.6165165	6.4376898e-17
1.6186186	6.4376898e-17
1.6207207	6.4376898e-17
1.6228228	6.4376898e-17
1.6249249	6.4376898e-17
1.627027	6.4376898e-17
1.6291291	6.4376898e-17
1.6312312	6.4376898e-17
1.6333333	6.4376898e-17
1.6354354	6.4376898e-17
1.6375375	6.4376898e-17
1.6396396	6.4376898e-17
1.6417417	6.4376898e-17
1.6438438	6.4376898e-17
1.6459459	6.4376898e-17
1.648048	6.4376898e-17
1.6501502	6.4293575e-17
1.6522523	6.4293575e-17
1.6543544	6.4293575e-17
1.6564565	6.4293575e-17
1.6585586	6.4293575e-17
1.6606607	6.4293575e-17
1.6627628	6.4293575e-17
1.6648649	6.4293575e-17
1.666967	6.4293575e-17
1.6690691	6.4293575e-17
1.6711712	6.4293575e-17
1.6732733	6.4293575e-17
1.6753754	6.4293575e-17
1.6774775	6.4293575e-17
1.6795796	6.4293575e-17
1.6816817	6.4293575e-17
1.6837838	6.4293575e-17
1.6858859	6.4293575e-17
1.687988	6.4293575e-17
1.6900901	6.4293575e-17
1.6921922	6.4293575e-17
1.6942943	6.4293575e-17
1.6963964	6.4293575e-17
1.6984985	6.4293575e-17
1.7006006	6.4187635e-17
1.7027027	6.4187635e-17
1.7048048	6.4187635e-17
1.7069069	6.4187635e-17
1.709009	6.4187635e-17
1.7111111	6.4187635e-17
1.7132132	6.4187635e-17
1.7153153	6.4187635e-17
1.7174174	6.4187635e-17
1.7195195	6.4187635e-17
1.7216216	6.4187635e-17
1.7237237	6.4187635e-17
1.7258258	6.4187635e-17
1.7279279	6.4187635e-17
1.73003	6.4187635e-17
1.7321321	6.4187635e-17
1.7342342	6.4187635e-17
1.7363363	6.4187635e-17
1.7384384	6.4187635e-17
1.7405405	6.4187635e-17
1.7426426	6.4187635e-17
1.7447447	6.4187635e-17
1.7468468	6.4187635e-17
1.7489489	6.4187635e-17
1.7510511	6.4067859e-17
1.7531532	6.4067859e-17
1.7552553	6.4067859e-17
1.7573574	6.4067859e-17
1.7594595	6.4067859e-17
1.7615616	6.4067859e-17
1.7636637	6.4067859e-17
1.7657658	6.4067859e-17
1.7678679	6.4067859e-17
1.76997	6.4067859e-17
1.7720721	6.4067859e-17
1.7741742	6.4067859e-17
1.7762763	6.4067859e-17
1.7783784	6.4067859e-17
1.7804805	6.4067859e-17
1.7825826	6.4067859e-17
1.7846847	6.4067859e-17
1.7867868	6.4067859e-17
1.7888889	6.4067859e-17
1.790991	6.4067859e-17
1.7930931	6.4067859e-17
1.7951952	6.4067859e-17
1.7972973	6.4067859e-17
1.7993994	6.4067859e-17
1.8015015	6.4067859e-17
1.8036036	6.4067859e-17
1.8057057	6.3937544e-17
1.8078078	6.3937544e-17
1.8099099	6.3937544e-17
1.812012	6.3937544e-17
1.8141141	6.3937544e-17
1.8162162	6.3937544e-17
1.8183183	6.3937544e-17
1.8204204	6.3937544e-17
1.8225225	6.3937544e-17
1.8246246	6.3937544e-17
1.8267267	6.3937544e-17
1.8288288	6.3937544e-17
1.8309309	6.3937544e-17
1.833033	6.3937544e-17
1.8351351	6.3937544e-17
1.8372372	6.3937544e-17
1.8393393	6.3937544e-17
1.8414414	6.3937544e-17
1.8435435	6.3937544e-17
1.8456456	6.3937544e-17
1.8477477	6.3937544e-17
1.8498498	6.3937544e-17
1.851952	6.3937544e-17
1.8540541	6.3937544e-17
1.8561562	6.3937544e-17
1.8582583	6.3937544e-17
1.8603604	6.3937544e-17
1.8624625	6.3804236e-17
1.8645646	6.3804236e-17
1.8666667	6.3804236e-17
1.8687688	6.3804236e-17
1.8708709	6.3804236e-17
1.872973	6.3804236e-17
1.8750751	6.3804236e-17
1.8771772	6.3804236e-17
1.8792793	6.3804236e-17
1.8813814	6.3804236e-17
1.8834835	6.3804236e-17
1.8855856	6.3804236e-17
1.8876877	6.3804236e-17
1.8897898	6.3804236e-17
1.8918919	6.3804236e-17
1.893994	6.3804236e-17
1.8960961	6.3804236e-17
1.8981982	6.3804236e-17
1.9003003	6.3804236e-17
1.9024024	6.3804236e-17
1.9045045	6.3804236e-17
1.9066066	6.3804236e-17
1.9087087	6.3804236e-17
1.9108108	6.3804236e-17
1.9129129	6.3804236e-17
1.915015	6.3804236e-17
1.9171171	6.3804236e-17
1.9192192	6.3655499e-17
1.9213213	6.3655499e-17
1.9234234	6.3655499e-17
1.9255255	6.3655499e-17
1.9276276	6.3655499e-17
1.9297297	6.3655499e-17
1.9318318	6.3655499e-17
1.9339339	6.3655499e-17
1.936036	6.3655499e-17
1.9381381	6.3655499e-17
1.9402402	6.3655499e-17
1.9423423	6.3655499e-17
1.9444444	6.3655499e-17
1.9465465	6.3655499e-17
1.9486486	6.3655499e-17
1.9507508	6.3655499e-17
1.9528529	6.3655499e-17
1.954955	6.3655499e-17
1.9570571	6.3655499e-17
1.9591592	6.3655499e-17
1.9612613	6.3655499e-17
1.9633634	6.3655499e-17
1.9654655	6.3655499e-17
1.9675676	6.3655499e-17
1.9696697	6.3655499e-17
1.9717718	6.3655499e-17
1.9738739	6.3655499e-17
1.975976	6.3655499e-17
1.9780781	6.3528093e-17
1.9801802	6.3528093e-17
1.9822823	6.3528093e-17
1.9843844	6.3528093e-17
1.9864865	6.3528093e-17
1.9885886	6.3528093e-17
1.9906907	6.3528093e-17
1.9927928	6.3528093e-17
1.9948949	6.3528093e-17
1.996997	6.3528093e-17
1.9990991	6.3528093e-17
2.0012012	6.3528093e-17
2.0033033	6.3528093e-17
2.0054054	6.3528093e-17
2.0075075	6.3528093e-17
2.0096096	6.3528093e-17
2.0117117	6.3528093e-17
2.0138138	6.3528093e-17
2.0159159	6.3528093e-17
2.018018	6.3528093e-17
2.0201201	6.3528093e-17
2.0222222	6.3528093e-17
2.0243243	6.3528093e-17
2.0264264	6.3528093e-17
2.0285285	6.3528093e-17
2.0306306	6.3528093e-17
2.0327327	6.3528093e-17
2.0348348	6.3528093e-17
2.0369369	6.3528093e-17
2.039039	0.0077016117
2.0411411	0.017271937
2.0432432	0.026842262
2.0453453	0.036412588
2.0474474	0.045982913
2.0495495	0.055553238
2.0516517	0.065123564
2.0537538	0.074693889
2.0558559	0.084264214
2.057958	0.093834539
2.0600601	0.10340486
2.0621622	0.11297519
2.0642643	0.12254552
2.0663664	0.13211584
2.0684685	0.14168617
2.0705706	0.15125649
2.0726727	0.16082682
2.0747748	0.17039714
2.0768769	0.17996747
2.078979	0.18953779
2.0810811	0.19910812
2.0831832	0.20867844
2.0852853	0.21824877
2.0873874	0.22781909
2.0894895	0.23738942
2.0915916	0.24695974
2.0936937	0.25653007
2.0957958	0.26610039
2.0978979	0.27567072
2.1	0.28524105
