/*--------------------------------*- C++ -*----------------------------------*\
  =========                 |
  \\      /  F ield         | OpenFOAM: The Open Source CFD Toolbox
   \\    /   O peration     | Website:  https://openfoam.org
    \\  /    A nd           | Version:  12
     \\/     M anipulation  |
\*---------------------------------------------------------------------------*/
FoamFile
{
    format      ascii;
    class       volScalarField;
    location    "1300";
    object      p;
}
// * * * * * * * * * * * * * * * * * * * * * * * * * * * * * * * * * * * * * //

dimensions      [0 2 -2 0 0 0 0];

internalField   nonuniform List<scalar> 
7480
(
0.0087626357
0.0080237876
0.0069018544
0.0063267904
0.0060163957
0.0057336614
0.0054667311
0.0052388728
0.0050406471
0.0048617814
0.0046956493
0.0045400965
0.0043954954
0.0042566041
0.0041236989
0.0039952263
0.003871039
0.0037538205
0.0036446233
0.0035429123
0.003449408
0.0033649194
0.003290223
0.0032261153
0.0031729656
0.0031297097
0.0030962312
0.0030708678
0.0030492785
0.0030283526
0.0030055622
0.0029798087
0.0029510174
0.0029210599
0.0028908085
0.002859252
0.0028263865
0.0027920304
0.0027563559
0.0027203697
0.002684255
0.0026475498
0.002610474
0.0025733022
0.0025365564
0.0025000622
0.0024633288
0.0024263686
0.0023897278
0.0023534341
0.0023169149
0.0022801898
0.0022436292
0.0022072313
0.0021705679
0.002133696
0.0020968514
0.0020599548
0.0020227064
0.0019852947
0.0019477608
0.0019098871
0.0018717114
0.0018333077
0.0017945453
0.0017553998
0.0017159391
0.0016760499
0.0016357297
0.0015950058
0.0015537808
0.0015120765
0.0014698648
0.0014271211
0.00138384
0.0013399725
0.0012955226
0.0012504649
0.0012047863
0.0011584752
0.0011115215
0.0010639181
0.0010156626
0.00096675771
0.00091721462
0.00086705195
0.00081630854
0.00076502629
0.00071331369
0.0006612217
0.00060909804
0.00055679689
0.00050574641
0.00045411545
0.00040902052
0.00035773318
0.00033867056
0.00025827328
0.00055529479
-0.00045858609
0.008282683
0.0076191391
0.0067870161
0.0063261645
0.0060670643
0.0058163801
0.0055672739
0.0053449407
0.0051483785
0.0049660774
0.0047945832
0.0046327565
0.0044819943
0.0043373095
0.0041991959
0.0040666177
0.0039391447
0.0038177844
0.0037038599
0.0035980279
0.0035006724
0.0034122945
0.0033336058
0.0032652692
0.0032073092
0.0031584757
0.0031190184
0.0030880217
0.0030616562
0.0030371309
0.0030121719
0.0029855858
0.0029569063
0.0029276031
0.0028981011
0.0028670217
0.0028342985
0.0027998502
0.0027639896
0.002727816
0.0026915228
0.0026546386
0.0026173784
0.0025800031
0.0025430382
0.0025063147
0.0024693507
0.0024321631
0.0023952985
0.0023587817
0.0023220403
0.0022850992
0.0022483304
0.0022117312
0.002174872
0.0021378119
0.0021007872
0.0020637174
0.0020263026
0.0019887327
0.001951047
0.0019130278
0.0018747134
0.0018361773
0.0017972882
0.0017580218
0.0017184457
0.0016784462
0.0016380208
0.0015971965
0.0015558756
0.00151408
0.0014717811
0.0014289542
0.0013855937
0.0013416505
0.0012971284
0.0012520018
0.0012062574
0.0011598836
0.0011128699
0.0010652094
0.0010168993
0.0009679424
0.00091834961
0.0008681395
0.00081735081
0.00076602534
0.00071427152
0.0006621402
0.00060997916
0.00055764229
0.00050655834
0.00045489496
0.00040977164
0.00035845543
0.00033935426
0.00025906034
0.0005561353
-0.00045792762
0.0080001861
0.007527688
0.0068508843
0.0063751334
0.0060736394
0.0057960115
0.0055294668
0.0052948178
0.0050907573
0.0049049103
0.0047331391
0.004573893
0.0044257047
0.0042859889
0.0041533656
0.0040269752
0.0039062772
0.0037915597
0.0036843009
0.003585608
0.0034956832
0.0034148428
0.0033435742
0.0032822851
0.0032309006
0.0031883187
0.0031529343
0.0031230209
0.0030960798
0.0030693745
0.0030410115
0.0030102219
0.0029767905
0.0029427828
0.0029093666
0.0028754924
0.0028410314
0.0028057494
0.0027697144
0.0027337603
0.0026977547
0.0026609986
0.0026236785
0.0025861214
0.002548935
0.0025119848
0.0024748038
0.0024374157
0.0024003633
0.0023636608
0.0023267352
0.0022896195
0.002252686
0.0022159274
0.0021789105
0.0021416979
0.0021045268
0.0020673149
0.0020297609
0.0019920578
0.0019542436
0.0019160995
0.0018776653
0.0018390141
0.0018000137
0.0017606402
0.0017209613
0.0016808625
0.0016403417
0.0015994258
0.0015580167
0.0015161363
0.001473756
0.0014308511
0.0013874156
0.0013434004
0.0012988092
0.0012536163
0.0012078083
0.0011613735
0.0011143013
0.0010665846
0.0010182207
0.00096921208
0.00091956976
0.00086931216
0.00081847794
0.00076710883
0.0007153132
0.00066314182
0.00061094254
0.00055856891
0.00050745044
0.00045575309
0.00041060052
0.00035925095
0.00034013181
0.0002599215
0.00055702219
-0.00045727666
0.0077561694
0.0073644487
0.0067699542
0.0063180049
0.0060251119
0.0057669859
0.0055201371
0.005301554
0.0051092998
0.0049323399
0.0047666299
0.0046116919
0.0044642777
0.004325364
0.0041921768
0.0040643753
0.0039416232
0.0038242338
0.003713754
0.0036112962
0.0035171171
0.0034316518
0.0033555468
0.0032894981
0.0032339162
0.0031884053
0.0031508436
0.0031196976
0.0030935633
0.0030693955
0.0030448202
0.0030185389
0.0029901442
0.0029597721
0.0029276659
0.0028938772
0.002858305
0.0028209156
0.0027821415
0.0027434785
0.002705329
0.0026671774
0.0026291087
0.0025913047
0.0025541874
0.0025173714
0.0024802227
0.0024427495
0.0024055541
0.0023686809
0.0023315725
0.0022942841
0.0022571867
0.0022202653
0.0021830853
0.0021457172
0.0021083989
0.0020710442
0.0020333494
0.0019955117
0.0019575676
0.0019192973
0.0018807418
0.0018419739
0.00180286
0.0017633771
0.0017235929
0.0016833921
0.0016427731
0.0016017627
0.0015602621
0.001518294
0.0014758291
0.0014328427
0.0013893289
0.0013452383
0.0013005748
0.0012553122
0.0012094373
0.0011629383
0.0011158044
0.0010680285
0.0010196077
0.00097054457
0.00092084988
0.00087054202
0.0008196596
0.00076824425
0.00071640431
0.00066419042
0.00061195049
0.00055953777
0.00050838233
0.00045664874
0.00041146382
0.00036007795
0.00034094203
0.00026067816
0.00055789715
-0.00045669099
0.0075330582
0.007195767
0.0066895129
0.0062867898
0.0060080346
0.0057596967
0.0055179536
0.0053006649
0.0051067212
0.0049275543
0.0047596359
0.0046025505
0.0044539741
0.0043144659
0.0041813184
0.0040541441
0.003932614
0.0038169476
0.0037084145
0.0036079623
0.0035158856
0.0034326086
0.003358647
0.0032945032
0.0032403939
0.0031956896
0.003158177
0.0031263629
0.0030987707
0.0030724342
0.00304534
0.0030167989
0.0029871917
0.0029561674
0.0029241792
0.0028920826
0.0028593005
0.0028254423
0.0027903842
0.0027541946
0.0027169751
0.0026788449
0.0026398832
0.0026005117
0.0025617149
0.0025235231
0.0024854627
0.0024474836
0.0024101311
0.0023732794
0.0023361804
0.0022988421
0.0022616541
0.0022246152
0.0021873014
0.0021498028
0.0021123571
0.0020748731
0.0020370469
0.001999084
0.0019610183
0.0019226278
0.0018839561
0.0018450757
0.0018058516
0.0017662618
0.0017263743
0.0016860724
0.0016453555
0.0016042504
0.0015626577
0.0015206005
0.0014780493
0.0014349795
0.0013913851
0.0013472165
0.0013024777
0.0012571425
0.0012111976
0.001164631
0.0011174321
0.0010695935
0.0010211123
0.00097199105
0.00092224044
0.00087187879
0.00082094464
0.00076947956
0.00071759183
0.000665332
0.00061304797
0.0005605928
0.00050939682
0.00045762375
0.00041240205
0.00036097651
0.00034181626
0.00026146106
0.0005588015
-0.00045600011
0.0073341009
0.007046808
0.0066158254
0.0062520998
0.0059812105
0.0057381304
0.0055033621
0.0052909034
0.0051002207
0.0049241231
0.0047591516
0.0046047077
0.0044587316
0.0043211205
0.0041897173
0.0040640409
0.0039438399
0.0038293149
0.0037215547
0.0036214557
0.0035294132
0.0034459231
0.0033714558
0.0033064322
0.0032510298
0.0032047075
0.0031656026
0.0031322691
0.0031032811
0.0030759648
0.0030484154
0.0030198906
0.0029903164
0.0029590785
0.002926611
0.0028935952
0.0028595047
0.002824433
0.0027886757
0.0027521034
0.002715261
0.0026786842
0.0026421227
0.0026054401
0.002568508
0.0025311424
0.0024932724
0.0024547662
0.0024164618
0.0023786723
0.0023408394
0.0023030079
0.0022655946
0.0022285037
0.0021911663
0.0021536253
0.0021161165
0.0020785508
0.0020406308
0.0020025759
0.0019644155
0.0019259258
0.0018871558
0.0018481789
0.0018088584
0.0017691738
0.0017291936
0.0016887999
0.0016479933
0.0016068007
0.0015651218
0.0015229808
0.0014803476
0.0014371979
0.0013935258
0.0013492815
0.0013044691
0.0012590625
0.0012130482
0.0011664144
0.0011191502
0.0010712486
0.0010227064
0.00097352615
0.00092371852
0.00087330179
0.00082231446
0.00077079805
0.0007188608
0.00066655321
0.00061422312
0.0005617235
0.00051048461
0.00045866992
0.00041340798
0.00036194018
0.00034274935
0.00026230308
0.00055971354
-0.00045515312
0.0071546266
0.0069114122
0.0065433949
0.0062130187
0.0059513355
0.005715253
0.0054886966
0.0052817676
0.0050946093
0.0049211972
0.0047584581
0.0046056729
0.0044610685
0.0043243276
0.0041937879
0.00406891
0.0039495144
0.0038357965
0.0037287087
0.0036291132
0.0035374388
0.0034541479
0.0033796818
0.0033144334
0.0032585176
0.0032114849
0.0031716777
0.0031375644
0.0031077202
0.0030796946
0.0030516114
0.0030226103
0.0029925331
0.0029609278
0.0029282198
0.0028950142
0.0028609129
0.0028259873
0.0027902969
0.0027536264
0.0027164999
0.0026793565
0.0026421338
0.0026049424
0.0025675968
0.002530411
0.0024936473
0.0024570299
0.0024203761
0.0023834989
0.002346217
0.0023083748
0.0022705273
0.0022328936
0.0021950643
0.0021571594
0.0021194648
0.0020818341
0.0020438779
0.0020057872
0.0019675787
0.0019290284
0.0018901951
0.0018511522
0.0018117603
0.0017720019
0.0017319477
0.0016914785
0.0016505967
0.0016093293
0.0015675755
0.0015253607
0.0014826545
0.0014394328
0.0013956899
0.0013513759
0.0013064952
0.0012610215
0.0012149417
0.0011682439
0.0011209173
0.0010729548
0.0010243533
0.00097511538
0.0009252517
0.00087478055
0.0008237404
0.00077217278
0.00072018588
0.00066783018
0.00061545344
0.00056290865
0.00051162565
0.00045976834
0.00041446355
0.00036295181
0.00034372572
0.00026318437
0.00056059675
-0.00045413868
0.006990467
0.0067841586
0.0064699845
0.0061711562
0.0059209011
0.0056927224
0.005474028
0.0052723458
0.0050884671
0.0049175524
0.0047568621
0.0046056604
0.0044624476
0.0043267811
0.0041973057
0.0040734524
0.0039550759
0.003842362
0.0037361407
0.003637219
0.0035460353
0.0034630307
0.0033886329
0.0033232041
0.0032668306
0.0032190742
0.003178408
0.0031433314
0.003112449
0.0030835189
0.0030547287
0.0030251749
0.0029946815
0.0029628505
0.0029300037
0.0028966685
0.0028624991
0.0028274961
0.0027916981
0.0027549784
0.0027178266
0.0026806538
0.0026434365
0.0026061925
0.0025687369
0.0025313722
0.0024942727
0.0024573664
0.0024202672
0.0023831098
0.0023463345
0.002309706
0.0022730428
0.0022361651
0.0021988781
0.0021611177
0.0021232536
0.0020853203
0.0020470562
0.0020087382
0.0019704136
0.00193181
0.0018929465
0.001853874
0.0018144447
0.0017746444
0.0017345455
0.0016940258
0.0016530904
0.0016117673
0.0015699554
0.0015276817
0.0014849154
0.0014416335
0.0013978303
0.0013534557
0.001308515
0.0012629817
0.0012168428
0.0011700866
0.0011227025
0.0010746834
0.0010260263
0.00097673384
0.00092681678
0.00087629341
0.00082520226
0.00077358487
0.00072154942
0.00066914642
0.00061672346
0.00056413376
0.00051280633
0.0004609062
0.0004155566
0.00036399988
0.00034473427
0.00026408957
0.00056142164
-0.00045293629
0.0068395184
0.006663637
0.006395291
0.0061262494
0.0058889263
0.0056693611
0.005458527
0.005262248
0.0050818302
0.0049135473
0.004755011
0.0046055105
0.0044637792
0.0043292952
0.0042009335
0.0040781406
0.0039607944
0.0038490754
0.0037437094
0.003645446
0.003554731
0.0034719937
0.0033976455
0.0033320163
0.0032751659
0.0032266632
0.0031851157
0.0031490825
0.0031172022
0.0030873879
0.0030578974
0.0030278235
0.0029969425
0.0029648632
0.0029318282
0.0028983063
0.0028639919
0.0028288642
0.0027929822
0.0027562539
0.0027191092
0.0026819376
0.0026447185
0.0026074523
0.0025700021
0.0025326229
0.0024954725
0.0024584575
0.0024212342
0.0023839972
0.0023470796
0.0023102944
0.0022732775
0.0022361121
0.0021991462
0.0021622091
0.0021251459
0.0020877755
0.0020499348
0.0020117611
0.0019733757
0.0019345952
0.0018955454
0.0018563471
0.001816853
0.0017770217
0.0017369014
0.001696358
0.0016553963
0.0016140435
0.0015721969
0.0015298851
0.0014870772
0.0014437511
0.001399902
0.0013554797
0.0013104904
0.0012649076
0.0012187188
0.0011719124
0.001124478
0.0010764087
0.0010277017
0.0009783597
0.00092839359
0.00087782179
0.00082668288
0.00077501848
0.00072293679
0.00067048841
0.00061802072
0.0005653873
0.00051401594
0.00046207359
0.00041667779
0.00036507572
0.00034576652
0.00026500975
0.00056216118
-0.0004515171
0.006700242
0.0065493089
0.0063195721
0.0060780772
0.0058546178
0.0056444093
0.0054417282
0.0052512236
0.0050746071
0.0049091835
0.0047529512
0.0046052627
0.0044650675
0.0043318201
0.0042045893
0.0040828633
0.0039665394
0.0038557952
0.0037512698
0.0036536577
0.0035634079
0.0034809378
0.0034066397
0.0033408142
0.0032834973
0.0032342701
0.0031918641
0.0031548985
0.0031220433
0.003091353
0.0030611623
0.003030561
0.0029992731
0.0029669206
0.00293368
0.0028999602
0.0028654987
0.0028302618
0.0027943096
0.0027575639
0.0027204066
0.0026832063
0.002645949
0.0026086426
0.0025711794
0.0025337839
0.0024966099
0.0024595682
0.002422356
0.0023851293
0.0023481625
0.0023112597
0.0022741234
0.0022369023
0.0021998691
0.0021628102
0.0021254608
0.0020879343
0.0020504474
0.0020128353
0.0019749511
0.0019366186
0.0018978651
0.0018587741
0.001819229
0.0017792841
0.0017390627
0.0016984578
0.0016574672
0.0016160985
0.001574237
0.0015319096
0.0014890826
0.0014457335
0.0014018574
0.0013574043
0.0013123815
0.0012667626
0.0012205359
0.0011736901
0.0011262151
0.0010781042
0.0010293551
0.00097997043
0.00092996141
0.00087934659
0.0008281647
0.00077645748
0.00072433316
0.00067184251
0.00061933264
0.00056665769
0.0005152438
0.00046326065
0.00041781791
0.00036617075
0.00034681422
0.00026593662
0.00056278798
-0.00044984845
0.0065711366
0.0064407122
0.0062433249
0.0060269458
0.0058178117
0.0056175444
0.0054233004
0.0052389459
0.0050665056
0.0049042163
0.0047504828
0.0046047552
0.0044661901
0.0043342655
0.0042082179
0.0040875922
0.0039723055
0.0038625355
0.0037588501
0.0036618927
0.003572111
0.0034899104
0.0034156644
0.0033496471
0.0032918755
0.003241944
0.0031986945
0.0031608076
0.0031269891
0.003095425
0.0030645274
0.0030333851
0.0030016768
0.0029690368
0.0029355818
0.0029016621
0.0028670517
0.0028317042
0.0027956743
0.0027588985
0.002721719
0.0026844824
0.0026471873
0.0026098458
0.0025723653
0.0025349481
0.0024977398
0.002460661
0.0024234292
0.0023861767
0.0023491695
0.0023122331
0.0022751077
0.0022378974
0.0022008123
0.002163648
0.002126209
0.0020886504
0.002051138
0.0020133516
0.0019752329
0.0019369723
0.0018985539
0.0018598513
0.0018206822
0.0017810654
0.0017410344
0.0017004633
0.0016594218
0.0016179863
0.0015760773
0.0015337272
0.0014908893
0.0014475325
0.0014036481
0.0013591836
0.0013141458
0.0012685078
0.0012222584
0.0011753868
0.0011278835
0.0010797421
0.0010309607
0.00098154226
0.00093149833
0.00088084765
0.00082962915
0.00077788476
0.00072572279
0.00067319425
0.00062064594
0.00056793271
0.00051647865
0.00046445701
0.00041896727
0.00036727596
0.00034786877
0.00026686096
0.00056327445
-0.00044789389
0.0064509027
0.006337433
0.0061670896
0.0059733815
0.0057786287
0.0055886594
0.0054030407
0.0052251561
0.005057258
0.0048983991
0.0047473939
0.0046038146
0.0044670162
0.0043365339
0.0042117528
0.0040922844
0.0039780693
0.0038692886
0.0037664529
0.0036701594
0.0035808515
0.0034989239
0.0034247319
0.0033585267
0.0033003101
0.0032496909
0.0032056099
0.0031668119
0.0031320423
0.0030996084
0.0030679987
0.0030363049
0.0030041667
0.0029712262
0.0029375466
0.0029034218
0.0028686559
0.0028331917
0.0027970783
0.0027602663
0.0027230617
0.0026857883
0.0026484555
0.002611077
0.0025735743
0.0025361299
0.0024988798
0.0024617542
0.0024244951
0.0023872193
0.0023501751
0.0023132065
0.0022760668
0.00223883
0.002201699
0.0021645054
0.002127077
0.0020895203
0.0020519397
0.0020140646
0.0019759062
0.0019376425
0.0018991291
0.0018602325
0.0018210297
0.0017815948
0.0017418323
0.0017015702
0.0016608357
0.0016196117
0.0015777787
0.0015354167
0.0014925401
0.0014491536
0.0014052552
0.0013607856
0.0013157456
0.0012701045
0.0012238491
0.0011769679
0.0011294511
0.0010812928
0.0010324912
0.00098305013
0.00093298119
0.00088230359
0.00083105651
0.00077928217
0.00072708898
0.00067452826
0.00062194645
0.00056919934
0.00051770847
0.0004656516
0.00042011553
0.00036838175
0.00034892104
0.00026777265
0.00056357848
-0.00044561289
0.0063384516
0.0062390813
0.0060913333
0.0059179281
0.0057372986
0.0055577859
0.0053808867
0.0052097195
0.0050466906
0.0048915487
0.0047435078
0.0046022799
0.0044674069
0.0043385055
0.0042150943
0.0040968582
0.0039837658
0.0038760045
0.0037740398
0.0036784282
0.0035896072
0.0035079615
0.0034338304
0.0033674446
0.0033087949
0.0032575057
0.0032126076
0.0031729111
0.0031372045
0.0031039069
0.0030715816
0.0030393275
0.0030067504
0.0029734964
0.0029395809
0.0029052448
0.0028703165
0.0028347303
0.0027985294
0.002761676
0.0027244428
0.0026871307
0.0026497582
0.0026123407
0.0025748131
0.0025373393
0.002500046
0.0024628719
0.0024255836
0.0023882821
0.0023511951
0.0023141821
0.0022770111
0.0022397468
0.002202582
0.0021653636
0.0021279238
0.0020903415
0.0020527163
0.0020148263
0.00197668
0.0019383901
0.0018998081
0.0018608625
0.0018216651
0.0017821613
0.0017422406
0.0017019381
0.0016612965
0.0016202513
0.0015786867
0.0015365992
0.0014939169
0.0014506157
0.0014067262
0.0013622379
0.0013171833
0.001271537
0.0012252823
0.0011784029
0.0011308866
0.0010827259
0.0010339183
0.00098446752
0.00093438551
0.00088369178
0.00083242588
0.00078063038
0.00072841386
0.00067582805
0.00062321898
0.00057044358
0.00051892035
0.0004668325
0.00042125161
0.00036947773
0.00034996122
0.00026866154
0.00056365918
-0.00044296405
0.0062328611
0.0061452803
0.0060164224
0.005861086
0.0056940936
0.0055250361
0.00535687
0.0051925942
0.0050347101
0.004883545
0.0047386936
0.0046000187
0.0044672371
0.0043400626
0.0042181367
0.004101221
0.0039893153
0.0038826168
0.0037815561
0.0036866542
0.0035983418
0.0035169946
0.0034429375
0.0033763841
0.0033173175
0.0032653794
0.0032196819
0.0031791022
0.0031424744
0.003108321
0.0030752785
0.0030424565
0.0030094318
0.0029758517
0.0029416895
0.002907136
0.0028720388
0.0028363258
0.0028000331
0.0027631326
0.0027258666
0.0026885134
0.0026510993
0.0026136413
0.0025760862
0.0025385815
0.0025012443
0.0024640215
0.0024267018
0.002389372
0.0023522398
0.0023151792
0.0022779745
0.0022406817
0.0022034781
0.0021662222
0.0021287531
0.002091142
0.0020534874
0.0020155836
0.0019774256
0.0019391067
0.0019004979
0.0018615493
0.0018223447
0.0017827976
0.0017428352
0.0017025391
0.0016618232
0.0016206446
0.0015790518
0.00153702
0.001494482
0.0014514169
0.0014077665
0.0013634422
0.0013184618
0.0012728309
0.0012265719
0.0011796893
0.001132175
0.0010840191
0.0010352164
0.00098576838
0.00093568607
0.00088498848
0.00083371515
0.00078190889
0.00072967846
0.00067707605
0.00062444727
0.00057165037
0.00052010037
0.00046798684
0.00042236347
0.00037055266
0.00035097871
0.00026951552
0.00056347812
-0.00043989806
0.0061333442
0.0060556706
0.0059426321
0.0058032976
0.0056492947
0.0054905594
0.0053310712
0.0051737937
0.0050212778
0.0048743183
0.0047328635
0.0045969333
0.0044664077
0.0043411068
0.0042207865
0.0041052859
0.0039946397
0.0038890569
0.0037889421
0.003694786
0.0036070119
0.0035259874
0.0034520243
0.0033853223
0.00332586
0.0032732977
0.0032268225
0.0031853782
0.0031478469
0.0031128477
0.0030790884
0.0030456926
0.0030122125
0.002978295
0.0029438756
0.0029090986
0.0028738265
0.0028379818
0.0028015929
0.0027646396
0.0027273363
0.0026899396
0.0026524819
0.0026149819
0.0025773972
0.0025398597
0.0025024779
0.0024652057
0.0024278526
0.0023904925
0.0023533142
0.0023162053
0.002278966
0.0022416426
0.0022043968
0.0021670993
0.0021295983
0.0020919569
0.0020542671
0.0020163353
0.0019781506
0.0019398033
0.0019011769
0.0018622182
0.0018229971
0.0017834321
0.0017434589
0.0017031503
0.0016624102
0.0016212119
0.0015796042
0.0015374884
0.0014948608
0.0014517645
0.0014081556
0.001363983
0.0013192141
0.0012737787
0.0012276483
0.0011808251
0.0011333287
0.0010851771
0.0010363788
0.00098693766
0.00093686294
0.00088617179
0.00083490229
0.00078309653
0.00073086284
0.00067825366
0.00062561403
0.00057280364
0.00052123359
0.00046910071
0.00042343812
0.00037159427
0.00035196203
0.00027032064
0.00056299617
-0.00043635859
0.0060392274
0.0059699167
0.0058701601
0.0057449454
0.0056031764
0.0054545208
0.0053035947
0.0051533632
0.0050063893
0.0048638332
0.0047259626
0.0045929562
0.0044648451
0.0043415608
0.0042229666
0.0041089785
0.0039996689
0.0038952607
0.00379614
0.0037027721
0.0036155721
0.0035349004
0.0034610576
0.0033942317
0.0033344
0.0032812426
0.0032340152
0.0031917282
0.0031533139
0.0031174814
0.0030830079
0.003049034
0.0030150919
0.0029808267
0.0029461407
0.0029111344
0.0028756815
0.0028397002
0.0028032109
0.0027661993
0.0027288544
0.0026914116
0.0026539086
0.0026163652
0.0025787483
0.0025411764
0.002503749
0.0024664267
0.0024290384
0.0023916461
0.0023544211
0.0023172633
0.0022799876
0.0022426317
0.0022053425
0.0021680025
0.0021304686
0.0020927951
0.0020550662
0.0020171022
0.0019788885
0.0019405097
0.0019018569
0.0018628748
0.0018236283
0.0017840446
0.0017440606
0.0017037373
0.0016629921
0.0016217877
0.0015801603
0.0015380279
0.0014954018
0.0014522599
0.0014085603
0.0013643259
0.0013195393
0.0012741731
0.0012281929
0.0011815521
0.0011342109
0.0010861565
0.0010374035
0.0009879799
0.00093791449
0.00088723231
0.00083597228
0.00078417524
0.00073194796
0.00067934209
0.00062670128
0.00057388649
0.00052230419
0.00047015931
0.00042446167
0.00037258934
0.00035289878
0.0002710628
0.00056217112
-0.00043228944
0.0059499332
0.0058877095
0.0057991412
0.0056863536
0.0055559988
0.0054170913
0.005274558
0.0051313664
0.0049900613
0.0048520759
0.0047179576
0.0045880403
0.004462495
0.004341365
0.0042246151
0.0041122372
0.004004343
0.0039011718
0.0038030973
0.0037105637
0.0036239782
0.0035436943
0.0034700031
0.0034030832
0.003342913
0.0032891932
0.0032412434
0.0031981391
0.0031588647
0.003122214
0.0030870313
0.0030524771
0.0030180678
0.002983446
0.0029484845
0.0029132435
0.0028776044
0.0028414819
0.002804888
0.0027678128
0.0027304222
0.0026929309
0.0026553806
0.0026177923
0.0025801412
0.002542533
0.0025050592
0.0024676863
0.0024302609
0.0023928348
0.0023555625
0.002318355
0.0022810413
0.0022436512
0.0022063178
0.0021689344
0.0021313662
0.0020936588
0.0020558895
0.002017892
0.0019796483
0.0019412358
0.0019025523
0.0018635433
0.0018242682
0.0017846596
0.0017446546
0.0017043092
0.0016635474
0.0016223304
0.0015806909
0.0015385574
0.0014959314
0.0014527753
0.0014090638
0.001364806
0.001319961
0.0012745323
0.0012285098
0.0011818808
0.0011346267
0.0010867169
0.0010381176
0.00098881288
0.00093881712
0.00088816824
0.00083692463
0.00078513928
0.00073292267
0.00068032661
0.00062769269
0.00057488225
0.00052329595
0.00047114714
0.00042541947
0.00037352377
0.00035377584
0.00027172641
0.00056094485
-0.00042762992
0.0058649633
0.0058087668
0.0057296591
0.0056277927
0.0055080043
0.0053784431
0.005244086
0.0051078796
0.004972325
0.0048390468
0.0047088291
0.0045821524
0.0044593162
0.0043404722
0.0042256821
0.0041150108
0.0040086114
0.0039067415
0.0038097676
0.0037181171
0.0036321893
0.003552332
0.0034788276
0.0034118477
0.0033513737
0.0032971278
0.0032484887
0.003204596
0.0031644873
0.0031270359
0.0030911513
0.0030560165
0.0030211361
0.0029861501
0.0029509051
0.0029154245
0.0028795945
0.0028433264
0.002806624
0.0027694803
0.0027320399
0.0026944979
0.0026568986
0.002619264
0.0025815765
0.0025439305
0.0025064095
0.0024689855
0.0024315214
0.0023940598
0.0023567395
0.0023194816
0.0022821284
0.0022447027
0.0022073245
0.0021698966
0.0021322925
0.00209455
0.0020567394
0.0020187072
0.0019804321
0.0019419844
0.0019032689
0.0018642317
0.0018249266
0.0017852899
0.0017452603
0.0017048889
0.0016641041
0.0016228671
0.001581209
0.0015390616
0.0014964221
0.0014532581
0.0014095468
0.0013652864
0.0013204348
0.0012749895
0.0012289315
0.0011822524
0.0011349501
0.0010870214
0.0010384615
0.00098925875
0.0009393976
0.00088887266
0.00083771487
0.00078597708
0.00073378459
0.00068120314
0.0006285798
0.00057577885
0.0005241948
0.00047204931
0.00042629675
0.00037438287
0.00035457951
0.00027229434
0.00055926176
-0.00042231584
0.0057838864
0.0057328329
0.0056617587
0.0055694845
0.005459415
0.0053387461
0.0052123074
0.005082988
0.0049532224
0.0048247571
0.0046985675
0.0045752686
0.0044552756
0.0043388436
0.0042261251
0.0041172557
0.0040124307
0.0039119274
0.00381611
0.0037253929
0.0036401684
0.0035607787
0.0034874995
0.0034204969
0.0033597571
0.0033050243
0.0032557324
0.0032110832
0.0031701682
0.003131936
0.0030953594
0.0030596457
0.003024292
0.0029889354
0.0029534
0.0029176754
0.00288165
0.0028452324
0.002808418
0.0027712011
0.0027337072
0.0026961122
0.0026584624
0.0026207803
0.0025830546
0.0025453692
0.0025078004
0.0024703248
0.0024328205
0.002395322
0.002357953
0.002320644
0.0022832501
0.0022457875
0.0022083635
0.0021708903
0.002133249
0.0020954702
0.0020576174
0.0020195494
0.0019812416
0.0019427576
0.001904009
0.0018649424
0.0018256059
0.0017859398
0.0017458841
0.0017054851
0.001664675
0.0016234152
0.0015817341
0.0015395661
0.001496907
0.0014537277
0.0014100045
0.0013657342
0.0013208785
0.0012754312
0.0012293703
0.0011826828
0.0011353587
0.0010873928
0.001038789
0.00098955518
0.00093970326
0.00088924371
0.0008381947
0.00078657394
0.00073447403
0.00068195009
0.00062935661
0.0005765723
0.00052499397
0.00047285564
0.00042708125
0.00037515276
0.00035529631
0.0002727484
0.00055706724
-0.00041628231
0.0057063268
0.005659677
0.0055954547
0.0055116077
0.0054104315
0.0052981653
0.0051793527
0.0050567834
0.0049328047
0.0048092266
0.0046871713
0.0045673718
0.0044503465
0.0043364457
0.004225907
0.0041189332
0.0040157618
0.0039166914
0.0038220876
0.0037323555
0.0036478814
0.0035690026
0.0034959893
0.0034290039
0.003368039
0.0033128612
0.0032629555
0.0032175843
0.0031758935
0.0031369029
0.0030996462
0.0030633573
0.0030275295
0.0029917975
0.0029559657
0.0029199931
0.0028837686
0.0028471979
0.002810268
0.0027729738
0.0027354228
0.0026977729
0.0026600712
0.0026223406
0.0025845749
0.0025468489
0.0025092317
0.0024717042
0.0024341584
0.0023966215
0.0023592034
0.0023218428
0.002284407
0.002246906
0.0022094357
0.0021719163
0.0021342366
0.0020964204
0.0020585248
0.0020204196
0.001982078
0.0019435568
0.001904774
0.0018656769
0.0018263079
0.0017866112
0.0017465283
0.0017061004
0.0016652638
0.0016239798
0.0015822738
0.0015400831
0.0014974023
0.0014542031
0.0014104615
0.0013661744
0.0013213056
0.001275848
0.0012297807
0.00118309
0.0011357638
0.0010877937
0.0010391769
0.00098991676
0.00094002829
0.00088953519
0.00083847852
0.00078689588
0.00073487915
0.0006824586
0.00062995569
0.00057723299
0.00052568341
0.00047356119
0.00042776704
0.00037582393
0.00035591556
0.00027307095
0.00055430877
-0.00040946761
0.0056319563
0.0055890909
0.0055307395
0.0054543035
0.0053612324
0.0052568588
0.0051453521
0.0050293622
0.004911131
0.0047924833
0.0046746461
0.0045584514
0.004444507
0.0043332493
0.0042249942
0.0041200076
0.0040185685
0.0039209979
0.0038276661
0.0037389719
0.0036552965
0.0035769737
0.003504269
0.0034373432
0.0033761962
0.0033206172
0.0032701392
0.0032240831
0.0031816491
0.0031419244
0.0031040019
0.0030671436
0.0030308425
0.0029947314
0.0029585982
0.0029223743
0.0028859473
0.0028492202
0.002812172
0.0027747964
0.0027371851
0.0026994785
0.0026617237
0.0026239437
0.0025861366
0.0025483689
0.0025107029
0.0024731233
0.0024355348
0.0023979583
0.0023604907
0.0023230782
0.0022855992
0.0022480587
0.0022105414
0.0021729751
0.0021352558
0.0020974012
0.002059462
0.0020213187
0.0019829422
0.001944383
0.001905565
0.0018664362
0.0018270339
0.0017873057
0.0017471944
0.0017067367
0.0016658725
0.001624563
0.001582831
0.0015406164
0.0014979124
0.0014546914
0.0014109294
0.0013666227
0.001321736
0.0012762621
0.0012301809
0.001183479
0.001136145
0.0010881706
0.0010395514
0.00099028844
0.00094039186
0.00088988033
0.00083879441
0.00078717986
0.0007351465
0.00068274489
0.00063030216
0.00057766593
0.00052619482
0.00047413129
0.00042834088
0.00037638947
0.000356432
0.00027324824
0.00055094397
-0.00040182039
0.0055604865
0.0055208869
0.0054675897
0.0053976808
0.0053119743
0.0052149758
0.0051104339
0.0050008244
0.0048882668
0.0047745627
0.0046610043
0.0045485024
0.0044377399
0.0043292289
0.004223356
0.0041204454
0.0040208165
0.0039248132
0.0038328124
0.00374521
0.0036623833
0.0035846631
0.0035123119
0.0034454899
0.0033842057
0.0033282713
0.0032772649
0.0032305631
0.0031874205
0.0031469884
0.0031084164
0.0030709965
0.0030342243
0.0029977319
0.0029612933
0.0029248155
0.0028881831
0.0028512966
0.0028141272
0.0027766668
0.0027389921
0.0027012272
0.0026634184
0.0026255882
0.0025877385
0.002549928
0.0025122131
0.0024745814
0.0024369493
0.002399332
0.0023618146
0.0023243498
0.0022868267
0.0022492456
0.0022116807
0.002174067
0.002136307
0.002098413
0.0020604296
0.0020222472
0.0019838348
0.0019452369
0.0019063827
0.0018672213
0.0018277848
0.001788024
0.0017478835
0.0017073951
0.0016665022
0.0016251664
0.0015834073
0.0015411678
0.0014984395
0.0014551955
0.0014114118
0.001367084
0.0013221777
0.001276685
0.0012305864
0.0011838686
0.0011365207
0.0010885345
0.0010399065
0.00099063792
0.00094073823
0.00089022407
0.00083913229
0.00078750411
0.0007354469
0.00068301575
0.00063055084
0.00057791932
0.00052648463
0.00047448766
0.00042873871
0.00037681212
0.000356831
0.00027326368
0.00054695877
-0.00039331304
0.0054916639
0.0054548956
0.0054059704
0.0053418219
0.0052627929
0.0051726555
0.0050747229
0.004971271
0.0048642832
0.0047555067
0.0046462649
0.0045375257
0.0044300328
0.0043243626
0.0042209643
0.0041202153
0.0040224731
0.0039281042
0.0038374945
0.0037510387
0.0036691119
0.0035920426
0.0035200914
0.0034534196
0.0033920452
0.0033358031
0.0032843138
0.0032370079
0.0031931933
0.0031520821
0.0031128794
0.0030749075
0.0030376682
0.0030007938
0.0029640468
0.0029273127
0.0028904725
0.0028534241
0.0028161311
0.0027785825
0.0027408417
0.002703017
0.0026651532
0.0026272724
0.0025893791
0.0025515252
0.0025137612
0.0024760775
0.0024384009
0.002400742
0.0023631746
0.0023256574
0.0022880893
0.0022504666
0.0022128537
0.0021751919
0.0021373903
0.0020994559
0.0020614277
0.0020232053
0.0019847561
0.0019461187
0.0019072275
0.0018680326
0.0018285611
0.001788767
0.0017485962
0.0017080763
0.001667154
0.0016257908
0.0015840038
0.0015417385
0.001498985
0.0014557171
0.0014119107
0.0013675606
0.0013226335
0.0012771208
0.0012310032
0.0011842675
0.0011369028
0.0010889011
0.0010402591
0.00099097851
0.00094106921
0.00089054819
0.00083945205
0.00078782057
0.00073575796
0.00068331512
0.00063082836
0.00057816768
0.0005267021
0.00047469558
0.00042894064
0.00037702949
0.00035705836
0.00027305613
0.00054237524
-0.00038395826
0.0054252645
0.0053909642
0.0053458393
0.0052867864
0.0052138037
0.0051300261
0.0050383393
0.0049408036
0.0048392551
0.0047353634
0.004630453
0.0045255279
0.0044213781
0.0043186324
0.0042177941
0.0041192879
0.0040235067
0.0039308391
0.0038416806
0.0037564272
0.0036754525
0.0035990839
0.0035275811
0.0034611077
0.0033996921
0.0033431915
0.003291267
0.0032434005
0.0031989523
0.0031571928
0.0031173799
0.0030788679
0.003041167
0.0030039113
0.002966854
0.0029298622
0.0028928124
0.0028555998
0.0028181809
0.0027805412
0.0027427316
0.0027048458
0.0026669263
0.0026289944
0.0025910566
0.0025531587
0.0025153457
0.0024776104
0.0024398888
0.0024021874
0.00236457
0.0023270003
0.0022893865
0.0022517213
0.0022140601
0.0021763497
0.0021385055
0.00210053
0.0020624565
0.0020241932
0.0019857063
0.0019470287
0.0019080998
0.0018688704
0.0018293632
0.0017895349
0.0017493331
0.001708781
0.0016678284
0.001626437
0.0015846214
0.0015423294
0.0014995498
0.0014562571
0.0014124272
0.001368054
0.0013231051
0.0012775713
0.0012314337
0.0011846789
0.0011372959
0.0010892769
0.0010406187
0.0009913229
0.00094139966
0.00089086626
0.00083975967
0.00078812
0.00073605121
0.00068360315
0.00063110877
0.00057843478
0.00052694201
0.00047490088
0.00042908377
0.0003771136
0.00035711675
0.00027255818
0.00053716428
-0.0003738003
0.0053610905
0.0053289539
0.005287149
0.0052326155
0.0051651041
0.0050872039
0.0050013976
0.0049095227
0.0048132605
0.0047141859
0.0046135993
0.0045125211
0.0044117729
0.0043120244
0.0042138235
0.0041176363
0.0040238875
0.0039329866
0.0038453397
0.0037613449
0.0036813757
0.0036057589
0.0035347545
0.0034685296
0.0034071232
0.0033504154
0.0032981052
0.0032497237
0.0032046822
0.0031623069
0.0031219068
0.0030828685
0.0030447135
0.0030070786
0.0029697105
0.0029324601
0.0028951993
0.0028578207
0.0028202738
0.0027825403
0.0027446595
0.0027067115
0.0026687357
0.0026307524
0.0025927695
0.0025548271
0.0025169654
0.0024791787
0.0024414116
0.0024036672
0.0023659998
0.0023283778
0.0022907177
0.0022530092
0.0022152993
0.00217754
0.0021396525
0.002101635
0.0020635158
0.0020252109
0.0019866853
0.001947967
0.0019089995
0.0018697349
0.0018301913
0.0017903282
0.0017500944
0.0017095094
0.0016685257
0.0016271055
0.0015852604
0.001542941
0.0015001346
0.0014568164
0.0014129621
0.001368565
0.0013235935
0.0012780378
0.0012318793
0.0011851044
0.0011377022
0.0010896648
0.001040989
0.00099167641
0.0009417372
0.00089118867
0.00084006787
0.00078841508
0.00073633444
0.00068387601
0.00063137184
0.00057868825
0.00052717891
0.00047511619
0.00042924057
0.00037718824
0.00035710058
0.00027215355
0.0005309263
-0.00036280523
0.0052989669
0.0052687393
0.0052298496
0.0051793359
0.0051167749
0.0050442938
0.0049640056
0.0048775264
0.0047863792
0.0046920317
0.0045957401
0.004498523
0.0044012195
0.0043045287
0.004209034
0.004115236
0.0040235874
0.0039345171
0.0038484412
0.0037657615
0.0036868518
0.0036120391
0.0035415848
0.00347566
0.0034143154
0.0033574531
0.0033048084
0.0032559593
0.0032103668
0.0031674104
0.0031264483
0.0030868997
0.0030482997
0.0030102896
0.0029726112
0.0029351023
0.0028976297
0.0028600837
0.0028224072
0.0027845775
0.0027466234
0.002708612
0.0026705794
0.0026325444
0.0025945159
0.0025565288
0.0025186186
0.0024807811
0.0024429683
0.0024051804
0.0023674632
0.0023297889
0.002292082
0.0022543296
0.0022165709
0.0021787625
0.0021408309
0.0021027708
0.0020646055
0.0020262581
0.0019876933
0.0019489336
0.0019099269
0.0018706261
0.0018310455
0.0017911468
0.0017508804
0.0017102618
0.0016692463
0.0016277964
0.0015859213
0.0015435737
0.0015007399
0.0014573953
0.001413516
0.0013690943
0.0013240995
0.0012785212
0.0012323409
0.0011855451
0.0011381228
0.0010900662
0.0010413718
0.00099204133
0.00094208491
0.00089151977
0.00084038289
0.0007887145
0.00073661856
0.00068414525
0.0006316258
0.0005789273
0.00052739799
0.00047531509
0.00042938736
0.00037726197
0.00035699383
0.00027238874
0.00052337379
-0.00035094619
0.0052387387
0.0052102063
0.0051738898
0.0051269623
0.0050688822
0.0050013888
0.0049262638
0.0048449098
0.0047586914
0.0046689613
0.0045769161
0.0044835561
0.004389725
0.00429614
0.0042034106
0.0041120654
0.0040225806
0.0039354021
0.0038509557
0.0037696472
0.0036918514
0.0036178963
0.0035480448
0.0034824734
0.0034212445
0.0033642821
0.003311356
0.0032620887
0.0032159893
0.0031724885
0.0031309916
0.0030909511
0.0030519174
0.0030135376
0.0029755508
0.0029377843
0.0029001
0.0028623857
0.0028245783
0.0027866503
0.0027486209
0.0027105452
0.0026724554
0.0026343687
0.0025962941
0.0025582622
0.0025203039
0.0024824162
0.0024445575
0.0024067257
0.002368959
0.0023312328
0.0022934788
0.002255682
0.0022178744
0.0021800165
0.0021420404
0.002103937
0.0020657252
0.0020273348
0.0019887299
0.0019499284
0.0019108817
0.0018715441
0.0018319259
0.0017919908
0.001751691
0.0017110382
0.0016699902
0.00162851
0.0015866041
0.0015442277
0.0015013657
0.0014579943
0.0014140893
0.0013696423
0.0013246235
0.0012790219
0.0012328192
0.0011860018
0.0011385587
0.001090482
0.0010417682
0.000992419
0.0009424444
0.00089186159
0.00084070739
0.00078902193
0.00073690883
0.0006844182
0.00063188005
0.0005791622
0.00052760705
0.00047549821
0.0004295123
0.00037731083
0.0003567601
0.00027329384
0.00051476975
-0.0003384583
0.0051802683
0.0051532514
0.0051192183
0.0050755001
0.0050214791
0.0049585708
0.004888265
0.0048117642
0.0047302772
0.0046450381
0.004557172
0.0044676478
0.0043773014
0.0042868572
0.0041969423
0.0041081058
0.0040208433
0.0039356148
0.0038528548
0.003772973
0.0036963456
0.0036233019
0.0035541073
0.0034889439
0.0034278861
0.0033708795
0.0033177266
0.0032680923
0.0032215321
0.0031775256
0.0031355235
0.0030950115
0.0030555572
0.0030168152
0.0029785237
0.0029405015
0.0029026063
0.0028647233
0.0028267841
0.0027887562
0.0027506499
0.0027125091
0.0026743617
0.0026362233
0.0025981025
0.0025600258
0.0025220198
0.0024840826
0.002446178
0.0024083022
0.0023704863
0.0023327086
0.0022949073
0.0022570656
0.002219209
0.0021813016
0.0021432803
0.0021051332
0.0020668747
0.0020284407
0.0019897951
0.0019509512
0.0019118639
0.0018724888
0.0018328323
0.0017928603
0.0017525264
0.0017118387
0.0016707576
0.0016292463
0.0015873091
0.0015449031
0.0015020124
0.0014586134
0.0014146821
0.0013702092
0.0013251658
0.0012795403
0.0012333146
0.0011864749
0.0011390104
0.0010909129
0.001042179
0.00099281029
0.00094281669
0.00089221531
0.0008410428
0.00078933915
0.00073720757
0.00068469803
0.00063213906
0.00057939923
0.00052781411
0.00047567454
0.00042962204
0.00037733323
0.00035644416
0.00027452839
0.00050559608
-0.00032569942
0.0051234337
0.0050977803
0.0050657844
0.0050249474
0.0049746074
0.0049159109
0.0048500944
0.0047781759
0.0047012152
0.0046203266
0.0045365561
0.0044508298
0.0043639649
0.0042766837
0.0041896218
0.0041033422
0.0040183546
0.0039351304
0.0038541113
0.0037757105
0.0037003058
0.0036282278
0.0035597449
0.0034950452
0.0034342154
0.0033772218
0.0033238982
0.0032739497
0.0032269766
0.003182505
0.0031400295
0.003099069
0.0030592095
0.0030201146
0.0029815235
0.0029432487
0.0029051441
0.0028670929
0.0028290214
0.0027908925
0.002752708
0.0027145014
0.0026762964
0.0026381063
0.0025999393
0.0025618178
0.0025237649
0.0024857788
0.0024478286
0.0024099087
0.0023720441
0.0023342152
0.0022963665
0.0022584796
0.0022205741
0.0021826172
0.0021445503
0.002106359
0.0020680535
0.0020295754
0.0019908884
0.0019520018
0.0019128734
0.0018734601
0.0018337648
0.0017937552
0.0017533865
0.0017126634
0.0016715485
0.0016300054
0.0015880363
0.0015456002
0.0015026801
0.0014592528
0.0014152945
0.0013707952
0.0013257266
0.0012800765
0.0012338271
0.0011869647
0.001139478
0.0010913592
0.0010426046
0.00099321569
0.0009432024
0.00089258167
0.00084139
0.00078966721
0.00073751603
0.0006849863
0.00063240485
0.00057964115
0.00052802289
0.00047584947
0.00042972263
0.00037734882
0.00035606884
0.00027581725
0.00049623947
-0.00031290661
0.0050681262
0.0050437074
0.0050135385
0.0049752967
0.0049282993
0.0048734705
0.0048118289
0.0047442264
0.004671582
0.0045948922
0.0045151191
0.0044331374
0.0043497364
0.0042656273
0.0041814459
0.0040977627
0.0040150964
0.0039339264
0.0038546999
0.0037778327
0.0037037042
0.0036326462
0.0035649303
0.0035007509
0.0034402069
0.0033832848
0.003329848
0.0032796399
0.0032323035
0.0031874094
0.0031444946
0.0031031106
0.0030628635
0.003023427
0.002984543
0.0029460201
0.0029077088
0.0028694904
0.0028312869
0.0027930562
0.0027547926
0.00271652
0.0026782575
0.0026400159
0.0026018028
0.0025636368
0.0025255375
0.0024875035
0.0024495079
0.002411544
0.0023736312
0.0023357518
0.0022978557
0.0022599233
0.0022219691
0.0021839627
0.0021458498
0.0021076138
0.0020692613
0.0020307386
0.0019920098
0.0019530799
0.00191391
0.0018744578
0.0018347232
0.0017946755
0.0017542712
0.0017135122
0.0016723628
0.0016307874
0.0015887857
0.0015463187
0.0015033687
0.0014599126
0.0014159267
0.0013714003
0.0013263059
0.0012806306
0.0012343571
0.0011874712
0.0011399619
0.0010918211
0.0010430452
0.0009936355
0.00094360185
0.00089296109
0.0008417495
0.00079000672
0.00073783494
0.00068528391
0.00063267846
0.00057988925
0.00052823502
0.00047602532
0.00042981649
0.00037737515
0.00035564351
0.00027710325
0.00048683121
-0.00030018176
0.005014249
0.0049909546
0.0049624327
0.0049265363
0.004882579
0.0048313018
0.0047735379
0.0047099916
0.0046414514
0.0045688003
0.0044929138
0.0044146093
0.0043346406
0.0042536997
0.0041724155
0.0040913591
0.0040110535
0.0039319827
0.003854597
0.0037793141
0.0037065139
0.0036365299
0.0035696365
0.0035060345
0.003445835
0.0033890439
0.0033355527
0.003285141
0.0032374925
0.0031922205
0.0031489025
0.0031071225
0.0030665075
0.0030267428
0.0029875745
0.0029488091
0.0029102949
0.0028719115
0.0028335768
0.0027952442
0.0027569011
0.0027185624
0.0026802425
0.00264195
0.002603691
0.0025654811
0.0025273362
0.0024892552
0.0024512147
0.002413207
0.0023752466
0.0023373174
0.0022993739
0.002261396
0.0022233933
0.0021853375
0.0021471783
0.0021088974
0.0020704977
0.0020319301
0.0019931588
0.0019541854
0.0019149734
0.0018754817
0.0018357074
0.0017956209
0.0017551805
0.001714385
0.0016732006
0.0016315921
0.0015895573
0.0015470589
0.0015040782
0.0014605928
0.0014165787
0.0013720246
0.0013269038
0.0012812029
0.0012349045
0.0011879947
0.0011404621
0.0010922988
0.0010435009
0.00099406988
0.00094401526
0.0008933538
0.00084212157
0.00079035802
0.00073816472
0.00068559133
0.00063296047
0.00058014424
0.00052845125
0.00047620309
0.0004299048
0.00037740083
0.00035519629
0.00027837435
0.00047736086
-0.00028750912
0.0049617152
0.0049394505
0.0049124212
0.0048786511
0.0048374635
0.0047894486
0.0047352829
0.0046755418
0.0046108942
0.0045421151
0.0044699942
0.004395287
0.0043187058
0.0042409168
0.0041625352
0.004084127
0.0040062142
0.0039292819
0.0038537814
0.0037801305
0.0037087094
0.0036398523
0.0035738367
0.0035108698
0.0034510741
0.0033944742
0.0033409884
0.0032904304
0.0032425225
0.003196919
0.0031532362
0.0031110898
0.0030701289
0.0030300515
0.0029906094
0.0029516088
0.0029128966
0.002874351
0.0028358868
0.0027974529
0.0027590302
0.0027206258
0.0026822492
0.0026439064
0.0026056022
0.0025673488
0.0025291594
0.0024910324
0.0024529477
0.0024148965
0.0023768893
0.0023389109
0.0023009204
0.002262897
0.0022248459
0.002186741
0.0021485354
0.0021102093
0.0020717623
0.0020331494
0.0019943352
0.0019553181
0.0019160634
0.0018765318
0.0018367172
0.0017965915
0.0017561143
0.0017152818
0.0016740617
0.0016324196
0.0015903511
0.0015478207
0.0015048089
0.0014612934
0.0014172505
0.0013726682
0.0013275203
0.0012817932
0.0012354695
0.001188535
0.0011409787
0.0010927923
0.0010439719
0.0009945189
0.00094444269
0.0008937599
0.00084250633
0.00079072124
0.00073850553
0.00068590878
0.00063325113
0.00058040643
0.00052867188
0.00047638321
0.00042998786
0.00037741191
0.00035475203
0.00027961134
0.00046779721
-0.00027484208
0.0049104471
0.0048891302
0.0048634598
0.0048316239
0.0047929643
0.0047479474
0.0046971187
0.0046409415
0.0045799772
0.0045148998
0.0044464148
0.0043752139
0.0043019635
0.0042272981
0.0041518138
0.0040760654
0.0040005699
0.0039258095
0.0038522339
0.0037802598
0.0037102663
0.0036425881
0.0035775051
0.0035152306
0.0034558983
0.0033995505
0.0033461307
0.0032954848
0.0032473719
0.003201485
0.0031574775
0.0031149969
0.0030737143
0.0030333418
0.0029936383
0.0029544112
0.002915507
0.0028768033
0.0028382121
0.0027996782
0.0027611767
0.0027227072
0.0026842748
0.0026458827
0.002607534
0.0025692381
0.0025310052
0.0024928336
0.0024547054
0.0024166113
0.0023785581
0.0023405314
0.0023024942
0.0022644254
0.0022263264
0.0021881726
0.0021499204
0.0021115489
0.0020730547
0.0020343963
0.0019955388
0.0019564776
0.00191718
0.0018776078
0.0018377525
0.0017975871
0.0017570726
0.0017162025
0.0016749462
0.0016332698
0.0015911671
0.001548604
0.0015055605
0.0014620144
0.0014179421
0.001373331
0.0013281556
0.0012824016
0.0012360519
0.0011890924
0.0011415117
0.0010933016
0.0010444582
0.00099498258
0.00094488417
0.00089417941
0.00084290381
0.00079109643
0.00073885741
0.00068623631
0.00063355048
0.00058067586
0.0005288969
0.00047656572
0.00043006522
0.00037740982
0.0003543132
0.00028080006
0.00045813071
-0.00026215763
0.0048603745
0.0048399338
0.0048155066
0.0047854357
0.0047490877
0.0047068282
0.0046590928
0.0046062493
0.0045487633
0.0044872153
0.0044222302
0.0043544353
0.0042844478
0.0042128667
0.0041402634
0.0040671773
0.0039941155
0.0039215539
0.0038499382
0.0037796818
0.0037111619
0.0036447128
0.0035806163
0.0035190913
0.003460282
0.0034042475
0.0033509551
0.0033002806
0.0032520182
0.0032058975
0.0031616078
0.0031188271
0.0030772492
0.0030366013
0.0029966507
0.0029572076
0.0029181191
0.0028792624
0.0028405475
0.0028019157
0.0027633366
0.0027248033
0.0026863163
0.0026478762
0.0026094841
0.0025711468
0.0025328718
0.0024946569
0.0024564862
0.00241835
0.0023802517
0.0023421778
0.0023040944
0.0022659804
0.0022278339
0.0021896316
0.0021513329
0.0021129158
0.0020743745
0.0020356704
0.0019967693
0.0019576637
0.0019183228
0.0018787096
0.0018388133
0.0017986077
0.0017580552
0.0017171471
0.0016758541
0.0016341428
0.0015920053
0.001549409
0.0015063331
0.0014627558
0.0014186536
0.0013740131
0.0013288095
0.0012830281
0.0012366519
0.0011896667
0.0011420611
0.0010938267
0.0010449597
0.00099546092
0.0009453397
0.00089461232
0.00084331398
0.00079148354
0.00073922031
0.00068657385
0.00063385841
0.00058095243
0.0005291261
0.0004767504
0.00043013624
0.00037739653
0.00035387472
0.00028193529
0.00044836246
-0.00024944999
0.004811434
0.0047918067
0.0047685215
0.0047400664
0.0047058364
0.0046661149
0.0046212468
0.0045715185
0.0045173111
0.0044591202
0.0043974943
0.0043329971
0.0042661952
0.0041976485
0.0041279001
0.0040574692
0.0039868493
0.0039165068
0.0038468805
0.0037783788
0.0037113755
0.0036462035
0.003583146
0.0035224269
0.0034642
0.00340854
0.0033554365
0.0033047937
0.0032564384
0.003210135
0.0031656071
0.0031225626
0.0030807182
0.0030398169
0.0029996355
0.0029599885
0.0029207245
0.0028817212
0.0028428871
0.0028041602
0.0027655055
0.0027269103
0.0026883704
0.0026498839
0.0026114499
0.0025730725
0.002534757
0.0024965004
0.0024582884
0.0024201111
0.0023819689
0.0023438487
0.0023057199
0.0022675611
0.0022293677
0.0021911173
0.0021527722
0.0021143096
0.0020757212
0.0020369713
0.0019980263
0.0019588762
0.0019194918
0.001879837
0.0018398993
0.0017996531
0.001759062
0.0017181155
0.0016767852
0.0016350385
0.0015928657
0.0015502356
0.0015071268
0.0014635177
0.0014193849
0.0013747145
0.0013294821
0.0012836727
0.0012372695
0.001190258
0.0011426269
0.0010943677
0.0010454764
0.00099595388
0.00094580922
0.00089505856
0.00084373677
0.0007918825
0.00073959412
0.00068692127
0.00063417477
0.00058123592
0.00052935914
0.0004769369
0.00043020011
0.00037737173
0.00035343693
0.00028301308
0.00043849474
-0.00023672059
0.0047635675
0.0047446984
0.0047224667
0.0046954949
0.0046632095
0.0046258266
0.0045836162
0.0045367964
0.0044856749
0.0044306704
0.00437226
0.004310946
0.0042472438
0.0041816723
0.0041147428
0.0040469511
0.0039787732
0.0039106631
0.00384305
0.0037763354
0.0037108883
0.003647039
0.0035850713
0.0035252131
0.0034676272
0.0034124029
0.0033595501
0.0033089996
0.0032606088
0.0032141753
0.0031694551
0.003126185
0.003084105
0.0030429743
0.0030025804
0.0029627434
0.0029233144
0.0028841723
0.0028452244
0.0028064062
0.0027676788
0.0027290239
0.0026904334
0.0026519024
0.0026134283
0.0025750127
0.0025366585
0.002498362
0.0024601102
0.0024218929
0.0023837081
0.002345543
0.0023073696
0.0022691666
0.0022309269
0.002192629
0.0021542377
0.0021157298
0.0020770945
0.0020382987
0.0019993095
0.0019601149
0.0019206866
0.0018809899
0.0018410104
0.0018007232
0.0017600932
0.0017191077
0.0016777396
0.0016359569
0.0015937483
0.0015510837
0.0015079415
0.0014643001
0.0014201361
0.0013754352
0.0013301734
0.0012843355
0.0012379046
0.0011908663
0.0011432091
0.0010949245
0.0010460083
0.00099646144
0.0009462927
0.00089551809
0.00084417211
0.0007922932
0.00073997872
0.0006872784
0.00063449931
0.00058152602
0.00052959559
0.0004771247
0.00043025596
0.00037733373
0.00035300453
0.00028402765
0.00042853126
-0.00022397506
0.0047167224
0.0046985622
0.0046773059
0.0046517
0.0046212033
0.0045859778
0.0045462315
0.0045021257
0.0044539046
0.0044019184
0.0043465786
0.0042883285
0.0042276331
0.004164969
0.0041008135
0.0040356361
0.0039698925
0.0039040209
0.0038384389
0.0037735389
0.0037096836
0.0036471997
0.0035863704
0.0035274268
0.0034705396
0.0034158113
0.0033632709
0.0033128736
0.0032645056
0.0032179956
0.0031731303
0.0031296749
0.0030873922
0.0030460584
0.0030054725
0.0029654612
0.0029258792
0.0028866071
0.0028475521
0.0028086476
0.0027698509
0.0027311394
0.0026925011
0.0026539282
0.0026154161
0.0025769643
0.0025385735
0.0025002392
0.0024619494
0.0024236935
0.0023854677
0.0023472591
0.0023090421
0.0022707956
0.0022325105
0.0021941659
0.0021557288
0.0021171756
0.0020784938
0.0020396521
0.0020006187
0.0019613794
0.001921907
0.0018821682
0.0018421466
0.001801818
0.0017611484
0.0017201237
0.0016787173
0.001636898
0.0015946531
0.0015519536
0.0015087773
0.0014651029
0.0014209073
0.0013761752
0.0013308836
0.0012850165
0.0012385573
0.0011914916
0.0011438077
0.001095497
0.0010465554
0.00099698356
0.00094679009
0.00089599083
0.0008446199
0.0007927155
0.00074037393
0.00068764502
0.00063483176
0.0005818224
0.00052983495
0.00047731326
0.00043030271
0.00037728338
0.00035257239
0.00028496779
0.00041848012
-0.00021122161
0.0046708501
0.0046533549
0.004633005
0.0046086602
0.0045798122
0.0045465789
0.0045091179
0.0044675436
0.0044220458
0.0043729139
0.0043204996
0.0042651908
0.0042074033
0.0041475714
0.004086137
0.0040235407
0.0039602154
0.0038965815
0.0038330422
0.0037699792
0.0037077473
0.0036466681
0.0035870232
0.0035290459
0.0034729137
0.003418741
0.0033665742
0.003316391
0.0032681046
0.0032215725
0.0031766111
0.0031330123
0.0030905618
0.0030490531
0.0030082975
0.0029681295
0.0029284082
0.0028890167
0.0028498624
0.0028108774
0.0027720161
0.0027332518
0.0026945688
0.002655957
0.0026174097
0.0025789242
0.0025404992
0.0025021295
0.0024638037
0.002425511
0.0023872457
0.0023489954
0.002310736
0.002272447
0.0022341174
0.0021957269
0.0021572445
0.0021186464
0.0020799184
0.0020410311
0.0020019534
0.0019626694
0.0019231529
0.0018833715
0.0018433076
0.0018029373
0.0017622278
0.0017211633
0.0016797182
0.0016378618
0.0015955801
0.001552845
0.0015096343
0.0014659263
0.0014216984
0.0013769347
0.0013316125
0.0012857157
0.0012392277
0.0011921339
0.0011444227
0.0010960854
0.0010471178
0.00099752023
0.00094730134
0.00089647671
0.00084508005
0.0007931493
0.00074077959
0.00068802092
0.00063517183
0.00058212468
0.00053007668
0.00047750194
0.0004303392
0.00037722296
0.00035212224
0.00028582789
0.00040835101
-0.00019846699
0.0046259057
0.0046090363
0.0045895311
0.0045663538
0.0045390283
0.0045076371
0.0044722968
0.0044330831
0.0043901397
0.0043437029
0.0042940701
0.0042415781
0.0041865953
0.004129514
0.0040707402
0.004010684
0.0039497537
0.0038883494
0.0038268583
0.0037656493
0.0037050676
0.0036454287
0.0035870113
0.0035300498
0.0034747272
0.0034211683
0.0033694356
0.0033195273
0.0032713813
0.0032248825
0.0031798748
0.0031361763
0.0030935948
0.0030519415
0.0030110407
0.0029707354
0.0029308901
0.002891391
0.0028521467
0.0028130882
0.0027741678
0.0027353552
0.0026966316
0.0026579844
0.002619405
0.0025808887
0.0025424324
0.0025040299
0.0024656704
0.0024273428
0.0023890402
0.0023507499
0.0023124497
0.0022741194
0.0022357464
0.0021973111
0.002158784
0.0021201414
0.0020813678
0.0020424351
0.0020033131
0.0019639845
0.0019244239
0.0018845997
0.0018444933
0.001804081
0.0017633311
0.0017222266
0.0016807422
0.0016388482
0.0015965293
0.0015537582
0.0015105123
0.0014667704
0.0014225095
0.0013777136
0.0013323602
0.0012864332
0.0012399157
0.0011927933
0.0011450542
0.0010966897
0.0010476953
0.00099807141
0.00094782642
0.00089697567
0.00084555246
0.00079359444
0.00074119552
0.00068840586
0.0006355192
0.00058243246
0.00053032021
0.00047769009
0.00043036417
0.00037715465
0.00035162564
0.0002866168
0.00039815302
-0.00018572114
0.0045818477
0.0045655687
0.0045468531
0.0045247594
0.0044988424
0.0044691567
0.0044357853
0.0043987726
0.0043582235
0.0043143281
0.0042673352
0.0042175344
0.0041652496
0.0041108321
0.0040546518
0.0039970878
0.0039385219
0.0038793324
0.0038198885
0.0037605447
0.0037016355
0.0036434685
0.0035863183
0.0035304193
0.0034759588
0.0034230706
0.0033718313
0.003322258
0.0032743114
0.0032279015
0.0031828986
0.0031391453
0.0030964715
0.0030547059
0.0030136862
0.0029732649
0.0029333127
0.0028937195
0.0028543956
0.0028152719
0.0027762989
0.0027374434
0.0026986839
0.0026600054
0.0026213976
0.0025828539
0.0025443693
0.0025059372
0.0024675466
0.0024291866
0.0023908488
0.0023525207
0.0023141813
0.002275811
0.0022373961
0.002198917
0.0021603461
0.0021216597
0.0020828411
0.0020438635
0.0020046974
0.0019653244
0.0019257195
0.0018858525
0.0018457034
0.0018052489
0.0017644583
0.0017233134
0.0016817895
0.0016398574
0.0015975007
0.001554693
0.0015114116
0.001467635
0.0014233407
0.0013785119
0.0013331269
0.0012871689
0.0012406214
0.0011934698
0.0011457021
0.0010973097
0.001048288
0.00099863711
0.00094836529
0.00089748765
0.00084603703
0.00079405082
0.00074162154
0.00068879962
0.00063587356
0.0005827453
0.00053056494
0.00047787699
0.00043037632
0.00037708089
0.00035105563
0.00028734002
0.00038789676
-0.00017300382
0.0045386374
0.0045229167
0.0045049414
0.0044838556
0.0044592443
0.0044311394
0.0043995972
0.0043646367
0.0043263305
0.0042848286
0.0042403371
0.0041931023
0.0041434064
0.0040915618
0.0040379025
0.0039827761
0.0039265373
0.003869541
0.0038121371
0.0037546643
0.0036974446
0.0036407767
0.0035849299
0.0035301372
0.0034765887
0.0034244261
0.0033737382
0.0033245592
0.0032768705
0.0032306056
0.0031856591
0.0031418975
0.0030991715
0.0030573277
0.0030162174
0.0029757032
0.0029356627
0.0028959905
0.0028565989
0.0028174195
0.0027784015
0.0027395094
0.0027007194
0.0026620145
0.0026233826
0.0025848153
0.0025463062
0.0025078478
0.0024694292
0.0024310393
0.002392669
0.0023543053
0.0023159289
0.0022775202
0.0022390648
0.0022005434
0.0021619298
0.0021232003
0.0020843375
0.0020453153
0.0020061055
0.0019666883
0.0019270395
0.0018871295
0.0018469377
0.0018064408
0.0017656093
0.0017244236
0.0016828598
0.0016408891
0.0015984943
0.0015556496
0.0015123321
0.0014685203
0.001424192
0.0013793299
0.0013339126
0.0012879231
0.0012413449
0.0011941634
0.0011463666
0.0010979457
0.0010488958
0.00099921731
0.00094891791
0.00089801259
0.00084653369
0.00079451829
0.00074205748
0.00068920193
0.00063623456
0.00058306279
0.00053081024
0.00047806191
0.00043037419
0.00037700794
0.00035039408
0.00028798578
0.00037759183
-0.00016033816
0.0044962386
0.0044810472
0.0044637675
0.0044436213
0.0044202223
0.0043935847
0.004363743
0.0043306963
0.00429449
0.0042552404
0.0042131153
0.0041683225
0.0041211054
0.0040717393
0.0040205237
0.0039677749
0.0039138196
0.0038589887
0.0038036114
0.0037480096
0.0036924913
0.0036373451
0.0035828338
0.0035291878
0.0034765987
0.0034252143
0.003375134
0.0033264074
0.0032790346
0.0032329708
0.003188133
0.0031444103
0.0031016738
0.0030597874
0.0030186166
0.0029780346
0.0029379264
0.0028981916
0.0028587459
0.0028195215
0.0027804671
0.0027415459
0.0027027317
0.0026640058
0.0026253546
0.0025867681
0.0025482386
0.0025097577
0.0024713146
0.0024328979
0.0023944978
0.0023561013
0.00231769
0.0022792449
0.0022407508
0.0022021886
0.0021635335
0.002124762
0.0020858558
0.0020467899
0.0020075367
0.0019680757
0.0019283831
0.0018884303
0.0018481957
0.0018076564
0.0017667836
0.0017255571
0.001683953
0.0016419434
0.0015995101
0.0015566278
0.0015132737
0.0014694263
0.0014250634
0.0013801674
0.0013347172
0.0012886957
0.0012420863
0.0011948742
0.0011470476
0.0010985975
0.001049519
0.000999812
0.00094948427
0.00089855045
0.00084704234
0.00079499672
0.00074250314
0.00068961255
0.00063660187
0.00058338444
0.00053105548
0.00047824406
0.00043035639
0.00037693675
0.00034963677
0.0002885434
0.00036724439
-0.00014774468
0.0044546173
0.0044399287
0.0044233042
0.0044040358
0.0043817644
0.0043564902
0.0043282306
0.0042969688
0.0042627282
0.0042255959
0.0041857068
0.0041432338
0.0040983851
0.0040514011
0.0040025481
0.0039521116
0.0039003906
0.0038476913
0.0037943216
0.0037405849
0.0036867747
0.0036331682
0.0035800204
0.0035275577
0.0034759721
0.0034254159
0.0033759976
0.00332778
0.0032807802
0.003234973
0.0031902966
0.0031466609
0.0031039568
0.0030620652
0.0030208658
0.0029802425
0.0029400888
0.0029003098
0.0028608246
0.0028215673
0.0027824866
0.0027435445
0.0027047133
0.0026659727
0.0026273078
0.0025887071
0.0025501618
0.0025116627
0.0024731988
0.0024347588
0.0023963321
0.0023579058
0.0023194622
0.0022809829
0.002242452
0.0022038509
0.0021651557
0.0021263434
0.0020873949
0.0020482861
0.0020089901
0.0019694859
0.0019297499
0.0018897543
0.0018494771
0.0018088954
0.0017679812
0.0017267136
0.001685069
0.0016430201
0.0016005479
0.0015576277
0.0015142366
0.001470353
0.001425955
0.0013810246
0.0013355409
0.0012894867
0.0012428454
0.0011956023
0.0011477453
0.0010992653
0.0010501573
0.0010004212
0.00095006433
0.00089910115
0.00084756289
0.00079548599
0.00074295834
0.00069003122
0.00063697513
0.0005837098
0.00053129997
0.00047842261
0.00043032163
0.00037686217
0.00034880495
0.0002890002
0.00035685976
-0.00013524368
0.0044137415
0.0043995315
0.0043835252
0.0043650785
0.0043438576
0.004319852
0.0042930654
0.0042634688
0.0042310677
0.0041959245
0.0041581457
0.004117873
0.0040752828
0.004030583
0.0039840085
0.0039358152
0.0038862743
0.0038356673
0.0037842802
0.0037323974
0.0036802968
0.003628243
0.0035764822
0.0035252356
0.0034746941
0.0034250133
0.0033763089
0.0033286552
0.0032820843
0.0032365888
0.0031921263
0.0031486264
0.0031059986
0.0030641405
0.0030229458
0.0029823097
0.0029421343
0.0029023309
0.0028628227
0.002823546
0.0027844501
0.0027454965
0.0027066563
0.0026679082
0.0026292357
0.0025906266
0.0025520706
0.002513558
0.0024750777
0.0024366182
0.0023981685
0.0023597157
0.0023212427
0.0022827316
0.0022441663
0.0022055283
0.0021667947
0.0021279429
0.0020889534
0.0020498027
0.0020104647
0.0019709179
0.001931139
0.0018911009
0.0018507813
0.0018101573
0.0017692016
0.0017278928
0.0016862076
0.0016441191
0.0016016077
0.0015586492
0.0015152206
0.0014713004
0.0014268667
0.0013819014
0.0013363837
0.0012902963
0.0012436225
0.0011963476
0.0011484595
0.001099949
0.0010508109
0.0010010449
0.00095065808
0.00089966466
0.00084809526
0.00079598596
0.0007434229
0.00069045768
0.00063735398
0.00058403838
0.00053154305
0.00047859667
0.00043026848
0.00037678238
0.0003479227
0.00028933354
0.00034644081
-0.00012285364
0.0043735809
0.0043598272
0.0043444055
0.0043267292
0.0043064885
0.0042836646
0.0042582506
0.0042302081
0.0041995282
0.0041662527
0.0041304633
0.0040922748
0.0040518344
0.0040093205
0.0039649383
0.0039189154
0.0038714961
0.0038229372
0.0037735025
0.0037234571
0.0036730621
0.0036225691
0.0035722142
0.0035222124
0.0034727521
0.0034239906
0.0033760493
0.0033290122
0.0032829246
0.003237795
0.0031935988
0.0031502837
0.0031077769
0.0030659922
0.003024837
0.0029842182
0.0029440465
0.0029042401
0.0028647268
0.0028254456
0.0027863469
0.0027473923
0.0027085523
0.0026698045
0.0026311316
0.0025925203
0.0025539594
0.0025154385
0.0024769466
0.002438472
0.0024000032
0.0023615274
0.0023230283
0.0022844883
0.0022458911
0.0022072185
0.0021684485
0.0021295588
0.0020905298
0.0020513384
0.0020119593
0.0019723707
0.0019325495
0.0018924694
0.0018521077
0.0018114416
0.0017704445
0.0017290944
0.0016873684
0.0016452401
0.0016026892
0.001559692
0.0015162256
0.0014722684
0.0014277986
0.0013827978
0.0013372456
0.0012911243
0.0012444175
0.0011971103
0.0011491904
0.0011006486
0.0010514797
0.001001683
0.00095126546
0.0009002409
0.00084863933
0.00079649648
0.0007438966
0.00069089164
0.00063773804
0.00058436965
0.00053178401
0.00047876532
0.00043019547
0.00037669561
0.0003469925
0.00028951979
0.00033600321
-0.00011059374
0.0043341068
0.0043207887
0.0043059208
0.0042889681
0.0042696434
0.0042479216
0.0042237876
0.004197196
0.0041681265
0.0041366037
0.0041026883
0.0040664713
0.004028074
0.0039876478
0.0039453706
0.0039014426
0.0038560827
0.0038095233
0.0037620059
0.0037137761
0.0036650779
0.0036161488
0.003567214
0.0035184813
0.0034701354
0.0034223336
0.0033752017
0.0033288315
0.0032832798
0.0032385692
0.003194691
0.0031516098
0.0031092693
0.0030675988
0.0030265194
0.0029859492
0.0029458083
0.0029060219
0.0028665228
0.0028272533
0.0027881657
0.0027492218
0.0027103921
0.0026716534
0.0026329879
0.0025943813
0.0025558219
0.0025172987
0.0024788004
0.0024403154
0.002401832
0.0023633373
0.0023248156
0.0022862499
0.0022476237
0.0022089191
0.0021701149
0.0021311893
0.0020921223
0.0020528917
0.0020134727
0.0019738432
0.0019339805
0.0018938588
0.0018534554
0.0018127475
0.0017717091
0.001730318
0.0016885511
0.0016463827
0.0016037922
0.0015607561
0.0015172514
0.0014732568
0.0014287504
0.0013837137
0.0013381264
0.0012919708
0.0012452304
0.0011978902
0.0011499379
0.0011013642
0.0010521637
0.0010023356
0.00095188643
0.0009008298
0.00084919501
0.00079701739
0.00074437922
0.00069133282
0.00063812691
0.00058470308
0.00053202211
0.00047892758
0.00043010111
0.00037660036
0.00034597003
0.00028949688
0.00032563296
-9.8473738e-05
0.0042952917
0.0042823904
0.0042680476
0.0042517757
0.0042333082
0.0042126154
0.004189676
0.0041644395
0.0041368769
0.0041069984
0.0040748469
0.0040404927
0.0040040343
0.0039655986
0.0039253381
0.0038834279
0.003840062
0.0037954495
0.0037498099
0.0037033692
0.0036563539
0.0036089869
0.0035614818
0.003514038
0.0034668354
0.0034200301
0.0033737507
0.0033280952
0.0032831299
0.0032388897
0.0031953804
0.0031525818
0.0031104533
0.0030689387
0.0030279722
0.0029874835
0.0029474018
0.0029076599
0.0028681959
0.0028289559
0.0027898943
0.002750974
0.0027121656
0.0026734459
0.0026347965
0.0025962025
0.0025576516
0.0025191324
0.0024806336
0.0024421435
0.0024036503
0.0023651412
0.002326601
0.002288013
0.0022493611
0.0022106274
0.0021717914
0.002132832
0.0020937291
0.0020544608
0.0020150032
0.001975334
0.0019354307
0.0018952683
0.0018548238
0.0018140744
0.001772995
0.0017315628
0.0016897551
0.0016475467
0.0016049164
0.0015618411
0.001518298
0.0014742655
0.0014297222
0.0013846491
0.0013390263
0.0012928358
0.0012460611
0.0011986873
0.001150702
0.0011020957
0.0010528629
0.0010030025
0.00095252092
0.00090143126
0.00084976216
0.00079754853
0.00074487054
0.00069178089
0.00063852017
0.00058503812
0.00053225661
0.00047908242
0.00042998388
0.00037649582
0.00034476318
0.00028923383
0.0003154329
-8.6506424e-05
0.0042571092
0.0042446069
0.0042307631
0.0042151326
0.0041974684
0.0041777376
0.004155914
0.0041319438
0.0041057912
0.0040774549
0.0040469626
0.0040143668
0.0039797459
0.0039432048
0.0039048729
0.0038649019
0.0038234624
0.0037807409
0.0037369357
0.003692253
0.003646902
0.0036010906
0.00355502
0.0035088804
0.0034628458
0.0034170701
0.0033716828
0.0033267865
0.0032824557
0.0032387358
0.0031956451
0.0031531775
0.0031113066
0.00306999
0.0030291746
0.0029888013
0.0029488087
0.002909137
0.0028697304
0.0028305389
0.0027915197
0.0027526372
0.0027138625
0.0026751726
0.0026365487
0.0025979758
0.0025594412
0.0025209331
0.0024824402
0.0024439509
0.0024054533
0.0023669346
0.0023283802
0.002289774
0.0022510998
0.0022123402
0.0021734753
0.0021344845
0.0020953479
0.0020560439
0.0020165491
0.0019768416
0.0019368989
0.0018966965
0.0018562116
0.0018154214
0.0017743012
0.0017328284
0.00169098
0.0016487315
0.0016060614
0.0015629467
0.0015193649
0.0014752943
0.0014307137
0.0013856038
0.0013399449
0.001293719
0.0012469096
0.0011995016
0.0011514827
0.0011028431
0.0010535772
0.0010036838
0.00095316883
0.00090204515
0.00085034062
0.00079808968
0.00074537029
0.00069223551
0.00063891737
0.00058537415
0.00053248673
0.00047922873
0.00042984232
0.00037638255
0.00034336626
0.00028870877
0.0003054185
-7.4715587e-05
0.004219535
0.004207415
0.0041940456
0.0041790203
0.0041621099
0.0041432793
0.0041224987
0.0040997125
0.0040748795
0.0040479893
0.0040190569
0.0039881194
0.0039552379
0.0039204974
0.0038840068
0.0038458957
0.0038063131
0.0037654239
0.0037234061
0.0036804464
0.0036367368
0.0035924697
0.0035478337
0.003503009
0.0034581629
0.0034134455
0.0033689861
0.0033248908
0.0032812398
0.0032380878
0.003195464
0.0031533749
0.003111807
0.0030707308
0.0030301054
0.0029898825
0.00295001
0.0029104358
0.0028711102
0.0028319877
0.0027930286
0.0027541991
0.0027154715
0.0026768231
0.0026382353
0.0025996929
0.002561183
0.0025226938
0.0024842139
0.0024457317
0.0024072355
0.0023687126
0.002330149
0.0022915288
0.0022528363
0.0022140544
0.0021751638
0.0021361443
0.0020969764
0.0020576387
0.0020181087
0.0019783643
0.0019383835
0.0018981422
0.0018576178
0.0018167875
0.0017756271
0.0017341138
0.0016922251
0.0016499366
0.0016072266
0.0015640725
0.0015204518
0.0014763429
0.0014317246
0.0013865776
0.0013408822
0.0012946204
0.0012477757
0.001200333
0.0011522797
0.0011036062
0.0010543065
0.0010043793
0.00095383006
0.00090267135
0.00085093023
0.00079864063
0.0007458782
0.00069269633
0.00063931807
0.00058571058
0.00053271169
0.00047936535
0.00042967487
0.00037626327
0.00034181474
0.00028786284
0.00029555313
-6.3101985e-05
0.0041825428
0.0041707897
0.0041578721
0.0041434188
0.0041272169
0.0041092293
0.0040894245
0.0040677458
0.0040441482
0.0040186139
0.0039911474
0.0039617729
0.003930536
0.0038975049
0.0038627691
0.0038264388
0.0037886426
0.0037495253
0.0037092449
0.0036679697
0.0036258744
0.0035831361
0.0035399305
0.003496427
0.0034527853
0.0034091509
0.0033656518
0.0033223953
0.0032794668
0.003236928
0.0031948178
0.0031531535
0.0031119334
0.0030711401
0.0030307439
0.002990707
0.0029509867
0.0029115384
0.0028723187
0.0028332869
0.0027944068
0.002755647
0.002716981
0.0026783869
0.0026398466
0.002601345
0.0025628691
0.0025244071
0.0024859478
0.0024474797
0.0024089913
0.0023704702
0.0023319025
0.0022932733
0.0022545668
0.0022157664
0.0021768535
0.0021378085
0.0020986119
0.0020592431
0.0020196798
0.0019799004
0.0019398829
0.0018996041
0.0018590411
0.0018181715
0.0017769715
0.0017354184
0.0016934896
0.0016511613
0.0016084116
0.0015652181
0.0015215583
0.0014774109
0.0014327546
0.0013875702
0.0013418379
0.0012955398
0.0012486593
0.0012011813
0.0011530931
0.001104385
0.0010550508
0.0010050889
0.00095450447
0.00090330971
0.00085153081
0.00079920117
0.00074639398
0.00069316299
0.00063972177
0.00058604682
0.00053293064
0.00047949125
0.00042947968
0.00037613088
0.00034011108
0.0002866792
0.00028579559
-5.1635179e-05
0.0038613743
0.0040079286
0.0042211334
0.0044696363
0.0047671723
0.0051284117
0.0055286081
0.0060836423
0.006668572
0.0082642694
0.0038613654
0.0040079074
0.0042210945
0.004469555
0.0047669943
0.0051279439
0.0055275452
0.0060784823
0.0066575227
0.00795694
0.0038613482
0.0040078691
0.0042210233
0.0044694052
0.0047666596
0.0051271104
0.0055255112
0.0060702632
0.0066380603
0.0077173759
0.0038613208
0.0040078088
0.0042209109
0.0044691687
0.0047661307
0.005125803
0.0055224109
0.0060583903
0.0066100755
0.0075289419
0.0038612822
0.0040077242
0.0042207532
0.0044688369
0.0047653899
0.0051239798
0.0055181095
0.0060431783
0.0065728984
0.0073598813
0.0038612316
0.0040076131
0.0042205462
0.0044684015
0.0047644201
0.0051216086
0.0055124427
0.0060249793
0.0065274495
0.0072038399
0.0038611677
0.0040074731
0.0042202852
0.0044678532
0.0047632022
0.0051186495
0.0055054302
0.0060038488
0.0064760318
0.0070596827
0.0038610892
0.0040073015
0.0042199651
0.0044671816
0.0047617156
0.0051150631
0.0054970693
0.005979856
0.006421309
0.006924002
0.003860995
0.0040070953
0.0042195807
0.0044663762
0.0047599392
0.0051108115
0.0054873297
0.0059531655
0.0063643822
0.0067950834
0.0038608834
0.0040068514
0.0042191262
0.0044654255
0.0047578513
0.0051058579
0.0054761853
0.0059239678
0.006305502
0.0066726319
0.003860753
0.0040065665
0.0042185955
0.0044643174
0.0047554293
0.0051001671
0.0054636184
0.0058924452
0.0062450013
0.0065563711
0.0038606021
0.0040062371
0.004217982
0.0044630395
0.0047526503
0.0050937053
0.0054496179
0.005858779
0.0061832413
0.0064459367
0.0038604289
0.0040058594
0.004217279
0.0044615785
0.0047494907
0.0050864408
0.0054341792
0.0058231512
0.0061205502
0.0063409486
0.0038602315
0.0040054293
0.004216479
0.0044599205
0.0047459264
0.0050783439
0.0054173044
0.0057857422
0.0060572215
0.0062410332
0.0038600078
0.0040049425
0.0042155742
0.004458051
0.0047419331
0.0050693873
0.0053990026
0.005746729
0.0059935194
0.0061458264
0.0038597557
0.0040043944
0.0042145565
0.0044559551
0.0047374863
0.0050595465
0.0053792896
0.0057062843
0.0059296804
0.0060549762
0.0038594726
0.00400378
0.004213417
0.0044536171
0.0047325614
0.0050487997
0.005358188
0.0056645755
0.0058659147
0.0059681466
0.0038591562
0.0040030942
0.0042121465
0.0044510208
0.0047271339
0.0050371282
0.0053357268
0.0056217638
0.0058024067
0.0058850205
0.0038588037
0.0040023314
0.0042107354
0.0044481495
0.0047211794
0.0050245165
0.0053119415
0.0055780033
0.0057393168
0.0058053015
0.0038584121
0.0040014857
0.0042091733
0.004444986
0.004714674
0.0050109526
0.0052868735
0.0055334407
0.0056767821
0.0057287153
0.0038579784
0.0040005508
0.0042074495
0.0044415127
0.0047075942
0.0049964281
0.0052605698
0.0054882146
0.0056149184
0.0056550108
0.0038574991
0.0039995202
0.0042055528
0.0044377115
0.0046999174
0.0049809381
0.0052330826
0.0054424551
0.0055538212
0.005583959
0.0038569708
0.0039983868
0.0042034712
0.0044335641
0.0046916216
0.0049644816
0.0052044688
0.0053962836
0.0054935678
0.0055153534
0.0038563896
0.0039971433
0.0042011926
0.0044290519
0.0046826861
0.0049470614
0.0051747892
0.0053498128
0.0054342187
0.0054490078
0.0038557514
0.0039957819
0.0041987039
0.004424156
0.0046730913
0.004928684
0.0051441083
0.0053031465
0.0053758194
0.0053847558
0.0038550518
0.0039942942
0.0041959918
0.0044188577
0.0046628193
0.00490936
0.0051124935
0.0052563799
0.0053184023
0.0053224484
0.0038542863
0.0039926718
0.0041930424
0.0044131379
0.0046518535
0.0048891034
0.0050800142
0.0052095994
0.0052619882
0.0052619526
0.0038534498
0.0039909054
0.0041898412
0.0044069778
0.0046401792
0.0048679322
0.0050467417
0.0051628832
0.0052065878
0.0052031495
0.0038525371
0.0039889856
0.0041863735
0.0044003588
0.0046277838
0.0048458677
0.005012748
0.0051163015
0.0051522037
0.0051459327
0.0038515426
0.0039869023
0.0041826239
0.0043932624
0.0046146567
0.004822935
0.0049781056
0.0050699167
0.0050988314
0.0050902068
0.0038504603
0.0039846452
0.0041785766
0.0043856709
0.0046007896
0.004799162
0.0049428864
0.0050237841
0.0050464608
0.0050358856
0.0038492837
0.0039822033
0.0041742155
0.0043775666
0.0045861765
0.0047745798
0.0049071617
0.004977952
0.0049950774
0.0049828912
0.0038480062
0.0039795653
0.0041695243
0.004368933
0.004570814
0.0047492224
0.0048710013
0.0049324626
0.0049446629
0.004931153
0.0038466206
0.0039767194
0.004164486
0.004359754
0.0045547014
0.004723126
0.0048344729
0.0048873519
0.0048951967
0.0048806061
0.0038451193
0.0039736533
0.0041590838
0.0043500145
0.0045378405
0.0046963292
0.004797642
0.0048426509
0.0048466561
0.0048311913
0.0038434941
0.0039703545
0.0041533005
0.0043397006
0.004520236
0.0046688724
0.0047605712
0.0047983853
0.0047990171
0.004782854
0.0038417366
0.0039668098
0.0041471188
0.0043287993
0.004501895
0.0046407975
0.0047233203
0.0047545767
0.0047522549
0.0047355435
0.0038398377
0.0039630057
0.0041405214
0.0043172991
0.0044828277
0.0046121478
0.0046859454
0.0047112424
0.0047063444
0.0046892129
0.0038377878
0.0039589284
0.0041334912
0.0043051898
0.0044630467
0.0045829672
0.0046484993
0.0046683962
0.0046612602
0.0046438185
0.0038355768
0.0039545637
0.004126011
0.0042924629
0.0044425674
0.0045533004
0.004611031
0.0046260487
0.0046169771
0.0045993195
0.0038331942
0.0039498972
0.004118064
0.0042791113
0.0044214078
0.0045231921
0.004573586
0.0045842076
0.0045734701
0.0045556774
0.0038306287
0.003944914
0.0041096336
0.0042651297
0.0043995879
0.004492687
0.0045362058
0.004542878
0.0045307149
0.0045128562
0.0038278685
0.0039395992
0.0041007036
0.0042505147
0.0043771304
0.0044618292
0.0044989282
0.0045020627
0.0044886872
0.0044708222
0.0038249013
0.0039339377
0.0040912587
0.0042352648
0.0043540599
0.0044306621
0.0044617874
0.0044617625
0.0044473638
0.0044295431
0.0038217139
0.0039279141
0.0040812837
0.0042193804
0.0043304027
0.0043992283
0.0044248141
0.0044219765
0.0044067218
0.0043889886
0.0038182929
0.0039215132
0.0040707645
0.0042028639
0.0043061872
0.0043675687
0.0043880355
0.0043827021
0.0043667387
0.0043491298
0.0038146239
0.0039147197
0.0040596878
0.0041857197
0.0042814428
0.0043357233
0.0043514756
0.0043439353
0.0043273929
0.0043099392
0.0038106921
0.0039075182
0.0040480411
0.0041679543
0.0042562005
0.0043037303
0.0043151558
0.004305671
0.0042886632
0.0042713903
0.003806483
0.0038998945
0.0040358136
0.0041495762
0.004230491
0.0042716249
0.0042790935
0.0042679026
0.004250529
0.0042334585
0.0038019818
0.0038918354
0.0040229953
0.0041305962
0.0042043451
0.0042394387
0.0042433015
0.0042306195
0.0042129663
0.0041961163
0.0037969688
0.0038829739
0.0040090157
0.0041102144
0.004176696
0.0042058701
0.0042063238
0.0041922904
0.0041744212
0.0041578133
0.0037908075
0.0038722628
0.0039922592
0.0040861929
0.0041446481
0.0041675137
0.0041644721
0.0041491201
0.004131089
0.0041147733
0.0037827972
0.0038586691
0.0039711864
0.004056562
0.0041058949
0.0041218736
0.0041151873
0.0040985582
0.0040804513
0.0040645097
0.0037722779
0.0038414286
0.0039447361
0.004020168
0.0040594037
0.0040680952
0.0040577581
0.0040399813
0.0040219221
0.0040064399
0.0037583025
0.0038195954
0.0039117015
0.0039757474
0.004004158
0.004005432
0.0039916158
0.0039729122
0.0039550672
0.0039401544
0.0037395679
0.0037919622
0.0038707957
0.0039220383
0.0039392691
0.0039333545
0.0039164297
0.0038970829
0.0038796002
0.0038653195
0.0037144566
0.0037570472
0.0038205732
0.0038578217
0.0038640347
0.0038515927
0.0038321545
0.0038125727
0.0037957107
0.0037822151
0.0036809733
0.0037130419
0.0037595878
0.0037821497
0.0037781038
0.0037601925
0.0037388909
0.0037192906
0.0037030565
0.0036903192
0.0036367167
0.0036578733
0.0036865486
0.003694501
0.003681547
0.0036596686
0.0036375861
0.0036186538
0.0036034476
0.0035916586
0.0035790026
0.0035893934
0.0036004978
0.0035949034
0.0035747199
0.0035499957
0.0035273223
0.0035087865
0.0034943491
0.0034833956
0.0035051647
0.0035056706
0.0035009326
0.0034840251
0.0034592538
0.003434191
0.0034128261
0.0033958308
0.0033826883
0.0033727307
0.0034130703
0.0034054574
0.0033879398
0.0033620777
0.0033333339
0.0033070535
0.0032857029
0.0032693453
0.003257107
0.0032480522
0.0033018462
0.003288602
0.0032630921
0.0032338967
0.0032068523
0.0031840639
0.0031657203
0.0031514082
0.0031405367
0.003132447
0.0031727346
0.0031562079
0.0031246681
0.0030901433
0.003059955
0.0030361217
0.0030181442
0.0030048444
0.0029950944
0.0029879906
0.0030296829
0.0030151206
0.0029894858
0.0029641682
0.0029430551
0.0029257551
0.0029116506
0.0029005314
0.0028920998
0.0028858549
0.0028775949
0.0028572709
0.0028226047
0.002789577
0.0027650621
0.0027476961
0.0027349171
0.0027253839
0.0027183896
0.0027133346
0.0027358737
0.0027382547
0.0027314475
0.0027190399
0.0027053804
0.0026926138
0.0026818484
0.0026733802
0.0026669539
0.0026621574
0.0025658005
0.0025259443
0.0024831407
0.0024527749
0.002432026
0.0024169064
0.0024057636
0.0023977207
0.002391974
0.0023878538
0.0041445958
0.0041332111
0.0041207432
0.0041068545
0.0040913472
0.0040741831
0.0040553297
0.0040347304
0.0040123375
0.003988127
0.0039620945
0.0039342528
0.003904634
0.0038732902
0.0038402937
0.0038057358
0.0037697257
0.0037323885
0.0036938628
0.0036542983
0.0036138521
0.0035726856
0.0035309604
0.0034888348
0.0034464596
0.0034039745
0.0033615048
0.0033191582
0.0032770232
0.0032351678
0.003193639
0.003152464
0.0031116523
0.0030711975
0.0030310813
0.0029912762
0.0029517486
0.0029124622
0.00287338
0.0028344668
0.0027956901
0.0027570212
0.0027184357
0.0026799127
0.0026414348
0.0026029872
0.0025645573
0.0025261333
0.0024877042
0.0024492588
0.0024107858
0.0023722731
0.0023337073
0.0022950741
0.002256358
0.0022175429
0.0021786108
0.0021395428
0.0021003196
0.002060921
0.0020213255
0.0019815117
0.001941458
0.0019011414
0.0018605396
0.0018196302
0.0017783898
0.0017367958
0.0016948259
0.0016524564
0.0016096655
0.001566431
0.0015227306
0.001478543
0.001433847
0.0013886232
0.0013428522
0.0012965158
0.0012495975
0.0012020822
0.0011539571
0.0011052122
0.0010558412
0.0010058423
0.00095522038
0.00090398698
0.00085216746
0.00079979462
0.00074693895
0.00069365461
0.00064014469
0.00058639605
0.0005331512
0.00047961005
0.00042924561
0.00037593837
0.00033823667
0.00028510937
0.00027567986
-3.9797935e-05
0.0041019529
0.0040909726
0.0040789936
0.0040657129
0.0040509488
0.0040346626
0.0040168212
0.0039973692
0.0039762572
0.0039534557
0.0039289523
0.0039027491
0.0038748651
0.0038453368
0.0038142191
0.0037815843
0.0037475213
0.0037121346
0.0036755422
0.0036378734
0.0035992662
0.003559864
0.0035198129
0.0034792575
0.003438338
0.0033971864
0.0033559234
0.0033146558
0.003273474
0.0032324508
0.0031916409
0.0031510811
0.0031107915
0.0030707775
0.0030310323
0.0029915394
0.0029522757
0.0029132136
0.0028743239
0.0028355774
0.0027969465
0.0027584062
0.0027199343
0.0026815119
0.0026431226
0.0026047525
0.0025663891
0.0025280214
0.0024896385
0.0024512298
0.0024127842
0.0023742901
0.0023357347
0.0022971043
0.0022583841
0.0022195584
0.0021806099
0.0021415204
0.0021022712
0.0020628425
0.0020232136
0.0019833635
0.0019432709
0.0019029135
0.0018622691
0.0018213158
0.0017800305
0.0017383909
0.0016963747
0.0016539588
0.0016111213
0.0015678403
0.0015240935
0.0014798598
0.0014351183
0.0013898494
0.0013440337
0.0012976532
0.0012506912
0.0012031326
0.0011549645
0.0011061767
0.0010567629
0.0010067207
0.00095605465
0.00090477573
0.00085290818
0.00080048409
0.00074757069
0.00069422252
0.0006406302
0.00058679278
0.00053339304
0.00047972808
0.00042894093
0.00037561198
0.00033603337
0.00028292215
0.00026418572
-2.6544147e-05
0.00405215
0.0040416275
0.0040301963
0.00401759
0.0040036447
0.0039883219
0.0039715887
0.0039533913
0.0039336798
0.0039124204
0.0038895933
0.0038651911
0.0038392199
0.0038117011
0.003782672
0.0037521853
0.0037203091
0.0036871257
0.0036527307
0.003617231
0.0035807431
0.0035433899
0.003505299
0.0034665987
0.0034274158
0.0033878719
0.0033480808
0.0033081458
0.0032681573
0.0032281918
0.0031883101
0.0031485578
0.0031089659
0.0030695514
0.0030303197
0.0029912664
0.0029523795
0.0029136419
0.0028750333
0.0028365319
0.0027981162
0.002759766
0.0027214625
0.0026831894
0.0026449322
0.0026066781
0.0025684158
0.0025301347
0.002491825
0.0024534763
0.0024150785
0.0023766204
0.0023380901
0.0022994746
0.0022607599
0.0022219309
0.0021829715
0.0021438641
0.0021045908
0.0020651324
0.0020254692
0.0019855805
0.0019454457
0.0019050432
0.0018643512
0.0018233481
0.0017820116
0.0017403193
0.0016982494
0.0016557793
0.0016128872
0.0015695512
0.0015257496
0.0014814612
0.0014366653
0.0013913423
0.001345473
0.0012990394
0.0012520246
0.0012044136
0.0011561933
0.0011073534
0.0010578872
0.001007792
0.00095707161
0.00090573648
0.00085380939
0.00080132142
0.00074833582
0.00069490729
0.00064121129
0.00058726067
0.00053366643
0.00047983906
0.00042852815
0.00037508881
0.00033332775
0.00027980704
0.0002507428
-1.1592362e-05
0.0039945951
0.003984578
0.0039737476
0.0039618732
0.00394881
0.0039345208
0.0039189731
0.0039021159
0.0038838999
0.0038642884
0.0038432558
0.0038207863
0.0037968746
0.0037715282
0.0037447675
0.0037166263
0.0036871517
0.0036564037
0.0036244545
0.0035913873
0.0035572952
0.0035222787
0.0034864441
0.0034499009
0.0034127591
0.0033751272
0.0033371088
0.0032988009
0.0032602912
0.0032216569
0.0031829633
0.003144263
0.0031055963
0.0030669913
0.0030284653
0.0029900263
0.0029516743
0.0029134034
0.0028752033
0.0028370611
0.0027989628
0.0027608939
0.0027228406
0.00268479
0.0026467305
0.0026086514
0.0025705429
0.0025323958
0.0024942012
0.00245595
0.0024176328
0.0023792396
0.0023407594
0.0023021802
0.002263489
0.002224672
0.0021857137
0.002146598
0.0021073075
0.0020678244
0.0020281296
0.0019882035
0.001948026
0.0019075764
0.0018668336
0.0018257763
0.001784383
0.0017426319
0.0017005014
0.0016579694
0.0016150144
0.0015716149
0.0015277494
0.0014833969
0.0014385371
0.0013931502
0.0013472172
0.0013007202
0.0012536423
0.0012059683
0.0011576851
0.0011087821
0.0010592522
0.0010090923
0.00095830535
0.00090690094
0.0008549001
0.00080233253
0.00074925661
0.00069572661
0.00064190017
0.00058780421
0.00053396681
0.0004799223
0.0004279705
0.00037430901
0.0003300101
0.00027552166
0.00023537653
4.4225483e-06
0.003928894
0.0039194325
0.003909253
0.0038981612
0.0038860317
0.0038728294
0.0038585233
0.0038430657
0.0038264094
0.0038085165
0.0037893575
0.0037689099
0.0037471595
0.0037241014
0.0036997413
0.0036740958
0.0036471921
0.0036190689
0.0035897754
0.0035593711
0.0035279248
0.0034955132
0.0034622197
0.0034281323
0.0033933422
0.0033579409
0.0033220189
0.0032856631
0.0032489551
0.0032119694
0.0031747722
0.0031374204
0.003099961
0.0030624315
0.0030248597
0.002987265
0.0029496594
0.0029120483
0.0028744324
0.0028368085
0.0027991712
0.0027615131
0.0027238267
0.0026861039
0.0026483368
0.002610518
0.0025726401
0.002534696
0.0024966786
0.0024585803
0.0024203931
0.0023821085
0.0023437168
0.0023052074
0.0022665688
0.0022277883
0.0021888521
0.0021497451
0.0021104514
0.0020709543
0.0020312358
0.0019912776
0.0019510605
0.0019105648
0.0018697702
0.0018286564
0.0017872024
0.0017453871
0.0017031895
0.0016605883
0.0016175622
0.0015740901
0.0015301511
0.0014857245
0.0014407901
0.0013953283
0.0013493204
0.0013027483
0.0012555953
0.0012078461
0.0011594874
0.0011105083
0.0010609012
0.0010106624
0.00095979399
0.00090830422
0.00085621202
0.0008035451
0.00075035605
0.00069669756
0.0006427069
0.00058842331
0.00053428304
0.00047994497
0.00042722011
0.00037315658
0.00032597201
0.00026989537
0.00021833376
2.0494701e-05
0.0038546758
0.0038458047
0.0038363122
0.0038260335
0.0038148637
0.0038027716
0.0037897282
0.0037756902
0.0037606134
0.0037444608
0.0037272006
0.0037088064
0.0036892571
0.0036685385
0.0036466444
0.0036235765
0.0035993452
0.0035739698
0.0035474786
0.0035199084
0.0034913046
0.0034617204
0.0034312154
0.0033998552
0.0033677095
0.003334851
0.0033013533
0.0032672898
0.0032327319
0.0031977472
0.0031623987
0.0031267433
0.0030908311
0.0030547054
0.0030184018
0.0029819491
0.0029453694
0.0029086789
0.0028718889
0.0028350061
0.0027980343
0.0027609745
0.002723826
0.002686587
0.0026492547
0.0026118259
0.0025742968
0.0025366632
0.0024989207
0.0024610639
0.0024230871
0.0023849835
0.0023467455
0.0023083643
0.0022698302
0.0022311323
0.0021922584
0.0021531953
0.0021139287
0.0020744434
0.002034723
0.0019947506
0.0019545083
0.0019139777
0.0018731398
0.001831975
0.0017904637
0.0017485856
0.0017063204
0.0016636475
0.0016205465
0.0015769968
0.0015329779
0.0014884697
0.0014434524
0.0013979066
0.0013518137
0.001305156
0.0012579165
0.0012100801
0.0011616331
0.0011125644
0.0010628657
0.0010125326
0.00096156588
0.0009099723
0.00085776807
0.0008049781
0.00075164813
0.00069782747
0.00064363071
0.00058910499
0.00053458925
0.00047985435
0.00042620895
0.00037148557
0.00032108649
0.00026286323
0.00020029904
3.5224613e-05
0.0037722622
0.0037640122
0.0037552311
0.0037457862
0.0037355887
0.0037246103
0.0037128252
0.003700195
0.00368668
0.003672245
0.0036568586
0.0036404922
0.0036231209
0.0036047244
0.0035852876
0.0035648012
0.0035432622
0.003520674
0.003497047
0.0034723986
0.0034467532
0.0034201419
0.003392602
0.0033641765
0.0033349136
0.0033048652
0.0032740862
0.0032426335
0.0032105643
0.0031779353
0.0031448014
0.0031112148
0.003077224
0.0030428732
0.0030082017
0.0029732439
0.0029380291
0.0029025819
0.0028669222
0.0028310659
0.0027950255
0.0027588104
0.0027224276
0.002685882
0.0026491769
0.0026123144
0.0025752953
0.0025381197
0.0025007864
0.0024632935
0.0024256379
0.0023878158
0.002349822
0.0023116503
0.0022732933
0.0022347423
0.0021959876
0.002157018
0.0021178215
0.0020783848
0.0020386935
0.0019987326
0.001958486
0.001917937
0.0018770679
0.001835861
0.0017942976
0.0017523589
0.0017100256
0.0016672783
0.0016240974
0.0015804632
0.001536356
0.0014917562
0.0014466445
0.0014010021
0.0013548107
0.0013080526
0.0012607112
0.001212771
0.0011642182
0.0011150414
0.0010652314
0.0010147829
0.00096369505
0.00091197257
0.00085962832
0.00080668336
0.00075317531
0.00069914749
0.00064468983
0.00058984993
0.00053486821
0.00047959994
0.00042486914
0.00036915461
0.00031527087
0.00025439493
0.00018253321
4.7151737e-05
0.0036810529
0.0036734444
0.0036653861
0.0036567684
0.003647523
0.0036376272
0.0036270579
0.0036157816
0.0036037635
0.0035909717
0.0035773767
0.00356295
0.0035476655
0.0035314997
0.0035144322
0.0034964464
0.00347753
0.0034576747
0.0034368775
0.0034151403
0.0033924703
0.0033688799
0.0033443869
0.0033190141
0.0032927892
0.0032657438
0.0032379137
0.0032093372
0.0031800552
0.0031501101
0.0031195446
0.0030884014
0.0030567222
0.003024547
0.0029919134
0.0029588566
0.0029254083
0.0028915974
0.0028574493
0.0028229863
0.0027882277
0.0027531897
0.0027178864
0.0026823293
0.002646528
0.0026104903
0.0025742222
0.0025377287
0.0025010129
0.0024640769
0.0024269214
0.002389546
0.0023519489
0.0023141269
0.0022760757
0.0022377895
0.0021992614
0.0021604832
0.0021214453
0.0020821371
0.0020425468
0.0020026617
0.001962468
0.001921951
0.0018810954
0.0018398851
0.0017983034
0.0017563331
0.0017139564
0.0016711553
0.0016279115
0.0015842064
0.0015400215
0.0014953379
0.0014501373
0.0014044013
0.0013581121
0.0013112524
0.0012638056
0.0012157564
0.0011670908
0.0011177965
0.0010678638
0.0010172858
0.0009660599
0.00091418801
0.00086167888
0.00080854831
0.00075482439
0.00070054111
0.0006457619
0.0005905248
0.00053497463
0.00047901118
0.00042302457
0.00036594793
0.00030848744
0.00024460376
0.00016603042
5.4993441e-05
0.0035831341
0.0035761572
0.0035688073
0.0035609996
0.0035526749
0.0035438128
0.0035343943
0.0035243916
0.0035137751
0.0035025168
0.0034905898
0.0034779679
0.0034646255
0.0034505384
0.0034356844
0.003420043
0.0034035963
0.003386329
0.0033682289
0.0033492871
0.0033294984
0.0033088611
0.0032873776
0.0032650542
0.003241901
0.0032179322
0.0031931653
0.0031676211
0.0031413235
0.0031142988
0.0030865752
0.0030581826
0.0030291515
0.0029995131
0.0029692982
0.002938537
0.0029072588
0.0028754914
0.002843261
0.002810592
0.0027775067
0.0027440256
0.002710167
0.0026759475
0.0026413816
0.0026064823
0.0025712605
0.0025357258
0.0024998861
0.0024637478
0.002427316
0.002390594
0.002353584
0.0023162867
0.0022787013
0.0022408257
0.0022026563
0.0021641884
0.0021254158
0.002086331
0.0020469256
0.0020071896
0.0019671123
0.001926682
0.0018858858
0.0018447103
0.0018031411
0.0017611632
0.0017187612
0.0016759188
0.0016326195
0.0015888464
0.0015445823
0.0014998098
0.0014545114
0.0014086699
0.001362268
0.0013152891
0.0012677167
0.0012195357
0.0011707317
0.0011212918
0.0010712054
0.0010204638
0.00096906192
0.0009169983
0.00086427653
0.00081090553
0.00075690214
0.00070228723
0.0006470959
0.00059134545
0.00053509126
0.00047823393
0.00042080682
0.00036201113
0.00030107614
0.00023432021
0.00015166839
5.8723114e-05
0.0034755927
0.003469267
0.0034626243
0.0034555979
0.0034481484
0.0034402606
0.0034319174
0.0034230953
0.0034137699
0.0034039174
0.0033935147
0.0033825383
0.0033709648
0.0033587716
0.0033459364
0.0033324381
0.0033182566
0.0033033731
0.0032877706
0.003271434
0.0032543501
0.0032365082
0.0032179001
0.0031985201
0.0031783656
0.0031574366
0.0031357359
0.0031132695
0.0030900458
0.0030660761
0.0030413737
0.0030159544
0.0029898357
0.0029630368
0.0029355779
0.0029074803
0.0028787655
0.0028494555
0.0028195721
0.0027891368
0.0027581702
0.0027266925
0.0026947226
0.0026622786
0.002629377
0.0025960335
0.0025622623
0.0025280761
0.0024934866
0.0024585037
0.0024231363
0.0023873916
0.0023512756
0.0023147929
0.0022779466
0.0022407384
0.0022031687
0.0021652365
0.0021269394
0.0020882737
0.0020492346
0.0020098159
0.0019700105
0.0019298098
0.0018892046
0.0018481845
0.0018067383
0.0017648538
0.0017225183
0.0016797181
0.001636439
0.0015926664
0.0015483849
0.001503579
0.0014582327
0.00141233
0.0013658548
0.001318791
0.0012711229
0.0012228353
0.0011739136
0.0011243444
0.0010741156
0.0010232165
0.00097163906
0.00091937738
0.0008664288
0.00081279359
0.00075847545
0.00070347833
0.00064780727
0.00059144894
0.00053437795
0.00047646103
0.00041746908
0.00035674711
0.000292706
0.00022371198
0.00013912099
5.857451e-05
0.0033656477
0.0033599072
0.0033539089
0.0033476033
0.0033409533
0.0033339446
0.0033265645
0.0033187948
0.003310615
0.0033020048
0.0032929443
0.0032834137
0.0032733927
0.0032628608
0.0032517977
0.0032401833
0.0032279978
0.0032152218
0.0032018366
0.0031878244
0.0031731684
0.0031578529
0.0031418636
0.0031251876
0.0031078138
0.0030897329
0.0030709375
0.0030514221
0.0030311834
0.00301022
0.0029885329
0.0029661249
0.0029430007
0.0029191671
0.0028946323
0.0028694064
0.0028435006
0.0028169273
0.0027897
0.0027618327
0.0027333403
0.0027042375
0.0026745397
0.0026442617
0.0026134185
0.0025820245
0.0025500935
0.0025176388
0.002484673
0.0024512077
0.0024172536
0.0023828204
0.0023479168
0.0023125503
0.0022767273
0.0022404531
0.0022037317
0.0021665659
0.0021289573
0.0020909063
0.0020524122
0.0020134729
0.0019740853
0.0019342451
0.0018939471
0.0018531847
0.0018119505
0.0017702362
0.0017280322
0.0016853283
0.0016421133
0.0015983753
0.0015541015
0.0015092787
0.001463893
0.0014179299
0.0013713749
0.0013242129
0.001276429
0.0012280083
0.0011789359
0.0011291978
0.0010787801
0.00102767
0.00097585556
0.0009233259
0.00087007089
0.00081608054
0.00076134373
0.00070584462
0.0006495576
0.00059243309
0.00053437756
0.00047520976
0.00041454219
0.00035181427
0.00028519603
0.0002145481
0.00012969877
5.6892103e-05
0.0032417041
0.0032366078
0.0032312881
0.003225707
0.0032198442
0.00321369
0.0032072324
0.003200456
0.0031933446
0.0031858822
0.0031780527
0.0031698392
0.0031612245
0.0031521911
0.0031427212
0.0031327968
0.0031223997
0.0031115119
0.0031001151
0.0030881914
0.0030757232
0.003062693
0.0030490842
0.0030348805
0.0030200666
0.003004628
0.0029885511
0.0029718236
0.0029544343
0.0029363735
0.0029176325
0.0028982046
0.0028780842
0.0028572674
0.0028357518
0.0028135365
0.0027906222
0.0027670108
0.0027427056
0.0027177113
0.0026920335
0.0026656789
0.0026386551
0.0026109705
0.0025826337
0.0025536543
0.0025240419
0.0024938062
0.0024629571
0.0024315043
0.0023994573
0.0023668252
0.002333617
0.0022998407
0.0022655042
0.0022306143
0.0021951773
0.0021591985
0.0021226826
0.0020856332
0.002048053
0.0020099441
0.0019713071
0.0019321423
0.0018924484
0.0018522234
0.0018114643
0.001770167
0.0017283262
0.0016859357
0.0016429881
0.001599475
0.0015553872
0.0015107142
0.0014654449
0.0014195672
0.0013730684
0.0013259351
0.0012781535
0.001229709
0.0011805871
0.0011307725
0.0010802499
0.0010290036
0.00097701769
0.00092427516
0.00087075763
0.00081644377
0.0007613068
0.00070531015
0.00064839944
0.00059049045
0.00053143995
0.00047102972
0.00040881388
0.00034433404
0.00027589065
0.00020429862
0.00012051391
5.2787655e-05
0.0031267661
0.0031221854
0.0031174201
0.0031124463
0.0031072407
0.0031017927
0.0030960935
0.0030901317
0.0030838943
0.0030773688
0.0030705419
0.0030633999
0.0030559284
0.0030481127
0.0030399378
0.003031388
0.0030224477
0.0030131006
0.0030033304
0.0029931204
0.002982454
0.0029713138
0.0029596822
0.0029475422
0.002934877
0.0029216705
0.0029079069
0.0028935709
0.0028786472
0.0028631212
0.0028469788
0.002830207
0.0028127933
0.0027947265
0.0027759961
0.0027565927
0.0027365082
0.0027157354
0.0026942684
0.0026721023
0.0026492335
0.0026256595
0.0026013788
0.002576391
0.0025506966
0.0025242971
0.0024971949
0.002469393
0.0024408951
0.0024117054
0.0023818288
0.0023512704
0.0023200357
0.0022881307
0.0022555616
0.0022223351
0.0021884576
0.0021539352
0.002118774
0.0020829795
0.002046557
0.0020095111
0.0019718462
0.0019335657
0.0018946724
0.001855168
0.0018150533
0.0017743281
0.0017329908
0.0016910391
0.0016484693
0.0016052765
0.0015614548
0.0015169969
0.0014718944
0.0014261376
0.0013797157
0.0013326172
0.0012848296
0.0012363392
0.0011871314
0.0011371904
0.0010864993
0.0010350397
0.00098279133
0.00092973147
0.00087583351
0.00082106527
0.0007653857
0.00070874024
0.00065105224
0.00059221322
0.00053205517
0.00047035257
0.00040668053
0.00034071293
0.00027102612
0.00019901674
0.00011650042
5.1278934e-05
0.0029830688
0.0029791479
0.0029750673
0.002970804
0.0029663499
0.0029616993
0.0029568435
0.0029517722
0.0029464751
0.0029409417
0.0029351612
0.0029291221
0.0029228127
0.0029162206
0.0029093332
0.0029021373
0.0028946194
0.0028867655
0.0028785613
0.002869992
0.0028610425
0.0028516973
0.0028419407
0.0028317565
0.0028211278
0.0028100382
0.0027984712
0.0027864101
0.0027738384
0.0027607395
0.0027470967
0.0027328941
0.0027181162
0.0027027475
0.0026867726
0.0026701767
0.0026529455
0.0026350654
0.0026165232
0.0025973068
0.0025774044
0.0025568055
0.0025355
0.0025134788
0.0024907338
0.0024672574
0.0024430433
0.0024180859
0.0023923802
0.0023659226
0.0023387099
0.0023107401
0.002282012
0.0022525257
0.0022222824
0.0021912835
0.0021595308
0.0021270274
0.0020937775
0.0020597861
0.0020250586
0.0019896013
0.0019534207
0.0019165239
0.0018789176
0.0018406086
0.0018016022
0.0017619025
0.0017215122
0.0016804327
0.0016386643
0.0015962056
0.0015530541
0.0015092054
0.0014646536
0.0014193915
0.0013734105
0.0013267008
0.001279251
0.0012310477
0.0011820761
0.0011323192
0.0010817584
0.0010303725
0.00097813712
0.00092502414
0.0008709999
0.00081602342
0.00076004316
0.00070299287
0.00064478429
0.00058530085
0.00052437614
0.00046180828
0.00039724213
0.00033048911
0.00026043613
0.000188796
0.00010856315
4.6614215e-05
0.0028814773
0.0028779435
0.0028742761
0.0028704635
0.0028664871
0.0028623383
0.0028580119
0.0028535003
0.0028487947
0.0028438862
0.0028387658
0.0028334238
0.0028278504
0.0028220352
0.0028159675
0.0028096362
0.0028030297
0.002796136
0.0027889426
0.0027814368
0.0027736052
0.0027654345
0.002756911
0.0027480202
0.0027387469
0.0027290757
0.0027189907
0.0027084755
0.0026975141
0.0026860898
0.002674186
0.0026617857
0.002648872
0.0026354277
0.002621436
0.0026068801
0.0025917428
0.0025760069
0.0025596556
0.0025426722
0.0025250403
0.0025067437
0.0024877668
0.002468094
0.0024477103
0.0024266013
0.0024047526
0.0023821504
0.0023587811
0.0023346313
0.0023096872
0.0022839357
0.0022573579
0.0022299507
0.0022017429
0.0021727399
0.0021429319
0.0021123132
0.0020808842
0.0020486471
0.0020156044
0.0019817589
0.0019471149
0.0019116772
0.0018754504
0.0018384386
0.0018006447
0.0017620716
0.0017227225
0.0016826007
0.0016417079
0.0016000444
0.0015576087
0.0015143982
0.0014704082
0.0014256302
0.0013800558
0.0013336789
0.0012864912
0.0012384802
0.0011896307
0.0011399257
0.0010893458
0.0010378685
0.00098546736
0.00093211149
0.00087776387
0.00082237978
0.00076590423
0.00070826887
0.00064938685
0.00058915002
0.00052741312
0.00046401608
0.00039867754
0.00033131928
0.00026097878
0.00018946339
0.00010969289
4.7671235e-05
0.0027098548
0.0027070892
0.0027042066
0.0027011934
0.0026980469
0.0026947633
0.002691336
0.0026877577
0.0026840213
0.0026801196
0.002676045
0.0026717893
0.0026673443
0.0026627011
0.0026578506
0.002652783
0.0026474883
0.0026419564
0.0026361767
0.0026301377
0.0026238279
0.0026172351
0.0026103467
0.0026031498
0.002595631
0.0025877766
0.0025795722
0.0025710026
0.0025620524
0.0025527058
0.0025429464
0.002532757
0.00252212
0.0025110174
0.0024994312
0.0024873427
0.0024747329
0.0024615822
0.0024478709
0.0024335788
0.0024186854
0.0024031698
0.0023870109
0.0023701871
0.0023526767
0.0023344574
0.0023155066
0.0022958012
0.0022753176
0.002254031
0.0022319161
0.0022089459
0.002185091
0.0021603204
0.0021346143
0.0021079731
0.0020804009
0.0020519012
0.0020224799
0.0019921476
0.0019609202
0.0019288187
0.0018958685
0.0018621022
0.001827563
0.0017922762
0.0017562301
0.0017194052
0.0016817885
0.0016433772
0.0016041696
0.0015641581
0.0015233321
0.0014816814
0.001439196
0.0013958649
0.0013516762
0.0013066171
0.0012606732
0.001213829
0.0011660668
0.0011173673
0.001067709
0.0010170674
0.00096541469
0.00091271899
0.00085894323
0.00080404407
0.0007479702
0.00069066081
0.00063204267
0.00057203041
0.00051051636
0.00044739741
0.00038248605
0.00031582259
0.00024669793
0.00017705333
0.00010087621
4.2848552e-05
0.0026587714
0.0026560254
0.0026531839
0.0026502392
0.0026471724
0.002643976
0.0026406469
0.0026371798
0.002633568
0.0026298045
0.0026258824
0.0026217944
0.0026175329
0.0026130898
0.0026084567
0.0026036249
0.0025985851
0.0025933278
0.0025878429
0.0025821199
0.002576148
0.0025699156
0.002563411
0.0025566221
0.0025495361
0.0025421396
0.0025344189
0.0025263593
0.0025179461
0.0025091638
0.0024999964
0.0024904273
0.0024804396
0.0024700156
0.0024591369
0.0024477847
0.0024359399
0.0024235832
0.0024106947
0.002397254
0.0023832407
0.0023686339
0.0023534126
0.0023375557
0.0023210416
0.0023038493
0.0022859579
0.0022673468
0.0022479959
0.002227886
0.0022069987
0.0021853167
0.0021628288
0.00213951
0.0021153116
0.002090212
0.0020642071
0.0020372911
0.0020094565
0.0019806975
0.0019510127
0.0019204044
0.0018888779
0.0018564438
0.0018231187
0.0017889194
0.0017538585
0.0017179514
0.001681225
0.0016436993
0.0016053561
0.0015661706
0.0015261265
0.0014852111
0.0014434106
0.0014007092
0.0013570912
0.0013125404
0.0012670403
0.0012205734
0.001173121
0.0011246628
0.001075177
0.0010246397
0.00097302421
0.00092030066
0.00086643538
0.0008113899
0.00075511993
0.00069757427
0.0006386926
0.00057840609
0.00051662678
0.00045327279
0.00038817137
0.00032136331
0.000252071
0.00018212301
0.00010493832
4.5212299e-05
0.0023850195
0.0023827726
0.0023804361
0.0023779989
0.0023754594
0.0023728149
0.0023700603
0.00236719
0.0023641987
0.0023610808
0.0023578305
0.0023544416
0.0023509076
0.0023472219
0.0023433773
0.0023393666
0.0023351819
0.0023308153
0.0023262583
0.0023215022
0.0023165378
0.0023113556
0.0023059457
0.0023002978
0.002294401
0.0022882444
0.0022818162
0.0022751046
0.0022680971
0.0022607809
0.0022531428
0.0022451692
0.002236846
0.0022281589
0.002219093
0.0022096334
0.0021997645
0.0021894708
0.0021787364
0.0021675451
0.0021558808
0.0021437272
0.0021310681
0.0021178873
0.0021041685
0.0020898962
0.0020750551
0.0020596307
0.0020436092
0.0020269777
0.0020097246
0.0019918399
0.001973315
0.0019541455
0.0019343231
0.0019138201
0.0018926048
0.0018706476
0.0018479198
0.0018243906
0.0018000272
0.0017747954
0.0017486605
0.0017215863
0.0016935328
0.00166448
0.0016344443
0.0016034486
0.0015715169
0.0015386631
0.0015048647
0.0014700942
0.0014343322
0.0013975631
0.0013597699
0.0013209343
0.0012810383
0.0012400641
0.0011979938
0.0011548092
0.0011104916
0.0010650221
0.0010183811
0.00097054835
0.00092150278
0.00087122251
0.00081968471
0.00076686566
0.00071274079
0.00065728519
0.00060047346
0.00054228287
0.00048268732
0.00042168453
0.00035921644
0.00029545016
0.00022987414
0.00016437182
9.3455335e-05
3.9602062e-05
)
;

boundaryField
{
    inlet
    {
        type            zeroGradient;
    }
    top
    {
        type            zeroGradient;
    }
    outlet
    {
        type            fixedValue;
        value           uniform 0;
    }
    slipsurface
    {
        type            slip;
    }
    bottom
    {
        type            zeroGradient;
    }
    frontandback
    {
        type            empty;
    }
}


// ************************************************************************* //
