/*--------------------------------*- C++ -*----------------------------------*\
  =========                 |
  \\      /  F ield         | OpenFOAM: The Open Source CFD Toolbox
   \\    /   O peration     | Website:  https://openfoam.org
    \\  /    A nd           | Version:  12
     \\/     M anipulation  |
\*---------------------------------------------------------------------------*/
FoamFile
{
    format      ascii;
    class       volScalarField;
    location    "400";
    object      p;
}
// * * * * * * * * * * * * * * * * * * * * * * * * * * * * * * * * * * * * * //

dimensions      [0 2 -2 0 0 0 0];

internalField   nonuniform List<scalar> 
7480
(
0.0087440797
0.0076982477
0.0065744773
0.0060521464
0.0057161443
0.0054574437
0.0052495764
0.0050605659
0.0048984535
0.004764106
0.0046480598
0.004529926
0.0044062655
0.0042808514
0.0041559517
0.0040326984
0.00391321
0.003805463
0.0037058427
0.0036009984
0.0034943088
0.0033964721
0.003310273
0.0032350514
0.0031729499
0.0031192196
0.0030660955
0.0030181225
0.0029787443
0.0029462675
0.0029191531
0.0028982984
0.0028823764
0.0028635592
0.0028408155
0.002818625
0.0027980836
0.0027793156
0.0027639025
0.0027442854
0.0027156959
0.0026849213
0.0026562604
0.0026296049
0.002603326
0.0025722966
0.0025358784
0.002499043
0.0024642091
0.0024307574
0.0023928816
0.0023496564
0.0023067972
0.002268639
0.0022317716
0.0021905886
0.0021472852
0.0021063087
0.0020678742
0.0020272587
0.0019833299
0.0019413423
0.0019016214
0.0018602608
0.001816784
0.0017757436
0.0017353749
0.0016917806
0.0016479807
0.0016059178
0.0015625693
0.0015167298
0.0014733123
0.0014298893
0.0013827299
0.0013372964
0.0012925325
0.0012440029
0.0011964962
0.0011498131
0.0010999105
0.0010510919
0.0010025419
0.0009506341
0.00089964513
0.00084855494
0.00079558242
0.00074297551
0.00068905176
0.00063526049
0.00058097374
0.00052524571
0.00047081339
0.00041560391
0.00036313025
0.00030822103
0.00027522804
0.00016369492
0.00036051212
-0.00031276244
0.0082303613
0.0073055762
0.0064241888
0.0060075505
0.0057891989
0.0055891777
0.0053900171
0.0051951971
0.0050219152
0.0048666738
0.0047259703
0.0045900635
0.0044544732
0.0043211505
0.0041911364
0.0040654174
0.0039465059
0.0038367305
0.0037344242
0.0036296837
0.0035229388
0.0034248422
0.0033382658
0.003262539
0.0032000347
0.0031456893
0.0030915796
0.003042498
0.0030018219
0.0029679225
0.0029393512
0.0029170972
0.002899859
0.0028798091
0.0028559679
0.0028326352
0.0028109011
0.0027910754
0.0027748133
0.0027543272
0.0027248888
0.0026934084
0.0026641331
0.0026369514
0.002610211
0.0025787186
0.0025418891
0.0025047692
0.0024697304
0.0024360697
0.0023979495
0.0023544911
0.0023114417
0.0022731214
0.0022360852
0.0021947318
0.0021512796
0.0021101645
0.0020715884
0.002030817
0.0019867348
0.0019446108
0.0019047517
0.001863246
0.0018196303
0.0017784665
0.001737974
0.0016942571
0.0016503488
0.0016081832
0.0015647299
0.0015187911
0.0014752836
0.0014317672
0.0013845178
0.0013390063
0.0012941648
0.0012455598
0.0011979861
0.0011512356
0.0011012665
0.001052388
0.001003779
0.00095181489
0.00090077526
0.00084963486
0.00079661387
0.00074396131
0.00068999377
0.00063616182
0.00058183578
0.0005260703
0.00047160289
0.00041635883
0.00036385628
0.00030891191
0.00027585286
0.00016497761
0.00036354235
-0.00031024018
0.0079248215
0.0072688342
0.0065408159
0.0061037335
0.0058546654
0.0056119265
0.005377839
0.0051650367
0.0049830457
0.0048258944
0.0046857963
0.0045554459
0.0044272448
0.0043014389
0.0041782555
0.0040588573
0.0039460971
0.0038393988
0.003738212
0.003636654
0.0035338266
0.0034389673
0.0033551454
0.0032815456
0.0032205722
0.0031664912
0.0031119721
0.0030624894
0.0030212976
0.0029867997
0.0029576468
0.0029350158
0.0029167321
0.0028949981
0.0028700142
0.0028457694
0.0028230952
0.0028024721
0.0027857601
0.0027647522
0.00273466
0.0027026257
0.0026727888
0.002645131
0.0026179954
0.0025860443
0.0025485127
0.0025106961
0.0024752933
0.0024414102
0.0024030411
0.0023593521
0.0023161408
0.0022777084
0.0022405365
0.0021990108
0.0021554129
0.0021141755
0.0020754753
0.0020345541
0.0019903219
0.0019480789
0.0019080984
0.0018664559
0.0018227073
0.001781437
0.0017408306
0.0016969894
0.0016529744
0.0016107099
0.0015671507
0.0015211089
0.0014775149
0.0014339041
0.0013865589
0.0013409697
0.0012960477
0.0012473604
0.0011997181
0.0011528971
0.0011028551
0.0010539136
0.001005241
0.00095321391
0.00090212004
0.0008509247
0.0007978498
0.00074514698
0.0006911299
0.00063725265
0.00058288236
0.00052707418
0.00047256722
0.00041728304
0.00036474731
0.00030976182
0.00027663611
0.00016714478
0.00036895699
-0.00030612545
0.0077056458
0.0071876606
0.0065162558
0.0060639068
0.0058058562
0.0055750796
0.0053530606
0.005156759
0.0049873213
0.0048393707
0.0047020671
0.0045727547
0.0044444525
0.0043172213
0.0041929462
0.004072518
0.0039576445
0.0038483151
0.0037449252
0.0036430399
0.0035409352
0.0034462618
0.003362427
0.0032886744
0.0032262373
0.0031700698
0.0031151784
0.0030662195
0.003025666
0.0029921552
0.0029642798
0.0029431979
0.0029256381
0.0029038297
0.002879118
0.0028553003
0.0028329263
0.0028117661
0.0027942536
0.0027726895
0.0027420266
0.0027096879
0.0026795728
0.002651733
0.0026245344
0.0025923403
0.0025542043
0.0025158006
0.0024801779
0.00244625
0.0024077432
0.0023638716
0.0023205363
0.0022820475
0.002244723
0.0022028676
0.0021590184
0.0021176852
0.0020789247
0.0020379039
0.00199356
0.0019512468
0.0019111929
0.0018694498
0.0018255946
0.0017842407
0.0017435327
0.0016995775
0.0016554688
0.0016131216
0.0015694672
0.00152333
0.001479664
0.0014359705
0.0013885358
0.0013428785
0.0012978825
0.0012491148
0.00120141
0.0011545235
0.0011044106
0.0010554117
0.0010066791
0.00095459015
0.0009034453
0.00085219736
0.00079907013
0.0007463191
0.00069225345
0.00063833265
0.00058391933
0.00052806912
0.00047352356
0.0004181996
0.00036562999
0.00031060795
0.00027741888
0.00016991682
0.0003759301
-0.00030124665
0.0074992631
0.0070693223
0.0064769519
0.0060543056
0.0058047849
0.0055891444
0.0053714735
0.0051755951
0.0050033925
0.0048504565
0.0047081246
0.0045746368
0.0044441782
0.0043158543
0.0041922754
0.0040733038
0.0039592689
0.0038507396
0.0037481272
0.0036478508
0.003547831
0.0034542385
0.0033707276
0.0032968647
0.0032331314
0.0031758687
0.0031213353
0.0030726027
0.0030316018
0.0029974876
0.0029689488
0.0029466387
0.0029271177
0.0029044244
0.0028798481
0.0028566182
0.0028351367
0.0028146155
0.0027977736
0.0027771293
0.0027470305
0.002715353
0.0026853297
0.0026569265
0.0026293883
0.0025969428
0.0025585247
0.0025200741
0.0024845494
0.0024507549
0.0024122059
0.0023681235
0.0023246224
0.0022860987
0.0022486764
0.0022065208
0.0021624388
0.0021210263
0.0020822314
0.0020411357
0.0019966995
0.0019543545
0.0019142676
0.0018724472
0.0018284852
0.0017869919
0.0017461346
0.0017020807
0.0016579063
0.001615505
0.0015717769
0.0015255609
0.0014818446
0.0014380781
0.0013905505
0.0013448305
0.001299765
0.0012509166
0.0012031528
0.0011562034
0.0011060201
0.0010569674
0.0010081761
0.00095602293
0.00090482676
0.00085352522
0.00080034442
0.00074754497
0.00069342936
0.00063946406
0.00058500619
0.00052911204
0.00047452639
0.00041916092
0.00036655448
0.00031149917
0.00027823085
0.00017309361
0.00038376576
-0.00029587513
0.0073082538
0.0069509331
0.0064407077
0.0060481071
0.00579733
0.0055826002
0.0053660338
0.0051698742
0.0049981091
0.0048455127
0.0047048113
0.0045728585
0.0044444645
0.0043185292
0.0041969572
0.0040794811
0.0039664098
0.0038585432
0.0037560836
0.0036561749
0.0035570889
0.0034639123
0.0033803445
0.0033062373
0.00324175
0.00318394
0.0031294825
0.0030805223
0.0030388237
0.0030038493
0.0029743983
0.0029507396
0.0029296378
0.0029065342
0.0028819559
0.0028585022
0.0028366139
0.0028157361
0.002797857
0.0027765599
0.002746727
0.0027156589
0.0026861313
0.0026581905
0.0026315364
0.0025999704
0.0025621354
0.0025242526
0.0024885586
0.0024542697
0.0024155413
0.0023713247
0.002327845
0.002289504
0.00225219
0.0022099912
0.0021658096
0.002124296
0.0020854646
0.0020443258
0.0019998043
0.0019574177
0.0019172789
0.0018753654
0.0018312949
0.0017896764
0.0017486962
0.0017045583
0.0016603316
0.0016178963
0.0015741175
0.0015278425
0.0014840985
0.0014402341
0.0013925674
0.0013467881
0.0013016711
0.0012527547
0.001204947
0.0011579476
0.0011076978
0.0010585916
0.0010097426
0.00095752486
0.00090627908
0.00085492462
0.00080169084
0.00074884418
0.00069467772
0.00064066681
0.00058616265
0.0005302226
0.00047559573
0.00042018727
0.00036754081
0.00031245508
0.00027908229
0.00017656374
0.00039194623
-0.00028999166
0.0071336147
0.0068347054
0.0063959877
0.0060318164
0.0057818038
0.0055709211
0.0053621261
0.0051703621
0.0050015927
0.004850178
0.0047103294
0.0045780348
0.0044498866
0.0043243846
0.0042029006
0.0040854492
0.0039725134
0.0038647381
0.0037621276
0.0036624847
0.0035644302
0.0034720102
0.0033887184
0.0033146396
0.0032496684
0.0031913825
0.0031368519
0.0030875999
0.0030453563
0.0030097864
0.0029797315
0.0029551342
0.0029331901
0.0029098677
0.0028851626
0.0028613141
0.0028389388
0.0028175387
0.0027984634
0.0027765257
0.0027469915
0.0027159904
0.0026863272
0.0026582531
0.0026312012
0.0025995118
0.0025620768
0.0025248712
0.0024895681
0.0024557041
0.0024176737
0.0023740215
0.0023311248
0.0022928674
0.0022550524
0.0022125208
0.0021682933
0.0021268788
0.0020882369
0.002047179
0.0020026415
0.0019602108
0.0019199977
0.0018780205
0.001833909
0.0017922756
0.0017512387
0.0017070018
0.0016627215
0.0016202574
0.0015764312
0.0015300923
0.0014863217
0.0014423581
0.0013945616
0.0013487433
0.0013035886
0.0012546132
0.001206778
0.0011597456
0.0011094122
0.0010602245
0.0010113181
0.00095904666
0.0009077637
0.00085636629
0.00080308458
0.00075019077
0.00069597326
0.00064191837
0.00058736881
0.00053138338
0.0004767165
0.00042126506
0.00036857612
0.00031346363
0.00027996173
0.00018026013
0.00040007585
-0.00028352637
0.0069736033
0.0067207517
0.0063434865
0.0060094275
0.0057649321
0.0055592167
0.0053578945
0.0051696999
0.0050020253
0.0048508667
0.0047109046
0.0045781539
0.0044504014
0.0043260328
0.0042055051
0.0040890043
0.0039770495
0.0038700542
0.0037679274
0.0036690071
0.0035721962
0.0034806873
0.0033977253
0.0033236393
0.0032581842
0.0031993671
0.0031446668
0.0030951461
0.0030524058
0.0030162229
0.0029854837
0.0029598958
0.0029370199
0.0029132047
0.0028881628
0.0028639048
0.0028411454
0.0028193938
0.0027995863
0.0027773094
0.0027481251
0.0027171955
0.0026873829
0.0026589509
0.0026312261
0.0025992727
0.0025620461
0.0025249087
0.0024895358
0.0024553862
0.0024173546
0.0023742142
0.0023320984
0.0022943315
0.0022566818
0.0022143612
0.0021705605
0.0021296465
0.0020909805
0.0020493577
0.0020045982
0.0019622399
0.0019221701
0.0018803076
0.0018362403
0.0017946544
0.0017535493
0.0017092372
0.0016649805
0.0016225229
0.0015786285
0.0015321989
0.001488411
0.0014444001
0.0013965377
0.0013506995
0.0013055011
0.0012564609
0.0012086046
0.0011615424
0.0011111197
0.0010618572
0.001012905
0.00096058837
0.00090927846
0.00085784893
0.00080451001
0.00075154781
0.00069727668
0.00064318771
0.00058860168
0.00053257676
0.0004778713
0.00042237555
0.00036964352
0.00031450986
0.00028085816
0.00018413479
0.00040782429
-0.00027642673
0.00682648
0.0066102059
0.0062856742
0.0059821148
0.0057458419
0.0055450267
0.0053503781
0.0051662709
0.0050004799
0.0048505642
0.0047114559
0.0045795211
0.0044526299
0.0043295028
0.0042099313
0.0040943239
0.0039831355
0.0038766556
0.0037747969
0.0036763288
0.0035804109
0.0034895826
0.0034068089
0.0033326146
0.0032666808
0.0032073424
0.003152439
0.0031026584
0.0030594183
0.0030225917
0.0029911392
0.0029645956
0.002940806
0.0029164842
0.0028911603
0.0028665791
0.0028434674
0.0028213544
0.0028008314
0.0027781152
0.0027491485
0.0027182443
0.0026883291
0.0026596799
0.0026315692
0.0025996108
0.0025627128
0.0025256398
0.0024901082
0.0024554899
0.0024173032
0.0023744181
0.0023324737
0.0022944114
0.0022564613
0.0022143185
0.0021711427
0.0021310348
0.002092681
0.002050857
0.0020062854
0.0019643373
0.0019245447
0.0018823559
0.0018378541
0.0017963075
0.0017553037
0.001711102
0.0016669627
0.0016245704
0.0015805978
0.0015341056
0.0014903826
0.0014463661
0.0013984274
0.0013525653
0.0013073394
0.0012582415
0.0012103669
0.0011632675
0.001112778
0.0010634917
0.001014511
0.0009621429
0.00091080367
0.00085934351
0.00080594574
0.00075291694
0.00069859755
0.00064448296
0.00058986835
0.00053380415
0.00047904371
0.00042349328
0.00037072343
0.00031558103
0.00028176487
0.00018814494
0.00041488397
-0.00026865399
0.0066904986
0.0065036613
0.0062240102
0.0059499099
0.0057238151
0.0055283402
0.0053404063
0.0051613065
0.0049981387
0.0048497616
0.0047116447
0.0045804457
0.0044542696
0.0043319734
0.0042132516
0.004098494
0.0039880624
0.0038821753
0.003780752
0.003682876
0.003587919
0.0034979048
0.0034154839
0.003341315
0.003275058
0.0032153066
0.003160222
0.0031102083
0.0030664959
0.0030290437
0.0029968934
0.002969444
0.0029447698
0.002919929
0.0028943091
0.002869383
0.0028458732
0.0028233516
0.002802128
0.0027789585
0.0027501716
0.0027193258
0.0026893297
0.002660477
0.002631992
0.0025999947
0.0025633642
0.0025263376
0.0024906918
0.0024558197
0.0024177131
0.0023751693
0.0023333204
0.0022949201
0.0022566451
0.0022145894
0.002171603
0.0021314305
0.0020926259
0.0020506921
0.002006686
0.0019654966
0.0019262723
0.0018838809
0.0018392401
0.0017979933
0.0017572875
0.001712865
0.0016683311
0.0016259566
0.0015820669
0.0015356953
0.0014921237
0.0014481362
0.0014001056
0.0013542693
0.0013090883
0.0012599463
0.0012120428
0.0011649105
0.0011143756
0.0010650856
0.0010160787
0.00096365463
0.00091229092
0.00086080201
0.00080736116
0.00075429765
0.0006999425
0.00064580106
0.00059115439
0.00053504837
0.00048023201
0.00042463043
0.00037182532
0.00031668687
0.00028268448
0.00019224121
0.00042093696
-0.00026016808
0.0065642163
0.0064013914
0.006159715
0.0059132991
0.0056989192
0.0055095437
0.0053283281
0.0051546557
0.0049944945
0.004847815
0.0047108622
0.0045806005
0.0044553346
0.0043340561
0.0042164245
0.0041026969
0.0039931617
0.0038879969
0.0037871317
0.0036898936
0.0035958417
0.0035066048
0.0034245226
0.0033503471
0.0032837648
0.0032235844
0.0031682507
0.0031179604
0.0030737573
0.0030356611
0.0030027906
0.0029744439
0.0029488854
0.0029234877
0.0028975332
0.0028722416
0.0028483177
0.0028253768
0.0028034971
0.0027798857
0.0027512386
0.0027204557
0.0026903652
0.0026612948
0.0026324434
0.0026003851
0.0025639942
0.0025270249
0.0024912855
0.0024561937
0.0024181279
0.0023759015
0.0023341454
0.0022955433
0.0022571653
0.0022153102
0.0021724451
0.0021320919
0.0020928928
0.0020509529
0.0020071773
0.0019659662
0.0019263903
0.0018837547
0.0018395957
0.0017990777
0.0017588927
0.001714289
0.0016695518
0.001627385
0.0015837144
0.001537186
0.0014933361
0.0014493438
0.0014013649
0.0013557121
0.0013106263
0.0012614542
0.001213548
0.0011664494
0.0011159078
0.0010666058
0.0010175669
0.00096510437
0.00091373362
0.00086221583
0.00080873561
0.00075565287
0.00070127091
0.00064710196
0.00059242028
0.00053627861
0.00048143056
0.0004257944
0.00037294878
0.00031781805
0.00028360602
0.00019637639
0.00042568986
-0.00025090527
0.0064464452
0.0063034392
0.0060938041
0.0058728945
0.005671223
0.0054886868
0.0053141451
0.0051461357
0.004989414
0.0048447642
0.0047092719
0.0045802111
0.0044560433
0.0043358843
0.0042193792
0.0041066763
0.0039980244
0.0038935831
0.0037933005
0.0036966983
0.0036034941
0.0035150126
0.0034332961
0.0033591481
0.003292306
0.0032317553
0.0031761829
0.0031256352
0.0030809749
0.0030422592
0.0030086826
0.0029794758
0.0029530625
0.0029270989
0.0029007963
0.0028751415
0.0028508039
0.0028274374
0.0028049355
0.0027808832
0.0027523261
0.0027216001
0.0026914073
0.0026621193
0.0026329265
0.0026008018
0.0025646352
0.0025277343
0.0024919055
0.0024566
0.0024185564
0.0023766265
0.0023349688
0.002296194
0.0022577004
0.0022160085
0.0021732603
0.0021327818
0.0020934406
0.0020516342
0.002008002
0.0019666234
0.0019266935
0.0018840186
0.0018401002
0.0017994873
0.0017589425
0.0017142558
0.0016700182
0.0016285202
0.0015851673
0.0015384875
0.0014944888
0.0014506112
0.0014027226
0.0013569694
0.0013116631
0.0012625005
0.0012147527
0.0011677814
0.0011172532
0.0010679512
0.0010189281
0.00096648198
0.00091511453
0.00086356026
0.00081005672
0.00075696911
0.00070255962
0.00064836544
0.00059365675
0.00053748688
0.00048261525
0.00042695017
0.00037406358
0.00031894311
0.0002845062
0.00020049443
0.00042882051
-0.00024088485
0.0063361742
0.006209698
0.0060270821
0.0058293165
0.0056408309
0.0054658009
0.0052979523
0.0051357764
0.0049829094
0.0048406301
0.0047068455
0.0045791815
0.0044562495
0.0043372865
0.0042219541
0.0041103297
0.0040026269
0.0038989893
0.0037993844
0.0037034841
0.0036111329
0.0035234211
0.0034421161
0.0033680384
0.0033009901
0.003240109
0.0031842887
0.0031334728
0.0030883576
0.0030490201
0.0030147287
0.0029846752
0.0029574166
0.0029308626
0.0029041814
0.0028781482
0.0028533814
0.0028295701
0.0028064661
0.0027819705
0.0027534566
0.0027227807
0.0026924821
0.0026629773
0.0026334619
0.0026012594
0.0025652931
0.0025284611
0.0024925415
0.0024570335
0.0024190078
0.0023773608
0.0023358099
0.0022968744
0.002258258
0.002216713
0.0021740827
0.0021335002
0.0020940249
0.0020522973
0.0020087933
0.0019673035
0.0019272282
0.0018846861
0.0018408834
0.0018000049
0.001759149
0.0017145421
0.0016704542
0.0016288328
0.0015851777
0.0015386572
0.0014952131
0.001451769
0.0014040188
0.0013581389
0.0013126898
0.001263623
0.0012159347
0.0011687891
0.0011181616
0.0010689773
0.0010200871
0.00096768232
0.00091632809
0.00086477826
0.00081131109
0.00075822906
0.00070377919
0.00064957875
0.00059486116
0.00053866323
0.00048376782
0.00042807944
0.00037515648
0.00032005237
0.00028537172
0.00020452908
0.00042997104
-0.00023025698
0.0062325366
0.0061199803
0.0059601712
0.0057831665
0.0056079185
0.0054409427
0.0052798561
0.0051236141
0.0049749389
0.0048353502
0.004703509
0.0045774386
0.0044559022
0.0043382461
0.0042241663
0.0041136934
0.004007005
0.0039042331
0.0038053692
0.0037102046
0.003618687
0.0035317282
0.0034508511
0.0033768673
0.0033096495
0.0032484691
0.0031923959
0.0031413058
0.0030957461
0.0030557977
0.003020798
0.0029899219
0.0029618396
0.0029346852
0.0029076067
0.002881189
0.0028559884
0.0028317254
0.0028080457
0.0027831143
0.0027546064
0.0027239745
0.0026935698
0.0026638494
0.0026340288
0.0026017401
0.0025659532
0.0025291927
0.0024931871
0.0024574924
0.0024194813
0.0023781002
0.0023366593
0.0022975741
0.0022588374
0.0022174304
0.0021749203
0.0021342431
0.0020946284
0.0020529633
0.0020095902
0.001968012
0.0019278009
0.0018853496
0.0018416333
0.0018005596
0.0017596134
0.0017151885
0.0016710908
0.0016292018
0.00158536
0.0015390123
0.0014955419
0.0014518672
0.0014041742
0.0013586278
0.0013135947
0.0012647571
0.0012170938
0.0011697658
0.0011190938
0.001070049
0.0010210638
0.00096849362
0.00091722655
0.00086580698
0.0008124037
0.0007593316
0.0007048755
0.00065072759
0.00059601375
0.00053977967
0.00048487587
0.00042917484
0.0003762146
0.00032113622
0.00028619192
0.00020842418
0.0004289109
-0.00021917092
0.0061347887
0.0060340584
0.0058935384
0.0057350024
0.0055727124
0.0054141821
0.0052599461
0.0051096902
0.0049654741
0.0048288842
0.0046992283
0.0045749498
0.0044549708
0.0043387352
0.0042259855
0.0041167275
0.0040111105
0.0039092618
0.0038112006
0.0037168132
0.0036261291
0.0035399238
0.0034595053
0.0033856566
0.0033183188
0.0032568825
0.0032005662
0.0031492045
0.0031032142
0.0030626686
0.0030269682
0.0029952894
0.0029664008
0.0029386342
0.0029111357
0.0028843217
0.0028586785
0.0028339533
0.0028097156
0.002784351
0.0027558099
0.0027252081
0.0026946932
0.0026647561
0.0026346443
0.0026022612
0.002566632
0.0025299433
0.0024938554
0.0024579862
0.0024199839
0.00237885
0.002337521
0.0022982988
0.0022594454
0.0022181644
0.002175772
0.0021350067
0.0020952556
0.0020536488
0.002010406
0.0019687472
0.0019283946
0.001886014
0.0018423854
0.0018011477
0.0017601111
0.0017158321
0.0016717127
0.0016296456
0.0015858406
0.0015396422
0.0014959651
0.0014520665
0.0014044707
0.0013589027
0.0013137398
0.0012649186
0.0012175276
0.0011705264
0.0011200602
0.0010711574
0.0010220042
0.00096929932
0.00091819083
0.00086672152
0.0008131499
0.00076013895
0.00070579695
0.0006517262
0.0005970205
0.00054078671
0.00048592372
0.00043021597
0.00037721488
0.00032218305
0.00028695372
0.00021212055
0.00042560524
-0.00020772681
0.00604229
0.0059516872
0.0058275256
0.0056853231
0.0055354713
0.005385608
0.0052383067
0.0050940609
0.0049545099
0.0048212038
0.0046939708
0.0045716744
0.0044534085
0.0043387089
0.0042273714
0.0041193974
0.0040149164
0.0039140556
0.0038168618
0.0037232972
0.0036334542
0.0035480042
0.00346807
0.003394393
0.0033269775
0.0032653209
0.0032087687
0.0031571336
0.0031107217
0.0030695897
0.0030331958
0.0030007321
0.002971054
0.0029426669
0.0029147281
0.0028875073
0.0028614156
0.0028362213
0.0028114429
0.0027856509
0.0027570432
0.0027264582
0.0026958322
0.0026656804
0.002635292
0.0026028094
0.0025673182
0.002530701
0.0024945359
0.0024585046
0.0024205073
0.0023796042
0.0023383896
0.0022990439
0.0022600777
0.0022189109
0.0021766339
0.002135789
0.0020959073
0.0020543522
0.0020112336
0.0019695003
0.0019290089
0.001886693
0.0018431552
0.001801764
0.0017606244
0.0017164714
0.0016723404
0.001630122
0.0015863476
0.0015402662
0.0014964217
0.0014524576
0.0014050177
0.0013593189
0.001313971
0.0012651847
0.001217768
0.0011706654
0.0011202452
0.0010716034
0.0010226755
0.00097015488
0.0009192246
0.00086759291
0.00081387802
0.00076100544
0.00070662098
0.00065241503
0.00059776544
0.00054163637
0.0004868309
0.00043112484
0.000378121
0.00032317296
0.00028763153
0.00021555692
0.0004201887
-0.0001959977
0.0059544871
0.0058726199
0.0057623756
0.005634563
0.0054964691
0.0053553304
0.0052150221
0.0050767915
0.0049420568
0.0048122856
0.0046877038
0.0045675731
0.0044511731
0.0043381286
0.0042282923
0.0041216757
0.0040183984
0.0039185905
0.0038223259
0.0037296277
0.0036406378
0.0035559473
0.0034765223
0.0034030552
0.0033356051
0.0032737664
0.0032169926
0.0031650884
0.0031182676
0.0030765654
0.0030394906
0.0030062621
0.0029758134
0.0029468012
0.0029184047
0.0028907664
0.002864221
0.002838552
0.0028132471
0.0027870328
0.0027583274
0.0027277428
0.0026970036
0.0026666379
0.0026359849
0.0026033972
0.0025680237
0.0025314757
0.0024952379
0.0024590557
0.0024210596
0.0023803704
0.0023392709
0.002299814
0.0022607385
0.0022196742
0.0021775097
0.0021365938
0.0020965862
0.0020550751
0.0020120743
0.0019702741
0.0019296489
0.0018873898
0.0018439391
0.0018024014
0.0017611557
0.0017171224
0.00167299
0.0016306246
0.0015868622
0.0015408852
0.0014968969
0.0014528716
0.0014055784
0.0013597641
0.0013143293
0.0012656601
0.0012181492
0.0011708984
0.0011205135
0.0010718068
0.0010227695
0.00097037476
0.00091971076
0.00086821219
0.0008146769
0.00076195364
0.00070739921
0.00065308786
0.00059854685
0.0005423743
0.00048746283
0.00043181534
0.00037888448
0.00032402847
0.00028816873
0.00021868717
0.00041286005
-0.00018403498
0.0058709004
0.0057966168
0.0056982552
0.0055830914
0.0054559812
0.005323479
0.0051901795
0.0050579521
0.0049281383
0.0048021158
0.0046803999
0.0045626123
0.0044482265
0.0043369574
0.0042287147
0.0041235317
0.0040215272
0.0039228377
0.0038275631
0.0037357767
0.0036476583
0.0035637366
0.0034848469
0.0034116293
0.0033441884
0.0032822057
0.0032252274
0.0031730605
0.0031258432
0.0030835867
0.0030458444
0.0030118694
0.0029806674
0.002951027
0.0029221557
0.0028940889
0.0028670844
0.002840936
0.0028151167
0.0027884849
0.0027596538
0.0027290522
0.0026981976
0.0026676199
0.0026367134
0.0026040166
0.002568742
0.0025322604
0.0024959552
0.0024596331
0.0024216355
0.0023811443
0.0023401602
0.0023006047
0.0022614243
0.0022204519
0.002178397
0.0021374181
0.00209729
0.0020558158
0.0020129271
0.001971068
0.0019303137
0.0018881025
0.0018447344
0.0018030601
0.0017617084
0.0017177861
0.0016736559
0.0016311461
0.0015873885
0.0015415159
0.0014973965
0.0014533013
0.0014061377
0.001360218
0.0013147037
0.0012661583
0.0012185641
0.0011712393
0.0011209512
0.0010721255
0.0010229693
0.00097062713
0.00091989545
0.00086830336
0.00081495111
0.00076247192
0.0007079885
0.00065385075
0.00059939548
0.00054306974
0.00048808955
0.00043250652
0.00037949938
0.00032464734
0.000288518
0.00022148171
0.00040375177
-0.00017182775
0.0057911129
0.0057234513
0.0056352734
0.005531217
0.0054142737
0.0052901983
0.0051638712
0.005037617
0.0049127895
0.0047906906
0.0046720374
0.004556762
0.0044445333
0.0043351586
0.0042286046
0.0041249339
0.0040242733
0.0039267689
0.0038325453
0.0037417173
0.0036544934
0.0035713542
0.0034930263
0.0034200974
0.003352709
0.0032906202
0.0032334579
0.0031810373
0.0031334372
0.0030906443
0.0030522505
0.0030175487
0.0029856114
0.0029553426
0.0029259826
0.002897477
0.0028700093
0.0028433787
0.0028170559
0.0027900117
0.00276103
0.0027303932
0.0026994204
0.0026686329
0.0026374829
0.0026046734
0.0025694797
0.0025330603
0.0024966929
0.0024602411
0.0024222392
0.0023819305
0.0023410608
0.0023014189
0.0022621381
0.0022212472
0.002179298
0.002138264
0.0020980207
0.0020565766
0.0020137939
0.0019718831
0.0019310042
0.0018888323
0.001845543
0.0018037418
0.0017622837
0.0017184622
0.001674337
0.0016316883
0.0015879307
0.0015421586
0.0014979154
0.0014537454
0.0014067049
0.0013606914
0.0013150955
0.0012666595
0.0012189844
0.0011715909
0.0011214126
0.0010724882
0.0010232802
0.00097102258
0.00092016771
0.00086849933
0.00081516654
0.00076261882
0.00070811169
0.00065420216
0.00059991548
0.00054366372
0.00048880693
0.00043322572
0.00038007508
0.00032528676
0.00028880373
0.00022391893
0.00039297903
-0.00015925073
0.0057147615
0.0056529118
0.0055734959
0.0054791933
0.0053715957
0.0052556432
0.0051361957
0.0050158638
0.0048960547
0.0047780163
0.0046626005
0.0045499965
0.0044400614
0.0043326977
0.0042279288
0.0041258514
0.0040266072
0.0039303552
0.0038372436
0.0037474212
0.0036611192
0.0035787801
0.0035010412
0.0034284408
0.0033611485
0.0032989923
0.0032416692
0.0031890076
0.0031410399
0.0030977298
0.0030587026
0.0030232939
0.0029906396
0.0029597441
0.0029298832
0.0029009289
0.0028729941
0.0028458794
0.002819062
0.00279161
0.0027624552
0.0027317643
0.00270067
0.002669675
0.0026382902
0.002605365
0.0025702351
0.002533873
0.0024974485
0.0024608767
0.0024228685
0.0023827275
0.0023419707
0.002302254
0.002262878
0.0022220588
0.0021802114
0.0021391298
0.0020987772
0.0020573569
0.002014674
0.0019727182
0.0019317199
0.0018895792
0.0018463646
0.0018044458
0.0017628813
0.0017191506
0.0016750337
0.0016322521
0.001588489
0.0015428118
0.0014984528
0.0014542059
0.0014072814
0.0013611822
0.0013155019
0.0012671677
0.0012194205
0.0011719584
0.0011218785
0.0010728571
0.0010235989
0.00097144009
0.00092049518
0.00086880759
0.00081549724
0.00076284207
0.00070831477
0.00065436593
0.00060000126
0.00054387015
0.00048922371
0.00043372392
0.00038062755
0.00032599194
0.00028903854
0.00022614304
0.00038114363
-0.0001462283
0.0056415288
0.0055848035
0.0055129565
0.005427226
0.0053281746
0.0052199727
0.0051072579
0.0049927735
0.0048779858
0.0047641088
0.0046520807
0.0045422946
0.0044347824
0.0043295428
0.0042266551
0.0041262531
0.004028499
0.0039335672
0.0038416282
0.0037528599
0.0036675107
0.0035859933
0.0035088722
0.0034366403
0.003369488
0.0033073036
0.0032498457
0.0031969585
0.0031486399
0.0031048333
0.0030651927
0.0030290979
0.0029957449
0.0029642265
0.002933855
0.002904443
0.002876038
0.0028484385
0.0028211346
0.0027932792
0.0027639315
0.0027331675
0.0027019479
0.002670748
0.0026391364
0.0026060931
0.0025710109
0.0025347005
0.0024982237
0.0024615413
0.002423525
0.0023835375
0.0023428914
0.002303111
0.0022636452
0.0022228886
0.0021811384
0.0021400165
0.0020995603
0.002058158
0.0020155685
0.0019735741
0.0019324615
0.0018903445
0.0018471999
0.0018051726
0.0017635021
0.0017198522
0.0016757464
0.001632838
0.0015890637
0.0015434758
0.0014990095
0.001454684
0.0014078672
0.0013616898
0.0013159239
0.0012676848
0.0012198723
0.0011723397
0.0011223514
0.0010732401
0.0010239304
0.00097186287
0.00092082886
0.00086913133
0.00081585275
0.00076312588
0.0007086268
0.00065461024
0.00060017157
0.00054405183
0.00048934112
0.00043382719
0.00038088494
0.00032644344
0.00028911761
0.00022817041
0.00036901645
-0.00013326179
0.005571137
0.0055189481
0.0054536656
0.0053754795
0.0052842142
0.0051833457
0.0050771679
0.0049684304
0.0048586409
0.004748993
0.0046404765
0.0045336405
0.0044286719
0.0043256644
0.0042247528
0.0041261086
0.0040299184
0.0039363747
0.0038456692
0.0037580043
0.0036736421
0.0035929718
0.003516499
0.0034446758
0.0033777077
0.0033155348
0.0032579703
0.0032048762
0.0031562253
0.0031119441
0.0030717121
0.003034953
0.0030009203
0.0029687848
0.0029378952
0.0029080175
0.0028791399
0.0028510558
0.0028232726
0.0027950177
0.0027654595
0.0027346038
0.0027032543
0.0026718521
0.0026400208
0.0026068572
0.0025718077
0.0025355428
0.0024990181
0.0024622339
0.0024242081
0.0023843606
0.0023438223
0.0023039889
0.0022644389
0.0022237364
0.0021820786
0.0021409233
0.0021003696
0.0020589799
0.0020164774
0.0019744501
0.0019332287
0.0018911282
0.0018480488
0.0018059217
0.0017641461
0.0017205675
0.001676475
0.0016334459
0.0015896553
0.0015441509
0.0014995857
0.00145518
0.0014084624
0.001362214
0.0013163622
0.0012682112
0.0012203391
0.001172735
0.0011228324
0.0010736378
0.0010242742
0.00097229278
0.00092117562
0.00086946426
0.00081621172
0.00076341522
0.00070896102
0.00065489432
0.00060041979
0.00054432579
0.00048952129
0.0004339757
0.00038096069
0.00032653713
0.00028885836
0.00022978312
0.00035708299
-0.0001211359
0.0055033418
0.0054551834
0.0053956174
0.0053240837
0.0052398939
0.0051459164
0.0050460394
0.0049429216
0.0048380829
0.0047327013
0.0046277939
0.0045240236
0.0044217096
0.0043210361
0.0042221926
0.0041253882
0.0040308359
0.003938748
0.0038493365
0.0037628253
0.0036794871
0.0035996925
0.0035239001
0.0034525263
0.0033857866
0.003323666
0.0032660254
0.0032127458
0.0031637833
0.0031190512
0.0030782513
0.0030408507
0.0030061578
0.002973413
0.0029420003
0.0029116502
0.0028822982
0.0028537305
0.0028254749
0.002796824
0.0027670398
0.0027360743
0.0027045897
0.0026729878
0.0026409433
0.0026076575
0.0025726268
0.0025364006
0.0024998322
0.0024629546
0.0024249182
0.0023851979
0.0023447641
0.0023048875
0.0022652593
0.0022246032
0.0021830328
0.0021418504
0.0021012054
0.0020598232
0.0020174013
0.0019753466
0.001934022
0.0018919313
0.0018489121
0.0018066933
0.0017648141
0.0017212973
0.0016772196
0.0016340762
0.0015902644
0.0015448378
0.0015001813
0.0014556944
0.0014090675
0.0013627553
0.0013168174
0.001268747
0.0012208211
0.001173145
0.0011233219
0.0010740498
0.0010246302
0.00097273052
0.00092153572
0.00086980672
0.00081657894
0.00076371677
0.00070930146
0.00065518088
0.00060067818
0.00054462254
0.00048975181
0.00043420705
0.00038109604
0.00032669411
0.00028844959
0.00023098811
0.00034547994
-0.00011023754
0.0054379282
0.0053933623
0.0053387942
0.0052731397
0.0051953693
0.0051078315
0.0050139874
0.0049163371
0.0048163791
0.0047152733
0.0046140462
0.0045134392
0.0044138796
0.0043156352
0.0042189479
0.0041240633
0.0040312219
0.003940657
0.0038526001
0.0037672933
0.0036850184
0.0036061316
0.0035310534
0.00346017
0.0033937035
0.0033316766
0.0032739924
0.0032205516
0.0031713003
0.0031261423
0.0030847999
0.0030467818
0.0030114492
0.0029781043
0.002946166
0.0029153384
0.0028855108
0.0028564618
0.0028277398
0.0027986963
0.0027686726
0.0027375799
0.0027059545
0.0026741555
0.0026419035
0.002608494
0.002573469
0.0025372746
0.0025006662
0.0024637029
0.002425655
0.0023860501
0.0023457168
0.0023058063
0.002266106
0.0022254891
0.002184001
0.0021427975
0.0021020674
0.0020606883
0.0020183404
0.0019762632
0.0019348412
0.001892754
0.0018497898
0.0018074872
0.0017655063
0.0017220421
0.0016779804
0.0016347289
0.0015908916
0.0015455365
0.0015007964
0.0014562277
0.0014096828
0.0013633135
0.0013172898
0.0012692925
0.0012213182
0.0011735701
0.0011238202
0.0010744762
0.001024999
0.00097317647
0.00092190898
0.00087015902
0.00081695517
0.00076402977
0.00070964839
0.00065547654
0.00060094513
0.00054492227
0.00048998509
0.00043445481
0.00038126942
0.00032689118
0.00028809136
0.00023217424
0.00033467912
-0.00010054134
0.0053747062
0.0053333518
0.0052831705
0.0052227254
0.0051507743
0.0050692278
0.0049811264
0.0048887684
0.0047935997
0.0046967543
0.0045992534
0.0045018884
0.0044051707
0.0043094422
0.004214994
0.0041221069
0.0040310481
0.0039420724
0.0038554298
0.0037713788
0.0036902086
0.0036122641
0.0035379359
0.0034675845
0.0034014361
0.003339545
0.003281852
0.003228277
0.0031787618
0.0031332046
0.0030913466
0.0030527365
0.0030167852
0.0029828516
0.0029503875
0.0029190787
0.0028887756
0.0028592479
0.0028300658
0.0028006327
0.0027703578
0.0027391214
0.0027073492
0.0026753553
0.0026429012
0.0026093664
0.0025743353
0.0025381654
0.00250152
0.0024644786
0.0024264186
0.0023869178
0.0023466808
0.002306745
0.0022669787
0.0022263947
0.0021849835
0.0021437644
0.0021029555
0.0020615754
0.0020192953
0.0019772
0.0019356864
0.001893597
0.0018506825
0.0018083034
0.001766223
0.0017228025
0.0016787575
0.0016354042
0.0015915373
0.0015462476
0.001501431
0.0014567803
0.0014103091
0.0013638888
0.0013177799
0.0012698483
0.0012218306
0.0011740107
0.0011243277
0.0010749171
0.001025381
0.00097363082
0.0009222955
0.00087052165
0.00081734047
0.00076435393
0.0007100026
0.00065578216
0.00060122029
0.00054522748
0.00049022625
0.0004347059
0.00038144083
0.00032708435
0.00028777221
0.00023336331
0.00032483345
-9.1803674e-05
0.0053135072
0.0052750314
0.0052287158
0.0051728992
0.0051062223
0.005030231
0.0049475682
0.0048603083
0.0047698178
0.0046771945
0.004583442
0.0044893782
0.0043955766
0.0043024416
0.0042103096
0.0041194937
0.004030287
0.0039429652
0.0038577961
0.0037750523
0.0036950299
0.0036180646
0.0035445236
0.0034747464
0.0034089614
0.0033472494
0.0032895839
0.0032359043
0.0031861524
0.0031402244
0.0030978793
0.0030587038
0.0030221563
0.0029876468
0.0029546592
0.0029228675
0.0028920895
0.002862087
0.0028324506
0.0028026309
0.0027720948
0.0027406993
0.0027087739
0.0026765873
0.0026439359
0.0026102746
0.0025752264
0.0025390735
0.002502394
0.0024652812
0.0024272087
0.0023878016
0.0023476564
0.002307703
0.0022678771
0.0022273203
0.0021859807
0.0021447508
0.0021038695
0.002062485
0.0020202664
0.0019781569
0.0019365574
0.0018944607
0.0018515905
0.0018091417
0.0017669645
0.0017235791
0.001679551
0.0016361022
0.001592202
0.0015469715
0.0015020851
0.0014573526
0.0014109466
0.001364481
0.0013182881
0.0012704148
0.0012223585
0.0011744672
0.0011248445
0.0010753725
0.0010257767
0.0009740938
0.00092269543
0.00087089498
0.00081773492
0.00076468954
0.00071036452
0.00065609753
0.0006015035
0.00054553881
0.00049047509
0.00043496084
0.00038161319
0.00032728442
0.00028745675
0.00023448883
0.00031547128
-8.3861289e-05
0.0052541815
0.0052182925
0.0051753964
0.0051237043
0.0050618087
0.0049909548
0.0049134205
0.0048310489
0.0047451083
0.0046566481
0.004566644
0.0044759214
0.0043850959
0.0042946221
0.0042048762
0.0041162007
0.0040289126
0.0039433075
0.0038596698
0.0037782848
0.0036994542
0.0036235071
0.0035507923
0.0034816321
0.0034162561
0.003354767
0.0032971671
0.0032434149
0.0031934558
0.003147187
0.003104385
0.0030646721
0.0030275518
0.0029924813
0.0029589747
0.0029267002
0.0028954493
0.0028649764
0.0028348918
0.0028046887
0.0027738826
0.0027423139
0.0027102289
0.0026778513
0.0026450071
0.0026112181
0.0025761427
0.0025399997
0.002503288
0.0024661103
0.0024280251
0.002388702
0.0023486438
0.0023086798
0.0022688007
0.0022282662
0.0021869928
0.0021457566
0.0021048091
0.0020634173
0.002021254
0.0019791337
0.0019374542
0.0018953455
0.0018525143
0.0018100021
0.001767731
0.0017243727
0.001680361
0.001636823
0.0015928864
0.0015477085
0.0015027587
0.0014579451
0.001411596
0.0013650903
0.0013188148
0.0012709924
0.0012229017
0.00117494
0.0011253712
0.0010758427
0.0010261864
0.00097456567
0.00092310891
0.00087127935
0.00081813871
0.00076503682
0.00071073434
0.00065642267
0.00060179508
0.00054585639
0.0004907314
0.00043521937
0.00038178957
0.00032748097
0.00028715604
0.00023543919
0.00030624069
-7.6458377e-05
0.0051965955
0.0051630367
0.005123177
0.0050751712
0.0050176132
0.0049515014
0.0048787852
0.0048010813
0.0047195471
0.0046351728
0.0045488964
0.0044615361
0.004373732
0.0042859763
0.0041986786
0.0041122073
0.0040269006
0.0039430726
0.0038610226
0.0037810474
0.0037034536
0.0036285653
0.003556717
0.0034882171
0.0034232959
0.0033620744
0.00330458
0.0032507896
0.0032006549
0.0031540771
0.0031108498
0.003070629
0.0030329606
0.0029973455
0.002963327
0.0029305718
0.0028988511
0.0028679131
0.0028373867
0.0028068032
0.00277572
0.0027439653
0.0027117142
0.0026791471
0.002646114
0.0026121964
0.0025770848
0.0025409443
0.0025042021
0.0024669654
0.0024288674
0.0023896195
0.0023496433
0.002309675
0.002269749
0.0022292325
0.0021880201
0.0021467816
0.002105774
0.0020643724
0.0020222585
0.0019801303
0.0019383765
0.0018962519
0.0018534542
0.0018108845
0.0017685227
0.0017251837
0.0016811878
0.0016375666
0.0015935907
0.0015484593
0.0015034518
0.0014585581
0.0014122577
0.0013657166
0.0013193604
0.0012715816
0.0012234605
0.0011754293
0.0011259081
0.0010763277
0.0010266105
0.00097504674
0.00092353604
0.00087167512
0.00081855203
0.00076539595
0.00071111226
0.00065675772
0.00060209528
0.00054618027
0.00049099508
0.00043548213
0.00038196747
0.00032768201
0.00028688634
0.0002361714
0.00029703308
-6.9447038e-05
0.0051406299
0.0051091749
0.0050720215
0.0050273207
0.0049737015
0.0049119611
0.0048437581
0.0047704944
0.0046932104
0.0046128284
0.0045302408
0.0044462459
0.0043614934
0.0042765013
0.0041917054
0.0041074957
0.0040242288
0.0039422351
0.0038618272
0.0037833121
0.0037070004
0.0036332126
0.0035622721
0.0034944765
0.0034300565
0.0033691479
0.0033118002
0.0032580081
0.0032077315
0.0031608782
0.0031172589
0.003076561
0.0030383707
0.0030022292
0.0029677082
0.0029344764
0.0029022904
0.0028708934
0.002839932
0.0028089714
0.0027776053
0.0027456531
0.0027132295
0.0026804742
0.002647256
0.002613209
0.0025780528
0.0025419079
0.0025051363
0.0024678459
0.0024297353
0.0023905542
0.0023506552
0.0023106882
0.0022707213
0.0022302193
0.0021890627
0.0021478254
0.0021067639
0.0020653504
0.0020232803
0.0019811467
0.0019393241
0.0018971801
0.0018544106
0.0018117886
0.0017693397
0.0017260128
0.0016820316
0.001638333
0.0015943155
0.0015492241
0.0015041643
0.001459192
0.0014129324
0.0013663599
0.0013199251
0.0012721828
0.0012240348
0.0011759357
0.0011264556
0.0010768276
0.0010270494
0.0009755373
0.00092397692
0.00087208265
0.00081897508
0.00076576712
0.00071149855
0.00065710278
0.0006024043
0.00054651045
0.00049126629
0.00043574853
0.00038214917
0.00032787577
0.00028664821
0.0002367952
0.00028769328
-6.2954706e-05
0.0050861773
0.0050566264
0.0050218942
0.0049801655
0.0049301274
0.0048724134
0.0048084275
0.0047393735
0.0046661738
0.0045896768
0.004510722
0.0044300785
0.0043483932
0.0042661983
0.0041839486
0.004102051
0.0040208773
0.0039407713
0.0038620577
0.0037850514
0.0037100672
0.0036374225
0.0035674321
0.0035003852
0.0034365127
0.003375963
0.0033188047
0.0032650493
0.0032146668
0.0031675733
0.0031235966
0.003082454
0.0030437693
0.0030071216
0.0029721095
0.0029384075
0.002905762
0.0028739132
0.0028425238
0.0028111899
0.0027795363
0.0027473766
0.0027147745
0.0026818319
0.0026484321
0.002614255
0.0025790468
0.0025428907
0.0025060904
0.0024687512
0.0024306283
0.0023915065
0.0023516796
0.0023117187
0.0022717169
0.0022312266
0.002190121
0.0021488878
0.0021077782
0.0020663514
0.0020243196
0.0019821827
0.0019402968
0.0018981304
0.0018553839
0.0018127144
0.0017701819
0.0017268606
0.0016828924
0.001639122
0.0015950611
0.0015500035
0.0015048962
0.001459847
0.0014136205
0.0013670204
0.0013205092
0.0012727967
0.0012246248
0.0011764592
0.0011270141
0.0010773425
0.0010275035
0.00097603766
0.00092443165
0.00087250226
0.00081940804
0.00076615047
0.00071189342
0.00065745796
0.00060272231
0.00054684702
0.00049154492
0.00043601907
0.00038233192
0.00032807467
0.0002864058
0.0002372643
0.00027856589
-5.6809131e-05
0.0050331414
0.0050053178
0.0049727595
0.0049337121
0.0048869346
0.0048329277
0.0047728747
0.0047078002
0.0046385117
0.0045657804
0.0044903879
0.0044130661
0.0043344489
0.0042550729
0.0041754041
0.0040958616
0.0040168285
0.0039386598
0.0038616893
0.0037862394
0.0037126273
0.0036411685
0.003572171
0.0035059176
0.0034426394
0.003382495
0.00332557
0.0032718916
0.003221441
0.0031741443
0.0031298464
0.0030882928
0.0030491427
0.0030120107
0.0029765216
0.0029423579
0.0029092602
0.0028769677
0.0028451579
0.002813455
0.0027815107
0.0027491347
0.0027163486
0.0026832195
0.0026496412
0.0026153336
0.0025800667
0.002543893
0.0025070642
0.0024696806
0.0024315456
0.0023924764
0.0023527167
0.002312766
0.0022727353
0.0022322543
0.002191195
0.0021499684
0.0021088164
0.0020673754
0.0020253767
0.0019832382
0.0019412943
0.0018991031
0.0018563746
0.0018136618
0.0017710495
0.0017277276
0.0016837706
0.0016399338
0.0015958279
0.001550798
0.0015056475
0.0014605234
0.0014143227
0.0013676979
0.001321113
0.0012734237
0.0012252305
0.0011770003
0.0011275841
0.0010778724
0.001027973
0.00097654819
0.0009249003
0.0008729343
0.00081985115
0.00076654615
0.00071229713
0.00065782335
0.0006030495
0.00054719004
0.00049183106
0.00043629318
0.00038251765
0.00032827086
0.00028611549
0.00023759033
0.00026985859
-5.0805702e-05
0.0049814353
0.0049551822
0.004924583
0.0048879619
0.0048441579
0.0047935639
0.0047371734
0.0046758512
0.0046102966
0.0045412022
0.0044692883
0.0043952443
0.0043196823
0.0042431347
0.0041660716
0.004088919
0.0040120678
0.0039358809
0.0038606994
0.0037868509
0.0037146547
0.0036444246
0.0035764632
0.0035110481
0.0034484109
0.0033887188
0.003332072
0.0032785126
0.0032280335
0.0031805723
0.0031359909
0.0030940615
0.0030544766
0.003016884
0.0029809339
0.0029463192
0.0029127785
0.0028800513
0.0028478295
0.0028157625
0.0027835253
0.002750926
0.0027179508
0.0026846357
0.002650882
0.0026164436
0.0025811121
0.0025449148
0.0025080574
0.0024706332
0.0024324867
0.0023934638
0.0023537666
0.0023138296
0.0022737754
0.0022333021
0.0021922848
0.0021510669
0.002109878
0.0020684221
0.0020264519
0.0019843129
0.0019423161
0.0019000981
0.0018573829
0.0018146304
0.0017719422
0.0017286142
0.0016846663
0.0016407681
0.0015966162
0.001551608
0.0015064181
0.0014612214
0.0014150395
0.0013683926
0.0013217366
0.0012740644
0.0012258519
0.0011775591
0.001128166
0.0010784174
0.0010284584
0.00097706921
0.00092538293
0.00087337908
0.00082030459
0.0007669543
0.00071270993
0.00065819904
0.00060338603
0.00054753957
0.00049212456
0.00043657133
0.00038270382
0.00032847342
0.00028579604
0.00023788449
0.0002613356
-4.5157069e-05
0.0049309802
0.0049061586
0.0048773314
0.0048429127
0.0048018248
0.0047543735
0.0047013899
0.0046435985
0.0045815982
0.0045160046
0.0044474748
0.0043766515
0.004304119
0.0042303973
0.0041559545
0.0040812183
0.0040065835
0.0039324177
0.0038590671
0.0037868625
0.0037161247
0.0036471654
0.003580283
0.0035157512
0.0034538017
0.0033946091
0.0033382863
0.0032848893
0.0032344232
0.0031868377
0.003142012
0.0030997434
0.0030597557
0.0030217281
0.0029853355
0.0029502827
0.0029163095
0.0028831579
0.0028505333
0.0028181076
0.0027855769
0.0027527484
0.0027195797
0.0026860794
0.002652153
0.0026175838
0.0025821826
0.002545956
0.0025090696
0.0024716083
0.0024334507
0.0023944687
0.0023548293
0.002314909
0.0022748365
0.0022343699
0.0021933905
0.0021521831
0.0021109624
0.0020694914
0.0020275453
0.0019854069
0.0019433618
0.0019011158
0.0018584093
0.0018156203
0.00177286
0.001729521
0.0016855798
0.0016416249
0.0015974262
0.0015524341
0.0015072081
0.0014619411
0.0014157715
0.0013691044
0.0013223803
0.0012747191
0.0012264892
0.0011781359
0.0011287603
0.0010789775
0.0010289598
0.0009776011
0.00092587964
0.00087383693
0.00082076862
0.00076737505
0.00071313206
0.00065858512
0.00060373207
0.00054789566
0.0004924255
0.00043685279
0.00038289314
0.00032866816
0.00028546497
0.00023807947
0.00025293843
-3.9919852e-05
0.0048817048
0.0048581913
0.0048309725
0.0047985589
0.0047599564
0.0047154003
0.0046655837
0.0046111087
0.0045524833
0.004490249
0.0044249997
0.0043573288
0.0042877876
0.0042168781
0.0041450599
0.0040727579
0.0040003668
0.0039282559
0.0038567735
0.0037862525
0.0037170135
0.0036493663
0.0035836055
0.0035200014
0.0034587861
0.0034001405
0.0033441882
0.0032909982
0.003240588
0.00319292
0.0031478905
0.0031053208
0.0030649639
0.0030265287
0.0029897142
0.0029542383
0.0029198451
0.0028862806
0.0028532631
0.0028204852
0.0027876613
0.0027545994
0.0027212337
0.0026875486
0.0026534523
0.0026187525
0.0025832771
0.0025470162
0.0025101002
0.0024726047
0.0024344366
0.0023954905
0.0023559045
0.0023160033
0.0022759176
0.0022354569
0.0021945118
0.0021533163
0.0021120688
0.0020705829
0.0020286569
0.0019865196
0.001944431
0.0019021559
0.0018594538
0.001816631
0.0017738026
0.0017304482
0.0016865112
0.0016425039
0.0015982581
0.0015532766
0.0015080174
0.0014626826
0.0014165192
0.0013698335
0.0013230442
0.0012753885
0.0012271424
0.0011787309
0.0011293674
0.001079553
0.0010294776
0.0009781442
0.00092639045
0.00087430813
0.00082124343
0.00076780849
0.00071356375
0.00065898165
0.00060408774
0.00054825837
0.00049273365
0.00043713815
0.00038308207
0.00032886929
0.00028513687
0.00023812846
0.00024463755
-3.5124025e-05
0.004833544
0.0048112288
0.0047854751
0.0047548927
0.0047185686
0.0046766816
0.0046298073
0.0045784431
0.0045230151
0.0044639953
0.0044019156
0.0043373187
0.0042707198
0.0042025977
0.0041333986
0.0040635398
0.0039934122
0.0039233837
0.0038538025
0.003785001
0.003717299
0.0036510036
0.0035864061
0.0035237738
0.0034633389
0.0034052875
0.0033497528
0.0032968156
0.0032465056
0.0031987984
0.0031536069
0.0031107754
0.0030700845
0.003031271
0.0029940573
0.0029581757
0.0029233766
0.0028894121
0.0028560126
0.0028228897
0.0027897744
0.0027564763
0.0027229108
0.0026890418
0.0026547782
0.0026199483
0.002584395
0.002548095
0.0025111487
0.0024736217
0.0024354435
0.0023965291
0.0023569923
0.0023171121
0.0022770177
0.0022365628
0.0021956488
0.0021544663
0.0021131965
0.0020716963
0.0020297869
0.0019876511
0.0019455231
0.0019032184
0.0018605169
0.0018176627
0.00177477
0.0017313962
0.0016874608
0.0016434051
0.0015991122
0.001554136
0.0015088459
0.0014634461
0.0014172832
0.0013705799
0.0013237284
0.0012760731
0.0012278116
0.0011793441
0.0011299877
0.0010801437
0.001030012
0.00097869892
0.00092691546
0.00087479297
0.00082172929
0.00076825476
0.00071400526
0.00065938871
0.00060445322
0.00054862775
0.0004930491
0.00043742654
0.00038327355
0.00032906305
0.00028480153
0.00023805072
0.00023643321
-3.0785713e-05
0.0047864388
0.0047652241
0.0047408097
0.0047119042
0.0046776728
0.0046382483
0.0045941073
0.0045456575
0.0044932531
0.0044373013
0.0043782748
0.0043166653
0.0042529498
0.0041875801
0.0041209847
0.0040535692
0.0039857174
0.0039177926
0.00385014
0.0037830903
0.0037169606
0.0036520549
0.0035886611
0.0035270436
0.0034674348
0.0034100246
0.0033549548
0.003302317
0.0032521527
0.0032044505
0.0031591403
0.0031160877
0.0030750993
0.0030359386
0.0029983505
0.0029620826
0.0029268939
0.0028925433
0.0028587739
0.0028253143
0.0027919107
0.002758375
0.002724608
0.0026905562
0.002656128
0.0026211687
0.0025855344
0.0025491913
0.0025122138
0.0024746575
0.0024364699
0.0023975833
0.0023580919
0.0023182342
0.0022781355
0.0022376867
0.0021968008
0.0021556323
0.0021143446
0.0020728309
0.0020309349
0.0019888009
0.0019466375
0.0019043031
0.0018615985
0.0018187148
0.0017757615
0.0017323653
0.0016884287
0.0016443281
0.0015999883
0.0015550127
0.0015096936
0.0014642315
0.0014180637
0.0013713436
0.0013244329
0.0012767732
0.001228497
0.0011799758
0.0011306217
0.0010807499
0.0010305631
0.00097926559
0.00092745467
0.00087529169
0.00082222639
0.0007687139
0.00071445679
0.00065980635
0.00060482857
0.00054900384
0.00049337156
0.00043771853
0.00038346366
0.00032926421
0.00028445202
0.00023778155
0.00022832834
-2.6760382e-05
0.0047403347
0.0047201335
0.0046969475
0.0046695824
0.0046372766
0.0046001261
0.0045585242
0.0045128026
0.0044632525
0.0044102225
0.0043541285
0.0042954131
0.0042345134
0.0041718518
0.0041078354
0.0040428549
0.0039772834
0.0039114768
0.0038457752
0.0037805051
0.0037159798
0.0036524996
0.0035903483
0.0035297877
0.0034710496
0.0034143274
0.0033597701
0.0033074788
0.0032575066
0.0032098551
0.0031644704
0.0031212387
0.0030799909
0.0030405158
0.0030025801
0.0029659476
0.002930387
0.0028956661
0.0028615399
0.0028277529
0.0027940654
0.0027602922
0.0027263231
0.0026920897
0.0026574998
0.0026224122
0.0025866944
0.0025503047
0.0025132952
0.0024757114
0.0024375151
0.0023986531
0.0023592034
0.0023193694
0.0022792703
0.0022388281
0.002197968
0.0021568141
0.0021155125
0.0020739864
0.0020321011
0.0019899688
0.0019477738
0.0019054098
0.001862699
0.0018197874
0.0017767772
0.0017333556
0.0016894152
0.001645273
0.0016008868
0.0015559072
0.0015105605
0.0014650388
0.0014188616
0.0013721247
0.0013251578
0.0012774893
0.0012291985
0.001180626
0.0011312698
0.0010813715
0.0010311313
0.00097984462
0.00092800817
0.00087580454
0.000822735
0.00076918601
0.00071491859
0.00066023462
0.00060521393
0.00054938667
0.00049370103
0.00043801342
0.00038365459
0.00032945573
0.00028406445
0.00023728337
0.00022056141
-2.2482085e-05
0.0046951821
0.0046759167
0.0046538612
0.0046279148
0.0045973843
0.0045623361
0.0045230934
0.0044799241
0.004433065
0.0043828115
0.0043295273
0.0042736069
0.0042154478
0.0041554414
0.0040939707
0.0040314082
0.0039681137
0.0039044331
0.0038406989
0.0037772315
0.0037143392
0.0036523173
0.0035914453
0.0035319819
0.0034741582
0.0034181701
0.0033641723
0.0033122751
0.0032625421
0.0032149879
0.003169574
0.0031262063
0.0030847387
0.0030449836
0.0030067293
0.0029697558
0.0029338433
0.0028987692
0.0028643005
0.0028301968
0.002796231
0.002762222
0.0027280511
0.0026936383
0.0026588895
0.002623675
0.0025878722
0.002551433
0.0025143906
0.002476781
0.0024385766
0.0023997365
0.0023603253
0.0023205159
0.0022804202
0.0022399854
0.0021991492
0.0021580105
0.0021166987
0.0020751616
0.0020332848
0.0019911543
0.001948931
0.0019065379
0.0018638181
0.0018208799
0.0017778162
0.0017343672
0.0016904202
0.0016462392
0.0016018074
0.0015568197
0.0015114465
0.0014658679
0.0014196769
0.0013729234
0.001325903
0.0012782219
0.0012299164
0.0011812948
0.0011319324
0.0010820087
0.0010317166
0.00098043636
0.00092857599
0.00087633173
0.00082325534
0.00076967115
0.00071539085
0.00066067359
0.00060560936
0.00054977628
0.00049403731
0.00043831113
0.00038384546
0.00032963236
0.00028364156
0.00023659636
0.00021347739
-1.7627897e-05
0.0046509352
0.0046325362
0.0046115246
0.0045868883
0.0045579976
0.004524895
0.0044878452
0.0044470626
0.0044027375
0.0043551181
0.0043045197
0.0042512915
0.004195792
0.0041383804
0.004079414
0.0040192449
0.0039582168
0.0038966633
0.0038349072
0.003773261
0.0037120263
0.0036514926
0.0035919344
0.003533607
0.0034767399
0.0034215309
0.0033681395
0.003316684
0.003267238
0.0032198282
0.0031744313
0.0031309718
0.003089325
0.0030493261
0.0030107838
0.002973495
0.0029372523
0.0029018435
0.0028670481
0.0028326393
0.0027984025
0.0027641608
0.0027297897
0.0026951997
0.0026602953
0.0026249557
0.0025890667
0.0025525755
0.0025154996
0.0024778657
0.0024396539
0.0024008333
0.0023614577
0.0023216736
0.0022815845
0.0022411583
0.0022003443
0.0021592212
0.0021179028
0.0020763561
0.0020344859
0.001992357
0.0019501086
0.0019076873
0.0018649559
0.0018219923
0.0017788784
0.0017354002
0.0016914441
0.0016472266
0.0016027501
0.0015577505
0.0015123516
0.0014667187
0.0014205103
0.0013737396
0.0013266686
0.0012789713
0.0012306508
0.0011819823
0.0011326099
0.0010826615
0.0010323191
0.00098104119
0.00092915817
0.00087687347
0.00082378766
0.00077016939
0.00071587378
0.00066112329
0.00060601493
0.00055017268
0.00049438025
0.00043861146
0.00038403559
0.00032979194
0.0002831963
0.00023577252
0.00020669665
-1.2395279e-05
0.0046075513
0.0045899568
0.0045699124
0.0045464894
0.0045191162
0.0044878164
0.0044528059
0.0044142543
0.0043723129
0.0043271881
0.0042791513
0.0042285093
0.0041755828
0.0041206988
0.0040641877
0.0040063793
0.0039475995
0.0038881672
0.0038283937
0.0037685818
0.003709025
0.0036500058
0.0035917933
0.0035346383
0.0034787685
0.0034243824
0.0033716438
0.0033206775
0.0032715664
0.003224349
0.0031790162
0.0031355101
0.0030937262
0.0030535211
0.0030147237
0.0029771474
0.002940598
0.0029048751
0.0028697699
0.0028350694
0.0028005702
0.0027661005
0.002731532
0.0026967681
0.0026617118
0.0026262495
0.002590274
0.0025537292
0.0025166193
0.0024789625
0.0024407441
0.0024019412
0.0023625988
0.0023228404
0.002282761
0.0022423448
0.002201552
0.002160445
0.0021191231
0.0020775687
0.0020357037
0.0019935762
0.0019513056
0.001908857
0.0018661122
0.0018231239
0.001779963
0.0017364543
0.0016924866
0.0016482348
0.0016037147
0.0015586998
0.0015132756
0.0014675911
0.0014213618
0.0013745734
0.0013274543
0.0012797378
0.0012314016
0.0011826883
0.0011333026
0.0010833301
0.001032939
0.00098165941
0.00092975475
0.00087742989
0.00082433215
0.00077068074
0.00071636756
0.00066158374
0.00060643068
0.00055057589
0.00049472965
0.00043891411
0.00038422431
0.00032993407
0.00028272939
0.00023482487
0.00020029093
-6.9141656e-06
0.0045649912
0.0045481453
0.0045289994
0.0045067027
0.0044807369
0.0044511103
0.004417998
0.0043815328
0.0043418327
0.0042990681
0.0042534706
0.0042053077
0.0041548644
0.0041024357
0.0040483247
0.0039928378
0.0039362813
0.003878958
0.0038211655
0.0037631957
0.0037053325
0.0036478505
0.0035910121
0.0035350634
0.0034802294
0.0034267085
0.0033746676
0.0033242373
0.003275509
0.0032285319
0.0031833105
0.0031398035
0.0030979255
0.0030575531
0.0030185346
0.0029807003
0.0029438696
0.0029078542
0.0028724576
0.0028374797
0.0028027281
0.0027680365
0.0027332746
0.0026983406
0.0026631364
0.002627554
0.0025914924
0.0025548929
0.0025177487
0.0024800702
0.002441846
0.0024030594
0.0023637481
0.0023240158
0.0022839489
0.0022435442
0.0022027717
0.0021616814
0.0021203589
0.0020787986
0.0020369377
0.0019948116
0.0019525215
0.0019100468
0.001867287
0.0018242746
0.0017810698
0.0017375296
0.001693548
0.0016492637
0.0016047011
0.0015596679
0.0015142185
0.0014684848
0.0014222319
0.0013754249
0.0013282602
0.0012805218
0.0012321691
0.0011834129
0.0011340109
0.0010840144
0.0010335763
0.00098229136
0.00093036574
0.00087800111
0.000824889
0.00077120521
0.00071687231
0.00066205492
0.00060685659
0.00055098585
0.00049508526
0.00043921877
0.00038441102
0.00033005784
0.0002822388
0.00023376694
0.00019418019
-1.2532966e-06
0.0045232207
0.0045070734
0.0044887638
0.0044675141
0.0044428542
0.0044147806
0.0043834348
0.0043489193
0.0043113243
0.0042707889
0.0042275093
0.0041817172
0.0041336638
0.0040836133
0.0040318413
0.0039786302
0.0039242656
0.0038690326
0.0038132141
0.0037570892
0.003700931
0.0036450052
0.0035895666
0.0035348558
0.0034810943
0.0034284797
0.0033771808
0.0033273331
0.0032790355
0.0032323472
0.0031872855
0.0031438245
0.0031018966
0.0030613976
0.0030221942
0.0029841333
0.0029470486
0.0029107644
0.0028750965
0.0028398572
0.0028048649
0.0027699592
0.0027350095
0.0026999102
0.0026645628
0.0026288636
0.002592717
0.0025560624
0.0025188841
0.0024811852
0.0024429563
0.002404185
0.002364903
0.0023251973
0.0022851456
0.0022447541
0.0022040017
0.0021629286
0.0021216082
0.002080044
0.0020381868
0.001996062
0.0019537549
0.0019112556
0.0018684795
0.0018254438
0.0017821977
0.0017386256
0.0016946281
0.0016503127
0.001605709
0.0015606548
0.0015151804
0.0014693997
0.0014231207
0.0013762942
0.0013290861
0.0012813236
0.0012329534
0.0011841563
0.0011347352
0.0010847147
0.0010342312
0.00098293746
0.0009309913
0.00087858737
0.00082545854
0.00077174293
0.0007173883
0.00066253696
0.00060729276
0.00055140266
0.00049544693
0.0004395252
0.00038459523
0.00033016223
0.00028172283
0.00023261423
0.00018840777
4.4712433e-06
0.0044822003
0.0044667102
0.0044491858
0.0044289158
0.0044054737
0.0043788466
0.0043491484
0.0043164569
0.0042808395
0.0042424083
0.0042013284
0.0041577992
0.0041120402
0.0040642866
0.0040147869
0.0039637995
0.0039115883
0.0038584201
0.0038045615
0.0037502777
0.0036958302
0.0036414744
0.0035874568
0.0035340115
0.0034813558
0.0034296856
0.0033791708
0.0033299506
0.0032821305
0.0032357789
0.0031909246
0.0031475564
0.0031056232
0.0030650388
0.0030256877
0.0029874332
0.0029501234
0.0029135952
0.0028776773
0.0028421938
0.0028069739
0.0027718631
0.0027367322
0.0027014734
0.0026659877
0.0026301756
0.0025939457
0.0025572362
0.0025200241
0.0024823062
0.0024440734
0.0024053168
0.0023660627
0.002326384
0.0022863498
0.0022459731
0.0022052409
0.0021641855
0.0021228699
0.0020813039
0.00203945
0.0019973266
0.0019550046
0.0019124822
0.001869689
0.0018266306
0.0017833458
0.0017397416
0.0016957264
0.0016513812
0.0016067376
0.0015616603
0.0015161606
0.0014703352
0.0014240282
0.001377181
0.0013299316
0.001282143
0.0012337543
0.0011849179
0.0011354753
0.0010854307
0.0010349034
0.00098359772
0.0009316312
0.0008791885
0.00082604073
0.00077229368
0.00071791544
0.00066302964
0.00060773898
0.00055182609
0.00049581424
0.00043983291
0.00038477614
0.00033024614
0.00028117947
0.00023138212
0.00018314154
1.0099341e-05
0.0044418922
0.0044270116
0.0044102181
0.0043908611
0.0043685528
0.0043432729
0.0043151117
0.0042841272
0.0042503677
0.0042139223
0.0041749287
0.0041335571
0.0040899983
0.0040444596
0.0039971635
0.0039483444
0.0038982447
0.0038471116
0.003795195
0.003742745
0.0036900104
0.0036372354
0.0035846573
0.0035325031
0.0034809849
0.0034302961
0.0033806065
0.0033320583
0.0032847625
0.0032387956
0.0031941973
0.0031509695
0.003109077
0.0030684501
0.0030289904
0.0029905773
0.0029530732
0.0029163282
0.0028801834
0.002844475
0.0028090422
0.0027737376
0.0027384337
0.0027030223
0.0026674047
0.0026314844
0.0025951737
0.0025584105
0.0025211657
0.0024834303
0.0024451951
0.002406453
0.0023672259
0.0023275746
0.0022875602
0.0022472005
0.0022064887
0.0021654517
0.0021241434
0.0020825775
0.0020407272
0.0019986052
0.0019562706
0.0019137268
0.0018709159
0.0018278352
0.0017845142
0.0017408781
0.0016968434
0.0016524694
0.0016077872
0.001562685
0.0015171597
0.0014712915
0.0014249548
0.001378086
0.0013307969
0.0012829807
0.0012345723
0.0011856981
0.0011362321
0.001086163
0.0010355932
0.00098427277
0.00093228582
0.00087980488
0.00082663603
0.00077285774
0.00071845409
0.00066353321
0.00060819542
0.00055225631
0.0004961871
0.00044014171
0.00038495328
0.00033030887
0.00028060719
0.00023008121
0.00017819789
1.5553819e-05
0.0044023259
0.0043880233
0.0043719162
0.0043534127
0.0043321605
0.004308134
0.0042814045
0.004252014
0.0042199953
0.0041854182
0.0041483967
0.004109075
0.0040676175
0.004024206
0.0039790379
0.0039323242
0.0038842858
0.0038351501
0.0037851493
0.0037345182
0.0036834915
0.0036323016
0.0035811758
0.0035303329
0.0034799793
0.0034303046
0.003381478
0.0033336435
0.0032869164
0.0032413805
0.0031970853
0.003154045
0.0031122384
0.003071612
0.0030320834
0.0029935474
0.0029558808
0.0029189471
0.0028825997
0.0028466866
0.0028110572
0.002775571
0.0027401038
0.0027045477
0.0026688049
0.0026327817
0.0025963938
0.0025595787
0.0025223026
0.0024845517
0.0024463156
0.0024075883
0.0023683879
0.0023287647
0.0022887725
0.0022484317
0.0022077412
0.0021667237
0.0021254249
0.0020838617
0.0020420153
0.0019998953
0.00195755
0.0019149866
0.001872158
0.0018290557
0.0017857008
0.0017420331
0.0016979777
0.0016535758
0.0016088564
0.0015637278
0.0015181765
0.0014722674
0.0014258998
0.0013790082
0.0013316813
0.0012838361
0.0012354069
0.0011864963
0.0011370051
0.001086911
0.0010363002
0.00098496238
0.00093295477
0.00088043616
0.00082724423
0.00077343475
0.00071900404
0.00066404733
0.00060866175
0.000552693
0.00049656499
0.00044045101
0.00038512578
0.00033034959
0.00028000416
0.00022871827
0.0001735972
2.0681474e-05
0.0043633047
0.0043495556
0.0043341091
0.004316419
0.0042961655
0.0042733191
0.004247936
0.0042200452
0.0041896674
0.0041568561
0.0041217047
0.0040843349
0.0040448874
0.0040035201
0.0039604073
0.0039157375
0.00386971
0.0038225331
0.0037744208
0.0037255916
0.0036762659
0.0036266635
0.0035770008
0.0035274879
0.0034783243
0.0034296955
0.0033817687
0.0033346888
0.0032885746
0.003243516
0.0031995711
0.0031567654
0.003115091
0.0030745089
0.0030349521
0.0029963303
0.0029585347
0.0029214418
0.0028849174
0.0028488212
0.0028130127
0.0027773586
0.0027417388
0.0027060469
0.0026701863
0.0026340662
0.002597605
0.0025607403
0.0025234349
0.0024856703
0.002447435
0.0024087231
0.0023695492
0.0023299548
0.0022899868
0.0022496671
0.0022089989
0.0021680018
0.002126715
0.0020851565
0.0020433148
0.0020011973
0.0019588432
0.001916262
0.001873416
0.0018302926
0.001786906
0.0017432073
0.0016991302
0.001654701
0.0016099457
0.0015647895
0.0015192118
0.0014732635
0.001426864
0.0013799484
0.001332585
0.0012847099
0.0012362587
0.0011873129
0.0011377949
0.0010876753
0.0010370246
0.00098566718
0.00093363845
0.0008810827
0.00082786582
0.000774025
0.00071956563
0.00066457223
0.0006091381
0.00055313629
0.00049694778
0.00044076056
0.00038529313
0.00033036772
0.00027937106
0.00022730076
0.00016925502
2.5257068e-05
0.0043250746
0.004311822
0.0042969707
0.004280025
0.0042606914
0.0042389359
0.0042148016
0.0041883066
0.0041594617
0.0041283066
0.0040949171
0.0040593947
0.004021859
0.0039824461
0.0039413085
0.003898613
0.0038545388
0.0038092741
0.0037630153
0.0037159642
0.0036683263
0.003620308
0.0035721143
0.0035239456
0.0034759939
0.0034284396
0.003381447
0.0033351608
0.0032897024
0.0032451667
0.0032016194
0.0031590959
0.0031176004
0.0030771077
0.003037565
0.0029988966
0.0029610072
0.0029237866
0.0028871129
0.0028508573
0.0028148891
0.002779083
0.0027433232
0.0027075059
0.0026715363
0.0026353262
0.0025987968
0.0025618861
0.0025245539
0.0024867782
0.0024485458
0.0024098504
0.0023707035
0.0023311391
0.0022911975
0.0022509013
0.0022102568
0.0021692816
0.002128009
0.0020864577
0.0020446219
0.0020025077
0.0019601469
0.0019175499
0.001874687
0.0018315434
0.0017881271
0.0017443984
0.0017002987
0.001655843
0.0016110532
0.0015658686
0.0015202642
0.0014742781
0.0014278462
0.0013809057
0.001333507
0.0012856013
0.001237127
0.0011881469
0.0011386011
0.0010884554
0.0010377661
0.00098638686
0.00093433645
0.00088174408
0.00082850052
0.00077462811
0.00072013857
0.00066510758
0.0006096241
0.00055358584
0.00049733493
0.00044106975
0.00038545453
0.00033036251
0.00027870946
0.00022583586
0.00016530194
2.9224819e-05
0.0042873798
0.004274628
0.0042603658
0.0042441393
0.0042256815
0.0042049567
0.004181998
0.0041568156
0.0041294125
0.0040998175
0.0040680916
0.0040343192
0.0039986012
0.0039610544
0.0039218111
0.0038810183
0.0038388352
0.0037954314
0.0037509854
0.0037056823
0.0036597122
0.0036132682
0.0035665429
0.0035197267
0.0034730032
0.0034265469
0.0033805184
0.0033350612
0.0032902982
0.0032463281
0.0032032233
0.0031610279
0.0031197571
0.0030793982
0.0030399118
0.003001236
0.0029632888
0.0029259729
0.0028891785
0.0028527881
0.002816681
0.0027807397
0.0027448537
0.0027089223
0.0026728531
0.0026365607
0.0025999688
0.002563016
0.0025256601
0.002487876
0.0024496487
0.0024109712
0.0023718519
0.0023323185
0.0022924055
0.002252135
0.0022115159
0.0021705638
0.0021293076
0.002087766
0.0020459374
0.0020038273
0.0019614615
0.0019188508
0.0018759717
0.0018328087
0.0017893647
0.001745607
0.0017014842
0.0016570025
0.0016121793
0.0015669658
0.0015213343
0.0014753119
0.0014288471
0.0013818806
0.0013344478
0.0012865109
0.0012380124
0.001188999
0.0011394242
0.0010892517
0.0010385247
0.00098712191
0.0009350491
0.00088242056
0.00082914869
0.00077524425
0.00072072309
0.00066565345
0.00061011974
0.00055404162
0.00049772616
0.00044137818
0.00038560936
0.00033033358
0.00027802103
0.00022432936
0.00016157766
3.2657087e-05
0.0042501478
0.0042378688
0.0042241733
0.004208636
0.0041910118
0.004171264
0.0041494169
0.0041254744
0.0040994335
0.004071314
0.0040411645
0.0040090546
0.0039750689
0.0039393069
0.0039018827
0.0038629245
0.0038225732
0.0037809801
0.0037383062
0.0036947204
0.0036503973
0.003605516
0.003560257
0.0035147995
0.0034693187
0.003423982
0.0033789458
0.0033343515
0.0032903223
0.0032469599
0.0032043421
0.0031625208
0.0031215209
0.003081341
0.0030419545
0.0030033121
0.002965345
0.0029279681
0.0028910837
0.0028545853
0.0028183623
0.0027823049
0.0027463086
0.0027102764
0.0026741189
0.0026377534
0.0026011061
0.0025641166
0.0025267412
0.0024889524
0.0024507332
0.0024120758
0.0023729857
0.002333485
0.0022936031
0.0022533611
0.0022127693
0.0021718424
0.0021306051
0.0020890757
0.002047256
0.0020051514
0.0019627828
0.0019201605
0.0018772665
0.0018340852
0.0017906155
0.0017468301
0.0017026842
0.001658177
0.001613322
0.0015680793
0.0015224205
0.001476363
0.0014298652
0.0013828721
0.001335406
0.0012874377
0.0012389141
0.0011898681
0.0011402637
0.0010900638
0.0010393
0.00098787204
0.00093577606
0.00088311179
0.00082981015
0.00077587317
0.00072131902
0.00066620966
0.0006106248
0.00055450346
0.0004981211
0.00044168542
0.00038575706
0.00033028077
0.00027730752
0.00022278675
0.00015815327
3.5628515e-05
0.0042137537
0.0042018877
0.0041886898
0.0041737756
0.0041569151
0.0041380672
0.0041172485
0.0040944575
0.0040696862
0.0040429468
0.0040142775
0.0039837347
0.0039513889
0.0039173236
0.0038816364
0.0038444383
0.0038058524
0.0037660128
0.0037250635
0.0036831568
0.0036404526
0.0035971155
0.0035533132
0.003509214
0.0034649836
0.003420782
0.0033767605
0.0033330574
0.0032897955
0.0032470785
0.0032049884
0.0031635837
0.0031228981
0.0030829403
0.0030436954
0.0030051261
0.0029671761
0.0029297722
0.0028928284
0.002856249
0.0028199332
0.0027837794
0.0027476891
0.0027115699
0.0026753355
0.0026389063
0.0026022111
0.0025651904
0.0025278
0.00249001
0.0024518021
0.0024131668
0.0023741074
0.0023346411
0.0022947926
0.0022545814
0.002214019
0.002173119
0.0021319029
0.0020903881
0.0020485791
0.0020064813
0.0019641117
0.00192148
0.0018785724
0.0018353739
0.0017918802
0.0017480683
0.0017038992
0.0016593673
0.0016144815
0.0015692096
0.0015235232
0.0014774318
0.0014309011
0.0013838805
0.001336382
0.001288382
0.0012398323
0.0011907544
0.0011411196
0.0010908917
0.0010400919
0.00098863733
0.00093651729
0.00088381759
0.00083048481
0.00077651462
0.0007219261
0.00066677584
0.00061113877
0.00055497083
0.00049851899
0.0004419906
0.00038589659
0.00033020355
0.00027657011
0.00022121195
0.0001548471
3.8215451e-05
0.0039177349
0.0040814049
0.0042924088
0.0045347135
0.0048324897
0.0051949826
0.0056345881
0.0062025846
0.0069788339
0.0083409259
0.0039177262
0.0040813783
0.0042923691
0.0045346381
0.004832319
0.0051945709
0.0056334965
0.0061977366
0.0069573576
0.0080858369
0.0039177084
0.004081324
0.0042922858
0.0045344798
0.004831962
0.0051937084
0.0056311286
0.0061881898
0.0069157846
0.0078257875
0.0039176802
0.0040812387
0.0042921538
0.0045342297
0.0048314008
0.0051923444
0.0056273649
0.0061740366
0.0068601461
0.0076104094
0.0039176408
0.0040811195
0.0042919684
0.0045338795
0.004830616
0.0051904344
0.0056220973
0.0061556828
0.0067943995
0.0074245632
0.0039175891
0.0040809631
0.0042917246
0.0045334198
0.0048295869
0.0051879311
0.0056152612
0.0061335407
0.0067238603
0.0072569092
0.0039175241
0.0040807661
0.004291417
0.0045328405
0.0048282924
0.005184785
0.005606836
0.0061078921
0.0066517943
0.007102405
0.0039174446
0.0040805249
0.0042910397
0.004532131
0.0048267094
0.0051809555
0.005596777
0.0060791958
0.0065785267
0.0069586631
0.0039173493
0.0040802355
0.0042905863
0.0045312801
0.0048248147
0.0051763986
0.005585079
0.0060477297
0.0065044596
0.0068245069
0.003917237
0.0040798936
0.0042900502
0.0045302756
0.0048225841
0.0051710744
0.0055717399
0.0060137543
0.0064300393
0.0066988615
0.003917106
0.0040794947
0.0042894243
0.004529105
0.0048199927
0.0051649455
0.0055567668
0.0059775271
0.0063556342
0.006580751
0.003916955
0.0040790339
0.0042887008
0.0045277548
0.0048170151
0.005157977
0.0055401772
0.0059392923
0.0062815414
0.0064693462
0.0039167822
0.0040785059
0.0042878717
0.0045262112
0.0048136257
0.0051501369
0.0055219979
0.0058992795
0.0062080039
0.0063639415
0.0039165857
0.0040779051
0.0042869283
0.0045244593
0.0048097986
0.0051413967
0.0055022638
0.0058577046
0.0061352183
0.0062639302
0.0039163638
0.0040772255
0.0042858614
0.0045224838
0.0048055077
0.0051317312
0.0054810175
0.0058147703
0.0060633413
0.006168788
0.0039161142
0.0040764606
0.0042846613
0.0045202688
0.0048007272
0.0051211191
0.0054583078
0.0057706659
0.005992495
0.00607806
0.0039158349
0.0040756035
0.0042833177
0.0045177976
0.0047954316
0.0051095428
0.0054341898
0.0057255681
0.0059227722
0.0059913499
0.0039155233
0.0040746469
0.0042818196
0.0045150532
0.0047895956
0.0050969888
0.0054087234
0.0056796406
0.0058542414
0.0059083109
0.0039151771
0.0040735829
0.0042801557
0.0045120179
0.004783195
0.0050834474
0.0053819728
0.0056330351
0.0057869503
0.0058286378
0.0039147934
0.004072403
0.0042783139
0.0045086735
0.0047762061
0.0050689133
0.0053540057
0.0055858912
0.0057209295
0.0057520609
0.0039143695
0.0040710983
0.0042762815
0.0045050016
0.0047686064
0.0050533851
0.0053248926
0.0055383369
0.0056561955
0.0056783404
0.0039139021
0.0040696593
0.0042740454
0.0045009834
0.0047603745
0.0050368658
0.005294706
0.0054904894
0.0055927535
0.0056072625
0.0039133881
0.0040680757
0.0042715916
0.0044965998
0.0047514904
0.0050193622
0.0052635198
0.0054424552
0.0055305994
0.0055386352
0.003912824
0.0040663366
0.0042689058
0.0044918317
0.004741936
0.0050008851
0.0052314087
0.0053943308
0.0054697217
0.005472286
0.0039122061
0.0040644307
0.0042659731
0.0044866597
0.0047316944
0.0049814493
0.0051984474
0.0053462032
0.0054101033
0.005408059
0.0039115304
0.0040623455
0.004262778
0.0044810647
0.0047207511
0.004961073
0.0051647105
0.0052981506
0.0053517222
0.0053458127
0.0039107928
0.0040600681
0.0042593046
0.0044750277
0.0047090932
0.0049397782
0.0051302715
0.0052502427
0.0052945533
0.005285419
0.0039099888
0.0040575846
0.0042555366
0.0044685299
0.0046967102
0.0049175899
0.0050952027
0.0052025417
0.0052385689
0.0052267609
0.0039091139
0.0040548804
0.0042514573
0.004461553
0.0046835938
0.0048945363
0.0050595747
0.0051551022
0.0051837396
0.0051697316
0.0039081632
0.0040519401
0.0042470496
0.0044540791
0.0046697379
0.0048706483
0.0050234562
0.0051079726
0.0051300345
0.0051142337
0.0039071314
0.0040487471
0.0042422965
0.0044460912
0.0046551391
0.0048459591
0.0049869133
0.0050611948
0.0050774223
0.0050601778
0.0039060131
0.0040452843
0.0042371805
0.0044375728
0.0046397961
0.0048205046
0.0049500098
0.0050148053
0.0050258709
0.0050074819
0.0039048026
0.0040415332
0.0042316846
0.0044285084
0.0046237101
0.004794322
0.0049128066
0.0049688354
0.0049753486
0.0049560708
0.003903494
0.0040374746
0.0042257916
0.0044188836
0.004606885
0.0047674506
0.0048753619
0.0049233116
0.0049258236
0.0049058751
0.0039020809
0.0040330882
0.0042194848
0.0044086851
0.0045893268
0.0047399307
0.0048377307
0.0048782564
0.0048772645
0.0048568309
0.003900557
0.0040283526
0.0042127482
0.0043979005
0.004571044
0.0047118038
0.0047999649
0.0048336881
0.0048296404
0.0048088793
0.0038989153
0.0040232456
0.0042055664
0.004386519
0.0045520475
0.004683112
0.0047621136
0.0047896217
0.0047829209
0.0047619657
0.0038971489
0.0040177436
0.0041979253
0.0043745309
0.00453235
0.0046538981
0.0047242222
0.004746069
0.0047370765
0.0047160395
0.0038952504
0.0040118223
0.0041898119
0.0043619277
0.0045119668
0.0046242048
0.0046863336
0.0047030387
0.0046920782
0.0046710538
0.0038932124
0.0040054562
0.0041812152
0.0043487025
0.0044909147
0.004594075
0.0046484872
0.0046605372
0.0046478979
0.0046269647
0.0038910269
0.0039986192
0.0041721264
0.0043348489
0.004469213
0.0045635513
0.0046107193
0.0046185683
0.0046045083
0.004583732
0.0038886857
0.0039912842
0.0041625393
0.0043203617
0.0044468822
0.0045326761
0.0045730634
0.0045771331
0.0045618822
0.0045413182
0.0038861805
0.0039834243
0.004152451
0.0043052361
0.0044239451
0.0045014912
0.004535551
0.004536232
0.0045199916
0.0044996824
0.003883502
0.0039750124
0.0041418627
0.0042894676
0.0044004258
0.0044700354
0.0044982098
0.0044958683
0.0044788201
0.0044587971
0.0038806406
0.0039660231
0.0041307795
0.004273052
0.0043763541
0.0044383459
0.0044610527
0.0044560264
0.0044383428
0.0044186545
0.0038775852
0.0039564342
0.0041192106
0.0042559779
0.0043517688
0.0044064844
0.0044241116
0.0044166797
0.0043984733
0.0043791124
0.0038743227
0.0039462316
0.0041071779
0.0042382148
0.004326661
0.0043745024
0.0043874829
0.004377952
0.0043593653
0.0043403681
0.0038708355
0.0039354041
0.0040947427
0.0042198222
0.0043009663
0.0043422538
0.0043509761
0.0043396193
0.0043207718
0.0043021631
0.0038670953
0.0039239282
0.0040817793
0.0042011353
0.0042750381
0.0043099965
0.0043147648
0.0043017858
0.0042827372
0.0042644851
0.0038630268
0.0039119484
0.0040672217
0.0041818274
0.0042488804
0.0042778261
0.004278982
0.0042646211
0.0042454822
0.0042276276
0.0038582106
0.0038997169
0.0040497566
0.0041604706
0.0042209698
0.0042440201
0.0042417431
0.0042261502
0.0042069773
0.0041894996
0.003851554
0.0038876717
0.0040288395
0.0041354047
0.0041889524
0.0042056875
0.0041998689
0.0041831423
0.0041640848
0.004147126
0.0038421912
0.0038760034
0.0040042023
0.0041048169
0.0041505651
0.0041603639
0.0041507647
0.0041329303
0.0041140773
0.0040976952
0.0038299964
0.0038624773
0.0039743309
0.0040662643
0.004103684
0.0041064636
0.0040931411
0.0040743448
0.0040558353
0.0040401311
0.0038140986
0.0038448025
0.0039386981
0.0040189036
0.0040477123
0.0040439472
0.0040272902
0.0040078215
0.003989898
0.0039750519
0.0037932317
0.003821664
0.0038979894
0.0039629731
0.0039822589
0.0039723567
0.0039526933
0.0039325906
0.0039151559
0.0039010775
0.0037661315
0.0037912924
0.0038504009
0.0038972532
0.0039060796
0.0038908331
0.0038690585
0.0038488889
0.0038323207
0.0038192707
0.0037312236
0.0037514221
0.0037923154
0.0038200937
0.0038185117
0.0037990855
0.0037761529
0.0037561919
0.0037403735
0.0037281933
0.0036862998
0.0036996372
0.0037223561
0.0037323162
0.0037213566
0.0036989348
0.0036758181
0.0036566405
0.0036418687
0.0036307019
0.0036288035
0.0036339813
0.0036396296
0.0036338892
0.0036147666
0.0035899908
0.0035669808
0.0035486122
0.0035348128
0.0035246128
0.0035562225
0.0035529402
0.0035435661
0.0035250491
0.0034999137
0.0034742476
0.0034524023
0.0034355118
0.0034229906
0.0034138243
0.0034665901
0.0034558751
0.0034344692
0.0034066163
0.0033775129
0.0033514254
0.0033304117
0.0033145523
0.0033030193
0.0032947533
0.0033594157
0.0033432187
0.0033136179
0.0032804309
0.0032502733
0.0032255508
0.0032063738
0.0031920096
0.0031815599
0.0031740898
0.0032366544
0.0032173724
0.0031832524
0.0031471641
0.0031163439
0.0030923005
0.003074277
0.0030611046
0.0030517154
0.0030451181
0.0031037296
0.0030838428
0.0030497343
0.0030153819
0.0029873286
0.002965873
0.0029497372
0.0029378645
0.0029294479
0.0029236759
0.0029707225
0.0029507863
0.0029159674
0.0028805616
0.0028515105
0.0028290986
0.0028120249
0.0027990787
0.0027892818
0.0027820451
0.0028545653
0.0028407778
0.0028153245
0.0027891173
0.0027667467
0.0027483701
0.0027331552
0.0027202701
0.0027091903
0.0026998988
0.0027716189
0.0027505661
0.0027257389
0.0027054792
0.0026885826
0.0026740854
0.0026617375
0.0026511686
0.0026419545
0.0026338528
0.0041760413
0.0041646378
0.0041519889
0.0041377247
0.004121637
0.0041036876
0.0040838886
0.0040622352
0.0040387164
0.0040133387
0.0039861315
0.0039571401
0.003926422
0.0038940466
0.0038600957
0.0038246637
0.0037878566
0.0037497914
0.0037105948
0.0036704029
0.0036293596
0.0035876149
0.003545323
0.0035026403
0.0034597223
0.0034167208
0.0033737808
0.0033310369
0.0032886105
0.0032466062
0.0032051095
0.0031641847
0.0031238733
0.0030841938
0.0030451421
0.003006693
0.0029688019
0.002931408
0.002894437
0.0028578042
0.0028214189
0.0027851879
0.0027490196
0.0027128265
0.0026765263
0.0026400428
0.0026033074
0.0025662621
0.0025288621
0.0024910763
0.0024528844
0.0024142758
0.002375251
0.0023358233
0.0022960127
0.002255837
0.002215308
0.0021744386
0.0021332475
0.0020917511
0.0020499556
0.0020078668
0.0019654985
0.0019228595
0.0018799396
0.0018367247
0.0017932084
0.0017493706
0.0017051778
0.0016606208
0.0016157044
0.0015704025
0.0015246875
0.0014785619
0.0014319973
0.0013849477
0.0013374161
0.0012893833
0.0012408057
0.001191695
0.0011420282
0.0010917705
0.001040934
0.00098945053
0.00093730451
0.00088456823
0.00083120176
0.00077719624
0.00072257058
0.00066737646
0.00061168389
0.00055546396
0.00049893688
0.00044230663
0.00038603367
0.00033009864
0.00027577986
0.00021954341
0.00015167073
4.0559224e-05
0.0041342014
0.0041232646
0.0041111522
0.0040975363
0.0040822301
0.0040651968
0.0040464451
0.0040259686
0.0040037543
0.0039798038
0.0039541382
0.0039267921
0.0038978101
0.0038672471
0.0038351687
0.0038016518
0.0037667841
0.0037306638
0.0036933991
0.0036551074
0.003615915
0.0035759549
0.003535366
0.0034942905
0.0034528719
0.0034112518
0.0033695673
0.0033279478
0.0032865118
0.0032453641
0.0032045926
0.0031642669
0.0031244361
0.0030851283
0.0030463508
0.0030080905
0.002970316
0.0029329794
0.0028960193
0.0028593633
0.0028229318
0.0027866416
0.0027504089
0.0027141525
0.0026777951
0.0026412645
0.0026044953
0.0025674315
0.0025300284
0.0024922536
0.0024540853
0.0024155113
0.0023765295
0.0023371488
0.002297385
0.0022572536
0.0022167661
0.0021759347
0.0021347754
0.0020933034
0.0020515262
0.00200945
0.0019670859
0.0019244415
0.0018815098
0.0018382781
0.0017947382
0.0017508729
0.0017066538
0.0016620689
0.0016171192
0.0015717836
0.0015260359
0.0014798725
0.0014332696
0.0013861862
0.0013386177
0.0012905474
0.0012419372
0.0011927895
0.0011430858
0.0010927933
0.0010419156
0.00099039772
0.00093822078
0.00088544293
0.00083203653
0.00077798956
0.00072331979
0.00066807391
0.00061231638
0.00055603276
0.00049941588
0.00044266264
0.00038617725
0.00032994677
0.0002748502
0.00021760459
0.00014806508
4.2900922e-05
0.0040853225
0.0040748818
0.0040633504
0.0040504402
0.0040359836
0.0040199453
0.0040023322
0.0039831379
0.0039623484
0.0039399614
0.0039159906
0.0038904605
0.0038634032
0.0038348585
0.0038048754
0.0037735124
0.0037408375
0.0037069284
0.0036718723
0.0036357659
0.003598715
0.0035608331
0.0035222408
0.0034830634
0.0034434295
0.0034034679
0.0033633056
0.0033230645
0.0032828583
0.0032427901
0.0032029494
0.00316341
0.0031242282
0.0030854416
0.003047069
0.0030091105
0.0029715485
0.0029343498
0.0028974671
0.0028608421
0.0028244082
0.0027880935
0.0027518243
0.0027155273
0.0026791315
0.00264257
0.0026057818
0.0025687133
0.0025313208
0.002493571
0.0024554408
0.0024169162
0.0023779924
0.002338674
0.0022989725
0.0022589003
0.0022184684
0.0021776877
0.0021365721
0.0020951349
0.0020533848
0.002011328
0.0019689735
0.0019263276
0.001883386
0.0018401378
0.0017965739
0.0017526794
0.0017084307
0.0016638145
0.0016188277
0.0015734533
0.0015276673
0.001481461
0.0014348137
0.0013876899
0.0013400786
0.0012919643
0.0012433144
0.0011941235
0.0011443757
0.0010940409
0.0010431151
0.00099155482
0.00093933941
0.00088651227
0.00083305656
0.00077895864
0.00072423406
0.0006689241
0.00061308689
0.00055672142
0.00049999181
0.00044308255
0.00038633289
0.00032972508
0.00027371523
0.00021526626
0.00014412826
4.5188943e-05
0.0040283978
0.0040185803
0.0040077631
0.0039956765
0.0039821786
0.0039672436
0.0039508795
0.0039330815
0.003913837
0.0038931424
0.003871006
0.003847444
0.0038224776
0.0037961331
0.0037684434
0.0037394489
0.0037091977
0.0036777462
0.0036451598
0.0036115127
0.0035768881
0.003541378
0.0035050818
0.0034681054
0.0034305595
0.0033925577
0.0033542136
0.0033156388
0.0032769401
0.0032382165
0.0031995568
0.0031610375
0.0031227206
0.0030846524
0.0030468627
0.0030093645
0.0029721548
0.0029352154
0.0028985148
0.00286201
0.0028256488
0.0027893729
0.00275312
0.0027168267
0.0026804304
0.0026438709
0.0026070924
0.0025700452
0.0025326873
0.0024949857
0.0024569161
0.0024184628
0.0023796184
0.0023403836
0.0023007651
0.0022607726
0.0022204153
0.002179703
0.0021386472
0.0020972596
0.002055549
0.0020135219
0.0019711855
0.0019285449
0.0018855978
0.0018423356
0.001798749
0.001754825
0.0017105447
0.0016658942
0.0016208673
0.0015754495
0.0015296198
0.0014833653
0.0014366676
0.0013894964
0.0013418357
0.0012936707
0.0012449733
0.001195732
0.0011459321
0.0010955466
0.0010445647
0.00099295281
0.00094068961
0.00088780419
0.000834288
0.00078012743
0.00072533481
0.00066994555
0.00061401053
0.00055753994
0.00050066838
0.0004435612
0.00038648357
0.00032939816
0.00027233111
0.00021251347
0.00013990126
4.7184524e-05
0.0039640401
0.0039548236
0.0039446918
0.0039334256
0.0039209003
0.0039070892
0.0038920003
0.0038756324
0.003857976
0.003839027
0.0038187903
0.0037972754
0.0037744939
0.0037504605
0.0037251933
0.0036987157
0.0036710568
0.0036422521
0.0036123447
0.0035813859
0.0035494355
0.0035165617
0.0034828412
0.003448358
0.0034132024
0.0033774692
0.0033412561
0.0033046612
0.0032677808
0.0032307067
0.0031935243
0.0031563098
0.0031191284
0.0030820329
0.0030450625
0.0030082421
0.0029715823
0.0029350803
0.0028987203
0.0028624754
0.0028263092
0.0027901781
0.0027540334
0.0027178234
0.0026814955
0.0026449982
0.0026082825
0.0025713037
0.0025340231
0.0024964087
0.0024584363
0.0024200887
0.0023813564
0.0023422365
0.0023027316
0.0022628479
0.0022225928
0.0021819744
0.0021410021
0.0020996857
0.0020580337
0.0020160525
0.0019737482
0.0019311249
0.0018881817
0.0018449121
0.0018013078
0.0017573577
0.0017130466
0.0016683612
0.001623293
0.0015778293
0.0015319516
0.0014856449
0.0014388918
0.0013916667
0.0013439509
0.0012957285
0.0012469757
0.0011976768
0.0011478168
0.0010973714
0.0010463253
0.0009946515
0.00094232967
0.00088937575
0.00083578631
0.00078154908
0.00072667247
0.00067118537
0.00061513046
0.00055852546
0.00050147503
0.00044411751
0.00038663486
0.00032895421
0.00027068416
0.00020941429
0.00013544094
4.8738287e-05
0.0038907797
0.0038822507
0.0038729059
0.0038625417
0.0038510567
0.0038384332
0.0038246817
0.0038098037
0.0037937932
0.0037766474
0.0037583695
0.0037389648
0.0037184384
0.0036967954
0.0036740425
0.0036501884
0.0036252455
0.0035992307
0.0035721666
0.0035440824
0.0035150148
0.0034850089
0.0034541175
0.0034224014
0.0033899287
0.0033567732
0.0033230137
0.0032887317
0.0032540094
0.0032189282
0.0031835657
0.0031479943
0.003112279
0.0030764757
0.00304063
0.003004776
0.0029689362
0.0029331214
0.002897331
0.0028615537
0.0028257695
0.0027899501
0.0027540616
0.0027180659
0.0026819222
0.0026455893
0.0026090268
0.0025721967
0.0025350651
0.0024976029
0.0024597868
0.0024215995
0.0023830298
0.002344072
0.0023047256
0.0022649934
0.0022248805
0.0021843931
0.0021435387
0.0021023253
0.0020607605
0.0020188505
0.0019766004
0.0019340139
0.001891091
0.0018478275
0.0018042164
0.0017602486
0.0017159122
0.0016711953
0.001626088
0.0015805788
0.0015346517
0.0014882909
0.0014414796
0.0013941958
0.0013464198
0.0012981347
0.0012493194
0.0011999557
0.0011500275
0.001099513
0.0010483937
0.00099664718
0.00094425426
0.00089122004
0.00083754282
0.00078321222
0.00072823237
0.00067262486
0.0006164231
0.00055964724
0.00050237173
0.00044469931
0.00038672119
0.00032831335
0.00026871322
0.00020596529
0.00013078062
4.9656299e-05
0.0038098055
0.0038019655
0.0037933851
0.003783908
0.0037734521
0.0037620004
0.0037495635
0.0037361476
0.0037217515
0.0037063749
0.0036900206
0.0036726916
0.003654389
0.0036351114
0.0036148569
0.0035936234
0.0035714098
0.0035482176
0.0035240517
0.0034989221
0.0034728448
0.0034458426
0.0034179458
0.003389192
0.0033596265
0.003329301
0.0032982733
0.0032666056
0.0032343631
0.0032016127
0.0031684205
0.0031348508
0.0031009637
0.0030668137
0.0030324484
0.0029979074
0.0029632213
0.0029284114
0.0028934898
0.0028584594
0.0028233149
0.0027880435
0.002752626
0.0027170385
0.0026812536
0.0026452415
0.0026089722
0.0025724161
0.0025355457
0.0024983366
0.0024607682
0.0024228244
0.0023844936
0.0023457686
0.0023066465
0.0022671277
0.0022272148
0.0021869124
0.0021462259
0.002105162
0.0020637268
0.0020219263
0.0019797651
0.0019372466
0.0018943716
0.0018511379
0.0018075404
0.0017635722
0.0017192242
0.0016744862
0.0016293486
0.0015838006
0.0015378281
0.0014914159
0.0014445478
0.0013972044
0.0013493662
0.0013010154
0.0012521324
0.001202698
0.0011526948
0.0011021022
0.0010509006
0.00099906966
0.00094659144
0.00089346272
0.00083968057
0.00078523599
0.00073012875
0.00067437228
0.00061798933
0.00056099651
0.00050343728
0.00044537086
0.0003867933
0.00032751946
0.00026649611
0.00020228827
0.00012613402
4.990328e-05
0.0037195016
0.0037123856
0.0037046224
0.0036960709
0.0036866712
0.0036764138
0.0036653088
0.0036533633
0.0036405789
0.0036269575
0.0036125028
0.0035972169
0.0035810988
0.0035641437
0.0035463442
0.0035276912
0.0035081743
0.0034877837
0.003466511
0.003444351
0.0034213026
0.0033973699
0.0033725634
0.0033468999
0.003320403
0.003293103
0.0032650366
0.0032362456
0.0032067764
0.0031766786
0.0031460038
0.0031148036
0.0030831291
0.0030510284
0.0030185464
0.0029857226
0.002952591
0.002919179
0.002885507
0.0028515887
0.0028174306
0.0027830331
0.0027483906
0.0027134927
0.002678325
0.0026428701
0.002607109
0.0025710219
0.0025345893
0.0024977932
0.0024606175
0.0024230489
0.0023850773
0.0023466956
0.0023078999
0.0022686892
0.0022290646
0.0021890291
0.0021485868
0.0021077429
0.0020665029
0.0020248721
0.0019828549
0.001940455
0.0018976741
0.0018545118
0.0018109652
0.0017670298
0.0017226991
0.0016779651
0.0016328193
0.0015872518
0.0015412506
0.0014948015
0.0014478891
0.0014004959
0.0013526033
0.0013041931
0.0012552462
0.0012057432
0.0011556655
0.001104993
0.0010537057
0.0010017841
0.00094921079
0.00089597646
0.000842075
0.00078749724
0.0007322384
0.00067630286
0.00061970105
0.00056243959
0.00050452977
0.00044598128
0.00038669662
0.00032643012
0.00026394419
0.00019835507
0.00012155001
4.9360353e-05
0.0036228338
0.0036164266
0.003609452
0.0036017957
0.003593409
0.0035842817
0.0035744232
0.0035638431
0.0035525468
0.0035405397
0.0035278272
0.0035144131
0.0035002969
0.0034854736
0.003469934
0.0034536658
0.0034366538
0.0034188815
0.0034003319
0.0033809893
0.0033608401
0.0033398745
0.0033180869
0.0032954769
0.00327205
0.0032478174
0.003222796
0.0031970084
0.0031704819
0.0031432479
0.0031153411
0.0030867983
0.0030576574
0.0030279561
0.0029977311
0.0029670169
0.002935845
0.0029042432
0.002872235
0.002839839
0.0028070693
0.002773935
0.0027404407
0.0027065868
0.0026723701
0.0026377842
0.0026028207
0.0025674694
0.0025317197
0.0024955607
0.0024589824
0.002421976
0.0023845343
0.0023466522
0.0023083265
0.0022695562
0.002230342
0.0021906862
0.0021505924
0.0021100651
0.0020691091
0.0020277298
0.0019859319
0.0019437196
0.0019010959
0.0018580621
0.0018146181
0.0017707617
0.0017264892
0.0016817953
0.0016366731
0.0015911144
0.001545109
0.0014986444
0.0014517064
0.0014042789
0.0013563445
0.0013078851
0.0012588817
0.001209315
0.0011591654
0.001108413
0.0010570377
0.0010050199
0.00095234167
0.00089898966
0.00084495338
0.00079022144
0.00073478388
0.00067863514
0.00062177145
0.00056418348
0.00050584909
0.00044672641
0.00038663451
0.00032528152
0.00026136393
0.00019453823
0.00011743195
4.8391375e-05
0.0035175743
0.003511912
0.0035057429
0.0034989635
0.0034915456
0.0034834856
0.0034747926
0.0034654776
0.0034555497
0.0034450187
0.0034338943
0.0034221836
0.0034098887
0.0033970064
0.0033835283
0.0033694419
0.0033547305
0.0033393745
0.0033233523
0.0033066418
0.0032892214
0.0032710716
0.0032521754
0.0032325197
0.0032120957
0.0031908992
0.0031689311
0.0031461969
0.0031227069
0.0030984756
0.0030735209
0.0030478639
0.0030215278
0.002994537
0.0029669169
0.0029386924
0.0029098877
0.0028805256
0.0028506266
0.002820209
0.0027892882
0.0027578768
0.0027259843
0.0026936175
0.0026607805
0.0026274748
0.0025937001
0.0025594544
0.0025247347
0.0024895374
0.0024538586
0.0024176947
0.0023810429
0.0023439014
0.0023062692
0.002268147
0.0022295363
0.0021904402
0.0021508626
0.0021108082
0.0020702824
0.002029291
0.0019878396
0.0019459336
0.0019035776
0.0018607753
0.0018175288
0.0017738391
0.0017297051
0.0016851243
0.0016400924
0.0015946031
0.0015486481
0.0015022169
0.0014552966
0.0014078726
0.0013599283
0.0013114462
0.0012624075
0.0012127929
0.0011625826
0.0011117564
0.0010602942
0.0010081761
0.00095538328
0.0009018992
0.00084770892
0.00079279716
0.00073714784
0.00068074479
0.00062356858
0.00056558981
0.00050675315
0.00044696898
0.00038599324
0.00032351538
0.0002582766
0.00019041801
0.00011334096
4.6700088e-05
0.0034075772
0.0034025878
0.0033971516
0.003391177
0.0033846413
0.0033775415
0.0033698875
0.0033616933
0.0033529734
0.0033437424
0.003334013
0.0033237946
0.003313092
0.0033019055
0.0032902296
0.0032780532
0.0032653603
0.003252131
0.0032383423
0.0032239696
0.0032089875
0.0031933712
0.0031770971
0.0031601441
0.003142494
0.0031241322
0.0031050477
0.0030852336
0.0030646868
0.0030434079
0.0030214007
0.002998672
0.002975231
0.002951089
0.0029262585
0.0029007529
0.0028745861
0.0028477719
0.0028203237
0.002792254
0.0027635743
0.0027342949
0.0027044248
0.0026739714
0.0026429409
0.0026113379
0.0025791663
0.0025464286
0.0025131266
0.0024792617
0.0024448349
0.0024098475
0.0023743006
0.002338196
0.0023015362
0.0022643243
0.0022265641
0.0021882605
0.0021494189
0.0021100458
0.0020701479
0.0020297325
0.0019888072
0.0019473792
0.0019054556
0.0018630424
0.0018201449
0.0017767668
0.0017329101
0.0016885749
0.0016437594
0.0015984594
0.0015526681
0.0015063763
0.0014595723
0.001412242
0.0013643695
0.0013159369
0.0012669257
0.0012173162
0.0011670881
0.001116221
0.0010646945
0.0010124882
0.00095958202
0.00090595685
0.00085159362
0.00079647214
0.00074056945
0.00068385854
0.00062630404
0.00056785556
0.00050842823
0.00044789579
0.00038597956
0.00032238608
0.00025598
0.00018731354
0.00011047795
4.552824e-05
0.0032892569
0.0032849405
0.0032802402
0.0032750807
0.0032694505
0.0032633463
0.003256744
0.0032495627
0.0032418389
0.0032337317
0.0032252869
0.0032164507
0.003207192
0.0031975181
0.0031874389
0.0031769491
0.0031660323
0.0031546688
0.0031428375
0.0031305153
0.0031176769
0.0031042965
0.0030903483
0.0030758078
0.0030606525
0.003044862
0.0030284185
0.0030113072
0.0029935161
0.002975036
0.0029558602
0.0029359845
0.0029154067
0.0028941264
0.0028721444
0.0028494627
0.0028260839
0.0028020113
0.0027772481
0.0027517981
0.0027256646
0.0026988511
0.0026713606
0.0026431962
0.0026143604
0.0025848559
0.0025546852
0.0025238505
0.0024923545
0.0024601996
0.0024273889
0.0023939256
0.0023598137
0.0023250577
0.0022896629
0.0022536354
0.0022169823
0.0021797114
0.0021418314
0.0021033519
0.0020642831
0.002024636
0.0019844216
0.0019436514
0.0019023364
0.001860487
0.0018181124
0.0017752204
0.0017318166
0.0016879043
0.0016434842
0.0015985536
0.001553107
0.0015071355
0.001460627
0.0014135666
0.0013659372
0.0013177199
0.0012688945
0.00121944
0.0011693351
0.0011185582
0.0010670878
0.0010149023
0.00096197987
0.00090829854
0.00085383504
0.00079856356
0.00074245365
0.00068546759
0.00062755538
0.00056864815
0.00050863953
0.00044738316
0.00038459714
0.00032003642
0.00025272792
0.0001835272
0.00010713095
4.3616455e-05
0.0031691615
0.0031653204
0.0031611607
0.003156608
0.0031516465
0.0031462689
0.0031404779
0.0031342824
0.0031276943
0.0031207271
0.0031133942
0.0031057071
0.0030976745
0.0030893012
0.0030805873
0.0030715275
0.0030621121
0.0030523271
0.0030421549
0.0030315745
0.0030205626
0.0030090946
0.0029971459
0.0029846922
0.00297171
0.0029581774
0.0029440741
0.0029293819
0.0029140845
0.0028981678
0.0028816193
0.0028644282
0.0028465852
0.0028280822
0.0028089115
0.0027890662
0.0027685394
0.0027473244
0.0027254146
0.0027028033
0.0026794838
0.0026554494
0.0026306933
0.0026052091
0.0025789908
0.0025520327
0.0025243299
0.0024958781
0.002466674
0.002436715
0.0024060002
0.0023745298
0.0023423051
0.0023093288
0.002275605
0.0022411398
0.0022059409
0.0021700181
0.002133383
0.0020960489
0.0020580309
0.0020193454
0.0019800101
0.001940043
0.0018994628
0.0018582872
0.001816533
0.0017742149
0.001731345
0.0016879319
0.0016439806
0.0015994916
0.0015544611
0.0015088807
0.001462738
0.0014160168
0.0013686981
0.0013207611
0.0012721837
0.0012229433
0.0011730168
0.0011223816
0.0010710147
0.0010188931
0.00096599308
0.0009122896
0.00085775484
0.00080235681
0.00074605711
0.00068880796
0.00063054711
0.00057119257
0.00051062687
0.00044870123
0.00038515479
0.0003198112
0.00025185211
0.00018236259
0.00010633639
4.3487824e-05
0.0030408452
0.0030375487
0.0030339515
0.0030299847
0.0030256421
0.0030209199
0.0030158211
0.0030103547
0.0030045336
0.0029983729
0.0029918885
0.002985095
0.002978005
0.0029706341
0.002962981
0.0029550349
0.0029467562
0.0029381304
0.0029292003
0.0029199608
0.0029103671
0.0029003798
0.0028899747
0.0028791312
0.002867826
0.0028560349
0.0028437354
0.0028309082
0.0028175368
0.0028036062
0.0027891034
0.0027740171
0.002758337
0.0027420528
0.0027251542
0.0027076309
0.0026894735
0.0026706735
0.0026512231
0.0026311129
0.0026103312
0.0025888652
0.0025667029
0.002543832
0.00252024
0.0024959147
0.0024708441
0.0024450149
0.0024184137
0.0023910311
0.0023628589
0.002333889
0.0023041143
0.0022735293
0.0022421297
0.0022099127
0.0021768782
0.0021430293
0.002108373
0.0020729198
0.0020366843
0.0019996839
0.0019619381
0.0019234682
0.0018842963
0.0018444446
0.0018039341
0.0017627833
0.0017210076
0.0016786185
0.0016356226
0.001592021
0.0015478097
0.001502979
0.0014575152
0.0014114017
0.0013646203
0.0013171523
0.001268979
0.0012200817
0.001170442
0.0011200415
0.0010688604
0.0010168785
0.0009640754
0.00091042748
0.00085590591
0.00080047531
0.00074409206
0.00068670138
0.00062823333
0.00056859968
0.00050768204
0.00044534183
0.00038135131
0.00031559721
0.00024739234
0.00017795552
0.00010273587
4.133102e-05
0.0029201586
0.002917602
0.002914866
0.0029118841
0.0029086307
0.0029050715
0.0029011854
0.0028969618
0.0028923991
0.0028874966
0.0028822578
0.0028767048
0.0028708604
0.0028647322
0.0028583271
0.0028516517
0.0028447013
0.0028374766
0.0028299795
0.0028221939
0.0028140834
0.0028056198
0.0027968031
0.0027876326
0.0027780937
0.0027681613
0.002757798
0.0027469634
0.0027356383
0.002723787
0.002711369
0.0026983772
0.0026848147
0.0026706485
0.0026558174
0.0026402954
0.0026240747
0.0026071249
0.0025894485
0.0025710442
0.0025519035
0.0025320086
0.0025113578
0.0024899514
0.0024677518
0.0024447896
0.0024210803
0.0023965836
0.0023712849
0.0023452132
0.0023183729
0.0022907528
0.0022623448
0.0022331474
0.0022031639
0.0021723996
0.002140861
0.0021085567
0.002075499
0.0020417057
0.0020071977
0.0019719977
0.0019361294
0.0018996142
0.0018624689
0.0018247039
0.0017863225
0.0017473227
0.0017076965
0.0016674304
0.001626505
0.0015848953
0.0015425714
0.0014994981
0.0014556356
0.0014109478
0.001365407
0.0013189937
0.001271695
0.001223503
0.0011744171
0.0011244363
0.001073557
0.0010217736
0.00096907753
0.00091545579
0.00086088839
0.0008053467
0.00074879156
0.00069117128
0.00063241878
0.00057245027
0.00051115648
0.00044841707
0.00038403568
0.00031794748
0.00024951358
0.00017998795
0.0001046007
4.2626124e-05
0.0027770106
0.0027730839
0.0027692897
0.0027656489
0.002762095
0.0027585677
0.0027550162
0.0027513996
0.0027476752
0.0027437995
0.0027397413
0.0027354773
0.002730986
0.002726248
0.0027212438
0.0027159577
0.0027103818
0.0027045072
0.0026983191
0.0026917882
0.0026848954
0.0026776331
0.0026700083
0.0026620697
0.0026537514
0.0026450369
0.0026361312
0.0026271739
0.0026181676
0.002609002
0.0025996819
0.0025902749
0.0025806488
0.0025705072
0.002559547
0.0025476616
0.0025350435
0.0025221673
0.0025086121
0.0024937814
0.0024778432
0.0024610296
0.0024433234
0.0024243913
0.0024043649
0.0023835433
0.0023615764
0.0023381653
0.0023138584
0.0022887096
0.0022624097
0.002235056
0.0022066085
0.002177026
0.0021463452
0.0021146362
0.0020820101
0.0020485684
0.0020144236
0.0019797353
0.0019446039
0.0019091146
0.0018733627
0.0018374048
0.0018012833
0.0017650132
0.001728561
0.0016918692
0.0016548719
0.0016174919
0.0015796376
0.0015411992
0.0015020595
0.0014621039
0.001421229
0.0013793522
0.0013364133
0.0012923743
0.0012472167
0.001200939
0.0011535523
0.0011050735
0.0010555219
0.0010049148
0.00095326415
0.00090057501
0.00084684414
0.00079205745
0.00073618804
0.00067919513
0.0006210222
0.00056159704
0.00050082567
0.000438609
0.00037478507
0.00030933401
0.00024171797
0.00017327336
9.972414e-05
4.0096493e-05
0.0026921771
0.002685431
0.0026788871
0.00267271
0.002666888
0.0026614305
0.0026563311
0.0026515551
0.0026470538
0.00264277
0.0026386365
0.0026345794
0.0026305259
0.002626407
0.0026221587
0.0026177204
0.0026130363
0.0026080599
0.0026027565
0.0025971034
0.0025910877
0.0025846982
0.002577924
0.0025707617
0.0025632176
0.0025553053
0.002547066
0.0025385858
0.0025299675
0.0025212976
0.0025126448
0.0025040249
0.0024953617
0.0024865495
0.0024775169
0.0024682636
0.002458769
0.0024489528
0.0024387047
0.0024278863
0.0024163902
0.0024041075
0.0023909326
0.0023767932
0.0023616308
0.0023454129
0.0023282119
0.0023102521
0.0022915268
0.0022715836
0.0022499743
0.0022260329
0.0021991498
0.0021695639
0.0021376234
0.0021034927
0.0020675332
0.0020301619
0.001991861
0.0019531665
0.0019144847
0.0018760998
0.0018382011
0.0018008754
0.0017641124
0.0017278656
0.0016921036
0.0016567181
0.0016216552
0.0015869794
0.0015525279
0.0015179066
0.0014826655
0.0014463329
0.0014086613
0.0013696121
0.0013291839
0.0012873515
0.0012440952
0.0011994266
0.0011533798
0.0011060014
0.0010573412
0.0010074468
0.00095635952
0.00090411146
0.00085072276
0.00079619957
0.0007405327
0.00068369698
0.00062565012
0.00056633357
0.00050566611
0.00044355894
0.00037985116
0.00031450468
0.00024690176
0.00017822366
0.00010370481
4.2163021e-05
0.0026266802
0.0026204083
0.0026144225
0.0026086137
0.0026028525
0.0025970776
0.0025912631
0.0025853978
0.0025794755
0.0025734906
0.0025674366
0.0025613048
0.0025550843
0.0025487621
0.0025423239
0.002535754
0.0025290361
0.0025221534
0.0025150897
0.0025078294
0.0025003584
0.0024926637
0.0024847341
0.0024765604
0.002468135
0.0024594531
0.0024505139
0.0024413193
0.0024318707
0.0024221664
0.0024121999
0.0024019548
0.0023914011
0.0023804974
0.0023691964
0.0023574518
0.0023452124
0.0023324053
0.0023189393
0.0023047188
0.0022896522
0.0022736443
0.0022565869
0.0022383744
0.0022189205
0.0021981565
0.0021760214
0.0021524659
0.002127459
0.0021009977
0.0020731108
0.0020438543
0.0020133225
0.0019816246
0.0019488938
0.001915312
0.0018810942
0.0018465069
0.0018118368
0.0017773617
0.0017433421
0.0017099833
0.0016774208
0.0016457166
0.0016148575
0.0015847703
0.0015553231
0.0015263364
0.0014976025
0.0014688987
0.0014399969
0.0014107288
0.0013809912
0.0013503993
0.0013183274
0.0012844844
0.0012489314
0.0012117557
0.0011729735
0.0011325909
0.0010906409
0.0010471758
0.0010022527
0.00095592471
0.00090823914
0.00085923613
0.00080894653
0.00075739012
0.00070457501
0.00065049819
0.00059514701
0.00053850168
0.0004805383
0.00042123432
0.00036057056
0.00029855514
0.00023516815
0.00017071453
0.00010426297
4.4483673e-05
)
;

boundaryField
{
    inlet
    {
        type            zeroGradient;
    }
    top
    {
        type            zeroGradient;
    }
    outlet
    {
        type            fixedValue;
        value           uniform 0;
    }
    slipsurface
    {
        type            slip;
    }
    bottom
    {
        type            zeroGradient;
    }
    frontandback
    {
        type            empty;
    }
}


// ************************************************************************* //
