/*--------------------------------*- C++ -*----------------------------------*\
  =========                 |
  \\      /  F ield         | OpenFOAM: The Open Source CFD Toolbox
   \\    /   O peration     | Website:  https://openfoam.org
    \\  /    A nd           | Version:  12
     \\/     M anipulation  |
\*---------------------------------------------------------------------------*/
FoamFile
{
    format      ascii;
    class       volScalarField;
    location    "400";
    object      omega;
}
// * * * * * * * * * * * * * * * * * * * * * * * * * * * * * * * * * * * * * //

dimensions      [0 0 -1 0 0 0 0];

internalField   nonuniform List<scalar> 
7480
(
99.668428
99.668428
99.668428
99.668428
99.668428
99.668428
99.668428
99.668428
99.668428
99.668428
99.668428
99.668428
99.668428
425.2944
681.48729
848.49511
946.6521
996.87668
1022.6847
1021.7714
1016.2981
1006.0736
993.36563
979.77152
965.82952
951.8131
937.98652
924.726
912.4223
900.93475
890.2777
880.51818
871.70065
863.82357
856.84048
850.67653
845.23366
840.41698
836.16326
832.4252
829.13574
826.21288
823.58354
821.17404
818.95323
816.8246
814.76896
812.75341
810.74541
808.72345
806.66395
804.53863
802.32882
800.03329
797.66458
795.24015
792.77698
790.29253
787.80248
785.31717
782.84166
780.37852
777.93122
775.50561
773.10749
770.74007
768.40648
766.10913
763.84581
761.61059
759.39911
757.21092
755.04727
752.90889
750.79765
748.71565
746.66105
744.6295
742.61829
740.6276
738.65844
736.71257
734.79141
732.89287
731.0134
729.15203
727.3088
725.48505
723.68219
721.89827
720.13041
718.37778
716.64104
714.91931
713.21468
711.51077
709.84125
708.0725
706.57251
703.82363
24.732414
24.776308
24.841272
24.914034
24.991195
25.072042
25.155864
25.242796
25.331967
25.430429
25.507703
25.725018
25.342891
27.822887
39.123917
67.556127
115.73419
179.21646
251.79611
316.40564
363.32384
394.6537
415.38775
429.63979
438.47115
441.22937
439.26022
434.18064
429.51017
428.27852
429.78454
432.53806
435.22269
436.95723
437.2851
436.07993
433.45268
429.68673
425.25563
420.40309
414.93219
408.89218
402.60436
396.27435
390.01283
383.91459
378.05903
372.50234
367.26836
362.34979
357.79842
353.60494
349.74746
346.20389
342.95067
339.95655
337.18779
334.60983
332.17489
329.86014
327.65753
325.56121
323.56063
321.64484
319.80635
318.0388
316.33647
314.68832
313.08372
311.51926
309.99618
308.51629
307.08019
305.68654
304.33361
303.01764
301.73351
300.47804
299.2513
298.05438
296.88745
295.74998
294.63932
293.55252
292.48747
291.4443
290.42377
289.42572
288.44848
287.49012
286.54912
285.62547
284.71985
283.83094
282.95835
282.09749
281.25821
280.4102
279.66861
278.41052
24.644412
24.494732
24.343712
24.190665
24.035412
23.877928
23.718226
23.556333
23.392273
23.226113
23.057798
22.887729
22.715357
22.541038
22.399329
22.580915
23.532789
25.981377
30.68241
38.815115
51.009014
66.878874
85.729019
106.56462
129.10384
149.55305
167.06157
181.92318
195.04141
207.98175
222.62067
236.94219
248.841
258.15343
265.05891
269.69589
272.07411
272.01702
269.61532
265.64711
261.66508
258.21181
254.97056
251.70676
248.36089
245.07781
241.68732
238.12415
234.46307
230.76435
227.10155
223.57645
220.24572
217.12519
214.20243
211.45521
208.86901
206.43574
204.17299
202.07057
200.11036
198.27289
196.53985
194.89886
193.34181
191.86086
190.44733
189.0876
187.77408
186.50754
185.28909
184.11714
182.98905
181.90224
180.85479
179.84147
178.8566
177.89887
176.96938
176.06879
175.19647
174.35174
173.53114
172.73125
171.95094
171.19077
170.45126
169.73252
169.03234
168.34839
167.67978
167.02673
166.38988
165.76822
165.16051
164.56432
163.98472
163.40363
162.91191
162.04531
24.63884
24.480181
24.318947
24.155008
23.988377
23.819068
23.647097
23.472484
23.295249
23.115418
22.933018
22.748096
22.560682
22.370997
22.178867
21.985935
21.792663
21.606798
21.449447
21.368221
21.425596
21.687202
22.213459
23.093775
24.349354
26.455966
29.584556
33.852265
39.384083
46.335758
55.041446
65.756993
78.954441
93.19885
108.04228
123.31853
138.98613
155.03744
168.27698
177.74876
184.10229
188.10292
190.18689
190.61803
189.64002
187.50066
185.1156
182.77209
180.39948
177.87596
175.21134
172.56923
169.84597
167.09524
164.35551
161.65394
159.03192
156.51791
154.13913
151.90232
149.79599
147.80868
145.93526
144.17232
142.51006
140.93556
139.43447
138.00802
136.65749
135.37768
134.16092
132.9998
131.88935
130.82622
129.80703
128.8257
127.87872
126.96653
126.0893
125.24564
124.43345
123.65125
122.8947
122.16093
121.44977
120.76173
120.09656
119.45382
118.83048
118.22431
117.63496
117.0627
116.50786
115.96903
115.44461
114.93293
114.43807
113.94438
113.53623
112.80682
24.638423
24.4792
24.317419
24.152936
23.985719
23.815768
23.643089
23.467694
23.289597
23.108815
22.925365
22.739269
22.550551
22.359183
22.165348
21.968001
21.767477
21.564598
21.361384
21.156895
20.951671
20.747057
20.542713
20.340375
20.142593
19.955025
19.785432
19.647564
19.558391
19.540277
19.623916
19.8605
20.295938
21.241644
22.902147
25.505145
29.356638
34.918633
42.638566
53.29676
66.523043
81.077383
96.479276
112.76382
126.26144
135.77403
141.8603
145.29708
146.76613
146.80581
145.80501
144.23932
142.53057
140.69444
138.67981
136.51445
134.35026
132.13366
129.89066
127.65019
125.44747
123.32131
121.30009
119.38267
117.55284
115.80071
114.12414
112.53198
111.02932
109.61002
108.2632
106.98229
105.7637
104.60322
103.49367
102.43512
101.42872
100.47071
99.556511
98.681903
97.84378
97.039641
96.265722
95.520771
94.804677
94.116607
93.455018
92.818554
92.203742
91.609087
91.034549
90.479974
89.94503
89.427701
88.926401
88.439861
87.972081
87.506742
87.128016
86.44866
24.638389
24.479104
24.317256
24.152706
23.985424
23.815409
23.64267
23.467219
23.289071
23.108244
22.924759
22.738641
22.549921
22.358633
22.164829
21.968543
21.769813
21.56866
21.36509
21.158942
20.949755
20.736896
20.521806
20.304986
20.086839
19.867738
19.648916
19.429326
19.209053
18.988503
18.768973
18.549694
18.331207
18.115719
17.907782
17.715172
17.553675
17.449046
17.451901
17.612637
18.157137
19.425979
21.759477
25.704218
31.889404
41.44122
54.216057
68.571497
84.083279
97.786197
107.81504
114.1376
117.60497
119.0229
119.0995
118.31526
117.11856
115.74536
114.22093
112.53951
110.76941
108.98363
107.17427
105.34475
103.50995
101.70629
99.96643
98.295025
96.684231
95.132181
93.643762
92.22475
90.873813
89.584939
88.351294
87.174698
86.058938
85.000678
83.993578
83.032953
82.115932
81.238294
80.402092
79.606024
78.846749
78.120923
77.42578
76.758979
76.118117
75.502588
74.91175
74.344406
73.79928
73.273998
72.767405
72.278407
71.810818
71.34678
70.972033
70.302652
24.638395
24.479102
24.317245
24.152683
23.98539
23.815363
23.642611
23.467147
23.288985
23.108144
22.924645
22.738512
22.549777
22.358486
22.164688
21.96844
21.769799
21.568824
21.365562
21.160059
20.952353
20.742453
20.530393
20.316223
20.099996
19.881752
19.661541
19.43934
19.215025
18.988496
18.759018
18.528117
18.29629
18.063869
17.831203
17.59921
17.368037
17.137169
16.907168
16.679716
16.454632
16.235415
16.031775
15.862673
15.78224
15.856753
16.348837
17.675387
20.362001
25.07356
33.029655
44.607151
57.935919
72.383774
84.040859
92.077072
96.78584
99.005618
99.638486
99.338948
98.511765
97.470678
96.255975
94.919032
93.492839
92.062571
90.603839
89.108919
87.580512
86.051207
84.556769
83.10856
81.70213
80.336452
79.018586
77.752727
76.539199
75.37715
74.265918
73.205156
72.19321
71.225417
70.303105
69.427151
68.594423
67.800559
67.042522
66.316979
65.626449
64.968721
64.340823
63.740226
63.164692
62.612406
62.082922
61.574668
61.090834
60.611778
60.225902
59.543089
24.63841
24.479116
24.317259
24.152697
23.985401
23.815373
23.642619
23.467152
23.288989
23.108147
22.924648
22.738516
22.549785
22.358496
22.164699
21.968448
21.769798
21.568806
21.36553
21.160025
20.952349
20.742567
20.530739
20.316929
20.101198
19.883611
19.664228
19.443114
19.220332
18.995948
18.769997
18.542549
18.313689
18.083512
17.8521
17.619528
17.385823
17.150881
16.914458
16.675686
16.436428
16.197454
15.959584
15.724379
15.490649
15.259464
15.032698
14.814123
14.615927
14.480079
14.478905
14.855856
16.067617
18.735985
23.531496
32.371664
43.662603
56.593733
68.193996
76.599212
81.73044
84.230429
84.990647
84.844924
84.228168
83.413081
82.44014
81.355785
80.193259
79.017471
77.805207
76.549397
75.258775
73.96274
72.690501
71.442718
70.214293
69.011802
67.846444
66.723316
65.642293
64.602546
63.603961
62.648933
61.737063
60.866455
60.035769
59.241811
58.485954
57.76746
57.083489
56.430997
55.806987
55.212323
54.646495
54.105983
53.593028
53.086366
52.678442
51.965527
24.638427
24.479136
24.31728
24.152719
23.985424
23.815396
23.642642
23.467176
23.289014
23.108173
22.924675
22.738547
22.549819
22.358534
22.164742
21.968496
21.769851
21.568863
21.365587
21.160079
20.952396
20.742595
20.53074
20.316895
20.10113
19.883516
19.664128
19.443042
19.220338
18.9961
18.770417
18.543375
18.315059
18.085555
17.854951
17.623331
17.39078
17.157384
16.923225
16.688343
16.452819
16.216745
15.980194
15.743221
15.505659
15.266778
15.026452
14.786665
14.549565
14.315815
14.084647
13.859281
13.642911
13.447571
13.331565
13.372099
13.988123
15.718307
19.191601
26.003032
35.923947
47.649244
58.466133
66.25775
70.928285
73.087075
73.676859
73.511931
72.988995
72.309794
71.485057
70.563221
69.585765
68.592234
67.566016
66.495689
65.392692
64.283012
63.181232
62.089113
61.01124
59.958073
58.933523
57.938804
56.976269
56.049626
55.160806
54.308454
53.490764
52.709545
51.964459
51.253644
50.574719
49.928129
49.313644
48.728069
48.173345
47.627189
47.187998
46.430887
24.638446
24.479157
24.317303
24.152744
23.98545
23.815423
23.642671
23.467206
23.289045
23.108206
22.924712
22.738587
22.549865
22.358587
22.164801
21.968561
21.76992
21.568935
21.36566
21.160152
20.952467
20.742663
20.530804
20.316952
20.101177
19.88355
19.664145
19.443038
19.220309
18.99604
18.770318
18.54323
18.314867
18.085321
17.854687
17.623061
17.390542
17.157231
16.92323
16.688649
16.453591
16.218156
15.982439
15.746527
15.51051
15.274451
15.038386
14.80237
14.566498
14.330674
14.094644
13.856465
13.619016
13.385411
13.15573
12.929595
12.71119
12.505614
12.347525
12.307324
12.709637
14.093307
17.074091
23.369748
32.597076
43.63113
53.078894
59.511612
63.026144
64.459466
64.697637
64.424304
63.919841
63.299837
62.561417
61.759621
60.930161
60.073617
59.173854
58.233496
57.273656
56.313635
55.353898
54.394944
53.44641
52.517379
51.611602
50.731597
49.878448
49.055055
48.263068
47.503483
46.776442
46.080591
45.416006
44.781746
44.180782
43.590652
43.112634
42.297387
24.638466
24.47918
24.317328
24.152771
23.985479
23.815454
23.642703
23.46724
23.289081
23.108244
22.924753
22.738633
22.549917
22.358646
22.164867
21.968633
21.769998
21.569017
21.365744
21.160237
20.952552
20.742748
20.530887
20.317034
20.101257
19.883627
19.664219
19.443108
19.220374
18.9961
18.77037
18.543272
18.314896
18.085332
17.854677
17.623026
17.390478
17.157134
16.923096
16.688468
16.453356
16.217866
15.982106
15.746183
15.510207
15.274288
15.03854
14.803068
14.567964
14.333303
14.099174
13.865565
13.632496
13.400079
13.168163
12.936125
12.702658
12.471264
12.245558
12.023089
11.808862
11.605193
11.441804
11.387635
11.791278
13.227073
16.360175
23.266024
32.486744
42.388896
50.003689
54.645817
56.742746
57.37089
57.278183
56.903833
56.406037
55.816083
55.15293
54.450034
53.72678
52.965627
52.162703
51.331649
50.49077
49.642548
48.788917
47.94009
47.102822
46.279922
45.475075
44.693428
43.938312
43.209222
42.5071
41.832921
41.191517
40.561158
40.045536
39.168022
24.638488
24.479204
24.317355
24.1528
23.98551
23.815486
23.642737
23.467276
23.289119
23.108285
22.924798
22.738683
22.549973
22.358709
22.164937
21.96871
21.77008
21.569103
21.365834
21.160328
20.952643
20.742838
20.530975
20.31712
20.101341
19.883708
19.664297
19.443183
19.220446
18.996169
18.770436
18.543335
18.314955
18.085389
17.85473
17.623076
17.390525
17.157176
16.923132
16.688496
16.453373
16.217868
15.982089
15.746142
15.510136
15.274178
15.038378
14.802846
14.567688
14.333014
14.09893
13.865552
13.632983
13.401306
13.170587
12.940889
12.712169
12.484472
12.257737
12.031971
11.80407
11.578014
11.358437
11.142276
10.935229
10.739165
10.593383
10.582706
11.213287
12.999779
17.294274
24.869611
34.503911
42.57395
47.865326
50.311712
51.200368
51.258451
50.980817
50.567993
50.078752
49.515548
48.915531
48.29747
47.643797
46.947672
46.21988
45.478932
44.72741
43.966075
43.203596
42.447675
41.702763
40.971736
40.258319
39.564976
38.898744
38.239438
37.696502
36.765829
24.638512
24.47923
24.317383
24.15283
23.985542
23.81552
23.642773
23.467314
23.289159
23.108329
22.924845
22.738736
22.550033
22.358776
22.165012
21.968791
21.770167
21.569195
21.365928
21.160423
20.952739
20.742933
20.531069
20.317212
20.10143
19.883795
19.66438
19.443263
19.220523
18.996242
18.770506
18.543401
18.315019
18.085449
17.854788
17.623131
17.390577
17.157226
16.92318
16.688543
16.453418
16.217912
15.982131
15.746182
15.510173
15.274212
15.038406
14.802863
14.567691
14.332995
14.098882
13.865459
13.632829
13.401097
13.170365
12.940734
12.712312
12.485191
12.259418
12.03508
11.812087
11.590453
11.370135
11.151267
10.930241
10.711812
10.499962
10.292434
10.094449
9.9164787
9.8047867
10.025038
11.160478
14.008556
20.376395
29.049317
37.050531
42.500107
45.072061
46.051336
46.170736
45.935525
45.573485
45.150075
44.661256
44.141641
43.602496
43.031888
42.421842
41.780883
41.124105
40.452749
39.770036
39.084244
38.401119
37.72363
37.061497
36.396214
35.844083
34.881629
24.638536
24.479257
24.317413
24.152862
23.985576
23.815556
23.642811
23.467354
23.289202
23.108375
22.924896
22.738792
22.550096
22.358846
22.16509
21.968876
21.770258
21.56929
21.366026
21.160523
20.952839
20.743033
20.531167
20.317308
20.101524
19.883886
19.664468
19.443348
19.220604
18.99632
18.77058
18.543472
18.315085
18.085513
17.854848
17.623188
17.390631
17.157277
16.923229
16.688589
16.453462
16.217954
15.982172
15.746221
15.510211
15.274249
15.038442
14.802899
14.567726
14.333029
14.098915
13.865488
13.63285
13.401105
13.170353
12.940693
12.712223
12.485039
12.259236
12.034903
11.812145
11.591049
11.371645
11.15402
10.938044
10.723725
10.511015
10.299621
10.086721
9.8782287
9.6752264
9.479986
9.2967399
9.1539807
9.1945638
9.9886381
12.151527
17.741058
25.73836
33.345022
38.512613
40.863812
41.726557
41.81557
41.589256
41.257838
40.877439
40.447066
39.991302
39.517364
39.013311
38.470676
37.899393
37.310686
36.705864
36.088637
35.471582
34.835772
34.302594
33.345042
24.638563
24.479286
24.317444
24.152895
23.985612
23.815594
23.642851
23.467396
23.289248
23.108424
22.924949
22.738851
22.550162
22.35892
22.165171
21.968965
21.770353
21.569389
21.366128
21.160627
20.952943
20.743136
20.53127
20.317409
20.101622
19.883981
19.66456
19.443437
19.22069
18.996402
18.770658
18.543546
18.315156
18.08558
17.854912
17.623249
17.390689
17.157332
16.923281
16.688639
16.453509
16.217999
15.982214
15.746262
15.51025
15.274287
15.038478
14.802934
14.567759
14.333061
14.098946
13.865518
13.632881
13.401135
13.170382
12.94072
12.712246
12.485053
12.259234
12.03488
11.812078
11.590917
11.371481
11.153847
10.938111
10.724347
10.512575
10.302842
10.095023
9.8890215
9.6851725
9.4804503
9.2771262
9.0807136
8.8897123
8.7093216
8.5585382
8.5324897
9.1780942
11.119602
16.37041
24.032033
31.03367
35.507787
37.410835
38.034965
38.041976
37.809914
37.499535
37.153097
36.768594
36.36417
35.942561
35.4877
34.997477
34.482055
33.952702
33.386506
32.907393
32.004981
24.638591
24.479316
24.317477
24.15293
23.985649
23.815633
23.642893
23.467441
23.289296
23.108476
22.925006
22.738913
22.550231
22.358997
22.165256
21.969056
21.770451
21.569491
21.366234
21.160734
20.953051
20.743244
20.531376
20.317513
20.101724
19.884081
19.664657
19.44353
19.220779
18.996487
18.77074
18.543624
18.315231
18.085651
17.854979
17.623313
17.39075
17.15739
16.923336
16.688691
16.453559
16.218047
15.98226
15.746306
15.510292
15.274326
15.038517
14.80297
14.567794
14.333095
14.098978
13.865549
13.63291
13.401164
13.17041
12.940747
12.712272
12.485079
12.25926
12.034904
11.812099
11.59093
11.371479
11.153824
10.938045
10.724216
10.512412
10.302698
10.095162
9.889838
9.6867781
9.4858837
9.2870287
9.090319
8.8948516
8.6983273
8.5097461
8.3227288
8.1594421
7.9683853
7.9693062
8.6138596
10.673915
15.972492
23.547983
29.723497
33.088398
34.445084
34.808035
34.73289
34.498492
34.208465
33.890218
33.541922
33.176187
32.791909
32.379072
31.91514
31.523206
30.728765
24.638621
24.479349
24.317511
24.152967
23.985689
23.815675
23.642938
23.467489
23.289346
23.108531
22.925065
22.738979
22.550303
22.359077
22.165343
21.969151
21.770551
21.569597
21.366343
21.160845
20.953162
20.743355
20.531486
20.317622
20.10183
19.884184
19.664757
19.443626
19.220872
18.996577
18.770826
18.543706
18.315309
18.085725
17.85505
17.62338
17.390814
17.157451
16.923394
16.688746
16.453612
16.218097
15.982308
15.746352
15.510336
15.274369
15.038557
14.803009
14.567831
14.333131
14.099013
13.865582
13.632941
13.401194
13.170438
12.940774
12.712298
12.485104
12.259284
12.034927
11.812122
11.590952
11.371501
11.153845
10.938063
10.724226
10.512406
10.302669
10.095082
9.8897084
9.6866046
9.4858415
9.2874764
9.0915146
8.8979633
8.7066143
8.5174852
8.3305466
8.1408386
7.9588752
7.7815071
7.6165673
7.4715085
7.5077987
8.2579218
10.841227
16.581829
23.552807
28.644509
30.984066
31.859481
31.982238
31.827817
31.582005
31.304405
31.006375
30.692913
30.346023
30.059859
29.414899
24.638652
24.479383
24.317548
24.153007
23.98573
23.81572
23.642985
23.467539
23.2894
23.108588
22.925128
22.739047
22.550378
22.35916
22.165434
21.969249
21.770655
21.569706
21.366455
21.160959
20.953277
20.74347
20.5316
20.317734
20.10194
19.884291
19.664861
19.443727
19.220969
18.99667
18.770915
18.543791
18.31539
18.085803
17.855124
17.62345
17.390881
17.157515
16.923455
16.688804
16.453668
16.21815
15.982359
15.7464
15.510382
15.274413
15.038599
14.803049
14.56787
14.333168
14.099048
13.865616
13.632974
13.401225
13.170469
12.940803
12.712326
12.48513
12.259309
12.034951
11.812145
11.590974
11.371521
11.153865
10.938082
10.724245
10.512425
10.302687
10.095096
9.8897123
9.6865935
9.4857947
9.2873703
9.0913699
8.8978382
8.7068507
8.5183656
8.33252
8.1487675
7.9677284
7.7886831
7.6078709
7.4344816
7.2655085
7.1125101
6.9748721
7.1697377
8.1499844
11.923381
18.231973
24.184741
27.674428
29.055545
29.453277
29.418136
29.230463
28.993747
28.719657
28.497532
28.008663
24.638686
24.479419
24.317587
24.153048
23.985774
23.815766
23.643034
23.467591
23.289456
23.108649
22.925193
22.739119
22.550457
22.359245
22.165527
21.969349
21.770762
21.569817
21.36657
21.161076
20.953395
20.743588
20.531717
20.317849
20.102053
19.884401
19.664968
19.44383
19.221069
18.996766
18.771007
18.54388
18.315474
18.085883
17.855201
17.623524
17.390951
17.157582
16.923519
16.688865
16.453725
16.218205
15.982412
15.746451
15.510431
15.274459
15.038644
14.803092
14.567911
14.333207
14.099086
13.865652
13.633009
13.401258
13.1705
12.940834
12.712355
12.485158
12.259335
12.034976
11.812169
11.590997
11.371543
11.153886
10.938102
10.724264
10.512442
10.302704
10.095113
9.8897288
9.6866098
9.4858095
9.2873784
9.0913643
8.8978111
8.7067636
8.5182612
8.3323374
8.1490562
7.9684032
7.7904277
7.6147702
7.4417147
7.2701064
7.0978316
6.9322227
6.7740677
6.6320726
6.5369278
6.9694098
8.7208895
13.576722
19.85901
24.455083
26.472716
27.179097
27.262483
27.111128
26.949228
26.555619
24.638722
24.479457
24.317627
24.153091
23.98582
23.815815
23.643086
23.467647
23.289515
23.108712
22.925262
22.739193
22.550538
22.359334
22.165623
21.969453
21.770871
21.569931
21.366688
21.161196
20.953517
20.743709
20.531837
20.317968
20.10217
19.884515
19.665079
19.443938
19.221172
18.996866
18.771103
18.543972
18.315562
18.085967
17.855281
17.6236
17.391023
17.157651
16.923585
16.688928
16.453786
16.218263
15.982467
15.746504
15.510481
15.274508
15.03869
14.803137
14.567954
14.333248
14.099125
13.86569
13.633045
13.401293
13.170533
12.940865
12.712385
12.485187
12.259362
12.035002
11.812193
11.591021
11.371565
11.153907
10.938122
10.724283
10.51246
10.302721
10.095129
9.8897444
9.6866247
9.485824
9.2873928
9.0913784
8.8978249
8.7067726
8.5182597
8.332319
8.1489872
7.9682925
7.7902587
7.6149415
7.4423115
7.2724046
7.1047269
6.9401459
6.7748003
6.6124781
6.4544117
6.312397
6.1696025
6.2789148
7.0555499
10.520295
16.366479
21.460097
24.080934
25.040367
25.323828
25.120389
24.63876
24.479497
24.31767
24.153137
23.985868
23.815866
23.64314
23.467705
23.289577
23.108778
22.925334
22.739271
22.550622
22.359426
22.165722
21.969558
21.770983
21.570048
21.366808
21.161319
20.953641
20.743833
20.531961
20.31809
20.10229
19.884632
19.665193
19.444048
19.221279
18.996969
18.771202
18.544066
18.315653
18.086054
17.855364
17.623679
17.391099
17.157723
16.923654
16.688994
16.453848
16.218323
15.982524
15.746559
15.510534
15.274558
15.038739
14.803183
14.567998
14.333291
14.099166
13.865729
13.633083
13.401329
13.170568
12.940898
12.712416
12.485217
12.259391
12.03503
11.812219
11.591045
11.371589
11.153929
10.938143
10.724303
10.512479
10.302739
10.095146
9.8897604
9.6866399
9.4858383
9.2874063
9.0913913
8.8978373
8.706785
8.5182717
8.3323316
8.1489953
7.9682909
7.790242
7.6148751
7.4422077
7.2722662
7.1050687
6.9406414
6.7788344
6.6193002
6.4628922
6.3038424
6.1515906
6.0063917
5.8714218
5.7924105
6.2139519
8.190931
13.075822
18.403066
21.855764
23.258766
24.6388
24.47954
24.317715
24.153185
23.985919
23.81592
23.643197
23.467765
23.289642
23.108848
22.925408
22.739351
22.55071
22.35952
22.165824
21.969667
21.771097
21.570168
21.366931
21.161445
20.953768
20.74396
20.532087
20.318215
20.102413
19.884753
19.66531
19.444162
19.221389
18.997075
18.771304
18.544164
18.315747
18.086144
17.85545
17.623761
17.391177
17.157798
16.923725
16.689062
16.453914
16.218385
15.982584
15.746616
15.510589
15.27461
15.038789
14.803231
14.568044
14.333335
14.099209
13.86577
13.633122
13.401366
13.170604
12.940932
12.712449
12.485248
12.259421
12.035058
11.812246
11.591071
11.371613
11.153953
10.938165
10.724324
10.512499
10.302758
10.095164
9.8897771
9.6866556
9.4858531
9.2874203
9.0914045
8.8978497
8.7067967
8.5182828
8.3323423
8.1490058
7.9683012
7.7902529
7.614882
7.4422075
7.2722436
7.1050103
6.9405086
6.7787829
6.6197878
6.4636532
6.3097851
6.1589516
6.0083801
5.8599813
5.715783
5.5864307
5.4618982
5.6428603
7.0610831
10.312125
17.288284
24.638842
24.479585
24.317763
24.153235
23.985972
23.815977
23.643257
23.467829
23.289709
23.10892
22.925486
22.739435
22.5508
22.359617
22.165928
21.969778
21.771214
21.570289
21.367057
21.161573
20.953897
20.74409
20.532217
20.318343
20.102539
19.884876
19.66543
19.444279
19.221502
18.997184
18.771409
18.544265
18.315844
18.086236
17.855538
17.623846
17.391258
17.157875
16.923799
16.689132
16.453981
16.21845
15.982645
15.746675
15.510645
15.274665
15.038841
14.803281
14.568092
14.333381
14.099252
13.865812
13.633162
13.401405
13.17064
12.940968
12.712483
12.48528
12.259451
12.035087
11.812274
11.591097
11.371638
11.153976
10.938188
10.724345
10.51252
10.302777
10.095182
9.8897943
9.6866719
9.4858685
9.2874348
9.0914181
8.8978626
8.7068088
8.5182941
8.3323528
8.1490158
7.9683106
7.7902619
7.614891
7.4422164
7.2722531
7.1050139
6.9405077
6.7787431
6.6197289
6.4634641
6.3099742
6.1592631
6.0112018
5.8654962
5.7227743
5.5776846
5.4398431
5.3052472
5.2060573
5.1669123
8.3312978
24.638887
24.479632
24.317813
24.153288
23.986028
23.816036
23.64332
23.467895
23.28978
23.108996
22.925567
22.739522
22.550893
22.359718
22.166035
21.969891
21.771334
21.570414
21.367185
21.161704
20.954029
20.744223
20.532349
20.318474
20.102668
19.885002
19.665554
19.444399
19.221619
18.997296
18.771517
18.544369
18.315943
18.086332
17.85563
17.623933
17.391342
17.157955
16.923875
16.689205
16.454051
16.218516
15.982709
15.746736
15.510704
15.274721
15.038894
14.803332
14.568141
14.333428
14.099298
13.865855
13.633204
13.401445
13.170679
12.941004
12.712517
12.485313
12.259483
12.035117
11.812303
11.591125
11.371664
11.154001
10.938211
10.724368
10.51254
10.302797
10.095201
9.889812
9.6866886
9.4858842
9.2874496
9.0914321
8.8978757
8.7068211
8.5183057
8.3323637
8.149026
7.9683202
7.7902708
7.6148994
7.4422242
7.2722608
7.1050213
6.9405157
6.7787502
6.6197299
6.4634539
6.3099286
6.1591438
6.0111254
5.8658123
5.7233897
5.5829244
5.4467209
5.3047427
5.1878332
4.985312
5.0187726
24.638934
24.479682
24.317866
24.153344
23.986087
23.816098
23.643385
23.467965
23.289854
23.109074
22.925651
22.739612
22.550989
22.35982
22.166145
21.970008
21.771456
21.570541
21.367316
21.161837
20.954164
20.744358
20.532484
20.318608
20.1028
19.885132
19.66568
19.444522
19.221738
18.997412
18.771628
18.544476
18.316046
18.08643
17.855724
17.624023
17.391428
17.158037
16.923954
16.689281
16.454123
16.218585
15.982775
15.746799
15.510764
15.274779
15.03895
14.803386
14.568192
14.333477
14.099345
13.8659
13.633247
13.401486
13.170718
12.941042
12.712553
12.485347
12.259516
12.035148
11.812333
11.591153
11.371691
11.154026
10.938235
10.72439
10.512562
10.302817
10.09522
9.8898302
9.6867058
9.4859004
9.2874649
9.0914465
8.8978892
8.7068338
8.5183176
8.3323749
8.1490364
7.9683299
7.7902799
7.6149079
7.4422322
7.2722681
7.1050282
6.9405221
6.7787567
6.619736
6.4634614
6.3099322
6.1591439
6.0110929
5.8657726
5.7231791
5.5833042
5.4461707
5.3117938
5.1777102
5.0593705
4.859227
24.638984
24.479735
24.317921
24.153402
23.986149
23.816163
23.643454
23.468037
23.289931
23.109156
22.925738
22.739705
22.551089
22.359926
22.166257
21.970126
21.77158
21.57067
21.367448
21.161973
20.954302
20.744496
20.532622
20.318744
20.102934
19.885264
19.665809
19.444648
19.22186
18.99753
18.771742
18.544586
18.316152
18.086532
17.855821
17.624116
17.391517
17.158122
16.924035
16.689358
16.454197
16.218656
15.982843
15.746864
15.510826
15.274838
15.039007
14.80344
14.568245
14.333527
14.099393
13.865946
13.633291
13.401528
13.170759
12.94108
12.71259
12.485383
12.259549
12.03518
11.812363
11.591182
11.371719
11.154053
10.93826
10.724414
10.512584
10.302838
10.09524
9.8898489
9.6867234
9.485917
9.2874805
9.0914611
8.897903
8.7068467
8.5183298
8.3323862
8.149047
7.9683398
7.7902892
7.6149165
7.4422402
7.2722756
7.1050352
6.9405286
6.7787626
6.6197415
6.4634667
6.3099373
6.1591498
6.0110976
5.8657765
5.7231592
5.5833069
5.4459002
5.3122849
5.1765376
5.0644384
4.8640872
24.639037
24.47979
24.317979
24.153463
23.986213
23.816231
23.643526
23.468113
23.290011
23.109241
22.925828
22.739801
22.551191
22.360035
22.166372
21.970247
21.771707
21.570801
21.367584
21.162111
20.954441
20.744637
20.532762
20.318884
20.103072
19.885399
19.665942
19.444777
19.221985
18.997651
18.771859
18.544699
18.31626
18.086636
17.855921
17.624212
17.391608
17.158209
16.924118
16.689438
16.454273
16.218729
15.982913
15.746931
15.510891
15.2749
15.039066
14.803497
14.568299
14.333579
14.099443
13.865994
13.633336
13.401572
13.1708
12.94112
12.712628
12.485419
12.259584
12.035213
11.812394
11.591211
11.371747
11.154079
10.938285
10.724438
10.512607
10.30286
10.09526
9.889868
9.6867413
9.4859339
9.2874964
9.0914761
8.897917
8.7068599
8.5183421
8.3323978
8.1490578
7.9683499
7.7902986
7.6149253
7.4422483
7.2722831
7.1050422
6.940535
6.7787686
6.619747
6.4634718
6.3099419
6.1591542
6.011102
5.8657805
5.723165
5.5833067
5.4459091
5.3122056
5.1766399
5.063862
4.8637945
24.639093
24.479848
24.31804
24.153527
23.98628
23.816301
23.6436
23.468192
23.290094
23.109329
22.925921
22.7399
22.551296
22.360146
22.16649
21.970371
21.771836
21.570935
21.367721
21.162251
20.954583
20.74478
20.532905
20.319025
20.103212
19.885537
19.666077
19.444908
19.222113
18.997775
18.771979
18.544815
18.316371
18.086742
17.856023
17.62431
17.391702
17.158299
16.924204
16.68952
16.454352
16.218805
15.982985
15.747
15.510957
15.274963
15.039127
14.803555
14.568355
14.333633
14.099494
13.866043
13.633383
13.401617
13.170843
12.941161
12.712667
12.485456
12.259619
12.035247
11.812426
11.591242
11.371776
11.154107
10.938311
10.724462
10.51263
10.302882
10.09528
9.8898874
9.6867597
9.4859512
9.2875126
9.0914913
8.8979313
8.7068732
8.5183546
8.3324095
8.1490687
7.9683601
7.7903081
7.6149341
7.4422565
7.2722907
7.1050492
6.9405415
6.7787746
6.6197525
6.4634768
6.3099465
6.1591584
6.0111058
5.8657839
5.7231687
5.5833087
5.4459172
5.3121967
5.176663
5.0638094
4.8636326
24.639151
24.479909
24.318104
24.153594
23.986351
23.816375
23.643678
23.468274
23.290181
23.10942
22.926018
22.740002
22.551404
22.36026
22.16661
21.970497
21.771967
21.571071
21.367861
21.162394
20.954728
20.744925
20.53305
20.31917
20.103355
19.885678
19.666214
19.445043
19.222244
18.997902
18.772102
18.544933
18.316485
18.086852
17.856128
17.624411
17.391798
17.158392
16.924293
16.689605
16.454433
16.218882
15.983059
15.747071
15.511025
15.275028
15.039189
14.803615
14.568412
14.333687
14.099546
13.866093
13.633431
13.401663
13.170887
12.941203
12.712707
12.485494
12.259656
12.035282
11.812459
11.591273
11.371805
11.154135
10.938338
10.724487
10.512654
10.302904
10.095302
9.8899072
9.6867783
9.4859687
9.2875291
9.0915067
8.8979457
8.7068868
8.5183673
8.3324213
8.1490797
7.9683703
7.7903176
7.6149429
7.4422647
7.2722983
7.1050562
6.940548
6.7787805
6.6197579
6.4634818
6.3099511
6.1591625
6.0111096
5.8657873
5.7231718
5.5833114
5.4459199
5.3122001
5.1766663
5.0638157
4.8636335
24.639212
24.479974
24.318172
24.153665
23.986424
23.816453
23.643759
23.468359
23.29027
23.109515
22.926118
22.740107
22.551515
22.360377
22.166733
21.970626
21.772101
21.571209
21.368003
21.162539
20.954874
20.745073
20.533198
20.319317
20.1035
19.885821
19.666355
19.44518
19.222378
18.998032
18.772228
18.545054
18.316602
18.086964
17.856236
17.624514
17.391897
17.158487
16.924384
16.689692
16.454516
16.218962
15.983135
15.747144
15.511094
15.275095
15.039253
14.803676
14.568471
14.333744
14.0996
13.866145
13.633481
13.40171
13.170932
12.941246
12.712748
12.485533
12.259693
12.035317
11.812493
11.591305
11.371835
11.154163
10.938365
10.724513
10.512678
10.302927
10.095323
9.8899274
9.6867973
9.4859865
9.2875458
9.0915224
8.8979604
8.7069005
8.51838
8.3324332
8.1490908
7.9683807
7.7903272
7.6149518
7.4422729
7.2723059
7.1050631
6.9405544
6.7787864
6.6197633
6.4634867
6.3099556
6.1591665
6.0111132
5.8657906
5.7231748
5.5833141
5.4459221
5.3122016
5.1766672
5.0638177
4.8636328
24.639277
24.480041
24.318242
24.153738
23.986501
23.816533
23.643843
23.468447
23.290363
23.109613
22.926221
22.740215
22.551629
22.360497
22.166859
21.970757
21.772237
21.57135
21.368147
21.162685
20.955023
20.745222
20.533348
20.319466
20.103648
19.885967
19.666498
19.44532
19.222514
18.998164
18.772356
18.545178
18.316721
18.087079
17.856346
17.62462
17.391999
17.158584
16.924477
16.689781
16.454601
16.219043
15.983213
15.747218
15.511166
15.275164
15.039319
14.803739
14.568531
14.333801
14.099655
13.866198
13.633531
13.401758
13.170978
12.94129
12.71279
12.485573
12.259731
12.035353
11.812527
11.591337
11.371866
11.154192
10.938392
10.724539
10.512702
10.30295
10.095345
9.8899479
9.6868165
9.4860045
9.2875627
9.0915382
8.8979752
8.7069143
8.5183929
8.3324452
8.149102
7.968391
7.7903367
7.6149606
7.4422811
7.2723134
7.1050701
6.9405607
6.7787922
6.6197686
6.4634915
6.3099599
6.1591704
6.0111167
5.8657937
5.7231776
5.5833165
5.4459244
5.3122041
5.1766703
5.0638197
4.863632
24.639344
24.480111
24.318315
24.153814
23.986581
23.816617
23.643931
23.468539
23.290459
23.109714
22.926327
22.740327
22.551746
22.36062
22.166987
21.97089
21.772376
21.571492
21.368294
21.162835
20.955174
20.745375
20.5335
20.319618
20.103798
19.886115
19.666643
19.445462
19.222653
18.998299
18.772487
18.545304
18.316843
18.087197
17.856459
17.624728
17.392103
17.158683
16.924572
16.689872
16.454689
16.219127
15.983293
15.747295
15.511239
15.275234
15.039386
14.803803
14.568593
14.33386
14.099712
13.866252
13.633583
13.401807
13.171025
12.941335
12.712833
12.485614
12.259769
12.03539
11.812562
11.59137
11.371897
11.154222
10.93842
10.724565
10.512727
10.302973
10.095367
9.8899686
9.6868359
9.4860228
9.2875797
9.0915542
8.8979901
8.7069282
8.5184058
8.3324572
8.1491131
7.9684013
7.7903463
7.6149694
7.4422891
7.2723208
7.1050769
6.9405669
6.7787978
6.6197737
6.4634961
6.309964
6.1591742
6.0111201
5.8657967
5.7231801
5.5833188
5.4459263
5.312205
5.1766706
5.0638203
4.8636298
24.639415
24.480185
24.318392
24.153894
23.986664
23.816703
23.644022
23.468634
23.290559
23.109818
22.926436
22.740441
22.551866
22.360745
22.167118
21.971026
21.772516
21.571637
21.368442
21.162986
20.955327
20.745529
20.533654
20.319771
20.103951
19.886266
19.666792
19.445607
19.222795
18.998437
18.77262
18.545434
18.316968
18.087317
17.856575
17.624839
17.392209
17.158785
16.92467
16.689966
16.454778
16.219213
15.983376
15.747374
15.511315
15.275306
15.039455
14.803869
14.568656
14.333921
14.09977
13.866307
13.633636
13.401858
13.171073
12.941381
12.712877
12.485655
12.259809
12.035427
11.812597
11.591404
11.371929
11.154252
10.938449
10.724592
10.512752
10.302997
10.095389
9.8899896
9.6868556
9.4860412
9.2875969
9.0915702
8.8980051
8.7069421
8.5184188
8.3324692
8.1491242
7.9684116
7.7903557
7.6149781
7.4422971
7.2723281
7.1050835
6.940573
6.7788033
6.6197787
6.4635006
6.309968
6.1591777
6.0111232
5.8657994
5.7231826
5.5833208
5.4459282
5.3122072
5.1766736
5.0638224
4.8636291
24.639489
24.480262
24.318472
24.153977
23.986751
23.816794
23.644116
23.468732
23.290661
23.109925
22.926548
22.740558
22.551988
22.360873
22.167251
21.971164
21.772659
21.571784
21.368592
21.163139
20.955483
20.745685
20.533811
20.319928
20.104106
19.886419
19.666942
19.445755
19.222939
18.998577
18.772756
18.545565
18.317095
18.087439
17.856693
17.624952
17.392318
17.15889
16.92477
16.690062
16.45487
16.219301
15.98346
15.747454
15.511392
15.275379
15.039525
14.803937
14.56872
14.333983
14.099829
13.866363
13.63369
13.401909
13.171122
12.941428
12.712921
12.485698
12.259849
12.035465
11.812634
11.591438
11.371962
11.154283
10.938477
10.724619
10.512778
10.303021
10.095412
9.8900107
9.6868754
9.4860597
9.2876142
9.0915864
8.8980201
8.706956
8.5184317
8.3324812
8.1491353
7.9684218
7.7903651
7.6149867
7.442305
7.2723353
7.10509
6.9405788
6.7788086
6.6197834
6.4635048
6.3099718
6.159181
6.0111261
5.8658019
5.7231847
5.5833226
5.4459296
5.3122076
5.1766735
5.0638224
4.8636266
24.639566
24.480342
24.318555
24.154064
23.986841
23.816887
23.644213
23.468834
23.290767
23.110036
22.926663
22.740679
22.552114
22.361003
22.167386
21.971305
21.772804
21.571933
21.368745
21.163294
20.95564
20.745843
20.533969
20.320086
20.104263
19.886574
19.667095
19.445905
19.223085
18.998719
18.772895
18.545699
18.317225
18.087564
17.856813
17.625068
17.392429
17.158996
16.924872
16.69016
16.454964
16.21939
15.983545
15.747536
15.51147
15.275455
15.039597
14.804006
14.568786
14.334046
14.099889
13.866421
13.633744
13.401962
13.171172
12.941475
12.712967
12.485741
12.25989
12.035504
11.81267
11.591473
11.371994
11.154314
10.938507
10.724647
10.512804
10.303045
10.095434
9.8900321
9.6868954
9.4860783
9.2876316
9.0916025
8.8980351
8.70697
8.5184446
8.332493
8.1491462
7.9684318
7.7903743
7.6149951
7.4423127
7.2723422
7.1050963
6.9405845
6.7788137
6.6197879
6.4635088
6.3099753
6.1591841
6.0111287
5.8658041
5.7231865
5.5833241
5.4459309
5.312209
5.1766753
5.0638241
4.8636264
24.639647
24.480425
24.318641
24.154154
23.986934
23.816984
23.644314
23.468939
23.290877
23.110149
22.926782
22.740802
22.552242
22.361137
22.167525
21.971448
21.772951
21.572085
21.3689
21.163451
20.955799
20.746003
20.53413
20.320246
20.104422
19.886731
19.66725
19.446057
19.223234
18.998864
18.773036
18.545836
18.317357
18.087692
17.856936
17.625186
17.392543
17.159105
16.924976
16.69026
16.45506
16.219482
15.983633
15.74762
15.511551
15.275532
15.039671
14.804076
14.568854
14.33411
14.09995
13.86648
13.633801
13.402015
13.171223
12.941524
12.713013
12.485785
12.259932
12.035544
11.812708
11.591508
11.372028
11.154345
10.938536
10.724675
10.51283
10.30307
10.095457
9.8900535
9.6869154
9.486097
9.287649
9.0916187
8.89805
8.7069838
8.5184574
8.3325048
8.149157
7.9684417
7.7903834
7.6150034
7.4423201
7.272349
7.1051024
6.9405899
6.7788185
6.6197921
6.4635125
6.3099785
6.1591868
6.011131
5.865806
5.723188
5.5833253
5.4459317
5.312209
5.1766749
5.0638246
4.8636284
24.639731
24.480512
24.318731
24.154247
23.987031
23.817084
23.644418
23.469047
23.290989
23.110266
22.926903
22.740928
22.552373
22.361273
22.167665
21.971593
21.773101
21.572238
21.369056
21.16361
20.95596
20.746166
20.534292
20.320408
20.104583
19.886891
19.667407
19.446211
19.223385
18.999012
18.773179
18.545975
18.317491
18.087822
17.857061
17.625307
17.392658
17.159216
16.925083
16.690362
16.455157
16.219576
15.983723
15.747706
15.511633
15.27561
15.039746
14.804148
14.568922
14.334175
14.100013
13.866539
13.633858
13.402069
13.171275
12.941573
12.71306
12.485829
12.259974
12.035583
11.812745
11.591544
11.372061
11.154377
10.938566
10.724703
10.512856
10.303094
10.09548
9.8900751
9.6869355
9.4861157
9.2876663
9.0916348
8.8980649
8.7069975
8.51847
8.3325164
8.1491677
7.9684514
7.7903922
7.6150114
7.4423273
7.2723554
7.1051081
6.940595
6.7788229
6.619796
6.4635159
6.3099813
6.1591892
6.0111329
5.8658075
5.7231892
5.5833261
5.4459323
5.3122089
5.1766745
5.0638244
4.8636289
24.639819
24.480603
24.318825
24.154344
23.987131
23.817188
23.644526
23.469158
23.291105
23.110386
22.927028
22.741057
22.552507
22.361411
22.167808
21.97174
21.773252
21.572393
21.369214
21.163771
20.956122
20.746329
20.534457
20.320572
20.104746
19.887052
19.667566
19.446368
19.223538
18.999161
18.773324
18.546116
18.317628
18.087954
17.857188
17.625429
17.392776
17.159329
16.925191
16.690466
16.455257
16.219671
15.983814
15.747794
15.511716
15.27569
15.039823
14.804221
14.568992
14.334242
14.100077
13.8666
13.633916
13.402125
13.171328
12.941623
12.713107
12.485874
12.260017
12.035624
11.812784
11.59158
11.372095
11.154409
10.938596
10.724731
10.512883
10.303119
10.095504
9.8900966
9.6869556
9.4861343
9.2876836
9.0916507
8.8980797
8.7070111
8.5184825
8.3325278
8.1491781
7.9684609
7.7904007
7.6150191
7.4423342
7.2723616
7.1051135
6.9405998
6.7788271
6.6197996
6.4635189
6.3099838
6.1591912
6.0111345
5.8658087
5.72319
5.5833266
5.4459325
5.3122086
5.1766742
5.063824
4.8636272
24.63991
24.480697
24.318922
24.154444
23.987234
23.817295
23.644636
23.469273
23.291223
23.110509
22.927155
22.741189
22.552643
22.361552
22.167954
21.97189
21.773406
21.57255
21.369374
21.163934
20.956287
20.746495
20.534623
20.320738
20.104911
19.887215
19.667727
19.446526
19.223693
18.999313
18.773472
18.54626
18.317767
18.088088
17.857318
17.625554
17.392896
17.159445
16.925302
16.690572
16.455359
16.219768
15.983907
15.747883
15.511802
15.275772
15.039901
14.804295
14.569063
14.33431
14.100142
13.866662
13.633975
13.402181
13.171381
12.941674
12.713155
12.48592
12.26006
12.035665
11.812822
11.591617
11.37213
11.154441
10.938626
10.724759
10.512909
10.303144
10.095527
9.8901182
9.6869756
9.4861529
9.2877008
9.0916666
8.8980942
8.7070245
8.5184947
8.332539
8.1491882
7.96847
7.790409
7.6150264
7.4423408
7.2723673
7.1051186
6.9406041
6.7788308
6.6198027
6.4635214
6.3099859
6.1591928
6.0111356
5.8658094
5.7231903
5.5833265
5.4459322
5.312208
5.1766735
5.0638231
4.8636256
24.640005
24.480794
24.319022
24.154547
23.987341
23.817405
23.64475
23.469391
23.291345
23.110635
22.927285
22.741324
22.552782
22.361695
22.168101
21.972042
21.773561
21.572709
21.369536
21.164098
20.956453
20.746662
20.53479
20.320905
20.105077
19.88738
19.66789
19.446686
19.22385
18.999466
18.773622
18.546405
18.317908
18.088224
17.85745
17.625681
17.393018
17.159562
16.925415
16.69068
16.455462
16.219868
15.984002
15.747973
15.511888
15.275855
15.03998
14.804371
14.569136
14.334379
14.100208
13.866725
13.634034
13.402238
13.171435
12.941725
12.713204
12.485966
12.260104
12.035706
11.812861
11.591653
11.372164
11.154473
10.938657
10.724788
10.512936
10.303169
10.09555
9.8901397
9.6869955
9.4861713
9.2877178
9.0916822
8.8981086
8.7070376
8.5185066
8.3325498
8.149198
7.9684788
7.7904168
7.6150334
7.4423469
7.2723727
7.1051232
6.9406081
6.7788341
6.6198054
6.4635235
6.3099875
6.1591939
6.0111363
5.8658096
5.7231902
5.583326
5.4459314
5.3122069
5.1766724
5.0638216
4.8636239
24.640103
24.480895
24.319126
24.154654
23.987451
23.817519
23.644867
23.469512
23.29147
23.110764
22.927418
22.741461
22.552924
22.361841
22.168251
21.972195
21.773719
21.57287
21.3697
21.164264
20.95662
20.746831
20.53496
20.321074
20.105246
19.887547
19.668055
19.446848
19.224009
18.999622
18.773773
18.546552
18.318051
18.088363
17.857583
17.62581
17.393142
17.159681
16.925529
16.69079
16.455567
16.219968
15.984099
15.748066
15.511977
15.275939
15.04006
14.804448
14.569209
14.334449
14.100274
13.866789
13.634095
13.402295
13.17149
12.941777
12.713253
12.486013
12.260148
12.035748
11.8129
11.59169
11.372199
11.154506
10.938687
10.724816
10.512963
10.303194
10.095573
9.890161
9.6870152
9.4861895
9.2877345
9.0916975
8.8981226
8.7070504
8.5185182
8.3325603
8.1492074
7.9684872
7.7904242
7.6150399
7.4423526
7.2723776
7.1051274
6.9406115
6.7788369
6.6198076
6.4635251
6.3099885
6.1591944
6.0111364
5.8658093
5.7231895
5.583325
5.4459301
5.3122053
5.1766707
5.0638198
4.8636213
24.640204
24.480999
24.319233
24.154764
23.987565
23.817636
23.644988
23.469636
23.291598
23.110896
22.927554
22.741601
22.553068
22.361989
22.168403
21.972351
21.773878
21.573032
21.369865
21.164431
20.956789
20.747001
20.53513
20.321245
20.105415
19.887715
19.668221
19.447012
19.22417
18.999779
18.773927
18.546702
18.318196
18.088503
17.857719
17.625941
17.393268
17.159802
16.925645
16.690901
16.455674
16.220071
15.984197
15.74816
15.512066
15.276025
15.040142
14.804526
14.569284
14.33452
14.100342
13.866853
13.634156
13.402354
13.171545
12.94183
12.713303
12.48606
12.260192
12.03579
11.81294
11.591727
11.372234
11.154539
10.938718
10.724845
10.512989
10.303218
10.095596
9.8901821
9.6870347
9.4862075
9.287751
9.0917126
8.8981363
8.7070628
8.5185294
8.3325703
8.1492163
7.9684951
7.7904312
7.615046
7.4423578
7.272382
7.105131
6.9406144
6.7788391
6.6198092
6.4635262
6.309989
6.1591944
6.0111359
5.8658084
5.7231882
5.5833234
5.4459282
5.3122031
5.1766685
5.0638175
4.863618
24.640309
24.481107
24.319344
24.154878
23.987682
23.817756
23.645111
23.469763
23.291729
23.11103
22.927692
22.741743
22.553214
22.362139
22.168557
21.972509
21.774039
21.573196
21.370031
21.1646
20.95696
20.747172
20.535302
20.321416
20.105586
19.887885
19.668389
19.447177
19.224332
18.999938
18.774082
18.546853
18.318343
18.088645
17.857856
17.626073
17.393396
17.159925
16.925763
16.691014
16.455783
16.220175
15.984296
15.748255
15.512157
15.276112
15.040225
14.804606
14.569359
14.334592
14.100411
13.866918
13.634218
13.402413
13.171601
12.941883
12.713353
12.486107
12.260237
12.035832
11.81298
11.591765
11.372269
11.154571
10.938748
10.724873
10.513016
10.303243
10.095618
9.890203
9.6870539
9.4862251
9.2877671
9.0917272
8.8981496
8.7070747
8.5185401
8.3325799
8.1492248
7.9685025
7.7904376
7.6150515
7.4423624
7.2723858
7.105134
6.9406167
6.7788408
6.6198102
6.4635266
6.3099889
6.1591938
6.0111348
5.8658069
5.7231863
5.5833212
5.4459257
5.3122004
5.1766656
5.0638146
4.8636141
24.640418
24.481218
24.319458
24.154995
23.987801
23.817879
23.645238
23.469893
23.291862
23.111168
22.927834
22.741888
22.553363
22.362292
22.168713
21.972668
21.774201
21.573361
21.370199
21.16477
20.957131
20.747345
20.535475
20.321589
20.105758
19.888056
19.668558
19.447344
19.224496
19.000098
18.774238
18.547005
18.318491
18.088789
17.857995
17.626208
17.393525
17.16005
16.925883
16.691129
16.455893
16.22028
15.984397
15.748351
15.51225
15.2762
15.040309
14.804686
14.569436
14.334665
14.10048
13.866984
13.634281
13.402472
13.171658
12.941936
12.713404
12.486155
12.260282
12.035874
11.813019
11.591802
11.372304
11.154604
10.938779
10.724901
10.513042
10.303267
10.095641
9.8902236
9.6870728
9.4862423
9.2877827
9.0917414
8.8981624
8.7070862
8.5185503
8.3325889
8.1492326
7.9685093
7.7904434
7.6150563
7.4423664
7.2723889
7.1051364
6.9406184
6.7788417
6.6198105
6.4635263
6.3099881
6.1591925
6.0111331
5.8658048
5.7231838
5.5833183
5.4459225
5.3121969
5.1766621
5.0638111
4.8636096
24.640529
24.481332
24.319575
24.155115
23.987925
23.818005
23.645367
23.470026
23.291998
23.111307
22.927977
22.742035
22.553513
22.362446
22.168871
21.972829
21.774366
21.573528
21.370369
21.164941
20.957304
20.747519
20.535649
20.321763
20.105932
19.888228
19.668728
19.447512
19.224661
19.00026
18.774397
18.54716
18.318641
18.088934
17.858136
17.626343
17.393656
17.160176
16.926004
16.691246
16.456005
16.220387
15.984499
15.748449
15.512343
15.276289
15.040395
14.804767
14.569513
14.334739
14.10055
13.867051
13.634344
13.402532
13.171715
12.94199
12.713455
12.486203
12.260327
12.035917
11.813059
11.591839
11.372339
11.154636
10.938809
10.724929
10.513068
10.303291
10.095663
9.8902438
9.6870912
9.4862591
9.2877979
9.0917551
8.8981746
8.7070971
8.5185599
8.3325972
8.1492399
7.9685155
7.7904486
7.6150605
7.4423696
7.2723913
7.105138
6.9406193
6.7788419
6.6198101
6.4635253
6.3099866
6.1591905
6.0111306
5.8658018
5.7231805
5.5833146
5.4459186
5.3121928
5.176658
5.0638069
4.8636041
24.640644
24.48145
24.319695
24.155238
23.988051
23.818134
23.6455
23.470161
23.292137
23.11145
22.928123
22.742185
22.553666
22.362602
22.16903
21.972992
21.774531
21.573696
21.370539
21.165114
20.957478
20.747693
20.535824
20.321938
20.106106
19.888401
19.668899
19.447681
19.224827
19.000423
18.774556
18.547315
18.318792
18.089081
17.858278
17.626481
17.393789
17.160303
16.926127
16.691363
16.456117
16.220495
15.984603
15.748548
15.512437
15.276379
15.040481
14.804849
14.569591
14.334813
14.100621
13.867118
13.634408
13.402593
13.171772
12.942044
12.713506
12.486251
12.260372
12.035959
11.813099
11.591876
11.372373
11.154669
10.938839
10.724957
10.513093
10.303314
10.095684
9.8902635
9.6871091
9.4862753
9.2878125
9.0917682
8.8981862
8.7071073
8.5185689
8.3326049
8.1492464
7.9685209
7.790453
7.6150639
7.4423722
7.272393
7.1051389
6.9406194
6.7788414
6.6198089
6.4635236
6.3099842
6.1591876
6.0111273
5.8657981
5.7231764
5.5833102
5.4459139
5.3121879
5.1766532
5.063802
4.863598
24.640763
24.481571
24.319818
24.155364
23.98818
23.818266
23.645635
23.4703
23.292279
23.111595
22.928271
22.742336
22.553821
22.36276
22.169191
21.973156
21.774698
21.573866
21.370711
21.165287
20.957653
20.747869
20.536
20.322114
20.106281
19.888575
19.669071
19.447851
19.224994
19.000587
18.774716
18.547472
18.318944
18.089229
17.858421
17.626619
17.393922
17.160432
16.926251
16.691482
16.456231
16.220604
15.984707
15.748648
15.512533
15.27647
15.040567
14.804932
14.56967
14.334888
14.100692
13.867186
13.634472
13.402653
13.171829
12.942098
12.713557
12.486299
12.260417
12.036001
11.813138
11.591913
11.372408
11.154701
10.938868
10.724984
10.513118
10.303337
10.095705
9.8902826
9.6871265
9.4862909
9.2878265
9.0917806
8.8981971
8.7071168
8.5185771
8.3326119
8.1492522
7.9685256
7.7904566
7.6150665
7.4423739
7.2723938
7.1051389
6.9406187
6.77884
6.6198069
6.4635209
6.309981
6.1591839
6.0111231
5.8657935
5.7231714
5.5833049
5.4459084
5.3121821
5.1766475
5.0637962
4.8635913
24.640884
24.481695
24.319945
24.155493
23.988311
23.818401
23.645772
23.47044
23.292423
23.111741
22.928421
22.742489
22.553977
22.36292
22.169354
21.973321
21.774866
21.574036
21.370883
21.165461
20.957828
20.748045
20.536177
20.322291
20.106457
19.888749
19.669244
19.448021
19.225162
19.000752
18.774878
18.547629
18.319098
18.089378
17.858566
17.626759
17.394057
17.160562
16.926376
16.691602
16.456346
16.220715
15.984813
15.748749
15.512629
15.276562
15.040655
14.805015
14.569749
14.334964
14.100764
13.867254
13.634536
13.402714
13.171887
12.942152
12.713608
12.486347
12.260462
12.036043
11.813178
11.59195
11.372442
11.154732
10.938898
10.725011
10.513143
10.30336
10.095726
9.8903011
9.6871432
9.4863058
9.2878397
9.0917922
8.8982073
8.7071256
8.5185844
8.332618
8.1492571
7.9685293
7.7904593
7.6150683
7.4423746
7.2723937
7.105138
6.940617
6.7788376
6.6198039
6.4635173
6.3099769
6.1591793
6.011118
5.865788
5.7231656
5.5832987
5.445902
5.3121755
5.176641
5.0637895
4.8635836
24.641007
24.48182
24.320073
24.155624
23.988445
23.818537
23.645911
23.470582
23.292568
23.11189
22.928572
22.742644
22.554135
22.36308
22.169517
21.973487
21.775034
21.574207
21.371055
21.165635
20.958003
20.748221
20.536353
20.322467
20.106632
19.888923
19.669417
19.448192
19.22533
19.000917
18.775039
18.547787
18.319251
18.089527
17.858711
17.626899
17.394193
17.160692
16.926501
16.691723
16.456462
16.220825
15.984919
15.74885
15.512726
15.276654
15.040743
14.805099
14.569829
14.335039
14.100835
13.867321
13.634601
13.402775
13.171944
12.942206
12.713658
12.486395
12.260507
12.036085
11.813217
11.591986
11.372475
11.154763
10.938926
10.725037
10.513167
10.303382
10.095746
9.8903189
9.6871591
9.4863199
9.2878521
9.091803
8.8982166
8.7071334
8.5185909
8.3326232
8.149261
7.9685322
7.790461
7.615069
7.4423745
7.2723927
7.1051362
6.9406144
6.7788343
6.6197999
6.4635128
6.3099718
6.1591737
6.011112
5.8657816
5.7231588
5.5832917
5.4458946
5.312168
5.1766335
5.0637821
4.8635754
24.641127
24.481942
24.320197
24.155751
23.988575
23.81867
23.646047
23.47072
23.292709
23.112033
22.928719
22.742793
22.554287
22.363235
22.169675
21.973648
21.775197
21.574372
21.371223
21.165804
20.958173
20.748392
20.536524
20.322638
20.106803
19.889093
19.669585
19.448358
19.225494
19.001077
18.775196
18.54794
18.319401
18.089673
17.858851
17.627035
17.394324
17.160819
16.926623
16.69184
16.456574
16.220933
15.985022
15.748948
15.512819
15.276743
15.040828
14.805179
14.569905
14.335112
14.100904
13.867386
13.634662
13.402833
13.171998
12.942257
12.713706
12.486439
12.260549
12.036124
11.813253
11.592019
11.372506
11.154791
10.938952
10.725061
10.513188
10.303401
10.095763
9.8903341
9.6871724
9.4863315
9.2878621
9.0918114
8.8982234
8.7071389
8.5185951
8.3326261
8.1492628
7.9685328
7.7904607
7.6150677
7.4423723
7.2723897
7.1051324
6.9406099
6.7788292
6.6197942
6.4635065
6.309965
6.1591665
6.0111043
5.8657736
5.7231505
5.5832831
5.4458859
5.3121591
5.1766248
5.0637732
4.8635659
291.94862
59.192232
38.832938
31.854544
28.838018
27.223578
26.239911
25.578762
25.183191
24.722907
291.94855
59.192209
38.832928
31.854538
28.838018
27.223556
26.239987
25.578452
25.18433
24.718843
291.9485
59.192395
38.832977
31.854626
28.837819
27.224386
26.237098
25.588685
25.148888
24.840845
291.94849
59.192427
38.832992
31.85464
28.837821
27.224418
26.237036
25.588908
25.148244
24.842872
291.94848
59.19243
38.832995
31.854643
28.837824
27.224421
26.237037
25.588919
25.148224
24.842983
291.94847
59.192425
38.832993
31.854642
28.837824
27.224423
26.237039
25.588923
25.148228
24.843004
291.94847
59.192419
38.832992
31.854642
28.837825
27.224424
26.237041
25.588927
25.148235
24.843017
291.94847
59.192414
38.83299
31.854643
28.837826
27.224426
26.237045
25.588933
25.148244
24.84303
291.94846
59.192409
38.83299
31.854643
28.837828
27.224429
26.237049
25.588939
25.148254
24.843045
291.94846
59.192403
38.832989
31.854645
28.83783
27.224433
26.237055
25.588947
25.148266
24.843061
291.94846
59.192398
38.832989
31.854646
28.837833
27.224437
26.237061
25.588957
25.148279
24.843078
291.94846
59.192391
38.832988
31.854648
28.837837
27.224443
26.237069
25.588968
25.148294
24.843097
291.94846
59.192385
38.832988
31.854651
28.837842
27.224449
26.237078
25.58898
25.14831
24.843117
291.94846
59.192378
38.832989
31.854654
28.837847
27.224456
26.237088
25.588994
25.148328
24.843139
291.94846
59.19237
38.832989
31.854658
28.837853
27.224465
26.237099
25.589009
25.148348
24.843162
291.94846
59.192362
38.83299
31.854662
28.837859
27.224474
26.237112
25.589026
25.148369
24.843187
291.94846
59.192353
38.832991
31.854667
28.837867
27.224485
26.237127
25.589044
25.148392
24.843214
291.94846
59.192344
38.832992
31.854673
28.837876
27.224497
26.237143
25.589065
25.148417
24.843243
291.94847
59.192334
38.832994
31.854679
28.837886
27.22451
26.23716
25.589087
25.148443
24.843274
291.94847
59.192323
38.832996
31.854687
28.837897
27.224525
26.237179
25.589111
25.148472
24.843306
291.94847
59.192311
38.832999
31.854695
28.837909
27.224542
26.2372
25.589137
25.148503
24.843341
291.94848
59.192298
38.833002
31.854704
28.837922
27.224559
26.237223
25.589165
25.148536
24.843378
291.94849
59.192285
38.833005
31.854714
28.837937
27.224579
26.237248
25.589196
25.148571
24.843418
291.94849
59.192271
38.833009
31.854725
28.837953
27.224601
26.237275
25.589228
25.148609
24.843459
291.9485
59.192256
38.833013
31.854738
28.837971
27.224624
26.237305
25.589263
25.148649
24.843504
291.94851
59.192239
38.833019
31.854751
28.837991
27.224649
26.237336
25.589301
25.148692
24.843551
291.94852
59.192222
38.833024
31.854766
28.838012
27.224677
26.23737
25.589341
25.148737
24.8436
291.94853
59.192204
38.833031
31.854783
28.838035
27.224707
26.237406
25.589383
25.148785
24.843652
291.94854
59.192185
38.833038
31.854801
28.838061
27.224739
26.237445
25.589428
25.148835
24.843707
291.94855
59.192165
38.833047
31.85482
28.838088
27.224773
26.237487
25.589476
25.148889
24.843766
291.94857
59.192144
38.833056
31.854842
28.838117
27.22481
26.237531
25.589527
25.148946
24.843827
291.94858
59.192122
38.833066
31.854865
28.838149
27.224849
26.237578
25.589581
25.149005
24.843891
291.9486
59.192099
38.833078
31.85489
28.838183
27.224892
26.237628
25.589638
25.149068
24.843958
291.94861
59.192075
38.83309
31.854917
28.838219
27.224937
26.237681
25.589698
25.149134
24.844029
291.94863
59.19205
38.833104
31.854946
28.838258
27.224984
26.237737
25.589761
25.149203
24.844103
291.94865
59.192025
38.83312
31.854978
28.8383
27.225035
26.237796
25.589828
25.149276
24.84418
291.94867
59.191999
38.833137
31.855011
28.838345
27.225089
26.237859
25.589898
25.149352
24.844261
291.94869
59.191972
38.833156
31.855048
28.838392
27.225146
26.237924
25.589971
25.149431
24.844345
291.94872
59.191946
38.833176
31.855087
28.838443
27.225207
26.237994
25.590048
25.149514
24.844433
291.94874
59.191919
38.833199
31.855128
28.838496
27.22527
26.238066
25.590128
25.1496
24.844524
291.94877
59.191892
38.833223
31.855173
28.838553
27.225338
26.238142
25.590212
25.14969
24.844619
291.9488
59.191865
38.83325
31.85522
28.838613
27.225408
26.238222
25.590299
25.149784
24.844717
291.94883
59.191839
38.833279
31.85527
28.838676
27.225482
26.238305
25.59039
25.149881
24.844818
291.94886
59.191814
38.833311
31.855324
28.838743
27.22556
26.238392
25.590485
25.149981
24.844923
291.94889
59.19179
38.833345
31.855381
28.838813
27.225641
26.238482
25.590583
25.150085
24.845032
291.94892
59.191768
38.833383
31.855441
28.838887
27.225725
26.238576
25.590684
25.150192
24.845144
291.94896
59.191747
38.833423
31.855504
28.838964
27.225814
26.238674
25.590789
25.150303
24.845259
291.94899
59.191728
38.833467
31.855571
28.839045
27.225905
26.238775
25.590897
25.150417
24.845377
291.94903
59.191708
38.833511
31.85564
28.839128
27.225999
26.238878
25.591008
25.150533
24.845498
291.94907
59.191677
38.833549
31.855704
28.839207
27.22609
26.238977
25.591115
25.150646
24.845614
291.9491
59.191603
38.833562
31.855749
28.839269
27.226165
26.239063
25.591208
25.150745
24.845718
291.94913
59.191477
38.83355
31.855779
28.839322
27.226233
26.239143
25.591298
25.150842
24.84582
291.94917
59.191313
38.833528
31.855809
28.839379
27.22631
26.239234
25.5914
25.150952
24.845936
291.94922
59.191091
38.833487
31.855833
28.839437
27.22639
26.239332
25.59151
25.151072
24.846063
291.94929
59.19091
38.833497
31.855911
28.83955
27.226528
26.239488
25.591679
25.151251
24.846249
291.94942
59.191139
38.833809
31.856255
28.839913
27.226906
26.239878
25.59208
25.151659
24.846663
291.94959
59.191403
38.834175
31.856657
28.840337
27.227345
26.240331
25.592542
25.152129
24.847138
291.94978
59.191713
38.834596
31.857118
28.840818
27.227843
26.24084
25.593061
25.152654
24.847668
291.95
59.19208
38.835071
31.857629
28.841348
27.228387
26.241394
25.593623
25.153222
24.848239
291.95023
59.192503
38.835584
31.858172
28.841906
27.228955
26.24197
25.594205
25.153808
24.848828
291.95046
59.192963
38.836106
31.858712
28.842455
27.229509
26.242529
25.594765
25.15437
24.849391
291.95065
59.193405
38.836583
31.859199
28.842946
27.230005
26.243027
25.595266
25.154872
24.849895
291.95081
59.193837
38.83699
31.859593
28.843332
27.230384
26.243401
25.595636
25.155239
24.85026
291.95092
59.194035
38.837236
31.859854
28.843602
27.230659
26.24368
25.595918
25.155522
24.850543
291.95093
59.194282
38.837322
31.859882
28.8436
27.230638
26.243645
25.595873
25.155471
24.850487
291.95102
59.194369
38.837541
31.860145
28.843881
27.230928
26.243941
25.596171
25.15577
24.850787
291.95058
59.193617
38.836664
31.859231
28.842951
27.22999
26.242997
25.595225
25.154822
24.849837
291.95171
59.196083
38.838663
31.861059
28.844702
27.231697
26.244676
25.596884
25.156467
24.851473
24.641234
24.482051
24.320309
24.155865
23.988692
23.81879
23.64617
23.470846
23.292838
23.112166
22.928854
22.742932
22.554429
22.36338
22.169822
21.973798
21.77535
21.574527
21.37138
21.165962
20.958333
20.748553
20.536686
20.322799
20.106964
19.889253
19.669743
19.448514
19.225648
19.001229
18.775345
18.548085
18.319542
18.08981
17.858984
17.627163
17.394447
17.160938
16.926737
16.691949
16.456678
16.221032
15.985116
15.749038
15.512904
15.276824
15.040904
14.805251
14.569973
14.335176
14.100964
13.867443
13.634715
13.402882
13.172044
12.9423
12.713746
12.486476
12.260582
12.036154
11.81328
11.592044
11.372528
11.154811
10.93897
10.725076
10.513201
10.303412
10.095772
9.8903415
9.6871781
9.4863355
9.2878645
9.0918124
8.8982231
8.7071372
8.5185922
8.3326221
8.1492578
7.9685268
7.7904538
7.61506
7.4423638
7.2723805
7.1051225
6.9405995
6.7788182
6.6197828
6.4634946
6.3099528
6.1591539
6.0110916
5.8657606
5.7231373
5.5832698
5.4458725
5.3121458
5.1766117
5.0637601
4.8635525
24.641339
24.48216
24.320421
24.15598
23.98881
23.818911
23.646294
23.470974
23.292969
23.1123
22.928992
22.743073
22.554574
22.363528
22.169974
21.973952
21.775507
21.574687
21.371542
21.166126
20.958499
20.748719
20.536853
20.322966
20.107131
19.889419
19.669908
19.448677
19.225808
19.001386
18.775499
18.548235
18.319688
18.089951
17.859121
17.627295
17.394574
17.161059
16.926853
16.692059
16.456784
16.221132
15.985211
15.749127
15.512989
15.276903
15.040978
14.805321
14.570038
14.335236
14.10102
13.867495
13.634763
13.402926
13.172084
12.942336
12.713779
12.486505
12.260608
12.036177
11.8133
11.592061
11.372542
11.154823
10.938978
10.725083
10.513205
10.303414
10.095772
9.8903393
9.6871739
9.4863296
9.287857
9.0918033
8.8982125
8.7071253
8.518579
8.3326078
8.1492424
7.9685105
7.7904365
7.6150419
7.442345
7.272361
7.1051025
6.940579
6.7787972
6.6197614
6.4634729
6.3099308
6.1591317
6.0110692
5.8657381
5.7231148
5.5832473
5.4458501
5.3121235
5.1765899
5.0637387
4.863531
24.641459
24.482284
24.320548
24.156111
23.988944
23.819049
23.646436
23.47112
23.293118
23.112454
22.92915
22.743234
22.554739
22.363697
22.170146
21.974128
21.775686
21.574869
21.371726
21.166313
20.958687
20.748909
20.537043
20.323157
20.107321
19.889608
19.670096
19.448862
19.225991
19.001566
18.775674
18.548407
18.319855
18.090112
17.859277
17.627445
17.394718
17.161197
16.926984
16.692184
16.456902
16.221244
15.985316
15.749227
15.513082
15.276991
15.04106
14.805397
14.570109
14.335301
14.10108
13.867549
13.634813
13.402971
13.172125
12.942373
12.71381
12.486533
12.260632
12.036197
11.813317
11.592074
11.372552
11.154829
10.938981
10.725083
10.513203
10.303409
10.095764
9.890329
9.6871615
9.4863151
9.2878405
9.0917849
8.8981924
8.7071037
8.5185559
8.3325833
8.1492167
7.9684836
7.7904086
7.6150131
7.4423153
7.2723307
7.1050715
6.9405474
6.7787651
6.6197289
6.4634401
6.3098977
6.1590985
6.0110358
5.8657047
5.7230814
5.5832139
5.4458169
5.3120906
5.1765576
5.0637066
4.863499
24.641591
24.482419
24.320687
24.156254
23.989091
23.8192
23.646592
23.47128
23.293283
23.112623
22.929323
22.743412
22.554921
22.363883
22.170336
21.974322
21.775884
21.575069
21.37193
21.166519
20.958895
20.749118
20.537254
20.323368
20.107531
19.889817
19.670303
19.449068
19.226193
19.001764
18.775869
18.548596
18.320038
18.090291
17.859449
17.627611
17.394877
17.161348
16.927128
16.692321
16.457032
16.221366
15.985431
15.749334
15.513183
15.277084
15.041146
14.805477
14.570182
14.335368
14.101141
13.867604
13.634861
13.403014
13.172163
12.942405
12.713838
12.486556
12.26065
12.036211
11.813326
11.592079
11.372553
11.154826
10.938975
10.725073
10.51319
10.303392
10.095745
9.890307
9.6871369
9.486288
9.2878112
9.0917535
8.8981591
8.7070685
8.5185191
8.332545
8.1491769
7.9684426
7.7903665
7.61497
7.4422713
7.2722858
7.105026
6.9405013
6.7787186
6.619682
6.4633929
6.3098503
6.1590509
6.0109882
5.8656571
5.7230339
5.5831667
5.44577
5.3120442
5.1765119
5.0636615
4.8634543
24.641783
24.482614
24.320887
24.156457
23.989299
23.819413
23.646808
23.471501
23.293508
23.112852
22.929557
22.743651
22.555163
22.36413
22.170587
21.974576
21.776142
21.57533
21.372193
21.166785
20.959162
20.749387
20.537523
20.323637
20.107799
19.890084
19.670567
19.449329
19.226451
19.002017
18.776117
18.548838
18.320274
18.09052
17.85967
17.627824
17.395082
17.161545
16.927317
16.692501
16.457202
16.221528
15.985584
15.749478
15.513317
15.27721
15.041264
14.805586
14.570283
14.335461
14.101226
13.867682
13.634932
13.403077
13.172219
12.942455
12.713881
12.486592
12.260681
12.036236
11.813345
11.592093
11.372562
11.15483
10.938974
10.725068
10.51318
10.303379
10.095727
9.8902858
9.6871122
9.4862602
9.2877803
9.0917198
8.8981227
8.7070296
8.5184779
8.3325017
8.1491317
7.9683956
7.7903179
7.6149199
7.4422199
7.2722333
7.1049724
6.9404468
6.7786633
6.619626
6.4633363
6.3097933
6.1589936
6.0109307
5.8655994
5.7229762
5.5831091
5.4457126
5.3119872
5.1764558
5.0636058
4.8633991
24.642199
24.483034
24.321309
24.156883
23.989728
23.819845
23.647244
23.47194
23.29395
23.113298
22.930006
22.744102
22.555618
22.364587
22.171047
21.975038
21.776605
21.575795
21.372659
21.167252
20.959629
20.749853
20.537988
20.3241
20.10826
19.890541
19.67102
19.449777
19.226893
19.002453
18.776545
18.549258
18.320686
18.090921
17.860062
17.628205
17.395452
17.161904
16.927664
16.692836
16.457525
16.221839
15.985883
15.749764
15.513592
15.277473
15.041515
14.805825
14.57051
14.335677
14.101431
13.867876
13.635116
13.403251
13.172383
12.942609
12.714026
12.486728
12.260807
12.036353
11.813454
11.592194
11.372655
11.154915
10.939052
10.725138
10.513244
10.303436
10.095778
9.890331
9.6871517
9.4862941
9.287809
9.0917435
8.8981417
8.7070442
8.5184883
8.332508
8.1491343
7.9683946
7.7903136
7.6149124
7.4422095
7.2722201
7.1049566
6.9404286
6.7786429
6.6196035
6.463312
6.3097673
6.158966
6.0109016
5.8655691
5.7229447
5.5830766
5.4456794
5.3119534
5.1764217
5.0635715
4.8633638
24.642678
24.483516
24.321794
24.157371
23.990219
23.820338
23.64774
23.472439
23.294453
23.113803
22.930514
22.744613
22.556132
22.365103
22.171565
21.975558
21.777127
21.576318
21.373183
21.167775
20.960153
20.750376
20.538509
20.324618
20.108775
19.891053
19.671527
19.450279
19.227388
19.002941
18.777025
18.54973
18.321148
18.091373
17.860503
17.628635
17.39587
17.16231
16.928057
16.693216
16.457892
16.222192
15.986222
15.75009
15.513904
15.277771
15.0418
14.806097
14.570769
14.335924
14.101665
13.868098
13.635325
13.403449
13.172569
12.942784
12.714189
12.486881
12.26095
12.036486
11.813577
11.592308
11.372759
11.155011
10.93914
10.725218
10.513316
10.3035
10.095835
9.8903812
9.6871953
9.4863316
9.2878405
9.0917695
8.8981623
8.7070598
8.5184991
8.3325144
8.1491364
7.9683928
7.790308
7.6149034
7.4421972
7.2722048
7.1049386
6.940408
6.7786199
6.6195783
6.4632848
6.3097382
6.1589353
6.0108694
5.8655356
5.7229102
5.5830411
5.4456432
5.3119167
5.176385
5.0635346
4.8633263
24.643212
24.484052
24.322332
24.157912
23.990763
23.820885
23.64829
23.472991
23.295008
23.11436
22.931074
22.745175
22.556695
22.365669
22.172132
21.976127
21.777696
21.576888
21.373753
21.168345
20.960722
20.750943
20.539074
20.325181
20.109334
19.891608
19.672077
19.450822
19.227925
19.00347
18.777546
18.550241
18.321649
18.091864
17.860982
17.629102
17.396324
17.16275
16.928483
16.693628
16.45829
16.222575
15.98659
15.750443
15.514242
15.278094
15.042108
14.80639
14.571048
14.336187
14.101914
13.868333
13.635547
13.403657
13.172764
12.942966
12.714359
12.487038
12.261095
12.03662
11.8137
11.59242
11.372861
11.155103
10.939222
10.72529
10.513379
10.303555
10.095882
9.8904201
9.6872268
9.4863559
9.2878581
9.0917807
8.8981675
8.7070593
8.5184932
8.3325034
8.1491207
7.9683727
7.7902838
7.6148753
7.4421656
7.2721699
7.1049006
6.9403672
6.7785766
6.6195327
6.4632371
6.3096886
6.158884
6.0108167
5.8654817
5.7228552
5.5829853
5.4455869
5.3118602
5.1763285
5.0634781
4.8632696
24.643786
24.484628
24.322911
24.158492
23.991345
23.821469
23.648876
23.473579
23.295597
23.114952
22.931667
22.745769
22.557291
22.366265
22.17273
21.976725
21.778295
21.577486
21.374351
21.168941
20.961316
20.751536
20.539663
20.325767
20.109916
19.892184
19.672648
19.451387
19.228482
19.00402
18.778086
18.550772
18.322169
18.092373
17.861479
17.629586
17.396795
17.163207
16.928925
16.694055
16.458701
16.22297
15.98697
15.750807
15.514589
15.278425
15.042422
14.806688
14.571329
14.336453
14.102164
13.868567
13.635765
13.40386
13.172952
12.94314
12.714519
12.487185
12.261229
12.036741
11.813808
11.592516
11.372945
11.155176
10.939283
10.725342
10.513421
10.303587
10.095905
9.8904341
9.6872325
9.4863538
9.2878485
9.091764
8.8981442
8.7070297
8.5184578
8.3324625
8.1490747
7.9683219
7.7902286
7.614816
7.4421025
7.2721034
7.1048309
6.9402947
6.7785015
6.6194554
6.4631577
6.3096075
6.1588014
6.0107328
5.8653967
5.7227695
5.5828991
5.4455004
5.3117738
5.1762425
5.0633924
4.8631845
24.644377
24.48522
24.323505
24.159088
23.991942
23.822067
23.649475
23.47418
23.296199
23.115555
22.93227
22.746374
22.557896
22.366871
22.173335
21.97733
21.778899
21.57809
21.374953
21.169542
20.961914
20.752131
20.540255
20.326355
20.110499
19.892762
19.67322
19.451952
19.22904
19.004569
18.778627
18.551303
18.32269
18.092882
17.861975
17.63007
17.397265
17.163663
16.929367
16.694481
16.459111
16.223364
15.987347
15.751167
15.514933
15.278751
15.042731
14.80698
14.571604
14.33671
14.102404
13.868791
13.635972
13.404051
13.173127
12.943299
12.714663
12.487314
12.261343
12.036841
11.813894
11.592588
11.373005
11.155223
10.939319
10.725366
10.513434
10.303589
10.095897
9.8904167
9.687206
9.4863186
9.2878052
9.0917129
8.8980859
8.7069645
8.5183863
8.3323851
8.1489918
7.9682339
7.7901358
7.614719
7.4420016
7.2719988
7.1047232
6.9401841
6.7783883
6.6193399
6.4630403
6.3094885
6.158681
6.0106114
5.8652745
5.7226467
5.5827762
5.4453776
5.3116514
5.1761209
5.0632714
4.8630647
24.64494
24.485785
24.324069
24.159653
23.992507
23.822633
23.650041
23.474746
23.296765
23.11612
22.932836
22.746939
22.55846
22.367434
22.173897
21.977891
21.779458
21.578647
21.375507
21.170094
20.962463
20.752676
20.540797
20.326891
20.111031
19.893288
19.67374
19.452464
19.229545
19.005065
18.779114
18.55178
18.323156
18.093337
17.862419
17.630501
17.397683
17.164067
16.929756
16.694855
16.45947
16.223707
15.987673
15.751477
15.515225
15.279027
15.042989
14.80722
14.571827
14.336915
14.102592
13.868961
13.636126
13.404187
13.173247
12.943402
12.71475
12.487385
12.261399
12.036882
11.813921
11.592601
11.373004
11.155209
10.939293
10.725327
10.513384
10.303529
10.095826
9.8903356
9.6871155
9.4862192
9.2876974
9.0915974
8.897963
8.7068348
8.5182502
8.3322432
8.1488445
7.9680817
7.7899792
7.6145583
7.4418373
7.2718314
7.104553
6.9400115
6.7782137
6.6191636
6.4628627
6.3093098
6.1585016
6.0104317
5.8650948
5.7224673
5.5825974
5.4451997
5.3114747
5.1759458
5.0630976
4.8628935
24.645444
24.486289
24.324574
24.160157
23.993012
23.823138
23.650546
23.475251
23.29727
23.116625
22.93334
22.747442
22.558963
22.367935
22.174397
21.978389
21.779955
21.579141
21.376
21.170583
20.96295
20.753159
20.541275
20.327366
20.1115
19.893752
19.674197
19.452916
19.229989
19.005502
18.779542
18.552199
18.323566
18.093736
17.862807
17.630877
17.398047
17.164418
16.930094
16.695179
16.45978
16.224002
15.987953
15.75174
15.515472
15.279257
15.043202
14.807416
14.572006
14.337077
14.102737
13.869089
13.636236
13.404281
13.173323
12.943462
12.714794
12.487412
12.261411
12.036878
11.813902
11.592568
11.372957
11.155148
10.939218
10.725241
10.513285
10.303418
10.095704
9.8902036
9.6869735
9.4860679
9.2875373
9.091429
8.8977869
8.7066516
8.5180603
8.3320472
8.1486429
7.9678751
7.789768
7.614343
7.4416183
7.2716093
7.1043281
6.9397843
6.7779846
6.618933
6.462631
6.3090774
6.1582689
6.0101989
5.8648624
5.7222357
5.5823668
5.4449706
5.3112473
5.1757204
5.0628739
4.8626733
24.645807
24.486651
24.324934
24.160517
23.99337
23.823494
23.650901
23.475604
23.297621
23.116974
22.933687
22.747787
22.559305
22.368276
22.174735
21.978724
21.780287
21.57947
21.376325
21.170904
20.963267
20.753472
20.541583
20.327669
20.111798
19.894044
19.674483
19.453195
19.230261
19.005766
18.779799
18.552447
18.323805
18.093966
17.863027
17.631086
17.398245
17.164605
16.930268
16.695341
16.459929
16.224137
15.988074
15.751847
15.515565
15.279335
15.043265
14.807464
14.572038
14.337094
14.102738
13.869074
13.636206
13.404235
13.173262
12.943386
12.714702
12.487306
12.26129
12.036743
11.813753
11.592406
11.372782
11.15496
10.939019
10.725029
10.513062
10.303185
10.095461
9.8899514
9.6867125
9.4857986
9.2872603
9.0911448
8.8974962
8.7063548
8.5177582
8.3317401
8.1483315
7.9675598
7.7894495
7.6140217
7.4412948
7.2712839
7.1040014
6.9394567
6.7776566
6.618605
6.4623034
6.3087506
6.1579433
6.0098748
5.8645403
5.7219158
5.5820496
5.4446563
5.3109362
5.1754129
5.0625695
4.8623748
24.646092
24.486935
24.325219
24.160801
23.993654
23.823779
23.651185
23.475888
23.297905
23.117257
22.933969
22.748069
22.559586
22.368555
22.175013
21.979
21.780561
21.579743
21.376595
21.171172
20.963532
20.753734
20.541842
20.327923
20.112048
19.89429
19.674724
19.453431
19.230491
19.005991
18.780016
18.552658
18.324008
18.094161
17.863214
17.631265
17.398414
17.164764
16.930417
16.695479
16.460055
16.224252
15.988177
15.751937
15.515642
15.279399
15.043315
14.8075
14.57206
14.337101
14.102731
13.869052
13.636169
13.404183
13.173195
12.943304
12.714605
12.487195
12.261164
12.036603
11.813599
11.592238
11.3726
11.154766
10.938811
10.72481
10.512831
10.302943
10.095208
9.8896879
9.6864392
9.4855161
9.2869691
9.0908456
8.8971894
8.706041
8.5174379
8.3314141
8.1480001
7.9672237
7.7891091
7.6136776
7.4409475
7.270934
7.1036493
6.939103
6.7773017
6.6182494
6.4619475
6.3083949
6.1575882
6.0095208
5.8641877
5.7215651
5.581701
5.4443103
5.3105931
5.175073
5.0622323
4.8620431
24.646032
24.486873
24.325155
24.160734
23.993585
23.823707
23.65111
23.47581
23.297824
23.117174
22.933883
22.747979
22.559494
22.36846
22.174914
21.978899
21.780456
21.579634
21.376483
21.171057
20.963412
20.75361
20.541715
20.327792
20.111913
19.89415
19.67458
19.453282
19.230337
19.005832
18.779852
18.552488
18.323833
18.09398
17.863026
17.631071
17.398213
17.164556
16.930202
16.695257
16.459825
16.224014
15.987931
15.751683
15.515379
15.279127
15.043035
14.807211
14.571761
14.336793
14.102413
13.868725
13.635832
13.403837
13.172839
12.942938
12.714231
12.486811
12.260771
12.036201
11.813188
11.591818
11.372172
11.15433
10.938368
10.724359
10.512374
10.302479
10.094738
9.8892122
9.6859583
9.4850305
9.2864792
9.0903518
8.8966922
8.7055411
8.5169356
8.3309099
8.1474946
7.9667173
7.7886023
7.6131709
7.4404414
7.2704289
7.1031457
6.9386013
6.7768023
6.6177528
6.4614541
6.3079051
6.1571024
6.0090394
5.8637109
5.7210933
5.5812346
5.4438495
5.310138
5.1746242
5.0617888
4.8616098
24.646332
24.487173
24.325454
24.161034
23.993884
23.824005
23.651408
23.476107
23.29812
23.117468
22.934176
22.748271
22.559784
22.368748
22.175201
21.979182
21.780737
21.579912
21.376758
21.171329
20.963681
20.753875
20.541975
20.328048
20.112164
19.894397
19.674821
19.453517
19.230567
19.006055
18.780068
18.552697
18.324034
18.094174
17.863212
17.631248
17.398382
17.164715
16.930352
16.695396
16.459954
16.224132
15.988038
15.751779
15.515463
15.279199
15.043094
14.807257
14.571795
14.336814
14.10242
13.868718
13.635811
13.403802
13.172791
12.942876
12.714154
12.48672
12.260666
12.036082
11.813057
11.591673
11.372014
11.154159
10.938185
10.724164
10.512166
10.30226
10.094507
9.8889705
9.685706
9.4847679
9.2862068
9.09007
8.8964014
8.7052417
8.5166282
8.3305948
8.1471723
7.9663883
7.7882672
7.6128302
7.4400955
7.2700783
7.102791
6.9382429
6.7764408
6.6173887
6.4610878
6.3075372
6.1567332
6.0086695
5.8633407
5.7207232
5.5808651
5.4434809
5.3097706
5.1742584
5.0614243
4.8612485
24.645382
24.486223
24.324504
24.160083
23.992933
23.823054
23.650457
23.475157
23.29717
23.116519
22.933228
22.747323
22.558836
22.367801
22.174255
21.978238
21.779794
21.57897
21.375818
21.17039
20.962743
20.752939
20.541042
20.327117
20.111235
19.893469
19.673896
19.452595
19.229647
19.005137
18.779154
18.551786
18.323126
18.093268
17.862309
17.630349
17.397486
17.163822
16.929463
16.694511
16.459072
16.223254
15.987164
15.750909
15.514597
15.278336
15.042236
14.806403
14.570945
14.335968
14.101579
13.867881
13.634979
13.402974
13.171967
12.942057
12.71334
12.48591
12.259861
12.035282
11.812261
11.590882
11.371228
11.153378
10.937409
10.723392
10.5114
10.301499
10.093752
9.8882204
9.6849614
9.4840289
9.2854736
9.0893427
8.8956802
8.7045267
8.5159196
8.3298928
8.146477
7.9657
7.7875859
7.6121561
7.4394289
7.2694194
7.1021399
6.9375998
6.7758059
6.6167621
6.4604698
6.3069278
6.1561327
6.0080779
5.8627583
5.72015
5.5803012
5.4429265
5.3092256
5.1737232
5.0608975
4.8607374
24.64701
24.487845
24.32612
24.161694
23.994537
23.824652
23.652048
23.47674
23.298746
23.118087
22.934788
22.748875
22.560379
22.369335
22.17578
21.979753
21.781299
21.580465
21.377302
21.171863
20.964205
20.754389
20.542479
20.328542
20.112647
19.894868
19.675281
19.453965
19.231003
19.006478
18.780479
18.553096
18.324419
18.094545
17.863569
17.631591
17.39871
17.165028
16.93065
16.695678
16.46022
16.224382
15.988271
15.751995
15.515661
15.279379
15.043256
14.8074
14.571919
14.336919
14.102505
13.868783
13.635856
13.403827
13.172794
12.942858
12.714114
12.486658
12.260582
12.035976
11.812927
11.591521
11.371839
11.15396
10.937962
10.723918
10.511897
10.301968
10.094193
9.8886333
9.6853467
9.4843869
9.2858046
9.0896472
8.8959585
8.7047794
8.5161472
8.3300958
8.1466562
7.9658558
7.7877191
7.6122675
7.439519
7.2694891
7.1021899
6.9376309
6.7758189
6.6167577
6.4604489
6.3068912
6.1560811
6.0080122
5.8626792
5.7200583
5.5801975
5.4428115
5.3091001
5.1735875
5.0607532
4.8605792
)
;

boundaryField
{
    inlet
    {
        type            fixedValue;
        value           uniform 750;
    }
    top
    {
        type            zeroGradient;
    }
    outlet
    {
        type            zeroGradient;
    }
    slipsurface
    {
        type            slip;
    }
    bottom
    {
        beta1           0.075;
        blended         false;
        type            omegaWallFunction;
        value           nonuniform List<scalar> 
100
(
99.668428
99.668428
99.668428
99.668428
99.668428
99.668428
99.668428
99.668428
99.668428
99.668428
99.668428
99.668428
99.668428
425.2944
681.48729
848.49511
946.6521
996.87668
1022.6847
1021.7714
1016.2981
1006.0736
993.36563
979.77152
965.82952
951.8131
937.98652
924.726
912.4223
900.93475
890.2777
880.51818
871.70065
863.82357
856.84048
850.67653
845.23366
840.41698
836.16326
832.4252
829.13574
826.21288
823.58354
821.17404
818.95323
816.8246
814.76896
812.75341
810.74541
808.72345
806.66395
804.53863
802.32882
800.03329
797.66458
795.24015
792.77698
790.29253
787.80248
785.31717
782.84166
780.37852
777.93122
775.50561
773.10749
770.74007
768.40648
766.10913
763.84581
761.61059
759.39911
757.21092
755.04727
752.90889
750.79765
748.71565
746.66105
744.6295
742.61829
740.6276
738.65844
736.71257
734.79141
732.89287
731.0134
729.15203
727.3088
725.48505
723.68219
721.89827
720.13041
718.37778
716.64104
714.91931
713.21468
711.51077
709.84125
708.0725
706.57251
703.82363
)
;
    }
    frontandback
    {
        type            empty;
    }
}


// ************************************************************************* //
