/*--------------------------------*- C++ -*----------------------------------*\
  =========                 |
  \\      /  F ield         | OpenFOAM: The Open Source CFD Toolbox
   \\    /   O peration     | Website:  https://openfoam.org
    \\  /    A nd           | Version:  12
     \\/     M anipulation  |
\*---------------------------------------------------------------------------*/
FoamFile
{
    format      ascii;
    class       volScalarField;
    location    "1500";
    object      p;
}
// * * * * * * * * * * * * * * * * * * * * * * * * * * * * * * * * * * * * * //

dimensions      [0 2 -2 0 0 0 0];

internalField   nonuniform List<scalar> 
7480
(
0.0087639014
0.0080249802
0.0069035763
0.0063276408
0.0060159073
0.0057321673
0.005464589
0.0052362636
0.0050375824
0.0048583188
0.0046918566
0.0045360337
0.0043911823
0.0042520763
0.0041189747
0.00399032
0.0038659554
0.0037485648
0.0036392028
0.003537334
0.0034436796
0.0033590471
0.0032842117
0.0032199705
0.0031667029
0.0031233444
0.0030897764
0.0030643395
0.0030426962
0.003021733
0.0029989124
0.0029731364
0.0029443254
0.0029143501
0.0028840837
0.0028525128
0.0028196354
0.0027852699
0.0027495856
0.002713589
0.0026774652
0.0026407507
0.0026036659
0.0025664847
0.0025297306
0.00249323
0.002456491
0.0024195266
0.0023828831
0.0023465879
0.0023100687
0.0022733457
0.0022367889
0.0022003965
0.0021637404
0.0021268782
0.0020900454
0.0020531621
0.0020159299
0.0019785374
0.0019410249
0.0019031748
0.0018650268
0.0018266539
0.0017879249
0.0017488175
0.0017093988
0.0016695554
0.0016292868
0.001588619
0.0015474555
0.0015058191
0.0014636809
0.0014210187
0.0013778271
0.0013340565
0.0012897117
0.0012447693
0.0011992163
0.0011530421
0.0011062371
0.0010587955
0.0010107157
0.00096200134
0.00091266494
0.0008627261
0.00081222536
0.00076120517
0.00070977769
0.00065799137
0.00060620549
0.0005542578
0.0005036189
0.00045238979
0.00040782235
0.00035703456
0.00033856954
0.00025720553
0.00055870753
-0.00046403098
0.008284255
0.0076209177
0.0067889042
0.0063270982
0.0060666126
0.0058149094
0.0055651528
0.0053423471
0.0051453433
0.0049626419
0.0047908135
0.0046287161
0.0044777014
0.0043327993
0.0041944881
0.0040617251
0.0039340745
0.0038125433
0.0036984526
0.0035924616
0.0034949552
0.0034064324
0.0033276036
0.0032591329
0.003201055
0.003152119
0.0031125706
0.0030814984
0.0030550776
0.0030305132
0.0030055223
0.0029789125
0.0029502125
0.0029208915
0.0028913753
0.0028602822
0.0028275478
0.0027930906
0.0027572202
0.0027210364
0.0026847341
0.0026478405
0.0026105713
0.0025731868
0.0025362134
0.0024994836
0.0024625139
0.0024253221
0.0023884547
0.0023519364
0.002315195
0.0022782558
0.0022414909
0.0022048971
0.0021680452
0.0021309947
0.0020939817
0.0020569253
0.0020195266
0.0019819758
0.0019443115
0.0019063158
0.0018680291
0.0018295238
0.0017906681
0.0017514397
0.0017119057
0.0016719519
0.001631578
0.0015908099
0.0015495505
0.0015078228
0.0014655973
0.0014228519
0.001379581
0.0013357346
0.0012913176
0.0012463063
0.0012006875
0.0011544505
0.0011075857
0.0010600869
0.0010119525
0.00096318613
0.00091380003
0.00086381373
0.00081326772
0.00076220432
0.00071073562
0.00065890998
0.00060708672
0.00055510331
0.00050443095
0.00045316944
0.00040857359
0.00035775706
0.00033925341
0.00025799353
0.00055954802
-0.00046337306
0.0080006772
0.007529163
0.0068526152
0.0063760026
0.0060731028
0.0057944614
0.005527267
0.0052921562
0.0050876624
0.00490142
0.0047293191
0.0045698022
0.0044213728
0.0042814404
0.0041486226
0.0040220513
0.0039011793
0.0037862934
0.0036788691
0.0035800188
0.0034899449
0.0034089613
0.0033375538
0.0032761313
0.0032246293
0.00318195
0.0031464803
0.0031164931
0.0030895
0.0030627582
0.0030343647
0.0030035531
0.002970102
0.0029360763
0.0029026452
0.0028687566
0.0028342833
0.002798991
0.0027629451
0.0027269799
0.0026909652
0.0026542
0.0026168713
0.0025793051
0.0025421105
0.002505154
0.0024679675
0.0024305752
0.00239352
0.0023568161
0.0023198905
0.0022827768
0.002245847
0.0022090938
0.0021720842
0.0021348812
0.0020977218
0.0020605232
0.0020229853
0.0019853013
0.0019475084
0.0019093879
0.0018709814
0.001832361
0.0017933939
0.0017540585
0.0017144215
0.0016743684
0.0016338992
0.0015930394
0.0015516917
0.0015098793
0.0014675725
0.001424749
0.0013814031
0.0013374846
0.0012929986
0.0012479209
0.0012022385
0.0011559405
0.0011090171
0.0010614622
0.001013274
0.00096445592
0.00091502029
0.00086498651
0.00081439497
0.00076328792
0.00071177743
0.00065991172
0.00060805023
0.00055603006
0.00050532319
0.00045402772
0.00040940263
0.00035855281
0.0003400313
0.00025885461
0.0005604354
-0.00046272426
0.0077545392
0.0073643907
0.0067712619
0.0063188153
0.0060245752
0.0057654322
0.0055179915
0.005298954
0.0051062606
0.0049289048
0.0047628654
0.00460765
0.0044599957
0.0043208576
0.0041874685
0.0040594812
0.003936554
0.0038189942
0.0037083461
0.0036057282
0.0035113977
0.0034257878
0.0033495424
0.0032833572
0.0032276537
0.003182043
0.0031443924
0.003113167
0.0030869773
0.0030627703
0.0030381625
0.0030118575
0.0029834456
0.0029530591
0.0029209392
0.0028871383
0.002851556
0.0028141586
0.0027753753
0.0027367021
0.0026985434
0.0026603822
0.0026223038
0.0025844897
0.0025473633
0.0025105405
0.0024733862
0.002435909
0.002398711
0.0023618364
0.002324728
0.0022874417
0.0022503481
0.0022134322
0.0021762594
0.002138901
0.0021015943
0.002064253
0.0020265743
0.0019887556
0.0019508329
0.0019125861
0.0018740582
0.001835321
0.0017962405
0.0017567957
0.0017170535
0.0016768983
0.0016363309
0.0015953765
0.0015539374
0.0015120372
0.0014696457
0.0014267408
0.0013833165
0.0013393227
0.0012947643
0.001249617
0.0012038678
0.0011575055
0.0011105204
0.0010629063
0.0010146611
0.00096578854
0.00091630053
0.0008662165
0.00081557675
0.00076442348
0.00071286867
0.00066096045
0.00060905832
0.00055699905
0.00050625523
0.00045492351
0.00041026609
0.00035937996
0.00034084195
0.00025961085
0.00056131131
-0.00046214167
0.0075293899
0.0071930433
0.0066892214
0.0062867569
0.0060070087
0.0057578005
0.0055156236
0.0052979388
0.005103583
0.0049240421
0.0047558152
0.004598466
0.0044496543
0.0043099287
0.0041765842
0.0040492294
0.0039275302
0.0038116974
0.0037030012
0.0036023914
0.0035101624
0.003426739
0.0033526375
0.0032883606
0.0032341312
0.0031893291
0.0031517296
0.0031198373
0.0030921915
0.0030658166
0.0030386895
0.0030101234
0.0029804984
0.0029494577
0.0029174512
0.0028853389
0.0028525441
0.0028186755
0.0027836088
0.0027474108
0.002710183
0.0026720454
0.0026330766
0.0025936974
0.0025548932
0.0025166955
0.0024786294
0.0024406455
0.0024032894
0.0023664356
0.0023293363
0.0022919999
0.0022548158
0.0022177824
0.0021804758
0.0021429869
0.0021055528
0.0020680821
0.0020302721
0.0019923282
0.0019542839
0.0019159169
0.0018772729
0.0018384232
0.0017992324
0.0017596807
0.0017198351
0.0016795788
0.0016389136
0.0015978645
0.0015563332
0.0015143439
0.0014718661
0.0014288778
0.0013853729
0.0013413011
0.0012966674
0.0012514475
0.0012056282
0.0011591984
0.0011121482
0.0010644714
0.0010161659
0.00096723516
0.00091769124
0.00086755341
0.00081686194
0.00076565893
0.00071405632
0.00066210216
0.00061015594
0.00055805423
0.00050726987
0.00045589864
0.0004112045
0.00036027857
0.00034171666
0.00026039406
0.00056221704
-0.00046145459
0.007329248
0.0070418658
0.0066134975
0.0062507218
0.005979364
0.0057357196
0.0055006836
0.005287938
0.00509691
0.0049204802
0.0047552325
0.004600544
0.0044543441
0.0043165275
0.004184936
0.0040590862
0.0039387211
0.0038240339
0.0037161167
0.0036158641
0.0035236702
0.0034400338
0.0033654292
0.0033002799
0.0032447613
0.0031983387
0.0031591481
0.0031257409
0.003096701
0.0030693471
0.0030417644
0.0030132143
0.0029836222
0.0029523684
0.0029198842
0.0028868551
0.0028527536
0.0028176718
0.0027819062
0.0027453239
0.0027084695
0.0026718823
0.0026353108
0.0025986193
0.0025616798
0.0025243085
0.0024864346
0.002447926
0.0024096204
0.0023718306
0.002333998
0.0022961682
0.0022587581
0.0022216719
0.0021843413
0.0021468098
0.0021093125
0.0020717602
0.0020338562
0.0019958205
0.0019576814
0.0019192152
0.0018804729
0.0018415267
0.0018022396
0.001762593
0.0017226547
0.0016823066
0.0016415517
0.001600415
0.0015587976
0.0015167245
0.0014741647
0.0014310964
0.0013875139
0.0013433663
0.001298659
0.0012533676
0.0012074789
0.0011609819
0.0011138666
0.0010661267
0.0010177602
0.00096877042
0.00091916947
0.00086897656
0.0008182319
0.00076697756
0.00071532544
0.00066332352
0.00061133124
0.00055918507
0.00050835782
0.00045694494
0.00041221061
0.00036124219
0.0003426503
0.0002612367
0.0005631308
-0.00046061214
0.0071491914
0.0069053735
0.0065395513
0.0062102968
0.0059484698
0.005712058
0.0054853912
0.0052783297
0.005090945
0.0049172879
0.004754338
0.0046013591
0.0044565684
0.0043196524
0.0041889464
0.0040639117
0.0039443645
0.0038304944
0.0037232568
0.0036235128
0.0035316912
0.003448258
0.0033736572
0.0033082861
0.0032522542
0.003205115
0.0031652203
0.0031310379
0.00310114
0.0030730746
0.0030449612
0.0030159362
0.0029858415
0.0029542207
0.0029214967
0.0028882774
0.0028541639
0.0028192271
0.0027835277
0.0027468472
0.00270971
0.0026725582
0.0026353268
0.0025981272
0.0025607733
0.0025235791
0.0024868089
0.0024501868
0.0024135299
0.0023766513
0.0023393706
0.0023015319
0.0022636898
0.0022260629
0.0021882414
0.002150346
0.0021126625
0.0020750445
0.0020371041
0.0019990323
0.001960845
0.0019223182
0.0018835125
0.0018445003
0.0018051417
0.0017654214
0.0017254092
0.0016849855
0.0016441553
0.0016029439
0.0015612516
0.0015191047
0.0014764718
0.0014333316
0.0013896782
0.0013454609
0.0013006853
0.0012553269
0.0012093727
0.0011628116
0.0011156339
0.001067833
0.0010194072
0.00097035981
0.00092070281
0.00087045547
0.000819658
0.00076835244
0.00071665067
0.00066460064
0.0006125617
0.00056037036
0.00050949901
0.00045804347
0.00041326637
0.00036225364
0.0003436273
0.00026211878
0.00056401609
-0.00045960304
0.0069846951
0.0067776768
0.0064652679
0.0061674485
0.0059171631
0.0056887739
0.005470063
0.0052683672
0.0050843683
0.004913292
0.0047524555
0.0046011137
0.0044577557
0.0043219477
0.0041923324
0.0040683436
0.0039498331
0.0038369823
0.003730624
0.003631565
0.003540244
0.0034571056
0.0033825802
0.0033170335
0.0032605483
0.0032126906
0.0031719413
0.0031368
0.0031058623
0.0030768908
0.0030480746
0.0030184984
0.0029879881
0.0029561408
0.0029232783
0.0028899309
0.0028557498
0.0028207364
0.00278493
0.0027482007
0.0027110387
0.0026738573
0.0026366306
0.0025993779
0.0025619139
0.0025245419
0.0024874375
0.0024505281
0.0024134257
0.0023762656
0.0023394897
0.0023028623
0.002266202
0.0022293297
0.0021920507
0.0021543014
0.0021164504
0.0020785314
0.0020402839
0.0020019849
0.0019636813
0.0019251006
0.0018862646
0.0018472226
0.0018078265
0.0017680642
0.0017280072
0.0016875331
0.0016466493
0.0016053822
0.0015636317
0.0015214259
0.001478733
0.0014355325
0.0013918188
0.001347541
0.0013027054
0.0012572872
0.001211274
0.0011646546
0.0011174192
0.0010695618
0.0010210804
0.00097197844
0.00092226804
0.00087196849
0.00082112001
0.00076976468
0.00071801435
0.00066591702
0.00061383187
0.00056159561
0.00051067983
0.00045918141
0.00041435959
0.00036330141
0.00034463656
0.00026302499
0.00056484346
-0.00045840681
0.0068334582
0.0066569709
0.0063900978
0.0061219147
0.0058845884
0.0056648528
0.0054540178
0.0052577733
0.0050772978
0.0049089108
0.0047502788
0.0046006846
0.004458848
0.004324258
0.0041957867
0.0040728844
0.0039554271
0.0038435913
0.003738106
0.003639721
0.0035488824
0.0034660229
0.0033915567
0.0033258171
0.003268862
0.0032202643
0.0031786374
0.0031425412
0.0031106077
0.0030807538
0.0030512377
0.0030211415
0.0029902439
0.0029581477
0.0029250975
0.0028915654
0.0028572403
0.0028221027
0.0027862126
0.002749475
0.0027123204
0.0026751401
0.0026379122
0.0026006381
0.0025631801
0.0025257942
0.0024886387
0.00245162
0.0024143934
0.0023771543
0.0023402373
0.0023034545
0.0022664408
0.00222928
0.002192321
0.0021553925
0.0021183401
0.0020809829
0.002043159
0.0020050058
0.0019666429
0.0019278866
0.0018888649
0.001849697
0.0018102358
0.0017704422
0.0017303638
0.0016898657
0.0016489556
0.0016076588
0.0015658736
0.0015236296
0.0014808951
0.0014376504
0.0013938908
0.0013495652
0.001304681
0.0012592134
0.0012131502
0.0011664806
0.0011191949
0.0010712873
0.001022756
0.00097360447
0.00092384502
0.00087349702
0.00082260078
0.00077119845
0.00071940187
0.00066725916
0.00061512927
0.00056284927
0.00051188958
0.00046034886
0.00041548096
0.00036437678
0.00034566961
0.00026394642
0.00056558593
-0.00045699466
0.006693941
0.006542561
0.0063140933
0.0060733368
0.0058498932
0.0056395345
0.0054368315
0.0052463606
0.0050697102
0.0049042114
0.0047479123
0.0046001611
0.0044598909
0.004326566
0.0041992522
0.0040774407
0.0039610277
0.0038501873
0.0037455612
0.0036478446
0.0035574863
0.0034749075
0.003400503
0.0033345765
0.0032771634
0.0032278482
0.0031853675
0.0031483417
0.0031154367
0.0030847087
0.0030544927
0.0030238699
0.002992566
0.0029601976
0.0029269428
0.0028932133
0.0028587414
0.0028234951
0.0027875352
0.0027507807
0.0027136142
0.0026764056
0.0026391399
0.0026018266
0.0025643563
0.0025269544
0.0024897757
0.0024527306
0.0024155155
0.0023782873
0.0023413213
0.0023044206
0.0022672876
0.0022300718
0.0021930464
0.0021559968
0.0021186582
0.0020811446
0.0020436737
0.0020060795
0.0019682156
0.0019299071
0.0018911822
0.001852123
0.0018126119
0.0017727056
0.0017325262
0.0016919665
0.0016510273
0.0016097143
0.0015679141
0.0015256545
0.0014829008
0.0014396331
0.0013958464
0.0013514901
0.0013065723
0.0012610686
0.0012149675
0.0011682585
0.0011209322
0.0010729831
0.0010244095
0.00097521538
0.00092541301
0.00087502199
0.00082408276
0.00077263759
0.00072079839
0.0006686134
0.00061644133
0.00056411979
0.00051311757
0.00046153597
0.00041662125
0.0003654712
0.00034671821
0.0002648748
0.00056621593
-0.00045533398
0.0065646386
0.0064339223
0.006237645
0.0060219111
0.0058128222
0.0056124366
0.0054181508
0.005233811
0.0050613391
0.0048989828
0.0047451919
0.0045994151
0.0044607918
0.0043288072
0.0042026948
0.0040820014
0.0039666432
0.0038567947
0.0037530257
0.0036559801
0.0035661052
0.0034838099
0.0034094699
0.0033433624
0.0032855039
0.0032354924
0.0031921739
0.003154231
0.0031203662
0.0030887663
0.0030578443
0.0030266817
0.0029949582
0.0029623032
0.0029288349
0.002894906
0.0028602858
0.0028249294
0.0027888925
0.0027521085
0.0027149206
0.0026776763
0.0026403735
0.0026030257
0.0025655386
0.0025281156
0.0024909032
0.0024538216
0.0024165872
0.0023793338
0.0023423279
0.002305394
0.0022682721
0.0022310675
0.0021939904
0.0021568354
0.0021194075
0.0020818626
0.002044367
0.0020065985
0.0019684999
0.0019302633
0.0018918716
0.0018531987
0.001814063
0.0017744849
0.0017344967
0.0016939719
0.0016529825
0.0016116031
0.0015697553
0.0015274729
0.001484708
0.0014414325
0.0013976375
0.0013532697
0.0013083368
0.001262814
0.0012166902
0.0011699554
0.0011226008
0.0010746211
0.0010260153
0.00097678739
0.0009269501
0.00087652322
0.00082554736
0.00077406503
0.00072218817
0.00066996528
0.00061775476
0.00056539493
0.00051435253
0.00046273233
0.00041777077
0.00036657561
0.00034777378
0.00026580095
0.00056670525
-0.00045338849
0.0064442415
0.0063306145
0.0061612482
0.0059681075
0.0057734334
0.005583391
0.0053977264
0.0052198393
0.005051906
0.0048929798
0.0047419157
0.0045982887
0.0044614374
0.0043309025
0.004206066
0.0040865405
0.0039722657
0.0038634194
0.0037605136
0.0036641456
0.0035747582
0.0034927487
0.0034184748
0.0033521901
0.0032938962
0.0032432053
0.0031990615
0.0031602118
0.0031253997
0.0030929322
0.0030612992
0.0030295861
0.0029974336
0.0029644791
0.002930787
0.0028966538
0.0028618788
0.0028264065
0.0027902867
0.0027534672
0.0027162549
0.0026789745
0.0026416347
0.0026042505
0.0025667419
0.0025292924
0.0024920388
0.0024549108
0.0024176499
0.0023803738
0.0023433314
0.0023063658
0.0022692302
0.0022319994
0.0021948767
0.0021576928
0.0021202759
0.0020827333
0.0020451695
0.0020073123
0.0019691748
0.0019309358
0.0018924488
0.0018535819
0.0018144131
0.0017750152
0.0017352936
0.0016950773
0.0016543949
0.0016132274
0.0015714566
0.0015291628
0.0014863595
0.0014430544
0.0013992454
0.0013548722
0.0013099372
0.0012644111
0.0012182813
0.0011715368
0.0011241687
0.001076172
0.0010275461
0.00097829545
0.00092843315
0.00087797933
0.00082697489
0.00077546259
0.0007235545
0.00067129942
0.0006190554
0.00056666166
0.00051558246
0.00046392691
0.00041891919
0.00036768039
0.0003488272
0.00026671479
0.00056701277
-0.00045111787
0.0063316543
0.0062322381
0.0060853523
0.0059124465
0.0057319253
0.005552389
0.0053754543
0.0052042761
0.0050412112
0.0048860024
0.0047378988
0.0045966198
0.0044616932
0.0043327398
0.004209276
0.0040909872
0.003977841
0.003870022
0.0037679963
0.0036723202
0.0035834304
0.0035017135
0.0034275108
0.0033610551
0.0033023371
0.0032509841
0.0032060292
0.0031662854
0.0031305398
0.0030972109
0.0030648634
0.0030325911
0.0030000005
0.0029667333
0.0029328062
0.0028984625
0.0028635259
0.0028279323
0.0027917257
0.0027548655
0.0027176254
0.0026803072
0.0026429285
0.0026055059
0.002567973
0.0025304948
0.0024931987
0.0024560229
0.0024187332
0.002381432
0.0023443473
0.0023073379
0.0022701715
0.0022329137
0.0021957578
0.0021585497
0.0021211219
0.002083554
0.0020459458
0.0020080741
0.0019699491
0.0019316842
0.0018931288
0.0018542134
0.0018150506
0.0017755834
0.0017357035
0.0016954476
0.0016548567
0.0016138663
0.0015723637
0.0015303445
0.0014877356
0.0014445162
0.0014007167
0.0013563252
0.0013113755
0.0012658442
0.001219715
0.0011729722
0.0011256045
0.0010776054
0.0010289734
0.00097971307
0.00092983767
0.00087936771
0.00082834444
0.00077681096
0.00072487954
0.00067259935
0.00062032806
0.000567906
0.00051679444
0.00046510777
0.00042005541
0.00036877517
0.00034986867
0.00026760612
0.00056709834
-0.00044848047
0.0062259497
0.0061384125
0.0060103166
0.0058554197
0.0056885575
0.0055195224
0.00535134
0.0051870527
0.0050291366
0.0048779093
0.0047329941
0.0045942649
0.0044614277
0.0043341993
0.00421222
0.0040952519
0.0039832943
0.0038765416
0.0037754248
0.0036804647
0.0035920909
0.0035106806
0.00343656
0.0033699445
0.0033108172
0.003258822
0.0032130733
0.0031724504
0.0031357867
0.0031016041
0.0030685404
0.0030357011
0.0030026636
0.0029690712
0.0029348981
0.0029003376
0.0028652329
0.0028295132
0.0027932154
0.0027563089
0.0027190367
0.0026816783
0.0026442587
0.0026067963
0.0025692368
0.0025317284
0.002494389
0.0024571652
0.0024198447
0.0023825157
0.0023453865
0.0023083299
0.0022711303
0.0022338446
0.0021966504
0.0021594052
0.0021219486
0.0020843524
0.0020467153
0.0020088303
0.0019706941
0.0019324006
0.0018938188
0.0018549005
0.0018157307
0.0017762207
0.0017362997
0.0016960506
0.0016553846
0.0016142609
0.00157273
0.0015307657
0.0014883009
0.001445317
0.0014017563
0.0013575289
0.0013126538
0.0012671384
0.0012210051
0.0011742592
0.0011268935
0.0010788991
0.0010302718
0.00098101423
0.00093113848
0.00088066463
0.00082963391
0.00077808966
0.0007261443
0.0006738475
0.00062155648
0.00056911288
0.00051797455
0.00046626203
0.00042116742
0.00036984867
0.0003508876
0.00026846282
0.00056692355
-0.00044542711
0.0061263367
0.0060487772
0.0059364124
0.0057974659
0.0056436074
0.005484933
0.0053254507
0.0051681669
0.0050156264
0.0048686133
0.0047270978
0.0045911127
0.0044605307
0.0043351743
0.0042147992
0.0040992451
0.0039885465
0.0038829104
0.0037827416
0.0036885308
0.0036006997
0.0035196172
0.0034455964
0.0033788382
0.0033193211
0.0032667072
0.0032201853
0.0031787011
0.0031411367
0.0031061101
0.0030723303
0.0030389179
0.0030054255
0.0029714962
0.0029370667
0.0029022833
0.0028670042
0.0028311534
0.00279476
0.0027578014
0.0027204927
0.0026830915
0.0026456292
0.0026081256
0.002570537
0.0025329967
0.0024956133
0.0024583407
0.0024209874
0.0023836286
0.0023464539
0.0023093497
0.0022721159
0.0022348001
0.0021975642
0.0021602779
0.0021227898
0.0020851639
0.002047492
0.0020095795
0.001971417
0.0019330955
0.0018944966
0.0018555686
0.0018163827
0.0017768554
0.001736924
0.0016966623
0.0016559723
0.0016148298
0.0015732836
0.0015312348
0.0014886815
0.0014456657
0.0014021456
0.0013580701
0.0013134059
0.0012680855
0.0012220809
0.0011753949
0.0011280475
0.0010800576
0.0010314348
0.00098218398
0.00093231574
0.00088184826
0.00083082132
0.00077927752
0.00072732887
0.00067502529
0.00062272337
0.00057026626
0.00051910786
0.0004673758
0.00042224221
0.0003708886
0.00035187252
0.00026927109
0.00056644875
-0.00044190206
0.0060321385
0.0059629962
0.0058638358
0.0057389648
0.0055973485
0.0054487839
0.0052978858
0.0051476561
0.0050006667
0.0048580678
0.0047201428
0.0045870838
0.0044589179
0.0043355782
0.0042169287
0.0041028862
0.0039935233
0.0038890617
0.0037898877
0.0036964663
0.0036092118
0.0035284853
0.0034545884
0.0033877103
0.003327828
0.003274623
0.0032273525
0.0031850283
0.0031465828
0.0031107243
0.0030762308
0.0030422408
0.0030082865
0.0029740101
0.0029393143
0.0029043019
0.0028688425
0.0028328555
0.0027963622
0.0027593458
0.0027219963
0.0026845498
0.0026470427
0.0026094963
0.0025718764
0.0025343023
0.0024968739
0.0024595519
0.002422164
0.0023847736
0.0023475528
0.0023104001
0.0022731305
0.0022357826
0.0021985038
0.0021611754
0.0021236549
0.0020859973
0.0020482868
0.0020103425
0.0019721514
0.0019337989
0.001895174
0.0018562232
0.0018170122
0.0017774668
0.0017375249
0.0016972489
0.0016565543
0.0016154063
0.0015738407
0.0015317753
0.001489224
0.0014461619
0.0014025505
0.0013584136
0.0013137324
0.0012684809
0.001222626
0.0011761216
0.0011289291
0.0010810366
0.0010324595
0.00098322657
0.00093336777
0.00088290925
0.00083189171
0.00078035656
0.00072841427
0.00067611393
0.0006238108
0.00057134923
0.00052017856
0.00046843427
0.00042326591
0.00037188173
0.00035281109
0.00027001682
0.00056563085
-0.00043784921
0.0059427745
0.0058807603
0.0057927199
0.0056802388
0.0055500408
0.0054112464
0.0052687612
0.005125581
0.0049842697
0.004846253
0.0047120886
0.0045821232
0.0044565267
0.0043353433
0.0042185391
0.004106107
0.0039981594
0.0038949347
0.003796807
0.0037042206
0.0036175817
0.0035372449
0.0034635018
0.0033965322
0.0033363142
0.0032825496
0.0032345591
0.0031914194
0.0031521154
0.0031154395
0.003080237
0.0030456668
0.0030112453
0.0029766124
0.0029416413
0.0029063943
0.0028707491
0.0028346211
0.0027980235
0.0027609439
0.0027235492
0.0026860548
0.0026485011
0.0026109104
0.0025732568
0.0025356472
0.002498173
0.0024608009
0.0024233765
0.0023859529
0.0023486852
0.0023114833
0.0022741762
0.0022367946
0.0021994721
0.0021621007
0.0021245463
0.0020868552
0.0020491047
0.0020111273
0.0019729066
0.0019345208
0.0018958657
0.0018568882
0.0018176492
0.0017780792
0.0017381168
0.001697819
0.0016571084
0.0016159482
0.0015743708
0.0015323048
0.0014897537
0.0014466784
0.0014030548
0.0013588939
0.0013141547
0.0012688412
0.0012229441
0.0011764516
0.0011293458
0.0010815973
0.0010331734
0.0009840592
0.00093427031
0.00088384539
0.00083284445
0.00078132103
0.00072938937
0.00067709877
0.00062480245
0.00057234515
0.00052117045
0.00046942196
0.00042422387
0.00037281395
0.00035369016
0.00027068442
0.00056441256
-0.00043320804
0.0058577445
0.0058017875
0.005723148
0.0056215565
0.0055019263
0.0053724934
0.0052382016
0.0051020168
0.004966465
0.0048331668
0.004702912
0.0045761932
0.0044533105
0.0043344167
0.0042195747
0.0041088507
0.0040023989
0.003900476
0.0038034493
0.0037117464
0.0036257662
0.003545857
0.0034723022
0.0034052741
0.0033447541
0.0032904653
0.0032417872
0.0031978602
0.0031577226
0.0031202465
0.0030843422
0.0030491912
0.0030142984
0.0029793012
0.0029440467
0.0029085599
0.0028727238
0.0028364504
0.0027997444
0.0027625965
0.0027251525
0.0026876077
0.0026500056
0.002612369
0.0025746796
0.0025370327
0.0024995119
0.0024620891
0.0024246265
0.002387168
0.0023498528
0.0023126009
0.0022752547
0.002237838
0.002200471
0.0021630556
0.0021254656
0.0020877398
0.0020499483
0.0020119367
0.001973685
0.0019352643
0.0018965776
0.0018575723
0.0018183035
0.0017787059
0.0017387192
0.0016983959
0.0016576626
0.0016164828
0.0015748873
0.001532808
0.0014902436
0.0014471609
0.0014035379
0.0013593746
0.0013146291
0.001269299
0.0012233665
0.0011768241
0.0011296703
0.001081903
0.0010335183
0.00098450566
0.0009348508
0.00088454954
0.00083363452
0.00078215893
0.00073025159
0.00067797568
0.00062568992
0.00057324201
0.00052206952
0.00047032401
0.00042510138
0.00037367056
0.00035449609
0.00027125678
0.00056273864
-0.00042791471
0.0057766156
0.0057258224
0.0056551643
0.0055631383
0.0054532263
0.0053326955
0.0052063361
0.0050770484
0.0049472942
0.0048188193
0.0046926019
0.0045692674
0.0044492335
0.0043327561
0.0042199892
0.0041110697
0.0040061939
0.0039056391
0.00380977
0.0037190014
0.0036337254
0.0035542848
0.0034809562
0.0034139064
0.0033531219
0.0032983475
0.0032490176
0.0032043348
0.0031633914
0.0031251347
0.003088538
0.0030528078
0.0030174413
0.0029820733
0.0029465281
0.002910797
0.0028747654
0.0028383424
0.0028015243
0.0027643034
0.002726806
0.0026892086
0.0026515563
0.0026138726
0.0025761453
0.0025384595
0.0025008913
0.0024634173
0.002425915
0.0023884199
0.0023510565
0.002313754
0.0022763674
0.0022389141
0.0022015017
0.0021640414
0.0021264145
0.0020886527
0.0020508196
0.0020127724
0.0019744883
0.0019360316
0.0018973121
0.0018582778
0.0018189779
0.0017793513
0.0017393388
0.0016989882
0.0016582301
0.0016170278
0.0015754097
0.0015333101
0.0014907266
0.001447629
0.0014039945
0.0013598219
0.0013150727
0.0012697408
0.0012238056
0.0011772549
0.0011300794
0.0010822751
0.0010338468
0.00098480328
0.00093515768
0.00088492146
0.00083411464
0.00078275567
0.00073094083
0.0006787226
0.00062646692
0.00057403572
0.00052286897
0.00047113029
0.00042588618
0.00037443769
0.00035521544
0.00027171576
0.00056055467
-0.00042190475
0.0056990113
0.0056526343
0.0055887831
0.0055051615
0.005404141
0.0052920183
0.0051732959
0.0050507678
0.0049268086
0.0048032304
0.0046811563
0.0045613281
0.0044442676
0.0043303263
0.0042197432
0.0041127226
0.0040095029
0.0039103831
0.0038157293
0.0037259471
0.0036414226
0.0035624942
0.0034894325
0.003422401
0.0033613923
0.0033061737
0.0032562307
0.0032108264
0.0031691074
0.0031300923
0.0030928152
0.0030565094
0.0030206682
0.0029849244
0.0029490824
0.0029131029
0.0028768719
0.0028402955
0.0028033618
0.0027660635
0.0027285091
0.0026908569
0.0026531528
0.0026154208
0.0025776539
0.0025399277
0.0025023115
0.0024647859
0.0024272424
0.0023897093
0.0023522971
0.0023149434
0.0022775152
0.0022400238
0.0022025654
0.0021650592
0.0021273943
0.0020895953
0.0020517196
0.0020136356
0.001975318
0.0019368244
0.001898071
0.0018590064
0.0018196744
0.0017800175
0.0017399781
0.001699599
0.0016588146
0.0016175884
0.0015759458
0.0015338238
0.0014912189
0.0014481018
0.0014044494
0.0013602604
0.0013154984
0.0012701567
0.0012242156
0.001177662
0.0011304847
0.0010826763
0.0010342352
0.00098516547
0.00093548354
0.00088521402
0.00083439965
0.00078307859
0.00073134644
0.00067923113
0.00062706582
0.00057469626
0.00052355849
0.00047183568
0.00042657235
0.00037510584
0.00035583758
0.00027204372
0.00055780846
-0.00041511697
0.0056246023
0.0055820155
0.0055239965
0.0054477662
0.005354848
0.0052506201
0.0051392116
0.0050232717
0.0049050675
0.0047864283
0.0046685807
0.0045523641
0.0044383903
0.0043270973
0.0042188022
0.0041137723
0.004012288
0.0039146706
0.0038212908
0.0037325483
0.0036488243
0.0035704532
0.0034977014
0.0034307305
0.0033695406
0.0033139217
0.0032634071
0.0032173182
0.0031748561
0.0031351068
0.0030971635
0.0030602879
0.0030239728
0.0029878494
0.0029517057
0.0029154743
0.0028790405
0.0028423073
0.0028052549
0.0027678751
0.0027302603
0.0026925513
0.0026547943
0.0026170129
0.0025792048
0.002541437
0.0025037722
0.0024661948
0.0024286089
0.0023910364
0.0023535749
0.0023161694
0.0022786984
0.0022411678
0.0022036626
0.0021661098
0.0021284055
0.0020905683
0.0020526493
0.0020145275
0.0019761751
0.0019376438
0.0018988555
0.0018597595
0.0018203943
0.0017807061
0.0017406387
0.00170023
0.0016594183
0.0016181669
0.0015764985
0.001534353
0.0014917253
0.0014485867
0.0014049142
0.0013607059
0.0013159264
0.0012705688
0.0012246142
0.0011780498
0.0011308652
0.0010830529
0.0010346097
0.00098553735
0.00093584745
0.00088555964
0.00083471624
0.00078336352
0.00073161492
0.00067951843
0.00062741291
0.00057512928
0.00052406974
0.00047240522
0.00042714635
0.00037566791
0.00035635722
0.00027222688
0.00055445805
-0.00040750067
0.0055530998
0.0055137788
0.0054607806
0.0053910606
0.0053055033
0.0052086505
0.005104212
0.0049946601
0.0048821365
0.0047684484
0.0046548876
0.0045423705
0.0044315845
0.0043230432
0.0042171348
0.0041141849
0.004014514
0.0039184667
0.0038264205
0.0037387719
0.0036558985
0.0035781318
0.0035057349
0.003438869
0.003377543
0.0033215695
0.0032705271
0.003223793
0.0031806224
0.0031401656
0.0031015726
0.0030641348
0.0030273481
0.0029908431
0.0029543935
0.0029179076
0.0028812679
0.002844375
0.002807201
0.0027697361
0.0027320577
0.0026942903
0.0026564792
0.0026186476
0.0025807969
0.0025429865
0.0025052728
0.0024676435
0.002430014
0.0023924009
0.0023548898
0.0023174322
0.0022799172
0.0022423462
0.0022047937
0.0021671936
0.0021294488
0.0020915724
0.0020536093
0.0020154486
0.0019770606
0.0019384906
0.0018996665
0.001860538
0.0018211388
0.0017814183
0.0017413218
0.0017008826
0.0016600426
0.001618765
0.0015770698
0.0015348997
0.0014922478
0.0014490866
0.0014053928
0.0013611637
0.0013163649
0.0012709889
0.0012250172
0.0011784373
0.0011312391
0.0010834155
0.0010349638
0.0009858863
0.00093619362
0.00088590345
0.00083505439
0.00078368819
0.00073191593
0.00067979013
0.00062766262
0.00057538361
0.00052436023
0.00047276136
0.00042754428
0.00037608642
0.00035675951
0.00027224853
0.00055048969
-0.00039902906
0.0054842497
0.0054477553
0.0053991003
0.0053351258
0.0052562419
0.0051662484
0.0050684225
0.0049650345
0.0048580868
0.0047493332
0.0046400963
0.0045313483
0.0044238375
0.0043181422
0.0042147128
0.0041139285
0.0040161478
0.003921738
0.0038310855
0.0037445859
0.0036626146
0.0035855006
0.0035135054
0.0034467911
0.0033853761
0.0033290959
0.0032775714
0.0032302336
0.0031863911
0.0031452554
0.0031060313
0.0030680413
0.003030787
0.0029938996
0.0029571412
0.0029203985
0.0028835507
0.0028464955
0.0028091974
0.0027716441
0.0027338992
0.0026960719
0.0026582056
0.0026203233
0.0025824289
0.002544575
0.0025068123
0.002469131
0.0024314572
0.0023938025
0.0023562415
0.0023187316
0.0022811717
0.0022435592
0.0022059588
0.0021683107
0.0021305244
0.0020926078
0.0020546001
0.0020163995
0.0019779747
0.0019393654
0.0019005045
0.0018613426
0.0018219086
0.0017821549
0.0017420284
0.0017015578
0.0016606886
0.0016193838
0.0015776609
0.0015354652
0.0014927883
0.0014496033
0.0014058871
0.001361636
0.0013168167
0.001271421
0.0012254306
0.0011788332
0.0011316185
0.0010837798
0.0010353145
0.00098622538
0.00093652351
0.00088622689
0.00083537383
0.00078400462
0.00073222718
0.00068008984
0.00062794067
0.00057563263
0.00052457865
0.00047296974
0.00042774717
0.00037629977
0.0003569904
0.00027204764
0.00054592536
-0.00038971599
0.0054178274
0.0053837922
0.0053389127
0.0052800209
0.0052071787
0.0051235419
0.0050319634
0.0049344966
0.0048329937
0.0047291309
0.0046242319
0.0045193042
0.0044151419
0.0043123762
0.0042115114
0.0041129738
0.0040171576
0.0039244522
0.0038352539
0.0037499592
0.0036689423
0.003592531
0.0035209861
0.0034544717
0.0033930168
0.0033364792
0.0032845204
0.0032366226
0.0031921467
0.0031503628
0.0031105286
0.0030719982
0.003034282
0.0029970129
0.002959944
0.0029229431
0.0028858853
0.0028486656
0.0028112411
0.0027735964
0.0027357825
0.0026978938
0.0026599717
0.0026220381
0.0025840991
0.0025462012
0.0025083894
0.0024706563
0.0024329375
0.0023952403
0.0023576293
0.0023200669
0.0022824614
0.0022448064
0.0022071577
0.0021694611
0.0021316324
0.0020936747
0.0020556217
0.0020173803
0.001978918
0.0019402686
0.0019013699
0.0018621738
0.0018227041
0.0017829165
0.001742759
0.0017022563
0.0016613569
0.0016200242
0.0015782728
0.0015360505
0.0014933477
0.0014501381
0.0014063986
0.0013621246
0.0013172837
0.0012718671
0.001225857
0.0011792407
0.0011320082
0.0010841525
0.0010356713
0.00098656735
0.00093685192
0.00088654332
0.00083568023
0.00078430323
0.00073252
0.00068037773
0.0006282212
0.00057589993
0.00052481903
0.00047317516
0.00042789146
0.00037638019
0.00035705322
0.00027155752
0.00054073709
-0.00037960752
0.0053536348
0.0053217515
0.0052801703
0.0052257865
0.0051584105
0.0050806473
0.0049949494
0.0049031471
0.0048069353
0.0047078948
0.0046073256
0.0045062505
0.0044054951
0.0043057313
0.0042075084
0.0041112939
0.0040175137
0.0039265783
0.0038388943
0.0037548609
0.0036748518
0.0035991945
0.00352815
0.0034618857
0.0034004415
0.0033436979
0.0032913543
0.0032429422
0.0031978735
0.0031554741
0.0031150527
0.0030759959
0.0030378253
0.0030001769
0.0029627968
0.0029255371
0.0028882679
0.0028508819
0.0028133292
0.0027755903
0.0027377051
0.0026997538
0.0026617752
0.00262379
0.0025858058
0.0025478633
0.0025100026
0.0024722181
0.0024344537
0.0023967135
0.0023590524
0.0023214376
0.0022837858
0.0022460875
0.0022083901
0.0021706447
0.0021327726
0.002094773
0.0020566743
0.0020183913
0.0019798905
0.0019412003
0.0019022632
0.0018630318
0.0018235258
0.0017837034
0.0017435141
0.0017029785
0.0016620482
0.0016206866
0.001578906
0.0015366563
0.0014939269
0.0014506919
0.0014069282
0.0013626304
0.0013177671
0.0012723289
0.001226298
0.0011796619
0.0011324104
0.0010845365
0.0010360381
0.00098691765
0.00093718658
0.00088686321
0.00083598629
0.00078459658
0.00073280191
0.00068064967
0.00062848375
0.0005761531
0.00052505602
0.00047339014
0.00042804905
0.00037645053
0.00035704296
0.0002711557
0.00053453378
-0.00036867192
0.005291496
0.0052615078
0.0052228228
0.0051724487
0.0051100178
0.0050376691
0.0049574883
0.0048710845
0.0047799915
0.0046856826
0.0045894136
0.004492205
0.0043948994
0.004298198
0.0042026856
0.0041088642
0.0040171878
0.0039280863
0.0038419763
0.0037592606
0.0036803135
0.0036054626
0.0035349701
0.0034690078
0.0034076268
0.00335073
0.003298053
0.0032491741
0.0032035549
0.0031605747
0.0031195914
0.0030800244
0.0030414088
0.003003385
0.0029656945
0.0029281759
0.0028906948
0.0028531412
0.0028154585
0.0027776233
0.0027396645
0.0027016496
0.0026636141
0.002625577
0.002587547
0.0025495597
0.0025116504
0.0024738149
0.0024360047
0.0023982209
0.0023605099
0.0023228428
0.0022851441
0.0022474019
0.0022096556
0.0021718609
0.0021339449
0.0020959026
0.0020577577
0.0020194324
0.0019808922
0.0019421607
0.0019031843
0.0018639169
0.0018243739
0.0017845159
0.0017442939
0.0017037248
0.0016627628
0.0016213716
0.0015795609
0.0015372833
0.0014945264
0.0014512653
0.0014074767
0.0013631544
0.0013182679
0.0012728071
0.0012267547
0.0011800978
0.0011328264
0.0010849335
0.0010364167
0.0009872787
0.00093753071
0.00088719104
0.00083629837
0.00078489341
0.00073308383
0.00068091708
0.00062873633
0.00057639107
0.00052527457
0.00047358818
0.00042819633
0.00037651924
0.00035694351
0.00027138475
0.00052703086
-0.00035688189
0.0052312556
0.0052029473
0.0051668185
0.0051200216
0.0050620662
0.0049947001
0.0049196807
0.0048384038
0.0047522428
0.0046625551
0.004570537
0.0044771905
0.004383362
0.0042897708
0.004197028
0.0041056633
0.0040161542
0.0039289477
0.0038444704
0.0037631286
0.0036852979
0.0036113068
0.0035414193
0.0034758121
0.0034145485
0.0033575529
0.0033045956
0.0032552994
0.003209174
0.0031656497
0.003124132
0.0030840731
0.0030450237
0.0030066302
0.0029686314
0.002930855
0.0028931621
0.00285544
0.0028176261
0.0027796925
0.0027416583
0.0027035789
0.002665486
0.002627397
0.0025893209
0.0025512886
0.0025133311
0.0024754453
0.0024375891
0.0023997613
0.0023620006
0.0023242815
0.0022865357
0.0022487489
0.0022109536
0.0021731095
0.0021351487
0.0020970631
0.0020588718
0.0020205034
0.0019819231
0.0019431497
0.0019041334
0.0018648291
0.0018252484
0.0017853541
0.0017450987
0.0017044954
0.0016635009
0.0016220794
0.001580238
0.0015379315
0.0014951465
0.0014518586
0.0014080444
0.0013636969
0.0013187864
0.0012733025
0.0012272278
0.0011805495
0.0011332574
0.0010853446
0.0010368086
0.00098765202
0.00093788608
0.00088752898
0.00083661927
0.00078519754
0.00073337114
0.0006811874
0.00062898835
0.00057662403
0.00052548229
0.00047376965
0.00042832125
0.0003765623
0.0003567171
0.00027228189
0.00051848207
-0.00034447043
0.0051727753
0.0051459665
0.0051121059
0.0050685102
0.0050146082
0.004951822
0.0048816194
0.0048051964
0.0047237692
0.0046385757
0.0045507408
0.0044612344
0.0043708949
0.0042804489
0.0041905246
0.0041016725
0.0040143893
0.003929136
0.003846348
0.0037664356
0.0036897759
0.0036166987
0.0035474701
0.0034822728
0.003421182
0.0033641436
0.0033109607
0.0032612984
0.0032147128
0.0031706834
0.0031286608
0.0030881307
0.0030486608
0.0030099052
0.0029716016
0.0029335694
0.0028956654
0.0028577746
0.0028198288
0.0027817952
0.002743684
0.0027055393
0.0026673888
0.002629248
0.0025911256
0.0025530483
0.0025150431
0.0024771076
0.0024392055
0.0024013336
0.0023635236
0.0023257528
0.0022879596
0.0022501278
0.0022122835
0.0021743898
0.0021363837
0.0020982543
0.0020600161
0.0020216041
0.001982983
0.0019441671
0.0019051102
0.0018657684
0.0018261494
0.0017862181
0.0017459286
0.0017052904
0.0016642628
0.0016228101
0.0015809374
0.0015386014
0.0014957877
0.0014524722
0.0014086316
0.0013642583
0.0013193233
0.0012738155
0.0012277178
0.0011810173
0.0011337039
0.0010857705
0.0010372145
0.00098803857
0.00093825382
0.00088787835
0.00083695056
0.00078551088
0.00073366628
0.00068146391
0.00062924441
0.00057685835
0.00052568719
0.0004739435
0.00042843027
0.00037657768
0.00035640855
0.0002735103
0.00050936262
-0.00033179242
0.0051159326
0.0050904712
0.0050586339
0.0050179121
0.0049676854
0.0049091057
0.0048433894
0.0047715488
0.0046946495
0.0046138091
0.0045300731
0.0044443685
0.0043575147
0.0042702357
0.0041831683
0.0040968768
0.004011872
0.0039286262
0.0038475821
0.0037691536
0.0036937191
0.0036216099
0.0035530952
0.0034883635
0.0034275023
0.0033704784
0.0033171261
0.0032671507
0.003220153
0.003175659
0.0031331635
0.0030921851
0.0030523101
0.0030132017
0.0029745985
0.0029363137
0.0028982004
0.0028601413
0.0028220632
0.0027839285
0.002745739
0.0027075286
0.0026693204
0.0026311279
0.0025929592
0.0025548371
0.0025167847
0.0024788003
0.0024408525
0.0024029364
0.0023650775
0.0023272556
0.0022894148
0.0022515377
0.0022136444
0.0021757011
0.0021376493
0.0020994755
0.0020611903
0.0020227341
0.0019840716
0.0019452128
0.0019061148
0.0018667347
0.0018270768
0.0017871079
0.0017467835
0.0017061098
0.0016650484
0.0016235639
0.0015816593
0.0015392931
0.0014964499
0.0014531062
0.0014092387
0.0013648388
0.0013198786
0.0012743463
0.0012282251
0.0011815018
0.0011341664
0.0010862116
0.001037635
0.00098843901
0.00093863469
0.00088824003
0.00083729324
0.00078583462
0.00073397064
0.00068174832
0.00062950664
0.00057709688
0.00052589314
0.00047411518
0.00042852949
0.00037658452
0.00035604019
0.00027479337
0.00050005891
-0.00031908115
0.0050606182
0.0050363758
0.0050063529
0.0049682195
0.0049213299
0.0048666123
0.0048050676
0.0047375424
0.0046649605
0.0045883208
0.0045085851
0.0044266286
0.0043432424
0.0042591391
0.004174956
0.0040912645
0.0040085843
0.003927396
0.0038481475
0.0037712554
0.0036970996
0.0036260128
0.0035582672
0.0034940578
0.0034334842
0.0033765333
0.003323069
0.0032728351
0.0032254749
0.0031805591
0.0031376247
0.0030962232
0.0030559608
0.0030165109
0.002977615
0.0029390821
0.0029007621
0.0028625359
0.0028243258
0.0027860893
0.0027478207
0.0027095442
0.0026712785
0.0026330345
0.0025948196
0.0025566531
0.0025185543
0.0024805218
0.0024425287
0.0024045685
0.0023666613
0.0023287888
0.0022909005
0.0022529779
0.0022150357
0.0021770428
0.0021389449
0.0021007264
0.002062394
0.0020238932
0.0019851887
0.0019462866
0.0019071469
0.0018677278
0.0018280305
0.0017880234
0.0017476634
0.0017069537
0.0016658577
0.0016243409
0.0015824036
0.0015400065
0.0014971333
0.0014537607
0.0014098657
0.0013654387
0.0013204526
0.0012748952
0.0012287497
0.0011820031
0.001134645
0.0010866683
0.0010380704
0.00098885374
0.00093902914
0.00088861455
0.00083764796
0.0007861695
0.00073428509
0.00068204163
0.00062977621
0.00057734107
0.00052610185
0.00047428712
0.00042862136
0.00037660232
0.00035561873
0.00027607549
0.00049070217
-0.00030643764
0.0050067349
0.0049836018
0.0049552146
0.0049194202
0.0048755652
0.0048243937
0.0047667232
0.0047032532
0.004634776
0.0045621763
0.0044863296
0.0044080532
0.0043281026
0.004247171
0.0041658886
0.0040848273
0.0040045113
0.0039254252
0.0038480205
0.0037727153
0.0036998906
0.0036298801
0.0035629592
0.0034993293
0.0034391019
0.0033822835
0.0033287662
0.0032783298
0.0032306583
0.0031853653
0.0031420283
0.0031002311
0.0030596011
0.0030198232
0.0029806433
0.0029418679
0.002903345
0.0028649538
0.0028266126
0.0027882743
0.0027499262
0.0027115836
0.0026732606
0.0026349657
0.0025967051
0.0025584945
0.0025203501
0.0024822707
0.0024442326
0.0024062286
0.0023682737
0.0023303513
0.0022924157
0.0022544474
0.0022164565
0.0021784142
0.00214027
0.0021020065
0.0020636267
0.0020250809
0.0019863338
0.0019473882
0.0019082062
0.0018687477
0.0018290104
0.0017889645
0.0017485683
0.001707822
0.0016666909
0.0016251409
0.0015831705
0.0015407419
0.001497838
0.001454436
0.0014105127
0.001366058
0.0013210454
0.0012754623
0.001229292
0.0011825214
0.00113514
0.0010871408
0.0010385211
0.00098928299
0.00093943747
0.00088900224
0.0008380151
0.00078651595
0.00073461014
0.00068234446
0.00063005382
0.00057759175
0.0005263142
0.00047446045
0.00042870714
0.00037662064
0.00035517105
0.00027734633
0.00048128162
-0.00029384559
0.0049541955
0.004932078
0.0049051728
0.004871499
0.0048304083
0.0047824936
0.0047284177
0.0046687514
0.0046041666
0.00453544
0.0044633606
0.0043886841
0.004312124
0.0042343475
0.0041559709
0.004077561
0.0039996409
0.0039226965
0.0038471798
0.0037735095
0.0037020664
0.0036331853
0.0035671444
0.0035041515
0.0034443298
0.0033877042
0.0033341936
0.003283612
0.0032356822
0.0031900584
0.0031463571
0.0031041941
0.0030632185
0.0030231281
0.0029836746
0.0029446641
0.0029059432
0.00286739
0.0028289193
0.0027904798
0.0027520523
0.002713644
0.0026752643
0.0026369192
0.0025986133
0.0025603594
0.0025221705
0.0024840451
0.0024459628
0.0024079154
0.0023699136
0.002331942
0.0022939593
0.0022559455
0.0022179062
0.0021798146
0.0021416239
0.0021033151
0.002064888
0.0020262968
0.0019875068
0.0019485172
0.0019092926
0.0018697939
0.0018300164
0.0017899312
0.0017494981
0.0017087146
0.0016675478
0.0016259641
0.0015839598
0.0015414992
0.001498564
0.0014551319
0.0014111797
0.0013666967
0.0013216571
0.0012760477
0.001229852
0.0011830567
0.0011356516
0.0010876293
0.001038987
0.00098972693
0.00093985983
0.0008894033
0.00083839486
0.00078687423
0.00073494609
0.00068265713
0.00063033984
0.00057784932
0.0005265306
0.00047463571
0.00042878726
0.00037662349
0.0003547235
0.00027858636
0.0004717651
-0.0002812565
0.004902922
0.0048817392
0.0048561833
0.0048244382
0.0047858702
0.0047409483
0.0046902056
0.0046341013
0.0045731994
0.0045081749
0.0044397329
0.0043685648
0.004295338
0.004220688
0.0041452117
0.0040694648
0.003993965
0.0039191954
0.0038456066
0.0037736157
0.0037036027
0.0036359029
0.0035707969
0.0035084985
0.0034491419
0.0033927701
0.0033393269
0.0032886586
0.0032405247
0.0031946183
0.0031505931
0.0031080963
0.0030667994
0.0030264141
0.0029866994
0.0029474626
0.0029085499
0.0028698388
0.0028312411
0.0027927017
0.0027541954
0.0027157222
0.0026772867
0.0026388924
0.0026005422
0.0025622458
0.0025240135
0.0024858434
0.0024477177
0.0024096275
0.0023715796
0.0023335597
0.0022955304
0.0022574711
0.0022193838
0.0021812433
0.0021430061
0.0021046517
0.0020661773
0.0020275406
0.0019887072
0.0019496734
0.0019104058
0.0018708665
0.0018310481
0.0017909231
0.0017504526
0.0017096314
0.0016684284
0.0016268103
0.0015847717
0.0015422783
0.0014993113
0.0014558485
0.0014118669
0.001367355
0.0013222877
0.0012766513
0.0012304297
0.0011836092
0.0011361797
0.0010881337
0.0010394683
0.00099018563
0.00094029632
0.00088981781
0.00083878735
0.00078724446
0.00073529304
0.00068297977
0.00063063439
0.00057811396
0.00052675113
0.00047481306
0.00042886137
0.00037661204
0.00035428014
0.00027978061
0.00046214201
-0.00026864538
0.0048528439
0.0048325254
0.0048082038
0.0047782185
0.0047419572
0.0046997874
0.0046521343
0.0045993617
0.0045419372
0.0044804422
0.004415501
0.0043477406
0.0042777789
0.0042062158
0.0041336233
0.0040605416
0.0039874783
0.0039149105
0.0038432843
0.0037730138
0.003704477
0.0036380087
0.0035738913
0.0035123444
0.0034535128
0.0033974559
0.0033441415
0.0032934459
0.0032451635
0.0031990242
0.0031547173
0.003111921
0.0030703293
0.003029669
0.0029897074
0.0029502548
0.0029111579
0.0028722939
0.0028335727
0.0027949354
0.0027563517
0.0027178148
0.0026793249
0.0026408826
0.0026024892
0.0025641514
0.0025258771
0.0024876639
0.0024494957
0.0024113634
0.0023732705
0.0023352033
0.0022971279
0.0022590234
0.0022208886
0.0021826995
0.0021444158
0.0021060159
0.0020674942
0.0020288117
0.0019899347
0.0019508564
0.0019115455
0.0018719651
0.0018321055
0.0017919402
0.0017514317
0.0017105724
0.0016693326
0.0016276795
0.0015856061
0.0015430793
0.0015000799
0.0014565858
0.0014125741
0.0013680328
0.0013229372
0.0012772734
0.0012310251
0.0011841789
0.0011367244
0.0010886541
0.001039965
0.00099065912
0.00094074697
0.00089024581
0.0008391926
0.00078762664
0.00073565102
0.0006833124
0.00063093747
0.00057838562
0.00052697568
0.00047499237
0.00042892888
0.0003765884
0.00035383657
0.00028092415
0.0004524126
-0.00025600444
0.0048038977
0.0047843817
0.0047611941
0.0047328196
0.0046986716
0.0046590349
0.0046142452
0.0045645854
0.0045104385
0.0044523004
0.004390719
0.0043262576
0.0042594834
0.004190957
0.0041212219
0.004050798
0.0039801795
0.0039098334
0.0038401993
0.0037716861
0.0037046684
0.0036394796
0.0035764035
0.0035156645
0.003457417
0.0034017364
0.0033486124
0.0032979497
0.0032495755
0.0032032544
0.0031587101
0.0031156506
0.0030737928
0.0030328794
0.0029926873
0.002953031
0.0029137588
0.0028747485
0.0028359082
0.002797176
0.0027585168
0.002719918
0.0026813754
0.0026428868
0.0026044516
0.002566074
0.0025277592
0.0024895043
0.0024512951
0.0024131216
0.0023749849
0.0023368715
0.0022987507
0.0022606015
0.0022224197
0.0021841826
0.0021458524
0.0021074069
0.0020688382
0.0020301098
0.0019911888
0.001952066
0.0019127114
0.0018730895
0.0018331884
0.0017929824
0.0017524353
0.0017115375
0.0016702602
0.0016285716
0.0015864628
0.0015439022
0.0015008697
0.0014573437
0.0014133015
0.0013687301
0.0013236057
0.0012779138
0.0012316383
0.0011847658
0.0011372857
0.0010891904
0.001040477
0.0009911474
0.00094121176
0.00089068728
0.00083961058
0.00078802076
0.00073601998
0.00068365495
0.00063124896
0.00057866417
0.00052720396
0.00047517336
0.00042898908
0.00037655266
0.00035339155
0.00028201298
0.00044257816
-0.00024333311
0.0047560253
0.0047372577
0.0047151162
0.0046882204
0.0046560123
0.0046187095
0.0045765738
0.0045298202
0.0044787576
0.0044238054
0.0043654397
0.0043041625
0.0042404896
0.0041749403
0.0041080264
0.0040402441
0.0039720702
0.0039039592
0.0038363409
0.0037696173
0.0037041582
0.0036402944
0.0035783103
0.0035184343
0.0034608297
0.0034055864
0.0033527146
0.0033021456
0.003253737
0.0032072867
0.0031625509
0.0031192664
0.0030771735
0.0030360312
0.002995627
0.0029557809
0.0029163439
0.0028771948
0.0028382409
0.0027994177
0.0027606859
0.0027220276
0.0026834345
0.0026449017
0.0026064264
0.0025680107
0.0025296573
0.0024913627
0.0024531137
0.0024149004
0.0023767211
0.0023385629
0.0023003975
0.0022622041
0.0022239761
0.0021856915
0.0021473152
0.0021088243
0.0020702087
0.0020314344
0.0019924693
0.0019533018
0.0019139034
0.0018742395
0.0018342965
0.0017940495
0.0017534633
0.0017125265
0.0016712114
0.0016294867
0.0015873419
0.0015447468
0.0015016808
0.0014581224
0.0014140489
0.0013694469
0.001324293
0.0012785725
0.0012322693
0.0011853699
0.0011378636
0.0010897428
0.0010410045
0.00099165045
0.00094169066
0.00089114217
0.00084004124
0.00078842673
0.00073639981
0.00068400727
0.00063156867
0.00057894935
0.0005274356
0.00047535561
0.00042904108
0.00037650363
0.00035295021
0.00028304154
0.000432641
-0.00023063493
0.0047091739
0.0046911064
0.0046699336
0.0046443993
0.0046139756
0.0045788255
0.0045391502
0.0044951081
0.0044469445
0.0043950098
0.0043397146
0.004281502
0.0042208371
0.0041581969
0.004094059
0.0040288933
0.003963156
0.0038972859
0.0038317011
0.0037667947
0.0037029298
0.0036404337
0.0035795901
0.0035206307
0.0034637268
0.0034089811
0.0033564233
0.0033060088
0.0032576242
0.0032110983
0.0031662183
0.0031227493
0.0030804541
0.0030391091
0.0029985132
0.0029584931
0.0029189035
0.0028796247
0.0028405638
0.0028016544
0.0027628536
0.0027241389
0.002685498
0.0026469234
0.0026084104
0.0025699586
0.0025315687
0.0024932365
0.0024549496
0.0024166978
0.0023784775
0.0023402759
0.002302067
0.0022638303
0.0022255568
0.0021872255
0.0021488034
0.0021102673
0.0020716051
0.0020327851
0.0019937757
0.0019545634
0.0019151209
0.0018754148
0.0018354297
0.0017951412
0.0017545155
0.0017135393
0.0016721858
0.0016304245
0.0015882434
0.0015456132
0.0015025131
0.0014589217
0.0014148164
0.0013701832
0.0013249993
0.0012792496
0.0012329181
0.0011859911
0.001138458
0.0010903112
0.0010415474
0.00099216822
0.00094218363
0.00089161043
0.00084048449
0.00078884444
0.00073679036
0.00068436918
0.00063189635
0.00057924086
0.00052767015
0.00047553859
0.00042908384
0.0003764417
0.00035251132
0.00028399976
0.00042260672
-0.00021791657
0.0046632949
0.0046458846
0.004625612
0.0046013347
0.0045725554
0.0045393933
0.0045019997
0.0044604866
0.0044150445
0.0043659631
0.0043135931
0.0042583222
0.0042005663
0.0041407596
0.0040793445
0.0040167619
0.0039534452
0.003889815
0.0038262753
0.0037632082
0.003700969
0.0036398799
0.0035802228
0.0035222318
0.0034660847
0.0034118963
0.0033597136
0.0033095147
0.0032612128
0.0032146659
0.0031696906
0.0031260789
0.0030836165
0.0030420972
0.003001332
0.0029611555
0.0029214268
0.0028820288
0.0028428689
0.0028038792
0.002765014
0.0027262466
0.0026875613
0.0026489479
0.0026103999
0.0025719145
0.0025334906
0.002495123
0.0024568003
0.0024185118
0.0023802522
0.0023420089
0.0023037578
0.0022654786
0.0022271606
0.0021887835
0.0021503162
0.0021117352
0.0020730268
0.0020341612
0.0019951075
0.0019558505
0.0019163639
0.0018766152
0.0018365878
0.0017962575
0.0017555918
0.0017145758
0.0016731836
0.0016313851
0.0015891671
0.0015465014
0.0015033666
0.0014597416
0.001415604
0.0013709391
0.0013257246
0.001279945
0.0012335846
0.0011866295
0.0011390691
0.0010908955
0.0010421055
0.00099270067
0.0009426906
0.00089209196
0.00084094022
0.00078927375
0.00073719147
0.00068474048
0.00063223173
0.00057953834
0.00052790706
0.00047572172
0.0004291162
0.00037636928
0.00035205985
0.00028487915
0.00041248476
-0.00020518391
0.0046183435
0.0046015519
0.0045821185
0.0045590047
0.0045317439
0.0045004199
0.0044651435
0.0044259884
0.0043830989
0.0043367114
0.0042871225
0.0042346685
0.0041797178
0.004122663
0.0040639099
0.0040038693
0.0039429496
0.0038815512
0.0038200619
0.003758851
0.0036982642
0.0036386176
0.0035801901
0.0035232168
0.0034678812
0.0034143084
0.0033625613
0.0033126386
0.0032644784
0.0032179658
0.0031729451
0.0031292345
0.0030866418
0.0030449784
0.0030040684
0.002963755
0.0029239026
0.0028843973
0.0028451476
0.0028060847
0.0027671605
0.002728345
0.0026896193
0.0026509707
0.0026123907
0.0025738747
0.0025354196
0.0024970195
0.0024586632
0.00242034
0.0023820431
0.0023437599
0.0023054681
0.0022671476
0.0022287864
0.0021903645
0.0021518525
0.0021132271
0.0020744731
0.0020355621
0.0019964642
0.0019571627
0.0019176318
0.0018778404
0.0018377704
0.0017973982
0.0017566921
0.001715636
0.0016742045
0.0016323684
0.001590113
0.0015474112
0.0015042414
0.0014605822
0.0014164116
0.0013717144
0.0013264687
0.0012806588
0.0012342688
0.0011872851
0.0011396966
0.0010914958
0.001042679
0.00099324776
0.00094321152
0.00089258669
0.00084140833
0.00078971454
0.00073760296
0.00068512092
0.00063257449
0.0005798414
0.00052814579
0.00047590437
0.00042913691
0.00037628864
0.00035156649
0.00028568736
0.00040228536
-0.00019244366
0.0045742782
0.0045580706
0.0045394218
0.0045173878
0.0044915319
0.0044619094
0.0044285986
0.0043916419
0.0043511448
0.0043072973
0.0042603476
0.0042105848
0.0041583325
0.0041039424
0.0040477842
0.0039902373
0.0039316837
0.0038725021
0.0038130621
0.0037537186
0.0036948064
0.0036366337
0.0035794756
0.0035235668
0.003469095
0.0034161947
0.0033649425
0.0033153562
0.0032673966
0.0032209741
0.0031759591
0.0031321945
0.0030895101
0.003047735
0.0030067066
0.0029662776
0.0029263186
0.0028867195
0.0028473905
0.0028082626
0.002769286
0.0027304278
0.0026916664
0.0026529868
0.0026143786
0.0025758353
0.0025373522
0.0024989225
0.0024605353
0.0024221798
0.0023838479
0.0023455269
0.0023071961
0.0022688358
0.0022304326
0.002191967
0.0021534114
0.0021147422
0.0020759432
0.0020369873
0.0019978453
0.0019584993
0.0019189243
0.0018790901
0.0018389774
0.001798563
0.0017578162
0.0017167196
0.0016752485
0.0016333743
0.0015910812
0.0015483428
0.0015051372
0.0014614435
0.0014172393
0.0013725093
0.0013272318
0.0012813909
0.0012349709
0.0011879578
0.0011403408
0.001092112
0.0010432678
0.00099380945
0.00094374631
0.00089309454
0.0008418887
0.00079016665
0.00073802464
0.00068551026
0.00063292431
0.00058014961
0.00052838572
0.00047608583
0.00042914464
0.00037620214
0.00035100275
0.00028643336
0.0003920164
-0.00017971255
0.0045310603
0.0045154054
0.0044974921
0.0044764625
0.0044519087
0.0044238633
0.0043923785
0.0043574715
0.0043192153
0.00427776
0.0042333108
0.0041861137
0.0041364506
0.004084634
0.0040309978
0.00397589
0.0039196651
0.0038626785
0.0038052804
0.0037478099
0.0036905892
0.0036339176
0.0035780648
0.0035232642
0.0034697064
0.0034175333
0.0033668341
0.0033176435
0.0032699431
0.0032236667
0.0031787091
0.003134937
0.0030922011
0.0030503483
0.0030092299
0.0029687085
0.0029286616
0.0028889837
0.0028495874
0.002810404
0.0027713827
0.0027324882
0.0026936965
0.0026549906
0.0026163584
0.0025777918
0.0025392843
0.0025008285
0.0024624135
0.0024240283
0.0023856639
0.0023473075
0.0023089397
0.0022705412
0.0022320976
0.0021935898
0.0021549914
0.0021162793
0.0020774361
0.0020384357
0.00199925
0.0019598599
0.001920241
0.0018803638
0.0018402084
0.0017997516
0.0017589638
0.0017178265
0.0016763155
0.0016344027
0.0015920714
0.0015492959
0.0015060543
0.0014623253
0.0014180871
0.0013733237
0.0013280139
0.0012821414
0.0012356907
0.0011886477
0.0011410014
0.0010927441
0.0010438717
0.00099438567
0.00094429491
0.0008936154
0.00084238121
0.00079062992
0.00073845628
0.00068590822
0.00063328081
0.00058046251
0.00052862621
0.00047626538
0.00042913792
0.00037611544
0.00035035014
0.00028710687
0.00038168625
-0.00016701158
0.0044886535
0.0044735228
0.0044563009
0.0044362077
0.0044128628
0.0043862812
0.0043564938
0.0043234981
0.0042873399
0.0042481353
0.0042060516
0.004161296
0.0041141118
0.0040647742
0.0040135825
0.0039608533
0.0039069134
0.0038520938
0.0037967242
0.0037411264
0.0036856091
0.0036304613
0.0035759459
0.0035222938
0.003469697
0.0034183038
0.0033682139
0.003319477
0.0032720938
0.0032260196
0.0031811718
0.0031374394
0.0030946938
0.0030527991
0.0030116208
0.0029710319
0.0029309177
0.0028911777
0.0028517275
0.0028124993
0.002773442
0.0027345185
0.0026957028
0.0026569762
0.002618325
0.0025797394
0.0025412117
0.0025027335
0.0024642941
0.0024258823
0.0023874883
0.0023490993
0.0023106967
0.0022722618
0.0022337796
0.0021952311
0.0021565914
0.0021178372
0.0020789507
0.0020399067
0.0020006777
0.0019612438
0.0019215811
0.0018816611
0.0018414629
0.0018009637
0.0017601348
0.0017189565
0.0016774053
0.0016354535
0.0015930837
0.0015502707
0.0015069924
0.0014632277
0.001418955
0.0013741576
0.0013288148
0.0012829103
0.0012364282
0.0011893547
0.0011416787
0.001093392
0.0010444909
0.0009949764
0.00094485725
0.00089414919
0.00084288574
0.00079110418
0.00073889769
0.00068631453
0.00063364365
0.00058077962
0.00052886659
0.0004764422
0.00042911532
0.00037603053
0.00034959984
0.00028769643
0.00037130243
-0.00015436114
0.0044470241
0.0044323916
0.0044158209
0.0043966024
0.0043743819
0.0043491605
0.0043209523
0.004289739
0.0042555445
0.0042184557
0.0041786069
0.0041361705
0.0040913545
0.0040443992
0.0039955708
0.003945155
0.0038934506
0.0038407641
0.0037874035
0.0037336727
0.0036798653
0.003626259
0.0035731089
0.0035206419
0.0034690504
0.003418487
0.0033690606
0.0033208342
0.0032738253
0.0032280089
0.0031833234
0.003139679
0.0030969666
0.0030550674
0.0030138609
0.0029732313
0.002933072
0.0028932882
0.0028537989
0.0028145382
0.0027754548
0.0027365106
0.0026976782
0.0026589371
0.0026202724
0.0025816728
0.0025431295
0.0025046333
0.0024661733
0.0024277384
0.0023893179
0.0023508992
0.0023124645
0.0022739955
0.0022354766
0.0021968893
0.0021582095
0.0021194146
0.0020804859
0.002041399
0.0020021273
0.0019626502
0.0019229441
0.0018829814
0.0018427407
0.0018021991
0.0017613287
0.0017201094
0.0016785177
0.0016365266
0.0015941178
0.0015512669
0.0015079515
0.0014641507
0.0014198428
0.001375011
0.0013296348
0.0012836975
0.0012371836
0.0011900789
0.0011423724
0.0010940558
0.0010451253
0.00099558159
0.00094543328
0.00089469582
0.00084340216
0.00079158928
0.00073934864
0.0006867289
0.00063401243
0.00058110045
0.00052910618
0.00047661547
0.00042907545
0.00037594377
0.00034876766
0.00028818957
0.0003608712
-0.00014178046
0.0044061399
0.0043919818
0.0043760259
0.004357626
0.004336453
0.0043124971
0.0042857591
0.0042562087
0.0042238518
0.0041887505
0.0041510108
0.004110774
0.0040682162
0.0040235453
0.0039769959
0.0039288239
0.0038793007
0.0038287078
0.0037773313
0.003725456
0.0036733599
0.0036213079
0.0035695466
0.0035182975
0.0034677518
0.0034180654
0.0033693543
0.0033216932
0.0032751145
0.003229611
0.0031851405
0.0031416328
0.0030989975
0.0030571324
0.0030159313
0.0029752895
0.0029351089
0.0028953011
0.0028557892
0.0028165094
0.0027774111
0.0027384557
0.0026996146
0.0026608662
0.0026221942
0.0025835864
0.0025450326
0.0025065231
0.0024680469
0.0024295926
0.0023911493
0.0023527041
0.0023142402
0.0022757396
0.0022371864
0.0021985622
0.0021598442
0.00212101
0.0020820402
0.0020429115
0.0020035979
0.0019640782
0.0019243292
0.0018843241
0.001844041
0.0018034571
0.0017625453
0.0017212847
0.0016796524
0.0016376217
0.0015951737
0.0015522845
0.0015089317
0.0014650942
0.0014207507
0.0013758839
0.0013304736
0.0012845031
0.0012379567
0.0011908203
0.0011430826
0.0010947355
0.0010457748
0.00099620119
0.00094602291
0.00089525519
0.00084393035
0.00079208503
0.00073980889
0.00068715103
0.00063438675
0.00058142448
0.00052934424
0.00047678428
0.00042901685
0.00037585304
0.0003478785
0.00028856521
0.00035039543
-0.000129288
0.0043659707
0.0043522652
0.0043368905
0.0043192583
0.0042990627
0.0042762856
0.0042509176
0.004222919
0.0041922812
0.004159046
0.0041232945
0.0040851411
0.0040447327
0.0040022476
0.0039578909
0.0039118899
0.0038644891
0.0038159455
0.0037665227
0.0037164862
0.0036660973
0.0036156078
0.003565254
0.0035152514
0.0034657885
0.0034170229
0.0033690765
0.0033220334
0.0032759393
0.0032308028
0.0031865996
0.0031432777
0.0031007642
0.0030589733
0.0030178124
0.0029771883
0.002937012
0.0028972016
0.002857685
0.002818401
0.0027793003
0.0027403442
0.0027015035
0.0026627557
0.0026240835
0.0025854737
0.0025469152
0.0025083977
0.0024699101
0.0024314408
0.0023929787
0.0023545107
0.0023160208
0.0022774914
0.0022389064
0.0022002478
0.0021614934
0.0021226214
0.0020836122
0.0020444429
0.0020050882
0.0019655268
0.0019257356
0.0018856885
0.0018453632
0.0018047372
0.001763784
0.0017224823
0.0016808091
0.0016387386
0.0015962512
0.0015533233
0.0015099326
0.0014660581
0.0014216785
0.0013767762
0.0013313314
0.0012853271
0.0012387475
0.0011915788
0.0011438094
0.001095431
0.0010464394
0.00099683513
0.00094662608
0.0008958272
0.00084447016
0.00079259126
0.00074027822
0.00068758059
0.0006347662
0.00058175115
0.00052958003
0.00047694769
0.00042893801
0.00037575632
0.0003469418
0.00028880177
0.00033988309
-0.00011690172
0.0043264878
0.0043132146
0.0042983906
0.0042814794
0.0042621972
0.0042405194
0.0042164288
0.0041898789
0.0041608497
0.0041293657
0.0040954869
0.004059304
0.0040209383
0.0039805407
0.003938289
0.0038943835
0.0038490428
0.0038024996
0.0037549954
0.0037067757
0.003658085
0.0036091609
0.0035602289
0.0035114969
0.0034631499
0.0034153456
0.00336821
0.0033218352
0.0032762783
0.0032315619
0.0031876778
0.0031445907
0.0031022444
0.0030605685
0.003019484
0.0029789091
0.0029387642
0.0028989742
0.0028594722
0.0028202003
0.002781111
0.002742166
0.0027033358
0.0026645974
0.0026259329
0.0025873281
0.0025487713
0.0025102517
0.0024717579
0.0024332784
0.0023948018
0.0023563151
0.0023178028
0.0022792478
0.0022406339
0.0022019434
0.0021631549
0.0021242471
0.0020852
0.0020459915
0.002006597
0.0019669947
0.0019271621
0.0018870735
0.0018467066
0.0018060388
0.0017650443
0.0017237014
0.0016819875
0.001639877
0.0015973499
0.0015543831
0.0015109542
0.0014670422
0.0014226261
0.0013776879
0.001332208
0.0012861693
0.0012395561
0.0011923543
0.0011445526
0.0010961423
0.0010471191
0.00099748336
0.00094724269
0.00089641172
0.00084502144
0.00079310776
0.00074075635
0.00068801727
0.00063515034
0.00058207989
0.0005298128
0.00047710469
0.00042883737
0.00037565187
0.00034593942
0.0002888359
0.00032940002
-0.00010463194
0.0042876638
0.0042748042
0.0042605026
0.0042442697
0.0042258422
0.0042051909
0.0041822925
0.0041570957
0.0041295714
0.0040997301
0.004067614
0.0040332929
0.0039968654
0.003958458
0.0039182231
0.0038763356
0.0038329896
0.003788394
0.0037427687
0.0036963393
0.0036493328
0.0036019722
0.0035544713
0.0035070297
0.0034598275
0.0034130212
0.0033667395
0.0033210807
0.0032761114
0.0032318667
0.0031883525
0.003145549
0.0031034156
0.0030618963
0.0030209254
0.0029804327
0.0029403475
0.0029006025
0.002861136
0.002821894
0.002782831
0.00274391
0.0027051015
0.0026663824
0.0026277342
0.0025891422
0.0025505942
0.0025120788
0.0024735847
0.0024351004
0.0023966142
0.0023581132
0.0023195824
0.0022810054
0.0022423659
0.0022036463
0.0021648263
0.0021258847
0.0020868018
0.0020475558
0.0020081227
0.0019684807
0.0019286076
0.0018884783
0.0018480702
0.0018073611
0.0017663256
0.0017249417
0.001683187
0.0016410364
0.0015984696
0.0015554636
0.0015119962
0.0014680464
0.0014235933
0.0013786187
0.0013331032
0.0012870297
0.0012403823
0.0011931469
0.0011453121
0.0010968693
0.0010478138
0.00099814579
0.00094787265
0.00089700864
0.00084558403
0.00079363432
0.00074124303
0.00068846069
0.00063553871
0.00058241012
0.00053004174
0.00047725423
0.00042871334
0.00037553885
0.00034476661
0.00028864384
0.00031905177
-9.2489177e-05
0.0042494724
0.0042370089
0.0042232036
0.0042076098
0.0041899833
0.0041702915
0.0041485067
0.0041245741
0.0040984581
0.0040701574
0.0040396992
0.0040071356
0.0039725449
0.0039360316
0.0038977253
0.0038577772
0.003816358
0.0037736541
0.0037298639
0.0036851937
0.0036398527
0.0035940489
0.0035479839
0.0035018478
0.0034558151
0.0034100397
0.0033646514
0.0033197533
0.0032754196
0.0032316963
0.0031886019
0.0031461304
0.0031042554
0.0030629349
0.0030221159
0.0029817392
0.0029417436
0.0029020694
0.0028626607
0.0028234677
0.0027844475
0.0027455645
0.0027067901
0.002668101
0.0026294787
0.0025909081
0.0025523766
0.0025138726
0.0024753846
0.0024369012
0.0023984108
0.0023599005
0.0023213557
0.0022827606
0.002244099
0.0022053536
0.0021665048
0.0021275319
0.0020884153
0.0020491336
0.0020096635
0.0019699833
0.0019300707
0.0018899015
0.0018494531
0.0018087032
0.001767627
0.0017262024
0.001684407
0.0016422164
0.0015996097
0.0015565644
0.0015130582
0.0014690704
0.00142458
0.0013795686
0.0013340171
0.0012879081
0.001241226
0.0011939565
0.001146088
0.0010976119
0.0010485233
0.00099882231
0.00094851582
0.0008976178
0.00084615774
0.00079417072
0.00074173796
0.0006889105
0.00063593084
0.00058274119
0.00053026605
0.00047739516
0.00042856438
0.00037541745
0.00034338341
0.0002882144
0.00030888253
-8.0499039e-05
0.0042118891
0.0041998052
0.0041864719
0.0041714811
0.0041546063
0.0041358124
0.0041150685
0.0040923179
0.0040675199
0.0040406637
0.004011764
0.0039808578
0.0039480056
0.0039132926
0.0038768272
0.0038387391
0.0037991771
0.0037583062
0.0037163041
0.0036733578
0.0036296592
0.0035854009
0.0035407717
0.0034959519
0.0034511089
0.0034063932
0.0033619342
0.0033178382
0.0032741856
0.0032310314
0.0031884049
0.0031463128
0.0031047418
0.0030636625
0.0030230342
0.0029828085
0.0029429336
0.0029033574
0.0028640302
0.0028249066
0.0027859469
0.0027471174
0.0027083903
0.0026697431
0.0026311572
0.0025926174
0.0025541109
0.0025156259
0.0024771512
0.0024386752
0.0024001863
0.002361672
0.0023231182
0.0022845093
0.0022458295
0.0022070619
0.0021681875
0.0021291861
0.0020900382
0.002050723
0.0020112177
0.0019715007
0.00193155
0.001891342
0.0018508541
0.001810064
0.0017689477
0.0017274828
0.001685647
0.0016434164
0.0016007699
0.0015576851
0.0015141401
0.0014701139
0.0014255858
0.0013805373
0.0013349493
0.0012888045
0.0012420871
0.0011947828
0.0011468801
0.00109837
0.0010492477
0.0009995128
0.00094917207
0.00089823904
0.00084674238
0.00079471671
0.00074224083
0.0006893663
0.00063632623
0.00058307246
0.0005304849
0.00047752631
0.00042838892
0.00037528999
0.00034183844
0.00028747981
0.00029887252
-6.8677976e-05
0.0041748875
0.0041631681
0.0041502843
0.0041358636
0.0041196951
0.0041017423
0.0040819721
0.0040603272
0.0040367629
0.0040112611
0.003983826
0.0039544817
0.0039232735
0.0038902692
0.0038555585
0.0038192512
0.0037814758
0.003742377
0.003702113
0.0036608519
0.0036187686
0.0035760403
0.0035328425
0.0034893451
0.0034457079
0.0034020764
0.0033585789
0.003315323
0.0032723941
0.0032298541
0.0031877423
0.003146076
0.0031048537
0.003064058
0.0030236597
0.0029836207
0.0029438985
0.0029044488
0.002865228
0.0028261956
0.0027873153
0.0027485558
0.0027098906
0.0026712981
0.00263276
0.0025942613
0.002555789
0.0025173316
0.0024788777
0.0024404161
0.0024019352
0.0023634228
0.0023248651
0.0022862473
0.0022475537
0.0022087678
0.0021698712
0.0021308443
0.002091668
0.0020523215
0.0020127831
0.0019730311
0.0019330439
0.0018927984
0.0018522719
0.0018114426
0.0017702867
0.0017287819
0.0016869061
0.0016446357
0.0016019495
0.0015588253
0.0015152413
0.0014711766
0.0014266106
0.0013815246
0.0013358997
0.0012897186
0.0012429654
0.0011956258
0.0011476882
0.0010991435
0.0010499867
0.0010002171
0.00094984126
0.00089887219
0.00084733775
0.00079527205
0.00074275134
0.00068982772
0.00063672439
0.00058340334
0.00053069741
0.00047764666
0.00042818495
0.00037515283
0.00034013174
0.00028641067
0.00028897742
-5.6997271e-05
0.0038527483
0.0039996103
0.0042124795
0.004461044
0.0047580135
0.0051197602
0.0055176347
0.0060738267
0.0066495038
0.0082666222
0.0038527394
0.003999589
0.0042124407
0.0044609626
0.0047578363
0.0051192905
0.005516584
0.0060687196
0.0066388295
0.0079564549
0.0038527222
0.0039995508
0.0042123696
0.0044608129
0.0047575028
0.005118457
0.005514569
0.0060605925
0.0066199471
0.0077152383
0.0038526948
0.0039994906
0.0042122575
0.0044605764
0.0047569755
0.0051171501
0.0055114942
0.0060488133
0.0065928304
0.0075259994
0.0038526563
0.003999406
0.0042121
0.0044602447
0.0047562371
0.0051153278
0.0055072291
0.0060336935
0.0065567327
0.0073562201
0.0038526056
0.003999295
0.0042118933
0.0044598094
0.0047552703
0.005112958
0.0055016103
0.0060155897
0.0065124248
0.0071993624
0.0038525417
0.0039991551
0.0042116326
0.0044592612
0.004754056
0.0051100012
0.0054946519
0.00599457
0.0064618927
0.0070546852
0.0038524634
0.0039989835
0.0042113131
0.0044585899
0.0047525739
0.005106418
0.0054863516
0.0059706949
0.0064077836
0.0069187965
0.0038523691
0.0039987774
0.0042109293
0.0044577848
0.0047508028
0.0051021704
0.0054766796
0.0059441143
0.0063514545
0.0067896472
0.0038522576
0.0039985336
0.0042104755
0.0044568344
0.004748721
0.0050972218
0.0054656097
0.0059150186
0.0062931549
0.0066669287
0.0038521273
0.0039982489
0.0042099456
0.0044557268
0.0047463062
0.0050915369
0.0054531239
0.0058835906
0.0062331979
0.0065503925
0.0038519765
0.0039979196
0.0042093332
0.0044544495
0.0047435353
0.0050850819
0.0054392109
0.0058500116
0.0061719406
0.0064396891
0.0038518034
0.0039975421
0.0042086313
0.0044529892
0.0047403848
0.0050778252
0.0054238657
0.0058144634
0.0061097109
0.0063344465
0.0038516062
0.0039971122
0.0042078326
0.004451332
0.0047368307
0.0050697369
0.0054070899
0.0057771266
0.006046802
0.0062342967
0.0038513827
0.0039966255
0.0042069294
0.0044494636
0.0047328489
0.0050607899
0.0053888918
0.0057381785
0.005983478
0.0061388799
0.0038511307
0.0039960776
0.0042059133
0.0044473688
0.0047284149
0.0050509597
0.0053692865
0.005697792
0.0059199766
0.0060478467
0.0038508479
0.0039954635
0.0042047757
0.0044450321
0.0047235041
0.0050402243
0.0053482957
0.0056561352
0.0058565091
0.0059608619
0.0038505317
0.0039947779
0.0042035074
0.0044424374
0.004718092
0.0050285652
0.0053259476
0.0056133695
0.005793262
0.0058776076
0.0038501795
0.0039940153
0.0042020986
0.0044395678
0.0047121543
0.0050159667
0.0053022768
0.0055696499
0.0057303981
0.0057977862
0.0038497882
0.0039931698
0.0042005391
0.0044364063
0.0047056672
0.005002417
0.0052773236
0.0055251235
0.0056680573
0.0057211212
0.0038493548
0.0039922352
0.0041988183
0.0044329352
0.0046986071
0.0049879075
0.0052511342
0.0054799295
0.0056063582
0.0056473584
0.0038488759
0.0039912048
0.0041969248
0.0044291365
0.0046909514
0.0049724333
0.0052237599
0.0054341985
0.0055453995
0.005576266
0.003848348
0.0039900717
0.0041948468
0.0044249919
0.0046826781
0.0049559934
0.0051952566
0.0053880526
0.0054852616
0.0055076344
0.0038477673
0.0039888284
0.0041925721
0.0044204828
0.0046737667
0.0049385904
0.0051656845
0.005341605
0.0054260079
0.0054412744
0.0038471296
0.0039874672
0.0041900877
0.0044155904
0.0046641973
0.0049202309
0.0051351072
0.00529496
0.005367687
0.0053770169
0.0038464307
0.0039859798
0.0041873802
0.0044102959
0.004653952
0.0049009254
0.0051035916
0.005248213
0.0053103339
0.0053147104
0.0038456658
0.0039843575
0.0041844359
0.0044045803
0.0046430141
0.0048806877
0.0050712065
0.0052014509
0.0052539716
0.00525422
0.0038448301
0.0039825913
0.0041812404
0.0043984249
0.0046313689
0.0048595359
0.0050380228
0.0051547523
0.0051986133
0.0051954251
0.0038439183
0.0039806716
0.0041777787
0.0043918109
0.0046190037
0.0048374911
0.0050041122
0.0051081876
0.0051442632
0.0051382179
0.0038429246
0.0039785884
0.0041740355
0.0043847202
0.0046059076
0.0048145782
0.0049695469
0.0050618193
0.0050909187
0.0050825019
0.0038418433
0.0039763313
0.0041699953
0.0043771346
0.0045920722
0.0047908252
0.0049343989
0.0050157029
0.0050385708
0.0050281903
0.0038406679
0.0039738894
0.0041656418
0.0043690369
0.0045774914
0.004766263
0.0048987394
0.0049698868
0.004987206
0.0049752049
0.0038393916
0.0039712513
0.0041609586
0.0043604104
0.0045621618
0.0047409254
0.0048626381
0.0049244131
0.0049368073
0.0049234744
0.0038380073
0.0039684052
0.004155929
0.0043512389
0.0045460822
0.0047148485
0.0048261631
0.0048793181
0.0048873544
0.004872934
0.0038365074
0.0039653388
0.0041505361
0.0043415075
0.0045292544
0.0046880709
0.0047893801
0.0048346324
0.0048388253
0.0048235245
0.0038348838
0.0039620396
0.0041447626
0.0043312022
0.0045116827
0.0046606328
0.004752352
0.0047903819
0.0047911964
0.0047751911
0.003833128
0.0039584943
0.0041385914
0.00432031
0.0044933744
0.0046325762
0.0047151389
0.004746588
0.0047444431
0.0047278833
0.003831231
0.0039546896
0.0041320052
0.0043088194
0.0044743391
0.004603944
0.0046777973
0.004703268
0.0046985405
0.0046815543
0.0038291832
0.0039506115
0.0041249867
0.0042967203
0.0044545894
0.0045747803
0.0046403805
0.0046604355
0.0046534633
0.0046361604
0.0038269745
0.0039462459
0.0041175188
0.004284004
0.0044341406
0.0045451296
0.0046029378
0.0046181011
0.0046091864
0.0045916609
0.0038245943
0.0039415782
0.0041095847
0.0042706635
0.0044130102
0.0045150365
0.0045655151
0.0045762723
0.004565685
0.0045480175
0.0038220314
0.0039365937
0.0041011679
0.0042566934
0.0043912183
0.0044845457
0.0045281542
0.0045349542
0.0045229345
0.0045051944
0.0038192741
0.0039312773
0.004092252
0.0042420903
0.0043687874
0.0044537013
0.0044908935
0.0044941496
0.0044809109
0.0044631576
0.0038163099
0.003925614
0.0040828217
0.0042268525
0.0043457418
0.0044225467
0.0044537673
0.0044538593
0.0044395909
0.0044218752
0.0038131259
0.0039195883
0.0040728619
0.0042109806
0.0043221079
0.0043911244
0.0044168068
0.0044140822
0.0043989514
0.0043813168
0.0038097085
0.0039131851
0.0040623583
0.0041944767
0.0042979139
0.0043594754
0.0043800393
0.0043748158
0.0043589703
0.0043414536
0.0038060434
0.0039063889
0.0040512976
0.0041773453
0.0042731891
0.0043276396
0.0043434893
0.0043360561
0.0043196257
0.0043022581
0.0038021158
0.0038991846
0.0040396672
0.0041595927
0.0042479644
0.0042956552
0.0043071782
0.004297798
0.0042808965
0.004263704
0.0037979111
0.0038915578
0.0040274563
0.0041412275
0.0042222706
0.0042635575
0.0042711236
0.004260035
0.0042427621
0.0042257666
0.003793415
0.0038834954
0.0040146548
0.0041222602
0.0041961381
0.0042313778
0.0042353381
0.0042227563
0.0042051984
0.0041884181
0.0037884077
0.0038746302
0.0040006928
0.0041018914
0.0041685007
0.0041978149
0.004198367
0.0041844314
0.0041666518
0.0041501086
0.0037822536
0.0038639143
0.0039839559
0.0040778846
0.0041364639
0.0041594648
0.0041565227
0.0041412655
0.0041233174
0.0041070606
0.0037742531
0.0038503144
0.0039629054
0.0040482709
0.004097721
0.0041138311
0.0041072455
0.0040907065
0.0040726748
0.004056786
0.0037637462
0.0038330665
0.003936479
0.0040118971
0.0040512392
0.0040600589
0.0040498227
0.0040321296
0.0040141369
0.0039987013
0.0037497848
0.0038112262
0.0039034668
0.0039674999
0.0039960032
0.0039974017
0.0039836851
0.0039650578
0.0039472704
0.0039323981
0.0037310637
0.0037835892
0.003862578
0.0039138145
0.0039311236
0.0039253272
0.0039084979
0.003889219
0.0038717849
0.0038575389
0.0037059637
0.0037486747
0.0038123653
0.0038496214
0.0038559007
0.0038435667
0.0038242172
0.0038046951
0.003787874
0.003774408
0.0036724894
0.0037046736
0.0037513812
0.0037739685
0.0037699801
0.0037521621
0.003730938
0.0037113879
0.0036951873
0.0036824741
0.0036282395
0.0036495099
0.0036783345
0.0036863298
0.0036734293
0.0036516299
0.0036296143
0.0036107255
0.0035955478
0.0035837795
0.0035705288
0.003581031
0.0035922669
0.0035867288
0.0035665957
0.0035419326
0.0035193098
0.0035008074
0.0034863918
0.003475454
0.0034966887
0.0034973002
0.0034926762
0.0034758358
0.0034511206
0.0034261144
0.0034047955
0.0033878314
0.0033747097
0.0033647667
0.0034045835
0.0033970632
0.0033796439
0.0033538464
0.0033251466
0.0032989022
0.0032775801
0.0032612431
0.0032490189
0.0032399739
0.0032933312
0.0032801668
0.0032547561
0.0032256487
0.0031986728
0.0031759344
0.003157626
0.0031433385
0.0031324846
0.003124408
0.003164159
0.0031476919
0.0031162241
0.0030817549
0.0030516033
0.0030277952
0.0030098367
0.0029965514
0.0029868122
0.0029797161
0.0030209975
0.003006521
0.0029810318
0.0029558521
0.0029348402
0.0029176058
0.0029035409
0.0028924482
0.0028840357
0.0028778046
0.0028686591
0.0028483341
0.0028137439
0.0027808188
0.0027563957
0.0027390814
0.0027263293
0.0027168146
0.0027098349
0.0027047901
0.002726608
0.0027291836
0.0027226257
0.0027103701
0.0026967845
0.0026840561
0.0026733172
0.0026648678
0.0026584537
0.0026536652
0.0025552817
0.0025152071
0.0024722231
0.0024417097
0.0024208492
0.0024056707
0.0023945011
0.0023864436
0.0023806866
0.0023765589
0.0041369309
0.0041255775
0.0041131413
0.0040992832
0.0040838073
0.0040666759
0.0040478551
0.0040272878
0.0040049265
0.003980747
0.0039547447
0.0039269321
0.003897341
0.0038660235
0.0038330515
0.0037985165
0.0037625272
0.0037252089
0.0036867001
0.0036471504
0.003606717
0.0035655614
0.0035238452
0.0034817268
0.0034393573
0.0033968763
0.0033544094
0.0033120645
0.0032699304
0.0032280749
0.0031865456
0.0031453696
0.0031045566
0.0030641004
0.0030239828
0.0029841763
0.0029446475
0.0029053603
0.0028662776
0.0028273642
0.0027885877
0.0027499196
0.0027113354
0.0026728142
0.0026343389
0.0025958946
0.0025574686
0.0025190494
0.002480626
0.0024421872
0.002403722
0.0023652182
0.0023266627
0.002288041
0.002249338
0.0022105375
0.0021716219
0.0021325721
0.0020933692
0.0020539932
0.0020144226
0.0019746363
0.0019346129
0.0018943297
0.0018537645
0.0018128953
0.001771699
0.0017301534
0.0016882365
0.0016459249
0.0016031975
0.0015600324
0.0015164077
0.0014723028
0.001427697
0.0013825718
0.0013369081
0.0012906888
0.0012438978
0.0011965209
0.0011485463
0.0010999649
0.0010507713
0.0010009649
0.00095055145
0.00089954376
0.00084796868
0.00079585981
0.00074329055
0.00069031361
0.00063714124
0.00058374676
0.00053091086
0.00047775961
0.00042794056
0.00037496273
0.00033823386
0.00028495495
0.00027871823
-4.4911317e-05
0.0040942767
0.0040833252
0.0040713756
0.0040581235
0.0040433888
0.004027133
0.0040093222
0.0039899003
0.0039688181
0.0039460461
0.0039215713
0.003895396
0.0038675387
0.0038380359
0.0038069422
0.0037743299
0.0037402878
0.0037049202
0.0036683451
0.0036306917
0.0035920981
0.0035527077
0.0035126666
0.0034721196
0.0034312069
0.0033900608
0.003348802
0.0033075374
0.0032663577
0.0032253357
0.0031845265
0.0031439667
0.0031036769
0.0030636624
0.0030239167
0.0029844234
0.0029451592
0.002906097
0.0028672074
0.0028284613
0.0027898312
0.0027512921
0.002712822
0.0026744019
0.0026360156
0.002597649
0.00255929
0.0025209274
0.0024825505
0.0024441487
0.0024057111
0.0023672262
0.0023286813
0.0022900627
0.0022513557
0.0022125448
0.0021736129
0.0021345418
0.002095313
0.002055907
0.0020163031
0.0019764806
0.0019364183
0.0018960944
0.0018554867
0.0018145736
0.0017733325
0.0017317413
0.0016897781
0.0016474202
0.0016046461
0.0015614344
0.0015177635
0.0014736125
0.0014289612
0.0013837908
0.0013380825
0.001291819
0.0012449843
0.0011975642
0.0011495466
0.0011009224
0.001051686
0.0010018363
0.00095137876
0.00090032558
0.00084870248
0.00079654238
0.00074391529
0.00069087459
0.00063761938
0.00058413647
0.00053114398
0.00047787079
0.00042762286
0.00037463735
0.00033599938
0.00028288475
0.00026706374
-3.132138e-05
0.0040444595
0.0040339633
0.0040225591
0.0040099792
0.0039960611
0.0039807664
0.0039640615
0.003945892
0.0039262083
0.0039049764
0.0038821763
0.0038578004
0.0038318547
0.0038043604
0.0037753546
0.0037448899
0.0037130343
0.0036798701
0.0036454927
0.003610009
0.0035735353
0.0035361949
0.003498115
0.0034594244
0.0034202496
0.0033807125
0.003340927
0.0033009964
0.0032610115
0.0032210485
0.0031811688
0.003141418
0.0031018271
0.0030624133
0.0030231821
0.0029841293
0.002945243
0.0029065061
0.0028678983
0.0028293981
0.0027909839
0.0027526355
0.0027143344
0.0026760642
0.0026378104
0.0025995604
0.0025613029
0.0025230274
0.002484724
0.0024463828
0.0024079933
0.0023695447
0.0023310251
0.0022924217
0.0022537205
0.0022149066
0.002175964
0.0021368752
0.0020976225
0.0020581869
0.0020185488
0.0019786878
0.0019385835
0.0018982145
0.0018575593
0.0018165966
0.0017753042
0.0017336604
0.0016916435
0.0016492314
0.0016064027
0.0015631361
0.0015194103
0.0014752047
0.0014304991
0.0013852746
0.0013395127
0.001293196
0.0012463086
0.0011988361
0.0011507664
0.00110209
0.0010528013
0.0010028986
0.00095238678
0.00090127742
0.00084959479
0.00079737085
0.00074467144
0.00069155046
0.00063819102
0.00058459535
0.00053140618
0.00047797308
0.00042719311
0.00037411187
0.00033325582
0.00027987224
0.00025343812
-1.5912148e-05
0.0039868865
0.0039768933
0.0039660874
0.0039542371
0.0039411987
0.0039269351
0.0039114132
0.0038945817
0.0038763913
0.0038568053
0.0038357979
0.003813353
0.0037894654
0.0037641423
0.003737404
0.0037092842
0.0036798298
0.0036491009
0.0036171694
0.0035841187
0.0035500416
0.0035150387
0.0034792163
0.0034426839
0.0034055517
0.003367928
0.0033299167
0.0032916148
0.0032531102
0.0032144802
0.0031757901
0.0031370927
0.0030984284
0.0030598255
0.0030213014
0.0029828642
0.0029445138
0.0029062446
0.0028680464
0.0028299063
0.0027918103
0.002753744
0.0027156938
0.0026776468
0.0026395913
0.0026015169
0.0025634137
0.0025252727
0.002487085
0.0024488416
0.0024105332
0.0023721498
0.0023336807
0.0022951138
0.0022564365
0.0022176347
0.0021786935
0.0021395965
0.0021003269
0.0020608667
0.0020211972
0.0019812989
0.001941152
0.0019007359
0.0018600299
0.0018190131
0.001777664
0.0017359613
0.0016938838
0.0016514099
0.0016085183
0.0015651881
0.0015213984
0.0014771286
0.001432359
0.0013870707
0.0013412451
0.0012948651
0.0012479145
0.0012003791
0.0011522465
0.0011035071
0.0010541547
0.0010041873
0.00095360895
0.00090243035
0.00085067397
0.00079837047
0.0007455806
0.00069235823
0.00063886768
0.00058512717
0.00053169215
0.00047804498
0.00042661348
0.00037332863
0.00032988667
0.0002756533
0.00023785866
6.929755e-07
0.0039211644
0.0039117243
0.0039015666
0.0038904963
0.0038783891
0.0038652098
0.0038509268
0.0038354924
0.0038188592
0.0038009895
0.0037818535
0.0037614286
0.0037397004
0.0037166641
0.0036923252
0.0036667
0.0036398158
0.0036117112
0.0035824353
0.0035520475
0.0035206165
0.003488219
0.0034549385
0.003420863
0.0033860835
0.0033506919
0.0033147784
0.0032784301
0.0032417287
0.0032047488
0.0031675567
0.0031302093
0.0030927539
0.0030552279
0.0030176594
0.0029800678
0.0029424651
0.002904857
0.002867244
0.0028296233
0.0027919893
0.0027543349
0.0027166524
0.0026789339
0.0026411717
0.0026033583
0.0025654865
0.0025275491
0.0024895392
0.0024514493
0.0024132715
0.0023749973
0.0023366171
0.0022981206
0.0022594962
0.0022207314
0.0021818125
0.0021427247
0.0021034521
0.0020639782
0.0020242853
0.0019843551
0.0019441688
0.0019037068
0.0018629492
0.0018218759
0.0017804662
0.0017386995
0.0016965551
0.0016540119
0.0016110493
0.0015676467
0.0015237835
0.0014794397
0.0014345956
0.0013892324
0.0013433319
0.0012968769
0.0012498513
0.0012022408
0.0011540327
0.0011052173
0.0010557878
0.0010057417
0.00095508194
0.0009038181
0.00085197041
0.00079956764
0.00074666452
0.00069331375
0.00063965823
0.00058573061
0.00053198955
0.00047805225
0.00042583502
0.00037216925
0.00032578745
0.00027004203
0.00022053857
1.7478685e-05
0.0038469186
0.0038380665
0.0038285931
0.0038183334
0.0038071831
0.0037951113
0.0037820885
0.0037680711
0.0037530151
0.0037368832
0.0037196439
0.0037012703
0.0036817414
0.0036610431
0.0036391687
0.00361612
0.0035919074
0.0035665501
0.0035400761
0.0035125224
0.0034839343
0.0034543647
0.0034238736
0.0033925262
0.0033603924
0.0033275448
0.0032940572
0.0032600029
0.0032254534
0.0031904764
0.0031551348
0.0031194857
0.0030835794
0.003047459
0.0030111605
0.0029747125
0.0029381375
0.0029014515
0.002864666
0.0028277878
0.0027908206
0.0027537657
0.0027166224
0.0026793889
0.0026420626
0.0026046402
0.002567118
0.0025294921
0.0024917579
0.0024539103
0.0024159436
0.0023778511
0.0023396252
0.0023012574
0.002262738
0.0022240563
0.0021852001
0.0021461565
0.0021069113
0.0020674495
0.0020277548
0.0019878106
0.0019475992
0.0019071024
0.0018663015
0.0018251773
0.0017837103
0.0017418807
0.0016996686
0.0016570537
0.0016140161
0.0015705357
0.0015265926
0.0014821671
0.00143724
0.0013917926
0.0013458071
0.0012992663
0.0012521543
0.0012044564
0.00115616
0.0011072549
0.0010577338
0.0010075934
0.00095683532
0.00090546765
0.00085350786
0.00080098201
0.00074793772
0.00069442471
0.00064056213
0.00058639267
0.00053227252
0.00047794155
0.00042478965
0.00037048475
0.00032083464
0.00026298856
0.00020209847
3.2977185e-05
0.0037644754
0.0037562419
0.0037474774
0.0037380489
0.0037278684
0.0037169076
0.0037051403
0.0036925281
0.0036790312
0.0036646145
0.0036492464
0.0036328983
0.0036155453
0.0035971669
0.0035777481
0.0035572793
0.0035357576
0.0035131862
0.0034895756
0.003464943
0.0034393129
0.0034127161
0.00338519
0.0033567778
0.0033275273
0.0032974906
0.0032667226
0.0032352802
0.0032032205
0.0031706004
0.0031374749
0.003103896
0.0030699125
0.0030355685
0.0030009035
0.0029659519
0.0029307432
0.0028953018
0.0028596479
0.0028237974
0.0027877629
0.0027515538
0.0027151772
0.0026786381
0.0026419399
0.0026050847
0.0025680736
0.0025309063
0.0024935822
0.0024560991
0.0024184543
0.0023806439
0.0023426629
0.0023045051
0.0022661633
0.0022276289
0.0021888923
0.0021499426
0.0021107678
0.0020713549
0.0020316896
0.0019917572
0.0019515417
0.0019110266
0.0018701948
0.0018290285
0.0017875096
0.0017456195
0.0017033394
0.0016606502
0.0016175328
0.001573968
0.0015299365
0.0014854195
0.0014403983
0.0013948545
0.0013487706
0.0013021296
0.0012549157
0.0012071143
0.0011587124
0.0011096994
0.0010600674
0.0010098117
0.00095893287
0.00090743659
0.00085533703
0.0008026564
0.00074943405
0.000695714
0.00064158976
0.00058710638
0.00053251667
0.00047765498
0.00042340304
0.00036812584
0.00031492691
0.00025448158
0.00018385565
4.5674337e-05
0.0036732248
0.0036656299
0.0036575855
0.0036489816
0.0036397505
0.0036298697
0.0036193156
0.0036080547
0.0035960521
0.0035832761
0.003569697
0.0035552863
0.0035400179
0.0035238682
0.0035068168
0.0034888471
0.0034699465
0.0034501069
0.0034293252
0.0034076031
0.0033849479
0.0033613719
0.003336893
0.0033115338
0.0032853219
0.0032582892
0.0032304711
0.0032019061
0.0031726353
0.0031427007
0.0031121453
0.0030810118
0.0030493419
0.0030171755
0.0029845506
0.0029515021
0.002918062
0.002884259
0.0028501189
0.0028156638
0.002780913
0.0027458831
0.002710588
0.0026750393
0.0026392467
0.002603218
0.0025669596
0.0025304761
0.0024937709
0.0024568463
0.002419703
0.0023823406
0.0023447575
0.0023069506
0.0022689157
0.0022306471
0.0021921381
0.0021533806
0.0021143652
0.0020750814
0.0020355177
0.0019956616
0.0019554994
0.0019150168
0.0018741987
0.0018330293
0.0017914922
0.0017495706
0.0017072472
0.0016645042
0.0016213239
0.0015776882
0.001533579
0.0014889781
0.0014438677
0.0013982302
0.0013520484
0.0013053057
0.0012579864
0.0012100759
0.001161561
0.0011124305
0.0010626756
0.0010122904
0.00096127338
0.00090962757
0.00085736294
0.00080449647
0.00075105778
0.00069708183
0.00064263471
0.00058775347
0.00053259114
0.00047703497
0.00042151221
0.00036488466
0.0003080421
0.00024460705
0.00016688873
5.4171053e-05
0.0035752698
0.0035683048
0.0035609668
0.0035531708
0.0035448581
0.0035360087
0.0035266031
0.0035166135
0.0035060103
0.0034947655
0.0034828522
0.0034702441
0.0034569156
0.0034428426
0.0034280027
0.0034123755
0.0033959429
0.0033786896
0.0033606035
0.0033416756
0.0033219005
0.0033012767
0.0032798064
0.003257496
0.0032343556
0.0032103992
0.0031856444
0.0031601119
0.0031338257
0.003106812
0.0030790992
0.0030507169
0.0030216959
0.0029920673
0.0029618619
0.00293111
0.0028998409
0.0028680825
0.002835861
0.0028032008
0.0027701243
0.0027366521
0.0027028026
0.0026685923
0.0026340359
0.0025991463
0.0025639347
0.0025284106
0.0024925821
0.0024564556
0.0024200363
0.0023833276
0.0023463319
0.0023090498
0.0022714807
0.0022336227
0.0021954724
0.0021570251
0.0021182748
0.0020792143
0.0020398351
0.0020001277
0.0019600816
0.0019196852
0.001878926
0.0018377909
0.0017962658
0.0017543362
0.0017119869
0.0016692021
0.0016259658
0.0015822616
0.0015380728
0.0014933826
0.0014481741
0.0014024308
0.0013561361
0.0013092739
0.0012618289
0.0012137865
0.0011651333
0.0011158573
0.0010659488
0.0010154002
0.00096420749
0.00091237023
0.0008598932
0.00080678651
0.00075306838
0.00069876074
0.00064390068
0.00058850552
0.00053263557
0.00047618491
0.00041920796
0.00036086454
0.00030048506
0.0002341516
0.00015210401
5.8325631e-05
0.0034676621
0.0034613456
0.0034547121
0.003447695
0.0034402553
0.0034323777
0.0034240449
0.0034152334
0.0034059187
0.0033960774
0.003385686
0.0033747211
0.0033631593
0.003350978
0.0033381549
0.0033246688
0.0033104996
0.0032956286
0.0032800386
0.0032637146
0.0032466433
0.0032288141
0.0032102185
0.0031908512
0.0031707091
0.0031497925
0.0031281042
0.00310565
0.0030824385
0.0030584807
0.0030337901
0.0030083825
0.0029822754
0.002955488
0.0029280405
0.002899954
0.0028712505
0.0028419516
0.0028120794
0.0027816552
0.0027506999
0.0027192335
0.0026872751
0.0026548427
0.0026219531
0.0025886219
0.0025548632
0.0025206901
0.0024861141
0.0024511453
0.0024157926
0.0023800635
0.0023439639
0.0023074985
0.0022706705
0.0022334818
0.0021959329
0.002158023
0.0021197498
0.0020811098
0.0020420984
0.0020027097
0.0019629366
0.001922771
0.0018822038
0.0018412251
0.0017998238
0.0017579883
0.0017157061
0.0016729642
0.0016297487
0.0015860455
0.0015418398
0.0014971167
0.0014518608
0.0014060568
0.0013596892
0.0013127427
0.0012652024
0.0012170538
0.0011682835
0.0011188787
0.0010688282
0.0010181227
0.00096675474
0.0009147198
0.00086201624
0.00080864549
0.00075461245
0.00069992217
0.00064458117
0.00058857659
0.00053188574
0.00047437222
0.00041581679
0.00035554121
0.00029199949
0.0002234147
0.0001392736
5.8460469e-05
0.0033576937
0.003351961
0.0033459705
0.0033396728
0.003333031
0.0033260311
0.0033186601
0.0033108997
0.0033027295
0.0032941291
0.0032850787
0.0032755583
0.0032655477
0.0032550263
0.003243974
0.0032323705
0.0032201959
0.0032074311
0.0031940572
0.0031800564
0.0031654119
0.0031501079
0.0031341302
0.0031174659
0.0031001038
0.0030820345
0.0030632508
0.003043747
0.0030235199
0.0030025682
0.0029808927
0.0029584961
0.0029353834
0.0029115612
0.0028870378
0.0028618231
0.0028359286
0.0028093666
0.0027821505
0.0027542946
0.0027258135
0.0026967222
0.0026670359
0.0026367697
0.0026059384
0.0025745564
0.0025426379
0.002510196
0.0024772434
0.0024437917
0.0024098518
0.0023754334
0.0023405453
0.0023051952
0.0022693895
0.0022331336
0.0021964316
0.0021592866
0.0021217004
0.0020836734
0.0020452051
0.0020062937
0.0019669364
0.0019271291
0.0018868668
0.0018461434
0.0018049519
0.0017632841
0.0017211311
0.001678483
0.0016353292
0.0015916582
0.0015474579
0.0015027156
0.0014574181
0.0014115517
0.0013651024
0.0013180559
0.0012703981
0.0012221149
0.0011731925
0.0011236174
0.0010733769
0.0010224593
0.0009708535
0.0009185497
0.00086553886
0.00081181206
0.0007573593
0.00070216572
0.00064620681
0.00058943354
0.00053175362
0.00047298398
0.00041274032
0.00035044764
0.00028428887
0.00021404226
0.00012957809
5.6845329e-05
0.0032336326
0.003228542
0.0032232284
0.0032176535
0.0032117972
0.0032056498
0.0031991993
0.0031924301
0.0031853261
0.0031778715
0.0031700499
0.0031618446
0.0031532383
0.0031442135
0.0031347524
0.003124837
0.0031144493
0.0031035709
0.0030921838
0.00308027
0.0030678119
0.003054792
0.0030411937
0.0030270006
0.0030121976
0.0029967699
0.0029807042
0.0029639879
0.0029466101
0.0029285608
0.0029098315
0.0028904154
0.0028703069
0.0028495022
0.0028279988
0.0028057959
0.002782894
0.0027592952
0.0027350028
0.0027100214
0.0026843566
0.0026580153
0.002631005
0.002603334
0.0025750113
0.0025460462
0.0025164483
0.0024862276
0.0024553939
0.002423957
0.0023919264
0.0023593114
0.0023261208
0.002292363
0.0022580458
0.0022231763
0.0021877607
0.0021518046
0.0021153128
0.0020782891
0.0020407365
0.0020026569
0.0019640517
0.001924921
0.0018852641
0.0018450793
0.0018043639
0.0017631141
0.0017213252
0.0016789914
0.0016361059
0.0015926609
0.0015486476
0.0015040563
0.0014588765
0.0014130968
0.0013667051
0.0013196888
0.0012720348
0.0012237297
0.0011747594
0.0011251099
0.0010747666
0.001023715
0.00097193996
0.00091942555
0.00086615441
0.00081210619
0.00075725509
0.00070156542
0.00064498356
0.00058742568
0.00052874891
0.00046873344
0.00040693328
0.00034287967
0.00027487497
0.00020368477
0.00012027903
5.2785683e-05
0.0031187364
0.003114163
0.0031094047
0.0031044377
0.0030992391
0.0030937983
0.0030881066
0.0030821521
0.0030759222
0.0030694044
0.0030625855
0.0030554516
0.0030479885
0.0030401813
0.0030320151
0.0030234743
0.0030145432
0.0030052055
0.0029954449
0.0029852448
0.0029745885
0.0029634585
0.0029518371
0.0029397073
0.0029270524
0.0029138562
0.0029001031
0.0028857777
0.0028708648
0.0028553498
0.0028392185
0.0028224579
0.0028050556
0.0027870002
0.0027682814
0.0027488898
0.0027288171
0.0027080563
0.0026866013
0.0026644475
0.0026415911
0.0026180295
0.0025937614
0.0025687864
0.0025431049
0.0025167186
0.0024896297
0.0024618413
0.0024333571
0.0024041814
0.0023743191
0.0023437753
0.0023125558
0.0022806663
0.0022481134
0.0022149037
0.0021810439
0.0021465403
0.002111399
0.0020756258
0.0020392261
0.002002205
0.0019645668
0.0019263154
0.0018874538
0.0018479842
0.0018079078
0.0017672247
0.001725934
0.0016840337
0.0016415206
0.0015983906
0.0015546383
0.001510257
0.0014652391
0.0014195757
0.0013732566
0.0013262709
0.0012786069
0.0012302517
0.0011811918
0.0011314122
0.001080897
0.0010296287
0.00097758814
0.00092475339
0.0008710989
0.0008165934
0.00076119672
0.00070485504
0.0006474923
0.0005890002
0.00052921068
0.00046789658
0.00040463209
0.00033908251
0.00026982636
0.00019822319
0.00011611836
5.1209348e-05
0.0029747996
0.0029708833
0.0029668077
0.0029625497
0.002958101
0.002953456
0.0029486061
0.0029435408
0.0029382499
0.0029327229
0.002926949
0.0029209168
0.0029146144
0.0029080296
0.0029011497
0.0028939616
0.0028864517
0.0028786061
0.0028704103
0.0028618498
0.0028529093
0.0028435734
0.0028338264
0.0028236518
0.0028130329
0.0028019531
0.0027903961
0.0027783452
0.0027657837
0.0027526951
0.0027390628
0.0027248709
0.002710104
0.0026947465
0.002678783
0.0026621988
0.0026449794
0.0026271113
0.0026085814
0.0025893774
0.0025694878
0.0025489017
0.0025276093
0.0025056014
0.0024828698
0.0024594071
0.0024352069
0.0024102635
0.0023845722
0.0023581291
0.0023309312
0.0023029764
0.0022742637
0.0022447932
0.0022145662
0.0021835842
0.0021518492
0.0021193643
0.0020861339
0.0020521629
0.0020174571
0.0019820229
0.001945867
0.0019089967
0.0018714193
0.0018331418
0.0017941704
0.0017545097
0.0017141629
0.0016731321
0.0016314179
0.0015890198
0.001545936
0.0015021628
0.0014576951
0.0014125263
0.0013666484
0.0013200522
0.0012727273
0.0012246614
0.0011758404
0.0011262484
0.0010758674
0.0010246773
0.00097265467
0.00091977221
0.00086599721
0.00081128956
0.00075559853
0.00069885851
0.00064098179
0.00058185186
0.00052130223
0.00045912961
0.00039497836
0.00032865294
0.00025904535
0.00018783704
0.00010806569
4.6488862e-05
0.0028734362
0.0028699092
0.0028662486
0.0028624426
0.0028584729
0.0028543311
0.0028500118
0.0028455074
0.0028408091
0.0028359081
0.0028307952
0.0028254608
0.0028198952
0.002814088
0.0028080283
0.0028017052
0.002795107
0.0027882216
0.0027810368
0.0027735397
0.0027657169
0.0027575552
0.0027490411
0.0027401598
0.0027308962
0.0027212349
0.0027111598
0.0027006546
0.0026897032
0.0026782891
0.0026663954
0.0026540054
0.002641102
0.0026276682
0.0026136872
0.0025991422
0.0025840158
0.0025682912
0.0025519512
0.0025349793
0.002517359
0.0024990741
0.0024801089
0.0024604479
0.0024400761
0.0024189787
0.0023971416
0.0023745506
0.0023511921
0.0023270524
0.0023021177
0.0022763741
0.0022498031
0.0022224017
0.0021941991
0.0021652026
0.0021354028
0.0021047936
0.0020733753
0.0020411502
0.0020081207
0.0019742901
0.0019396626
0.0019042434
0.0018680378
0.0018310504
0.0017932844
0.0017547431
0.0017154301
0.001675349
0.0016345025
0.0015928916
0.0015505157
0.0015073728
0.0014634599
0.0014187712
0.0013732968
0.001327028
0.0012799584
0.0012320785
0.0011833745
0.0011338297
0.0010834253
0.0010321399
0.00097994801
0.00092681959
0.00087271854
0.00081760099
0.00076141275
0.00070408617
0.00064553496
0.00058565121
0.0005242898
0.0004612896
0.00039636957
0.0003294453
0.00025956189
0.00018849273
0.00010920901
4.7553553e-05
0.0027013166
0.0026985559
0.0026956787
0.0026926711
0.0026895305
0.0026862529
0.0026828316
0.0026792595
0.0026755295
0.0026716343
0.0026675662
0.0026633174
0.0026588793
0.0026542432
0.0026494
0.0026443402
0.0026390537
0.0026335297
0.0026277576
0.0026217264
0.0026154245
0.0026088398
0.0026019596
0.002594771
0.0025872608
0.0025794153
0.0025712199
0.0025626596
0.002553719
0.0025443822
0.0025346329
0.0025244538
0.0025138271
0.0025027351
0.0024911597
0.0024790821
0.0024664834
0.002453344
0.0024396442
0.0024253637
0.0024104819
0.0023949782
0.0023788311
0.0023620192
0.0023445207
0.0023263132
0.002307374
0.00228768
0.0022672073
0.0022459312
0.002223826
0.0022008645
0.0021770169
0.0021522522
0.0021265513
0.0020999147
0.0020723462
0.0020438491
0.0020144288
0.0019840958
0.0019528654
0.0019207583
0.0018877994
0.0018540187
0.0018194606
0.001784163
0.0017481162
0.0017113002
0.0016737014
0.0016353141
0.0015961366
0.0015561644
0.0015153885
0.0014737988
0.0014313854
0.0013881379
0.0013440449
0.0012990942
0.0012532723
0.0012065645
0.0011589538
0.0011104218
0.0010609476
0.0010105078
0.00095907551
0.00090661971
0.00085310436
0.00079848707
0.00074271757
0.00068573594
0.00062746987
0.00056783474
0.00050672377
0.00044403384
0.00037957951
0.00031339731
0.00024479107
0.00017567149
0.00010010558
4.257448e-05
0.0026502848
0.0026475429
0.0026447052
0.0026417641
0.002638701
0.0026355085
0.0026321834
0.0026287205
0.0026251129
0.0026213538
0.0026174362
0.0026133529
0.0026090961
0.0026046579
0.0026000299
0.0025952032
0.0025901688
0.0025849169
0.0025794377
0.0025737205
0.0025677545
0.0025615283
0.0025550301
0.0025482478
0.0025411687
0.0025337794
0.0025260661
0.0025180143
0.0025096092
0.0025008354
0.0024916767
0.0024821169
0.0024721387
0.0024617247
0.0024508563
0.0024395148
0.0024276811
0.0024153359
0.0024024592
0.0023890309
0.0023750304
0.0023604369
0.0023452296
0.0023293872
0.0023128883
0.0022957119
0.002277837
0.0022592434
0.0022399109
0.0022198204
0.0021989537
0.0021772939
0.0021548297
0.0021315358
0.0021073628
0.0020822875
0.0020563049
0.0020294098
0.0020015944
0.0019728529
0.0019431835
0.0019125882
0.0018810721
0.0018486445
0.0018153222
0.0017811243
0.0017460639
0.0017101549
0.0016734226
0.0016358929
0.0015975585
0.0015583959
0.0015183866
0.0014775178
0.001435776
0.0013931467
0.0013496143
0.0013051632
0.0012597774
0.00121344
0.0011661332
0.0011178376
0.0010685322
0.0010181939
0.00096679698
0.00091431275
0.00086070853
0.00080594695
0.00074998484
0.00069277212
0.00063424953
0.00057434915
0.00051298401
0.0004500721
0.00038544214
0.00031912942
0.00025036575
0.00018094125
0.00010433747
4.5034019e-05
0.0023737198
0.0023714696
0.0023691302
0.0023666901
0.0023641477
0.0023615004
0.002358743
0.0023558699
0.0023528759
0.0023497553
0.0023465024
0.002343111
0.0023395746
0.0023358865
0.0023320397
0.0023280268
0.0023238401
0.0023194716
0.0023149129
0.0023101553
0.0023051896
0.0023000063
0.0022945954
0.0022889468
0.0022830497
0.0022768929
0.002270465
0.0022637539
0.0022567473
0.0022494325
0.0022417961
0.0022338247
0.0022255042
0.0022168203
0.0022077582
0.002198303
0.0021884392
0.0021781513
0.0021674235
0.0021562396
0.0021445837
0.0021324395
0.0021197909
0.0021066217
0.0020929159
0.0020786578
0.0020638324
0.0020484253
0.0020324227
0.002015812
0.0019985818
0.0019807223
0.0019622252
0.0019430861
0.0019232963
0.0019028284
0.0018816506
0.0018597338
0.0018370494
0.0018135668
0.0017892535
0.0017640753
0.0017379978
0.0017109864
0.0016829998
0.0016540077
0.0016240244
0.0015930747
0.0015611827
0.0015283676
0.0014946181
0.0014599081
0.0014242165
0.0013875275
0.0013498252
0.0013110924
0.0012713118
0.0012304662
0.0011885388
0.0011455122
0.001101369
0.0010560912
0.0010096604
0.00096205774
0.00091326353
0.00086325741
0.00081201821
0.00075952402
0.0007057523
0.00065068036
0.0005942853
0.00053654715
0.00047744321
0.00041697434
0.00035508854
0.000291953
0.00022707665
0.00016230861
9.2272754e-05
3.9130417e-05
)
;

boundaryField
{
    inlet
    {
        type            zeroGradient;
    }
    top
    {
        type            zeroGradient;
    }
    outlet
    {
        type            fixedValue;
        value           uniform 0;
    }
    slipsurface
    {
        type            slip;
    }
    bottom
    {
        type            zeroGradient;
    }
    frontandback
    {
        type            empty;
    }
}


// ************************************************************************* //
