/*--------------------------------*- C++ -*----------------------------------*\
  =========                 |
  \\      /  F ield         | OpenFOAM: The Open Source CFD Toolbox
   \\    /   O peration     | Website:  https://openfoam.org
    \\  /    A nd           | Version:  12
     \\/     M anipulation  |
\*---------------------------------------------------------------------------*/
FoamFile
{
    format      ascii;
    class       volScalarField;
    location    "1000";
    object      p;
}
// * * * * * * * * * * * * * * * * * * * * * * * * * * * * * * * * * * * * * //

dimensions      [0 2 -2 0 0 0 0];

internalField   nonuniform List<scalar> 
7480
(
0.0053224099
0.0052834211
0.0051751399
0.0051426529
0.0051597046
0.0051941251
0.0052419592
0.0053069633
0.0053955314
0.0055147026
0.0056850929
0.0059235991
0.0063922847
0.0068176603
0.0067599313
0.0063258587
0.0058585447
0.0054884745
0.0051728765
0.0048906484
0.0046449501
0.0044348892
0.0042572622
0.0040905108
0.0039237392
0.0037618187
0.0036086304
0.0034772791
0.0033647612
0.0032576543
0.0031596353
0.0030739184
0.00299956
0.0029356435
0.0028806602
0.0028328425
0.0027906304
0.002754122
0.0027221405
0.0026920583
0.0026634474
0.0026364041
0.0026110692
0.0025861263
0.0025598111
0.0025319821
0.0025030904
0.0024743448
0.0024451017
0.0024141972
0.0023810491
0.002345201
0.0023083661
0.0022710168
0.0022319053
0.0021912077
0.0021500159
0.0021100437
0.0020706762
0.0020298438
0.0019880319
0.0019462665
0.001905592
0.0018648405
0.0018227732
0.0017805781
0.0017395123
0.001698603
0.0016563415
0.001613427
0.0015709162
0.0015280431
0.0014839915
0.00143949
0.0013952382
0.0013505695
0.0013047489
0.0012584817
0.00121166
0.0011641418
0.0011157271
0.0010668443
0.001017632
0.00096710507
0.0009160398
0.0008643981
0.00081144773
0.00075831554
0.00070459378
0.00064964607
0.00059469589
0.00053922331
0.00048323532
0.00042780165
0.00037411291
0.00032002803
0.00028139306
0.00022268296
0.00036000643
-0.00024142456
0.0052598815
0.0052211886
0.0051487224
0.005126895
0.00514745
0.0051860554
0.0052360734
0.0053020295
0.0053910001
0.0055101923
0.0056790865
0.0059146771
0.0063426665
0.0067158644
0.0066577287
0.006299384
0.0058864337
0.0055412666
0.0052386939
0.004960275
0.004715428
0.0045011239
0.0043095948
0.0041288761
0.0039561481
0.0037925244
0.0036412564
0.0035093294
0.0033933782
0.0032849036
0.0031861532
0.0030997055
0.0030244663
0.0029593243
0.0029028516
0.0028534144
0.0028095416
0.0027715275
0.0027383252
0.0027071843
0.002677462
0.0026492584
0.0026228555
0.0025970086
0.0025697927
0.0025410755
0.0025114322
0.0024820306
0.0024521946
0.002420757
0.0023871813
0.0023509812
0.0023138219
0.0022761761
0.0022367955
0.002195861
0.0021544588
0.0021143143
0.0020747925
0.0020337951
0.001991815
0.001949885
0.0019090527
0.0018681444
0.0018259221
0.0017835779
0.0017423702
0.0017013246
0.0016589311
0.0016158919
0.0015732638
0.0015302783
0.0014861191
0.001441516
0.0013971673
0.0013524055
0.0013064963
0.001260146
0.0012132457
0.001165653
0.0011171672
0.0010682168
0.0010189398
0.00096835106
0.00091722802
0.00086553146
0.00081252891
0.00075934735
0.00070557805
0.00065058531
0.000595593
0.00054008019
0.00048405428
0.00042858446
0.0003748629
0.00032074517
0.00028206965
0.00022339278
0.00036083638
-0.00024083059
0.005218178
0.0052040545
0.0051589956
0.0051373358
0.0051540327
0.0051919296
0.0052408601
0.0053053638
0.0053927926
0.0055102448
0.0056749577
0.0059036688
0.0062707178
0.0065848746
0.0065458249
0.0062305939
0.0058390101
0.0054975887
0.0051985508
0.0049247256
0.0046831638
0.0044715314
0.0042825777
0.0041087052
0.0039447073
0.0037889945
0.003645404
0.0035171164
0.0034024577
0.0032972668
0.0032010056
0.0031154866
0.0030408347
0.0029759427
0.0029193977
0.0028696806
0.0028255208
0.0027868425
0.0027525156
0.0027204283
0.002689871
0.0026607715
0.0026335446
0.0026071104
0.0025794202
0.0025501652
0.0025199324
0.0024899615
0.0024596624
0.0024275118
0.0023931542
0.0023564927
0.0023190191
0.0022811281
0.0022415173
0.0022003767
0.0021587979
0.0021185126
0.0020788561
0.0020377076
0.001995569
0.0019534895
0.0019125226
0.0018714787
0.001829119
0.001786644
0.0017453156
0.0017041536
0.0016616404
0.0016184843
0.0015757459
0.0015326536
0.001488391
0.0014436904
0.0013992496
0.0013543983
0.0013084018
0.0012619691
0.0012149902
0.0011673227
0.0011187651
0.0010697465
0.0010204037
0.00096975079
0.00091856796
0.00086681429
0.00081375696
0.00076052394
0.00070670436
0.00065166331
0.00059662602
0.00054106989
0.00048500297
0.00042949394
0.00037573628
0.00032158048
0.00028287699
0.0002242901
0.00036175094
-0.00024009621
0.0051850636
0.0051842028
0.0051491748
0.0051293217
0.0051453554
0.0051833764
0.0052327544
0.005297345
0.0053843321
0.0055005731
0.0056607485
0.005879543
0.0061954132
0.0064684672
0.0064494302
0.0061697511
0.0058042601
0.0054772495
0.0051907964
0.0049272048
0.004690832
0.0044819329
0.0042939159
0.0041210091
0.0039567484
0.0037999955
0.0036546962
0.0035239225
0.0034076918
0.0033023533
0.0032056926
0.003119401
0.0030445539
0.0029800379
0.00292432
0.0028758778
0.0028333701
0.0027955671
0.0027613372
0.0027296844
0.0026997237
0.0026709156
0.0026430238
0.002615444
0.0025871166
0.0025574521
0.0025267641
0.0024963574
0.0024657606
0.0024331434
0.0023982491
0.0023612861
0.0023236045
0.0022856244
0.0022459363
0.0022046899
0.0021629722
0.0021224228
0.0020825005
0.0020412099
0.0019989614
0.0019567897
0.0019157441
0.0018746078
0.0018321436
0.0017895726
0.0017481527
0.0017068874
0.0016642638
0.0016210013
0.0015781643
0.0015349764
0.0014906199
0.0014458301
0.0014013063
0.0013563742
0.001310296
0.0012637849
0.0012167304
0.0011689912
0.0011203641
0.00107128
0.0010218741
0.00097115835
0.00091991719
0.0008681076
0.00081499607
0.00076171249
0.00070784302
0.00065275363
0.00059767174
0.00054207237
0.00048596412
0.00043041558
0.00037662053
0.0003224258
0.00028369637
0.00022508099
0.00036260944
-0.00023939762
0.0051543231
0.0051614279
0.0051372885
0.0051247481
0.005142805
0.0051813381
0.005231242
0.0052956541
0.005381477
0.0054952986
0.0056494732
0.0058544241
0.0061296062
0.0063659176
0.0063567444
0.0061067284
0.0057672975
0.0054546286
0.0051779166
0.0049211758
0.0046877424
0.004480047
0.0042926763
0.004120346
0.0039568905
0.0038015755
0.0036578023
0.0035283101
0.0034130673
0.0033083819
0.0032119973
0.0031256714
0.0030505239
0.0029854131
0.0029288713
0.0028795526
0.0028361638
0.002797301
0.0027623606
0.002730783
0.0027014887
0.0026737798
0.0026468152
0.002619767
0.0025920601
0.0025632134
0.0025332591
0.0025026048
0.0024710436
0.0024379231
0.0024028401
0.0023657318
0.0023278772
0.0022898041
0.0022500934
0.0022087744
0.0021668685
0.002126002
0.0020858781
0.0020445389
0.002002236
0.0019599895
0.001918878
0.0018776802
0.0018351428
0.001792517
0.0017509926
0.0017095615
0.0016668092
0.0016234652
0.0015805614
0.0015373033
0.0014928723
0.0014480113
0.0014034176
0.0013584081
0.00131225
0.0012656633
0.0012185356
0.0011707267
0.0011220315
0.0010728843
0.0010234175
0.00097263855
0.00092133798
0.00086947096
0.00081630333
0.00076296828
0.00070904797
0.00065390841
0.00059878025
0.00054313562
0.00048698373
0.00043139368
0.00037755818
0.00032332266
0.00028455881
0.00022585935
0.00036346016
-0.0002386053
0.0051258107
0.0051390686
0.0051254941
0.0051196259
0.0051383782
0.0051760176
0.0052254614
0.0052890406
0.0053730934
0.005483803
0.005631058
0.0058218723
0.0060628471
0.0062657693
0.0062621097
0.0060404243
0.0057273631
0.0054294407
0.0051624273
0.0049133664
0.0046847919
0.0044798654
0.0042945253
0.0041238201
0.0039620389
0.0038085083
0.0036660811
0.0035372136
0.0034218794
0.0033169261
0.003220423
0.0031338652
0.0030582491
0.0029925315
0.0029353133
0.0028852948
0.0028411632
0.002801586
0.0027659864
0.0027336728
0.0027035217
0.0026749209
0.0026472067
0.0026196467
0.0025917558
0.0025632684
0.0025341644
0.0025042117
0.0024731288
0.0024407366
0.0024065531
0.0023703307
0.0023325749
0.0022937875
0.002253632
0.0022121864
0.0021701758
0.0021292469
0.0020891574
0.0020478602
0.0020054831
0.0019630627
0.0019218479
0.0018806463
0.001838082
0.0017953977
0.0017537447
0.0017121543
0.0016692969
0.0016259027
0.0015829591
0.0015396471
0.001495155
0.0014502456
0.0014055774
0.0013604532
0.0013142039
0.0012675581
0.0012203746
0.0011725108
0.0011237595
0.0010745555
0.0010250277
0.00097418613
0.00092282744
0.000870904
0.00081768067
0.00076429583
0.00071032546
0.00065513457
0.00059995868
0.00054426701
0.00048806977
0.00043243704
0.0003785584
0.00032428025
0.00028547239
0.00022668356
0.00036430293
-0.00023764259
0.005099353
0.0051173155
0.0051126757
0.0051125778
0.0051323037
0.0051695917
0.0052190407
0.0052821834
0.005364626
0.0054720117
0.0056120102
0.0057887171
0.0060000063
0.0061734217
0.0061726818
0.0059765987
0.0056883015
0.0054047484
0.0051471632
0.0049057658
0.0046821899
0.0044797734
0.0042961033
0.0041264659
0.0039658883
0.0038136338
0.0036721417
0.0035436801
0.0034283114
0.0033233948
0.0032271333
0.0031406363
0.0030647986
0.0029987257
0.0029410709
0.002890558
0.0028459179
0.0028058948
0.0027698286
0.0027370053
0.0027063843
0.0026773498
0.0026492393
0.0026212965
0.002592991
0.0025640198
0.00253433
0.0025038533
0.0024725222
0.002440138
0.0024063294
0.0023709374
0.002333917
0.0022954308
0.0022557825
0.0022151598
0.0021739178
0.0021330033
0.002092235
0.0020505639
0.0020081057
0.0019656591
0.0019245086
0.0018833717
0.0018408255
0.0017980165
0.001756244
0.0017146403
0.0016717747
0.0016283291
0.0015853144
0.0015419418
0.0014973952
0.0014524488
0.0014077083
0.0013624702
0.0013161403
0.0012694551
0.0012222333
0.0011743276
0.001125534
0.0010762604
0.0010266452
0.00097574188
0.00092433759
0.0008723696
0.00081910031
0.00076567042
0.00071164861
0.00065640717
0.00060118479
0.00054544685
0.00048920517
0.00043353065
0.00037960719
0.00032528525
0.00028642488
0.00022754527
0.000365106
-0.00023648741
0.0050746147
0.0050960982
0.0050988819
0.0051041002
0.0051252573
0.0051623954
0.0052116114
0.0052739374
0.0053542537
0.0054576064
0.0055897391
0.0057522529
0.0059374553
0.0060850875
0.0060852036
0.0059115601
0.0056465456
0.0053774887
0.0051294827
0.0048958745
0.0046774839
0.0044780992
0.0042964194
0.0041282183
0.0039691928
0.0038185268
0.0036783061
0.0035506037
0.0034355357
0.0033308537
0.003234864
0.0031483872
0.0030722686
0.0030057583
0.0029475628
0.0028964429
0.0028511853
0.0028105881
0.0027739441
0.0027405597
0.0027094582
0.0026799878
0.0026514843
0.0026231923
0.002594584
0.0025653592
0.0025354543
0.0025048097
0.0024733009
0.0024406537
0.0024064992
0.0023707094
0.0023333405
0.0022947292
0.0022553202
0.0022153274
0.0021750839
0.0021346854
0.0020939129
0.0020526493
0.0020108276
0.0019688629
0.0019273889
0.001885557
0.0018428857
0.0018000911
0.0017584199
0.0017169145
0.0016740987
0.0016305663
0.001587464
0.0015440925
0.0014995396
0.0014545427
0.001409733
0.0013644441
0.0013180732
0.0012713531
0.0012240867
0.001176134
0.0011273014
0.0010779613
0.0010282636
0.00097730599
0.00092586817
0.00087386711
0.00082056208
0.00076707243
0.00071297842
0.00065769101
0.00060243181
0.00054665609
0.00049037449
0.0004346577
0.00038068793
0.00032632298
0.00028740305
0.00022842773
0.00036583807
-0.00023511927
0.0050512947
0.0050754146
0.0050843292
0.0050943652
0.0051171049
0.0051540978
0.0052028513
0.0052641525
0.0053421409
0.005441174
0.0055653147
0.0057141002
0.0058765092
0.0060018418
0.0060014161
0.0058473213
0.0056042548
0.0053497588
0.0051113604
0.0048854704
0.0046724831
0.0044764191
0.0042968817
0.0041302533
0.0039727971
0.0038236663
0.0036846488
0.003557634
0.0034427901
0.0033382206
0.0032423729
0.0031558518
0.003079437
0.0030124897
0.0029537698
0.0029020737
0.0028562348
0.0028150966
0.0027779213
0.0027440213
0.0027124575
0.0026825488
0.0026536392
0.002625001
0.0025961127
0.0025666725
0.0025365988
0.002505811
0.0024741574
0.0024413732
0.0024071226
0.0023712793
0.0023338949
0.0022952687
0.0022557535
0.0022155301
0.0021749868
0.0021342318
0.0020934288
0.0020526682
0.0020116908
0.0019705652
0.0019291261
0.0018872274
0.0018450147
0.0018027008
0.0017608807
0.0017187572
0.0016757662
0.0016322786
0.001589307
0.0015460328
0.001501518
0.0014564446
0.0014115877
0.0013663316
0.0013199558
0.0012731851
0.0012258654
0.0011778735
0.0011290059
0.0010796241
0.0010298819
0.00097888257
0.00092741346
0.00087537628
0.00082203342
0.00076848351
0.00071432244
0.00065899503
0.00060370675
0.00054790209
0.00049157287
0.00043579688
0.00038177812
0.00032737761
0.00028839617
0.00022931963
0.00036646695
-0.00023350992
0.0050291193
0.0050552189
0.0050691385
0.0050834205
0.0051077662
0.0051446593
0.0051928258
0.0052529378
0.005328396
0.0054228176
0.0055388409
0.0056743781
0.0058166312
0.0059225641
0.0059205894
0.00578332
0.0055607099
0.0053206052
0.0050917695
0.0048735253
0.0046661508
0.0044736677
0.0042964635
0.0041315799
0.0039757835
0.0038282475
0.0036905059
0.0035642763
0.003449776
0.0033454187
0.0032497972
0.003163329
0.003086706
0.0030193822
0.002960181
0.0029079369
0.0028615286
0.0028198464
0.002782132
0.0027476992
0.0027156466
0.0026852787
0.0026559507
0.0026269591
0.0025977807
0.002568105
0.0025378276
0.002506856
0.0024750371
0.0024421216
0.0024077922
0.0023719183
0.0023345387
0.0022959235
0.0022564021
0.0022161737
0.0021756034
0.0021348132
0.0020939652
0.0020530446
0.0020118081
0.0019703573
0.0019287023
0.0018871998
0.0018458375
0.0018043254
0.0017625577
0.0017202895
0.0016775714
0.0016344651
0.0015913295
0.0015475163
0.0015029028
0.0014579231
0.0014132086
0.0013680344
0.0013216704
0.0012748512
0.0012275289
0.0011795488
0.0011306474
0.0010812195
0.0010314533
0.00098042704
0.00092892628
0.00087684716
0.00082346463
0.0007698833
0.000715687
0.00066032176
0.00060500313
0.00054916806
0.00049278726
0.00043695305
0.00038288821
0.00032845841
0.00028941051
0.00023021401
0.00036694889
-0.00023162878
0.0050078593
0.0050354407
0.0050533974
0.0050713398
0.005097241
0.0051340727
0.0051815306
0.0052402557
0.0053129698
0.0054025523
0.0055104591
0.0056333788
0.0057577851
0.005846916
0.005842863
0.0057200351
0.0055163809
0.0052904359
0.0050711806
0.0048605634
0.0046589884
0.0044703429
0.004295682
0.0041327153
0.0039786759
0.0038327902
0.0036963752
0.0035709899
0.0034568966
0.0033527803
0.0032573786
0.0031709556
0.0030941147
0.0030263957
0.0029666943
0.0029138852
0.0028668906
0.002824646
0.002786379
0.0027514032
0.0027188526
0.0026880232
0.0026582759
0.002628927
0.0025994521
0.0025695336
0.0025390493
0.0025078988
0.0024759264
0.0024428879
0.0024084766
0.0023725563
0.0023351619
0.0022965479
0.0022570375
0.0022168397
0.0021762982
0.0021355366
0.002094687
0.0020537208
0.0020124292
0.0019709081
0.001929197
0.001887598
0.0018460305
0.0018042102
0.0017622284
0.0017203694
0.0016784543
0.0016360379
0.001592914
0.0015489405
0.0015045416
0.0014598057
0.0014148222
0.0013692116
0.0013228807
0.0012761978
0.001228986
0.0011810604
0.0011321351
0.0010826937
0.0010329584
0.00098191805
0.00093037524
0.00087826781
0.00082485834
0.00077125498
0.00071702938
0.00066163085
0.00060628508
0.0005504152
0.00049399476
0.00043812819
0.00038402259
0.00032956096
0.00029043074
0.00023110737
0.00036726693
-0.00022942569
0.0049873209
0.0050159951
0.0050371667
0.0050581967
0.0050855342
0.0051223081
0.0051689377
0.0052260866
0.0052958783
0.0053804823
0.0054803818
0.0055913878
0.0056999427
0.0057745118
0.0057681071
0.0056575836
0.0054713287
0.0052591807
0.0050494828
0.0048464373
0.0046507727
0.0044661813
0.0042942569
0.0041333608
0.0039811693
0.0038369849
0.003701944
0.0035774629
0.0034638454
0.003360015
0.0032648521
0.0031785002
0.0031014762
0.003033393
0.0029732198
0.0029198713
0.0028723101
0.0028295147
0.0027907045
0.0027551925
0.0027221455
0.0026908545
0.002660685
0.0026309725
0.0026011944
0.0025710271
0.0025403319
0.0025089991
0.0024768683
0.002443699
0.0024091973
0.0023732258
0.0023358171
0.0022972104
0.002257716
0.0022175423
0.0021770095
0.0021362471
0.0020953789
0.0020543918
0.0020131075
0.0019716058
0.0019299146
0.001888282
0.0018466276
0.00180471
0.0017626401
0.0017206767
0.0016785593
0.0016358928
0.0015927222
0.0015493301
0.0015056498
0.0014613537
0.0014162823
0.0013705229
0.0013244
0.0012776827
0.0012301442
0.0011821033
0.0011332781
0.0010839624
0.0010342989
0.00098325426
0.0009316987
0.0008796268
0.00082621106
0.00077257422
0.00071832668
0.0006629081
0.00060753836
0.00055163315
0.00049518221
0.0004392948
0.00038514868
0.00033065452
0.00029142633
0.00023198733
0.00036739229
-0.00022684816
0.0049673367
0.0049967909
0.0050204837
0.0050440567
0.0050726565
0.005109343
0.0051550354
0.0052104379
0.0052771596
0.0053567095
0.0054487826
0.0055486092
0.005643053
0.005704995
0.0056961642
0.0055960986
0.0054257149
0.0052269214
0.0050267461
0.0048312274
0.0046415644
0.0044612401
0.0042922574
0.0041335951
0.0039833568
0.0038409388
0.0037073307
0.0035838225
0.0034707553
0.0033672621
0.0032723616
0.0031861052
0.0031089261
0.003040498
0.0029798648
0.002925983
0.0028778553
0.0028345017
0.0027951399
0.002759083
0.0027255276
0.0026937643
0.0026631627
0.0026330766
0.0026029864
0.0025725623
0.0025416493
0.0025101279
0.0024778334
0.0024445297
0.0024099355
0.0023739126
0.0023364899
0.0022978896
0.0022584083
0.0022182544
0.0021777293
0.0021369703
0.0020960949
0.0020550973
0.0020138129
0.0019723041
0.0019306027
0.0018889398
0.001847265
0.0018053607
0.0017633001
0.0017212892
0.0016790689
0.0016362917
0.0015930204
0.0015495336
0.00150564
0.0014612033
0.0014163991
0.0013712753
0.0013256992
0.0012791055
0.001231405
0.0011833717
0.0011346206
0.0010850903
0.0010352104
0.00098423866
0.00093282023
0.0008808276
0.00082742248
0.00077377778
0.0007195606
0.00066413862
0.00060873947
0.00055281465
0.00049634467
0.00044043523
0.00038624812
0.00033172747
0.00029239152
0.00023283264
0.00036725985
-0.00022384773
0.0049477608
0.0049777371
0.0050033663
0.0050289762
0.0050586267
0.0050951659
0.0051398196
0.0051933251
0.0052568574
0.0053313332
0.0054158224
0.0055052197
0.0055870885
0.0056380762
0.0056268797
0.0055356957
0.0053797014
0.0051937323
0.0050030047
0.0048149595
0.0046313533
0.004455478
0.0042896278
0.0041333516
0.0039851669
0.0038445776
0.0037124576
0.0035899863
0.0034775386
0.0033744316
0.003279817
0.0031936784
0.0031163714
0.0030476199
0.0029865423
0.00293214
0.0028834544
0.0028395454
0.0027996337
0.0027630334
0.0027289677
0.0026967304
0.002665695
0.002635232
0.0026048257
0.0025741401
0.0025430052
0.0025112915
0.002478831
0.0024453913
0.002410703
0.002374627
0.0023371876
0.0022985914
0.0022591219
0.0022189872
0.0021784718
0.0021377178
0.0020968361
0.0020558249
0.002014534
0.0019730155
0.0019313093
0.001889629
0.001847936
0.0018060211
0.0017639376
0.0017218809
0.0016796312
0.0016368592
0.0015935906
0.001550047
0.0015060462
0.0014614969
0.0014165906
0.0013713186
0.001325606
0.0012791854
0.0012319822
0.0011844563
0.0011359854
0.0010863137
0.0010362892
0.0009854232
0.00093386834
0.00088163639
0.00082829725
0.0007747843
0.00072064186
0.00066523129
0.00060983515
0.00055394351
0.00049746641
0.00044152793
0.00038730996
0.00033277153
0.00029331869
0.00023362577
0.00036680846
-0.00022035187
0.0049284651
0.0049587455
0.0049858176
0.0050130021
0.0050434687
0.0050797741
0.0051232929
0.0051747718
0.0052350258
0.0053044579
0.005381655
0.0054613707
0.005532027
0.0055735035
0.005560084
0.0054764494
0.0053334333
0.0051596888
0.0049782939
0.004797665
0.0046201471
0.0044488787
0.0042863461
0.0041326087
0.003986583
0.0038478923
0.0037173219
0.0035959564
0.003484201
0.0033815353
0.0032872369
0.0032012432
0.0031238394
0.0030547902
0.0029932877
0.0029383799
0.0028891459
0.0028446841
0.0028042225
0.0027670774
0.0027324965
0.0026997797
0.0026683045
0.0026374573
0.0026067269
0.0025757719
0.002544408
0.0025124965
0.0024798653
0.0024462861
0.0024114999
0.0023753675
0.0023379083
0.0022993145
0.0022598561
0.0022197399
0.0021792342
0.0021384844
0.0020975954
0.0020565696
0.0020152724
0.001973747
0.0019320383
0.0018903406
0.001848624
0.0018066921
0.0017645885
0.0017224979
0.0016802199
0.001637432
0.0015941424
0.0015505652
0.0015065566
0.0014620139
0.0014170808
0.00137172
0.0013258857
0.0012793554
0.0012320181
0.0011843942
0.0011361099
0.0010868325
0.0010372446
0.00098671256
0.00093502066
0.00088256991
0.00082931749
0.00077571582
0.00072138023
0.00066602806
0.00061076225
0.00055493391
0.00049846435
0.00044252863
0.00038831613
0.00033376648
0.00029419129
0.00023435051
0.00036597622
-0.00021627462
0.0049093366
0.0049397334
0.0049678301
0.0049961724
0.0050272104
0.005063174
0.0051054655
0.0051548108
0.0052117283
0.0052761901
0.0053464227
0.0054171895
0.0054778467
0.0055110591
0.0054956075
0.0054184075
0.0052870503
0.0051248791
0.0049526581
0.0047793808
0.0046079608
0.0044414305
0.0042823885
0.0041313379
0.003987576
0.0038508552
0.0037218967
0.0036017051
0.0034907133
0.0033885442
0.0032945943
0.0032087725
0.0031313026
0.0030619821
0.0030000743
0.0029446757
0.0028949031
0.0028498919
0.0028088812
0.0027711911
0.0027360918
0.0027028915
0.0026709727
0.0026397361
0.002608676
0.0025774458
0.0025458482
0.0025137347
0.0024809299
0.0024472088
0.0024123225
0.0023761316
0.002338651
0.0023000584
0.0022606106
0.0022205121
0.0021800162
0.0021392701
0.0020983742
0.0020573348
0.0020160315
0.0019744996
0.0019327869
0.0018910705
0.0018493291
0.0018073813
0.0017652608
0.0017231372
0.0016808257
0.0016380159
0.001594708
0.0015511061
0.001507082
0.0014625246
0.0014175636
0.0013721845
0.0013263397
0.0012797905
0.0012323907
0.0011846616
0.0011362657
0.0010868467
0.0010372008
0.00098691056
0.00093555086
0.0008834655
0.00083051344
0.00077677445
0.00072221361
0.00066692666
0.0006115919
0.00055560166
0.00049920248
0.00044337543
0.00038918889
0.00033464889
0.00029497892
0.00023497843
0.00036469084
-0.00021151954
0.0048902749
0.0049206237
0.004949389
0.0049785174
0.0050098814
0.0050453804
0.005086356
0.0051334827
0.0051870354
0.0052466364
0.0053102575
0.005372784
0.0054245271
0.0054505552
0.0054332857
0.0053615939
0.0052406791
0.005089396
0.0049261445
0.0047601419
0.0045948108
0.0044331237
0.0042777316
0.004129511
0.0039881175
0.003853441
0.0037261593
0.0036072113
0.0034970555
0.0033954412
0.0033018765
0.0032162569
0.0031387536
0.0030691911
0.0030069004
0.0029510285
0.0029007294
0.0028551747
0.0028136176
0.0027753837
0.002739764
0.0027060772
0.0026737111
0.0026420799
0.002610684
0.0025791723
0.0025473351
0.0025150148
0.0024820325
0.0024481664
0.0024131767
0.0023769245
0.0023394197
0.0023008264
0.0022613879
0.0022213057
0.0021808193
0.0021400767
0.0020991741
0.0020581214
0.0020168114
0.0019752725
0.0019335548
0.0018918199
0.0018500543
0.0018080904
0.0017659521
0.0017237938
0.0016814472
0.0016386163
0.0015952927
0.001551666
0.0015076207
0.001463046
0.0014180631
0.0013726645
0.0013267946
0.0012802225
0.0012328215
0.0011850771
0.0011366539
0.0010871844
0.0010374372
0.00098703222
0.00093552664
0.00088345744
0.00083080388
0.00077736812
0.00072310286
0.00066802253
0.00061250862
0.00055632487
0.00049997276
0.00044408037
0.00038978218
0.00033532874
0.00029561855
0.00023543098
0.00036284201
-0.00020598049
0.0048711914
0.0049013458
0.0049304757
0.0049600606
0.004991513
0.0050264155
0.005065991
0.0051108351
0.0051610229
0.0052159026
0.0052732811
0.0053282465
0.0053720475
0.0053918284
0.0053729623
0.0053060119
0.0051944323
0.0050533349
0.0048988048
0.0047399852
0.0045807182
0.0044239545
0.0042723558
0.0041271024
0.0039881813
0.0038556249
0.0037300867
0.0036124526
0.0035032052
0.0034022057
0.0033090658
0.0032236804
0.0031461778
0.0030764038
0.0030137543
0.0029574276
0.0029066154
0.0028605242
0.002818424
0.0027796479
0.0027435063
0.0027093301
0.0026765132
0.0026444826
0.0026127451
0.0025809458
0.0025488637
0.0025163321
0.0024831686
0.0024491547
0.0024140589
0.0023777431
0.0023402117
0.002301616
0.002262186
0.0022221192
0.0021816423
0.0021409029
0.0020999941
0.0020589284
0.0020176113
0.0019760655
0.0019343423
0.0018925894
0.0018507996
0.0018088187
0.0017666616
0.0017244686
0.001682087
0.0016392349
0.0015958947
0.0015522416
0.001508174
0.0014635836
0.0014185803
0.0013731589
0.0013272604
0.0012806691
0.0012332644
0.0011854908
0.001137044
0.0010875829
0.0010378165
0.00098737306
0.00093581543
0.00088365314
0.00083087562
0.00077731555
0.00072317567
0.00066840835
0.00061314702
0.00055721426
0.00050094396
0.00044484514
0.00039041172
0.00033597463
0.00029604524
0.00023560297
0.00036027544
-0.00019956422
0.0048520069
0.0048818359
0.0049110693
0.0049408208
0.0049721369
0.0050063085
0.0050444045
0.0050869218
0.0051337707
0.0051840929
0.0052356061
0.0052836555
0.0053203868
0.0053347361
0.0053144905
0.005251649
0.0051484072
0.0050167921
0.0048706958
0.0047189495
0.0045657067
0.0044139235
0.004266244
0.0041240878
0.0039877409
0.0038573815
0.003733655
0.0036174058
0.0035091393
0.003408816
0.003316144
0.0032310273
0.0031535609
0.0030836083
0.0030206262
0.0029638653
0.0029125551
0.0028659363
0.0028232979
0.0027839825
0.002747319
0.0027126514
0.0026793811
0.002646947
0.0026148625
0.0025827699
0.0025504376
0.0025176901
0.0024843421
0.0024501775
0.0024149727
0.0023785905
0.00234103
0.00230243
0.0022630072
0.0022229547
0.0021824871
0.0021417506
0.0021008356
0.0020597572
0.0020184326
0.0019768798
0.0019351505
0.0018933797
0.0018515656
0.0018095666
0.0017673901
0.0017251627
0.0016827458
0.0016398714
0.0015965136
0.0015528338
0.0015087438
0.0014641374
0.0014191124
0.0013736668
0.0013277407
0.0012811311
0.0012337199
0.0011859156
0.0011374488
0.0010879909
0.0010381926
0.00098772424
0.00093617298
0.00088399822
0.0008311777
0.00077754749
0.00072331543
0.00066841124
0.00061311269
0.00055742473
0.00050143596
0.00044552411
0.00039123383
0.00033673349
0.00029647824
0.00023575293
0.00035690998
-0.0001921913
0.0048326515
0.0048620368
0.004891149
0.0049208134
0.0049517853
0.0049850939
0.0050216378
0.0050618021
0.0051053614
0.0051513094
0.005197336
0.0052390785
0.0052695233
0.0052791527
0.0052577342
0.0051984803
0.0051026856
0.0049798619
0.0048418778
0.004697075
0.0045498027
0.0044030353
0.0042593825
0.0041204444
0.0039867713
0.003858686
0.0037368401
0.0036220472
0.0035148344
0.0034152503
0.0033230923
0.0032382814
0.0031608881
0.0030907917
0.0030275053
0.0029703324
0.0029185408
0.002871405
0.0028282347
0.0027883838
0.0027511991
0.002716039
0.002682313
0.0026494714
0.002617035
0.0025846435
0.0025520557
0.0025190881
0.0024855519
0.0024512338
0.0024159171
0.0023794658
0.0023418737
0.0023032674
0.0022638507
0.0022238114
0.0021833527
0.002142619
0.002101698
0.0020606073
0.002019275
0.001977715
0.0019359791
0.0018941905
0.0018523521
0.0018103344
0.0017681379
0.0017258762
0.0016834236
0.0016405259
0.0015971498
0.0015534434
0.0015093304
0.001464707
0.0014196597
0.0013741895
0.0013282359
0.0012816071
0.0012341877
0.001186354
0.0011378677
0.0010884096
0.0010385791
0.00098808884
0.00093653617
0.000884341
0.00083150249
0.00077787103
0.00072361946
0.00066865803
0.000613284
0.00055749495
0.00050137645
0.00044556513
0.00039153648
0.00033723883
0.00029700143
0.00023599044
0.00035291475
-0.00018358848
0.0048130632
0.0048418979
0.0048706955
0.0049000518
0.0049304908
0.0049628113
0.0049977384
0.0050355402
0.0050758793
0.0051176507
0.005158566
0.005194573
0.0052194353
0.0052249671
0.0052025687
0.0051464722
0.0050573351
0.0049426349
0.0048124146
0.0046744043
0.004533035
0.0043912988
0.0042517614
0.0041161521
0.0039852483
0.0038595139
0.0037396182
0.0036263532
0.0035202668
0.0034214861
0.0033298907
0.0032454251
0.0031681436
0.0030979397
0.0030343794
0.0029768187
0.0029245643
0.0028769237
0.0028332293
0.0027928479
0.0027551441
0.0027194911
0.002685308
0.0026520558
0.0026192629
0.0025865672
0.0025537191
0.002520527
0.0024867992
0.0024523248
0.0024168935
0.0023803703
0.0023427441
0.0023041294
0.0022647175
0.0022246902
0.0021842402
0.002143509
0.0021025822
0.0020614796
0.0020201391
0.0019785719
0.0019368289
0.0018950227
0.0018531598
0.0018111226
0.0017689055
0.0017266096
0.0016841208
0.001641199
0.0015978039
0.0015540708
0.001509934
0.0014652928
0.001420223
0.0013747277
0.0013287462
0.0012820971
0.0012346688
0.0011868064
0.0011382991
0.0010888394
0.0010389785
0.00098846589
0.00093690879
0.000884694
0.00083183849
0.00077819641
0.00072392331
0.00066895435
0.0006135689
0.00055773842
0.00050155269
0.00044565555
0.00039147629
0.00033714226
0.00029696137
0.00023580454
0.00034827221
-0.00017354416
0.0047931879
0.0048213752
0.0048496913
0.0048785486
0.0049082864
0.0049395038
0.004972759
0.0050082036
0.0050454093
0.0050832121
0.0051193836
0.0051501886
0.0051701007
0.0051720807
0.0051488796
0.0050955851
0.0050124092
0.0049051964
0.004782372
0.004650982
0.0045154345
0.0043787263
0.0042433741
0.0041111927
0.0039831494
0.0038598416
0.0037419654
0.0036302995
0.0035254122
0.0034274999
0.0033365185
0.0032524403
0.0031753109
0.0031050378
0.0030412361
0.0029833136
0.0029306166
0.0028824855
0.0028382762
0.0027973708
0.0027591509
0.0027230058
0.0026883645
0.0026546992
0.0026215456
0.0025885409
0.0025554278
0.0025220071
0.0024880844
0.0024534509
0.0024179021
0.0023813044
0.0023436412
0.0023050162
0.0022656077
0.0022255912
0.0021851493
0.0021444204
0.002103488
0.0020623738
0.0020210251
0.0019794505
0.0019376999
0.0018958761
0.0018539889
0.0018119315
0.0017696932
0.001727363
0.0016848378
0.0016418909
0.0015984762
0.0015547161
0.001510555
0.0014658952
0.0014208024
0.0013752815
0.0013292717
0.0012826018
0.0012351636
0.0011872726
0.0011387435
0.0010892812
0.0010393905
0.00098885424
0.00093729185
0.00088505861
0.00083218512
0.0007785298
0.00072423762
0.00066925792
0.00061384966
0.00055799734
0.00050181013
0.00044588396
0.00039161734
0.00033718533
0.00029655235
0.00023531623
0.0003417945
-0.00016209197
0.0047729782
0.0048004312
0.0048281224
0.0048563168
0.0048852059
0.0049152181
0.0049467567
0.0049798633
0.0050140362
0.0050480847
0.0050798689
0.0051059676
0.0051214976
0.005120405
0.0050965626
0.0050457757
0.0049679494
0.004867625
0.0047518167
0.0046268551
0.0044970339
0.0043653339
0.0042342177
0.0041055509
0.0039804536
0.0038596461
0.0037438581
0.0036338623
0.0035302461
0.0034332683
0.0033429542
0.0032593077
0.0031823726
0.0031120704
0.0030480618
0.0029898056
0.0029366881
0.0028880825
0.0028433694
0.0028019475
0.002763216
0.0027265803
0.0026914809
0.0026574005
0.0026238827
0.0025905644
0.0025571818
0.0025235287
0.0024894078
0.0024546124
0.0024189435
0.0023822685
0.0023445658
0.0023059282
0.0022665217
0.0022265147
0.0021860807
0.0021453538
0.002104416
0.0020632906
0.0020219334
0.0019803513
0.0019385925
0.0018967514
0.0018548398
0.0018127615
0.0017705013
0.001728137
0.0016855752
0.0016426023
0.0015991672
0.00155538
0.0015111937
0.0014665147
0.0014213984
0.0013758513
0.0013298129
0.0012831214
0.0012356725
0.001187753
0.0011392014
0.0010897354
0.0010398152
0.0009892544
0.000937686
0.0008854343
0.00083254175
0.00077887299
0.00072456239
0.00066956941
0.00061413759
0.00055826584
0.00050206823
0.00044611063
0.00039179822
0.00033732718
0.00029619185
0.00023582572
0.00033364835
-0.00014968426
0.0047523937
0.0047790345
0.004805978
0.0048333701
0.0048612839
0.004890003
0.0049197919
0.0049505917
0.0049818438
0.0050123557
0.0050400954
0.0050619467
0.0050736045
0.0050698609
0.0050455232
0.0049969989
0.0049239865
0.0048299922
0.0047208154
0.004602072
0.0044778679
0.0043511402
0.0042242933
0.0040992142
0.0039771416
0.0038589053
0.0037452731
0.0036370173
0.0035347439
0.0034387669
0.0033491757
0.0032660077
0.0031893107
0.0031190211
0.0030548422
0.0029962823
0.0029427683
0.0028937062
0.002848502
0.0028065726
0.0027673352
0.0027302118
0.0026946549
0.0026601583
0.0026262732
0.0025926374
0.0025589811
0.0025250918
0.0024907697
0.0024558099
0.0024200181
0.002383263
0.0023455182
0.0023068658
0.0022674598
0.0022274611
0.0021870343
0.0021463093
0.0021053662
0.0020642299
0.002022864
0.0019812743
0.001939507
0.0018976486
0.0018557127
0.0018136128
0.0017713303
0.0017289318
0.001686333
0.0016433334
0.0015998772
0.0015560627
0.0015118507
0.0014671515
0.0014220114
0.0013764375
0.0013303701
0.0012836565
0.0012361957
0.0011882479
0.0011396731
0.0010902022
0.0010402529
0.00098966679
0.00093809148
0.00088582116
0.00083290892
0.00077922625
0.00072489662
0.00066988926
0.0006144345
0.00055854244
0.00050233084
0.00044634296
0.00039198012
0.0003374576
0.00029590396
0.00023701168
0.00032491297
-0.0001368456
0.0047313999
0.0047571598
0.0047832515
0.0048097243
0.0048365562
0.0048639094
0.0048919274
0.0049204628
0.0049489146
0.0049761075
0.0050001299
0.0050181572
0.0050264002
0.0050203769
0.0049956752
0.0049492091
0.0048805421
0.0047923617
0.0046894331
0.004576683
0.0044579729
0.0043361668
0.0042136052
0.0040921731
0.0039731963
0.0038575988
0.0037461881
0.0036397408
0.0035388809
0.0034439715
0.0033551603
0.0032725195
0.0031961063
0.0031258728
0.003061562
0.0030027307
0.0029488461
0.0028993473
0.0028536666
0.0028112403
0.002771504
0.0027338968
0.0026978841
0.0026629708
0.0026287161
0.0025947593
0.0025608255
0.0025266966
0.0024921702
0.0024570435
0.0024211262
0.0023842884
0.0023464988
0.0023078294
0.0022684221
0.0022284306
0.0021880104
0.002147287
0.0021063388
0.002065192
0.0020238174
0.0019822198
0.0019404437
0.001898568
0.0018566079
0.0018144859
0.0017721803
0.0017297479
0.0016871119
0.0016440847
0.0016006066
0.0015567646
0.0015125263
0.0014678061
0.0014226417
0.0013770405
0.0013309438
0.0012842072
0.0012367336
0.0011887577
0.001140159
0.0010906819
0.0010407038
0.00099009176
0.00093850852
0.00088621947
0.00083328698
0.00077958971
0.00072524053
0.00067021806
0.00061473996
0.00055882621
0.00050259959
0.00044658137
0.00039216412
0.0003375859
0.00029565458
0.00023823376
0.0003162781
-0.00012426979
0.0047099688
0.0047347877
0.0047599401
0.004785397
0.0048110595
0.0048369897
0.0048632275
0.0048895507
0.0049153287
0.0049394179
0.0049600339
0.0049746261
0.0049798646
0.0049718889
0.0049469408
0.0049023611
0.00483763
0.0047547898
0.004657733
0.0045507391
0.0044373867
0.0043204379
0.0042021612
0.0040844214
0.0039686027
0.0038557072
0.0037465812
0.0036420094
0.0035426327
0.0034488574
0.0033608847
0.003278822
0.0032027398
0.0031326074
0.0030682053
0.0030091367
0.0029549094
0.0029049958
0.0028588549
0.0028159439
0.0027757172
0.0027376314
0.0027011656
0.0026658359
0.0026312101
0.0025969291
0.0025627145
0.0025283428
0.0024936096
0.0024583134
0.0024222682
0.002385345
0.0023475079
0.0023088191
0.0022694091
0.0022294234
0.0021890091
0.0021482872
0.002107334
0.0020661771
0.0020247936
0.0019831881
0.0019414028
0.0018995099
0.0018575257
0.001815381
0.0017730518
0.0017305854
0.0016879121
0.0016448564
0.0016013558
0.001557486
0.0015132208
0.0014684788
0.0014232897
0.0013776606
0.0013315342
0.001284774
0.0012372865
0.0011892826
0.0011406594
0.0010911749
0.0010411682
0.0009905296
0.0009389374
0.00088662951
0.00083367618
0.00077996356
0.0007255944
0.000670556
0.00061505396
0.00055911754
0.00050287468
0.00044682505
0.00039234884
0.00033772228
0.00029542447
0.00023928331
0.00030794322
-0.00011216542
0.0046880779
0.0047119043
0.0047360453
0.0047604079
0.0047848321
0.0048092972
0.0048337574
0.0048579291
0.004881164
0.0049023603
0.0049198632
0.004931377
0.004933978
0.0049243387
0.0048992491
0.004856411
0.0047952579
0.0047173252
0.0046257749
0.0045242917
0.0044161487
0.0043039797
0.0041899723
0.0040759558
0.0039633483
0.0038532129
0.0037464319
0.0036438004
0.0035459748
0.0034533999
0.0033663252
0.0032848932
0.0032091911
0.0031392065
0.0030747553
0.0030154856
0.0029609456
0.0029106409
0.0028640581
0.0028206763
0.0027799691
0.0027414111
0.0027044959
0.0026687512
0.0026337533
0.0025991459
0.0025646476
0.0025300302
0.0024950876
0.0024596197
0.0024234442
0.002386433
0.0023485457
0.0023098353
0.0022704208
0.0022304395
0.0021900306
0.0021493099
0.0021083519
0.0020671852
0.0020257929
0.0019841793
0.0019423844
0.0019004745
0.0018584663
0.0018162984
0.001773945
0.0017314447
0.001688734
0.0016456491
0.001602125
0.0015582273
0.0015139346
0.00146917
0.0014239557
0.0013782983
0.0013321417
0.0012853572
0.0012378549
0.0011898231
0.0011411746
0.0010916815
0.0010416465
0.00099098065
0.00093937842
0.00088705156
0.00083407679
0.00078034805
0.00072595847
0.00067090324
0.00061537668
0.00055941664
0.00050315609
0.00044707359
0.00039253584
0.00033786183
0.00029519211
0.00024016628
0.00029987928
-0.00010051452
0.0046657102
0.0046885011
0.0047115725
0.0047347795
0.0047579129
0.0047808857
0.0048035821
0.0048256705
0.0048464953
0.0048650035
0.0048796684
0.0048884298
0.0048887222
0.0048776737
0.004852536
0.0048113166
0.0047534284
0.0046800096
0.004593615
0.0044973922
0.0043942994
0.0042868205
0.0041770523
0.0040667764
0.0039574232
0.0038501
0.0037457208
0.0036450915
0.0035488833
0.0034575743
0.0033714579
0.0032907106
0.0032154391
0.0031456505
0.0030811944
0.0030217617
0.0029669409
0.0029162711
0.0028692667
0.0028254294
0.0027842532
0.002745231
0.0027078712
0.0026717139
0.0026363437
0.0026014083
0.0025666237
0.0025317583
0.002496604
0.0024609624
0.0024246543
0.0023875525
0.0023496125
0.002310878
0.0022714573
0.0022314793
0.0021910749
0.0021503552
0.0021093925
0.0020682166
0.0020268153
0.0019851936
0.0019433889
0.001901462
0.0018594299
0.0018172383
0.0017748602
0.0017323261
0.0016895778
0.001646463
0.0016029148
0.0015589889
0.0015146681
0.0014698801
0.0014246401
0.0013789538
0.0013327667
0.0012859573
0.001238439
0.0011903794
0.0011417051
0.0010922019
0.001042139
0.00099144523
0.00093983188
0.00088748587
0.00083448907
0.00078074343
0.00072633294
0.00067125997
0.00061570827
0.00055972362
0.00050344375
0.0004473274
0.00039272355
0.00033801037
0.00029494922
0.00024091236
0.0002919977
-8.9284951e-05
0.0046428539
0.0046645747
0.0046865311
0.0047085364
0.0047303425
0.0047518094
0.0047727662
0.0047928458
0.004811394
0.0048274116
0.004839496
0.0048458022
0.0048440795
0.0048318464
0.0048067433
0.0047670377
0.00471214
0.0046428783
0.0045613054
0.0044700908
0.00437188
0.0042689902
0.004163418
0.0040568864
0.00395082
0.0038463548
0.0037444297
0.0036458616
0.0035513347
0.0034613564
0.0033762587
0.0032962515
0.0032214626
0.0031519194
0.0030875041
0.0030279487
0.0029728811
0.0029218739
0.00287447
0.0028301948
0.0027885627
0.0027490854
0.0027112873
0.0026747204
0.002638979
0.0026037144
0.0025686418
0.0025335263
0.0024981584
0.0024623411
0.0024258984
0.0023887036
0.0023507083
0.0023119475
0.0022725188
0.0022325426
0.0021921422
0.0021514232
0.002110456
0.0020692711
0.002027861
0.001986231
0.0019444163
0.0019024725
0.0018604167
0.0018182011
0.0017757977
0.0017332299
0.001690444
0.0016472985
0.0016037254
0.001559771
0.0015154217
0.0014706095
0.0014253432
0.0013796275
0.0013334095
0.0012865745
0.0012390393
0.0011909518
0.0011422511
0.0010927366
0.0010426459
0.00099192367
0.00094029807
0.00088793269
0.00083491328
0.00078114995
0.00072671803
0.00067162639
0.00061604892
0.00056003858
0.00050373782
0.00044758593
0.00039291403
0.0003381561
0.00029469597
0.00024154776
0.00028427865
-7.8473384e-05
0.0046195024
0.0046401264
0.0046609344
0.0046817057
0.004702162
0.0047221222
0.0047413732
0.0047595236
0.0047759282
0.0047896443
0.0047993877
0.004803509
0.0048000336
0.0047868138
0.0047618184
0.0047235363
0.0046713883
0.0046059609
0.004528894
0.0044424366
0.0043489322
0.0042505204
0.0041490884
0.0040462918
0.0039435343
0.0038419653
0.003742542
0.0036460906
0.0035533065
0.0034647218
0.0033807035
0.0033014926
0.0032272394
0.0031579927
0.0030936656
0.0030340294
0.0029787509
0.0029274363
0.0028796571
0.002834963
0.0027928898
0.0027529683
0.0027147391
0.0026777672
0.0026416563
0.0026060624
0.0025707005
0.0025353332
0.0024997502
0.0024637556
0.0024271762
0.0023898862
0.0023518331
0.0023130437
0.0022736052
0.0022336295
0.0021932323
0.0021525138
0.0021115423
0.0020703488
0.00202893
0.0019872916
0.0019454668
0.0019035062
0.0018614269
0.0018191869
0.0017767578
0.0017341563
0.0016913327
0.0016481559
0.0016045572
0.0015605741
0.0015161958
0.0014713584
0.0014260654
0.0013803199
0.0013340706
0.0012872093
0.0012396561
0.0011915408
0.001142813
0.0010932859
0.0010431675
0.00099241628
0.00094077729
0.00088839231
0.00083534971
0.00078156783
0.00072711395
0.00067200269
0.00061639875
0.00056036166
0.00050403819
0.0004478497
0.00039310465
0.00033831005
0.00029445036
0.00024206227
0.00027671032
-6.8093677e-05
0.0045956536
0.0046151622
0.004634799
0.0046543166
0.0046734136
0.0046918776
0.0047094652
0.00472577
0.0047401623
0.004751757
0.0047593817
0.0047615634
0.0047565692
0.0047425371
0.0047177136
0.0046807769
0.0046311663
0.0045692817
0.004496424
0.0044144768
0.0043254979
0.0042314436
0.0041340848
0.0040350017
0.0039355642
0.0038369222
0.003740043
0.0036457597
0.0035547767
0.0034676471
0.0033847681
0.0033064105
0.0032327471
0.003163849
0.0030996589
0.0030399857
0.0029845342
0.0029329442
0.0028848159
0.0028397239
0.0027972261
0.0027568728
0.0027182212
0.0026808499
0.0026443723
0.0026084498
0.002572798
0.002537178
0.0025013785
0.0024652053
0.0024284875
0.0023911
0.0023529868
0.0023141666
0.0022747165
0.00223474
0.0021943451
0.002153627
0.0021126513
0.0020714497
0.0020300223
0.0019883756
0.0019465404
0.0019045631
0.0018624606
0.0018201958
0.0017777406
0.0017351055
0.0016922443
0.0016490356
0.0016054105
0.0015613984
0.0015169905
0.0014721273
0.0014268071
0.0013810312
0.0013347502
0.001287862
0.0012402898
0.0011921465
0.0011433911
0.0010938501
0.0010437041
0.00099292341
0.00094126986
0.00088886497
0.00083579861
0.00078199733
0.00072752092
0.00067238906
0.00061675792
0.00056069292
0.00050434503
0.00044811801
0.00039329774
0.00033846066
0.00029421362
0.00024246923
0.00026927978
-5.8153205e-05
0.0045713099
0.0045896919
0.0046081446
0.0046264002
0.0046441397
0.0046611285
0.0046771022
0.004691648
0.0047041568
0.0047138008
0.0047195123
0.0047199766
0.004713672
0.004698981
0.0046743855
0.0046387259
0.0045914657
0.0045328603
0.0044639346
0.0043862564
0.0043016185
0.0042117937
0.0041184305
0.0040230276
0.0039269109
0.0038312183
0.0037369196
0.0036448513
0.0035557244
0.0034701091
0.0033884289
0.0033109816
0.0032379632
0.0031694666
0.0031054637
0.0030457991
0.0029902144
0.0029383828
0.0028899336
0.0028444668
0.0028015626
0.0027607915
0.0027217277
0.0026839636
0.0026471232
0.0026108738
0.0025749323
0.002539059
0.0025030423
0.0024666894
0.0024298317
0.0023923449
0.0023541692
0.0023153159
0.0022758526
0.0022358739
0.0021954806
0.0021547626
0.002113783
0.0020725736
0.0020311378
0.0019894827
0.0019476371
0.0019056434
0.0018635178
0.0018212282
0.0017787464
0.0017360778
0.001693179
0.0016499378
0.0016062856
0.0015622443
0.0015178064
0.0014729165
0.0014275685
0.0013817618
0.0013354488
0.0012885329
0.0012409406
0.0011927693
0.0011439859
0.0010944296
0.0010442561
0.00099344536
0.00094177608
0.00088935094
0.00083626026
0.0007824387
0.00072793914
0.00067278569
0.00061712657
0.00056103249
0.00050465819
0.00044839141
0.00039349043
0.00033862054
0.00029397484
0.00024276602
0.00026198916
-4.8660339e-05
0.0045464778
0.004563729
0.0045809941
0.0045979892
0.0046143833
0.0046299267
0.0046443422
0.0046572178
0.0046679684
0.0046758229
0.0046798105
0.0046787584
0.0046713287
0.0046561137
0.004631795
0.0045973524
0.0045522766
0.0044967126
0.0044314605
0.0043578177
0.0042773349
0.0041916048
0.0041021505
0.0040103837
0.003917578
0.003824849
0.0037331609
0.0036433496
0.0035561301
0.0034720857
0.0033916623
0.0033151825
0.0032428645
0.0031748236
0.0031110592
0.0030514502
0.0029957739
0.0029437365
0.0028949967
0.0028491799
0.0028058894
0.0027647161
0.0027252517
0.0026871031
0.002649905
0.0026133311
0.0025771009
0.0025409744
0.0025047402
0.0024682069
0.0024312082
0.0023936201
0.0023553799
0.0023164914
0.002277013
0.0022370309
0.0021966386
0.0021559204
0.0021149371
0.0020737205
0.0020322765
0.0019906131
0.001948757
0.001906747
0.0018645986
0.0018222839
0.0017797753
0.0017370733
0.001694137
0.0016508628
0.0016071828
0.0015631119
0.0015186436
0.0014737264
0.00142835
0.001382512
0.0013361665
0.0012892224
0.0012416091
0.0011934096
0.0011445975
0.0010950247
0.0010448236
0.00099398245
0.00094229624
0.00088985047
0.00083673491
0.00078289216
0.00072836882
0.00067319276
0.00061750483
0.00056138044
0.00050497784
0.00044866908
0.00039368537
0.00033877733
0.00029370568
0.00024298033
0.00025483668
-3.9621157e-05
0.0045211675
0.0045372907
0.0045533725
0.0045691175
0.0045841872
0.0045983227
0.0046112409
0.0046225359
0.0046316498
0.0046378665
0.0046403044
0.004637917
0.0046295271
0.0046139064
0.0045899067
0.0045566275
0.0045135886
0.004460851
0.0043990325
0.0043292005
0.0042526871
0.0041709118
0.0040852712
0.0039970865
0.0039075719
0.0038178119
0.0037287578
0.0036412404
0.0035559754
0.0034735557
0.0033944456
0.0033189899
0.003247428
0.0031798973
0.0031164238
0.0030569189
0.0030011945
0.0029489891
0.0028999907
0.002853851
0.0028101961
0.0027686378
0.0027287861
0.0026902624
0.0026527127
0.0026158182
0.0025793011
0.0025429222
0.0025064706
0.0024697566
0.0024326159
0.0023949251
0.0023566184
0.0023176928
0.0022781976
0.0022382108
0.0021978187
0.0021571001
0.0021161133
0.0020748899
0.0020334382
0.0019917665
0.0019499
0.0019078738
0.001865703
0.0018233632
0.0017808275
0.0017380922
0.0016951186
0.0016518109
0.0016081024
0.0015640016
0.0015195025
0.0014745572
0.0014291519
0.0013832822
0.0013369039
0.0012899309
0.0012422954
0.0011940677
0.0011452265
0.0010956357
0.001045407
0.00099453499
0.00094283066
0.00089036384
0.00083722282
0.00078335797
0.00072881016
0.00067361044
0.00061789283
0.00056173687
0.00050530379
0.00044895162
0.00039387906
0.00033894511
0.00029340926
0.00024309884
0.00024783976
-3.1058688e-05
0.0044953927
0.0045103968
0.004525307
0.0045398204
0.0045535943
0.0045663657
0.0045778512
0.0045876558
0.0045952501
0.0045999711
0.0046010189
0.0045974597
0.0045882558
0.0045723331
0.0045486882
0.0045165244
0.0044753907
0.004425285
0.0043666777
0.0043004415
0.0042277135
0.0041497493
0.0040678202
0.0039831543
0.0038969014
0.0038101074
0.0037237038
0.0036385114
0.0035552435
0.0034744989
0.0033967566
0.0033223807
0.0032516308
0.0031846653
0.0031215359
0.0030621848
0.0030064571
0.0029541235
0.0029049007
0.0028584666
0.0028144711
0.0027725471
0.0027323228
0.0026934349
0.0026555413
0.0026183307
0.0025815295
0.0025448999
0.0025082316
0.002471337
0.0024340538
0.002396259
0.002357884
0.0023189194
0.0022794059
0.0022394132
0.0021990205
0.0021583015
0.0021173115
0.0020760818
0.0020346225
0.0019929428
0.0019510659
0.0019090239
0.0018668309
0.001824466
0.001781903
0.0017391345
0.0016961237
0.0016527822
0.0016090447
0.0015649137
0.0015203833
0.0014754092
0.0014299745
0.0013840727
0.0013376611
0.0012906586
0.001243
0.0011947438
0.001145873
0.001096263
0.0010460066
0.0009951033
0.00094337965
0.00089089129
0.00083772424
0.00078383636
0.00072926337
0.00067403891
0.0006182907
0.00056210181
0.0005056362
0.00044923813
0.00039407443
0.00033910861
0.00029307993
0.00024313848
0.00024101982
-2.2990355e-05
0.0044691702
0.0044830698
0.0044968268
0.0045101335
0.0045226467
0.0045341033
0.0045442238
0.0045526273
0.0045588144
0.0045621725
0.0045619765
0.0045573925
0.0045475043
0.0045313702
0.0045081106
0.0044770184
0.0044376719
0.0043900219
0.0043344199
0.0042715748
0.0042024511
0.004128152
0.004049826
0.0039686074
0.0038855778
0.0038017383
0.0037179942
0.0036351522
0.0035539192
0.0034748965
0.0033985741
0.0033253325
0.0032554498
0.0031891048
0.0031263733
0.0030672268
0.0030115424
0.0029591218
0.0029097106
0.0028630129
0.0028187025
0.0027764335
0.002735853
0.0026966135
0.0026583847
0.0026208641
0.0025837826
0.0025469044
0.002510021
0.0024729463
0.0024355204
0.0023976207
0.0023591759
0.0023201705
0.0022806372
0.0022406374
0.0022002436
0.002159524
0.0021185311
0.0020772956
0.0020358293
0.0019941417
0.0019522546
0.001910197
0.0018679824
0.0018255924
0.0017830019
0.0017402004
0.0016971527
0.001653777
0.0016100097
0.0015658483
0.0015212864
0.0014762827
0.0014308181
0.0013848837
0.0013384386
0.0012914059
0.0012437232
0.0011954382
0.0011465373
0.0010969069
0.0010466226
0.00099568766
0.00094394349
0.00089143307
0.00083823943
0.00078432755
0.00072972862
0.00067447834
0.00061869853
0.00056247535
0.00050597489
0.00044952905
0.00039426821
0.00033927813
0.00029272329
0.00024306692
0.00023436816
-1.5403849e-05
0.0044425195
0.0044553345
0.0044679623
0.0044800931
0.004491386
0.004501581
0.0045104061
0.0045174969
0.0045223842
0.0045245034
0.0045231972
0.0045177205
0.0045072628
0.0044909962
0.0044681473
0.0044380867
0.004400421
0.0043550665
0.0043022796
0.0042426315
0.0041769353
0.0041061538
0.0040313177
0.0039534676
0.0038736143
0.0037927095
0.003711627
0.0036311544
0.0035519889
0.0034747309
0.0033998777
0.0033278234
0.0032588625
0.0031931929
0.0031309136
0.0030720235
0.0030164301
0.0029639655
0.0029144038
0.0028674751
0.0028228772
0.002780286
0.0027393675
0.0026997902
0.0026612366
0.0026234131
0.0025860561
0.0025489326
0.002511836
0.0024745825
0.002437014
0.0023990088
0.0023604929
0.0023214453
0.0022818907
0.002241883
0.0022014874
0.0021607671
0.0021197716
0.002078531
0.002037058
0.001995363
0.0019534658
0.001911393
0.0018691571
0.0018267422
0.0017841241
0.0017412899
0.0016982055
0.0016547954
0.0016109978
0.0015668057
0.0015222119
0.0014771781
0.0014316829
0.0013857156
0.0013392365
0.001292173
0.0012444654
0.0011961513
0.0011472199
0.0010975678
0.0010472554
0.00099628837
0.0009445225
0.00089198943
0.00083876863
0.00078483178
0.00073020611
0.00067492889
0.00061911644
0.00056285752
0.0005063199
0.00044982373
0.00039446215
0.00033943911
0.00029234387
0.00024285739
0.0002278607
-8.2643024e-06
0.0044154624
0.0044272173
0.0044387447
0.0044497355
0.0044598528
0.0044688427
0.0044764431
0.0044823078
0.0044859977
0.0044869931
0.0044846987
0.0044784477
0.004467522
0.0044511916
0.0044287743
0.0043997082
0.004363627
0.0043204225
0.0042702747
0.0042136398
0.0041511994
0.0040837881
0.0040123248
0.0039377581
0.0038610264
0.0037830286
0.0037046022
0.0036265118
0.0035494412
0.0034739863
0.0034006485
0.0033298323
0.0032618467
0.0031969073
0.0031351344
0.0030765532
0.0030210998
0.0029686357
0.0029189629
0.0028718377
0.0028269818
0.0027840928
0.002742856
0.0027029565
0.0026640898
0.0026259719
0.0025883453
0.0025509806
0.0025136737
0.002476243
0.0024385328
0.0024004218
0.0023618339
0.0023227428
0.0022831657
0.0022431489
0.0022027511
0.0021620302
0.0021210325
0.0020797873
0.0020383083
0.0019966061
0.0019546992
0.0019126115
0.0018703548
0.0018279153
0.0017852697
0.001742403
0.0016992821
0.0016558374
0.0016120091
0.001567786
0.00152316
0.0014780954
0.0014325693
0.0013865687
0.0013400552
0.0012929604
0.0012452267
0.0011968833
0.001147921
0.0010982459
0.0010479051
0.0009969057
0.00094511696
0.00089256062
0.00083931207
0.00078534926
0.00073069602
0.00067539069
0.00061954452
0.00056324834
0.00050667114
0.00045012203
0.0003946555
0.00033958716
0.00029194614
0.0002424865
0.00022152103
-1.5551005e-06
0.0043880227
0.0043987462
0.0044092063
0.0044190967
0.0044280866
0.0044359301
0.0044423768
0.0044470997
0.0044496893
0.0044496681
0.0044464966
0.0044395777
0.0044282735
0.0044119389
0.0043899699
0.0043618634
0.0043272791
0.0042860917
0.0042384203
0.0041846256
0.0041252748
0.0040610873
0.003992877
0.0039215029
0.0038478312
0.003772705
0.0036969223
0.0036212204
0.0035462664
0.0034726485
0.0034008687
0.0033313391
0.0032643809
0.0032002255
0.0031390134
0.0030807938
0.0030255304
0.0029731126
0.00292337
0.0028760845
0.0028310016
0.0027878411
0.0027463078
0.0027061032
0.0026669366
0.0026285341
0.0025906451
0.0025530443
0.0025155306
0.0024779252
0.0024400744
0.0024018578
0.0023631973
0.0023240616
0.002284461
0.0022444344
0.0022040339
0.0021633124
0.002122313
0.0020810639
0.0020395795
0.0019978705
0.0019559543
0.0019138523
0.0018715754
0.0018291115
0.0017864384
0.0017435396
0.0017003826
0.0016569032
0.0016130438
0.0015687893
0.0015241308
0.001479035
0.0014334773
0.0013874431
0.0013408949
0.0012937682
0.0012460076
0.0011976345
0.0011486408
0.0010989416
0.0010485721
0.00099753994
0.00094572716
0.00089314687
0.00083986997
0.00078588022
0.00073119851
0.0006758639
0.00061998286
0.00056364784
0.00050702855
0.00045042371
0.00039484758
0.00033972125
0.0002915281
0.00024196486
0.00021536496
4.7186009e-06
0.0043602259
0.00436995
0.0043793795
0.0043882124
0.0043961257
0.0044028829
0.0044082466
0.0044119095
0.0044134907
0.004412552
0.0044086045
0.0044011128
0.0043895092
0.0043732217
0.004351714
0.0043245345
0.004291367
0.004252075
0.0042067296
0.0041556119
0.0040991909
0.0040380828
0.0039730037
0.0039047271
0.0038340473
0.0037617505
0.0036885918
0.0036152782
0.0035424568
0.0034707049
0.0034005221
0.0033323247
0.0032664441
0.0032031257
0.0031425282
0.0030847234
0.0030297005
0.0029773762
0.0029276063
0.0028801984
0.0028349217
0.0027915177
0.002749711
0.0027092203
0.0026697686
0.0026310927
0.0025929495
0.0025551188
0.0025174028
0.0024796257
0.0024416362
0.0024033147
0.0023645813
0.0023254002
0.0022857753
0.0022457382
0.0022053348
0.0021646128
0.0021236123
0.0020823601
0.002040871
0.0019991558
0.0019572306
0.0019151148
0.0018728183
0.0018303305
0.0017876302
0.0017446995
0.0017015069
0.0016579928
0.0016141017
0.0015698158
0.0015251246
0.001479997
0.0014344073
0.001388339
0.0013417559
0.0012945967
0.0012468084
0.0011984051
0.0011493797
0.0010996552
0.0010492565
0.00099819133
0.00094635336
0.00089374841
0.00084044255
0.00078642483
0.00073171375
0.00067634864
0.0006204315
0.000564056
0.00050739202
0.00045072843
0.00039503791
0.00033984026
0.00029108732
0.00024130501
0.00020939669
1.0553674e-05
0.0043320987
0.0043408584
0.0043492968
0.0043571175
0.0043640068
0.0043697385
0.004374089
0.0043767706
0.0043774302
0.0043756657
0.0043710342
0.0043630549
0.0043512215
0.0043350252
0.0043139885
0.0042877048
0.0042558804
0.0042183724
0.0041752135
0.0041266195
0.004072975
0.0040148043
0.0039527342
0.0038874563
0.0038196949
0.0037501786
0.0036796175
0.0036086856
0.003538007
0.003468145
0.0033995938
0.0033327714
0.0032680165
0.0032055867
0.003145657
0.0030883199
0.0030335888
0.0029814059
0.0029316529
0.002884162
0.002838726
0.0027951084
0.0027530535
0.0027122971
0.0026725766
0.0026336401
0.0025952524
0.0025571989
0.002519286
0.002481341
0.0024432152
0.0024047899
0.0023659838
0.002326757
0.0022871071
0.0022470591
0.0022066527
0.0021659305
0.0021249294
0.0020836749
0.0020421819
0.0020004612
0.0019585276
0.0019163987
0.0018740833
0.001831572
0.0017888448
0.0017458827
0.0017026549
0.0016591061
0.0016151832
0.0015708655
0.0015261415
0.0014809815
0.0014353594
0.0013892568
0.0013426384
0.0012954462
0.0012476292
0.0011991954
0.0011501379
0.001100387
0.0010499588
0.00099886014
0.00094699586
0.00089436548
0.00084103004
0.00078698334
0.00073224189
0.00067684504
0.00062089053
0.00056447284
0.00050776146
0.0004510359
0.00039522602
0.00033994298
0.0002906219
0.00024051658
0.00020362325
1.5954886e-05
0.0043036687
0.0043115015
0.0043189905
0.0043258462
0.0043317651
0.0043365322
0.0043399378
0.0043417138
0.0043415333
0.0043390279
0.0043337958
0.004325405
0.0043134028
0.0042973356
0.0042767766
0.0042513589
0.0042208097
0.004184983
0.0041438816
0.0040976672
0.0040466524
0.0039912808
0.003932097
0.0038697164
0.0038047952
0.0037380044
0.0036700082
0.0036014451
0.0035329134
0.0034649603
0.0033980711
0.0033326628
0.0032690792
0.0032075877
0.003148378
0.0030915614
0.0030371736
0.0029851809
0.0029354899
0.0028879569
0.0028423981
0.0027985984
0.0027563221
0.0027153222
0.0026753509
0.0026361678
0.0025975465
0.0025592787
0.0025211752
0.002483067
0.002444808
0.0024062806
0.0023674025
0.0023281299
0.0022884547
0.0022483956
0.0022079861
0.0021672641
0.0021262632
0.0020850074
0.0020435113
0.0020017858
0.0019598446
0.0019177032
0.0018753696
0.0018328355
0.0017900818
0.0017470887
0.0017038263
0.001660243
0.0016162879
0.0015719384
0.0015271813
0.0014819887
0.0014363337
0.0013901965
0.0013435424
0.0012963168
0.0012484703
0.0012000056
0.0011509155
0.0011011372
0.0010506789
0.00099954654
0.00094765486
0.00089499824
0.00084163257
0.00078755586
0.00073278305
0.00067735317
0.00062135994
0.00056489826
0.00050813668
0.00045134572
0.00039541133
0.00034002815
0.00029012983
0.00023960758
0.00019805587
2.092963e-05
0.0042749642
0.0042819094
0.0042884923
0.0042944314
0.0042994341
0.0043032969
0.0043058242
0.004306767
0.0043058228
0.0043026546
0.0042968979
0.0042881637
0.0042760463
0.0042601402
0.004240063
0.0042154825
0.0041861456
0.0041519053
0.0041127416
0.0040687715
0.0040202465
0.0039675392
0.0039111202
0.0038515335
0.0037893702
0.0037252449
0.0036597747
0.0035935612
0.003527175
0.003461144
0.0033959426
0.003331984
0.0032696144
0.0032091091
0.0031506703
0.0030944263
0.0030404332
0.0029886802
0.0029390974
0.0028915646
0.0028459207
0.0028019722
0.0027595028
0.0027182834
0.0026780808
0.0026386669
0.0025998244
0.0025613519
0.0025230652
0.0024847992
0.0024464108
0.0024077837
0.0023688347
0.0023295167
0.0022898163
0.0022497459
0.0022093336
0.0021686123
0.0021276124
0.0020863563
0.0020448583
0.0020031289
0.0019611807
0.0019190277
0.0018766768
0.0018341206
0.0017913409
0.0017483175
0.001705021
0.0016614034
0.001617416
0.0015730345
0.0015282443
0.0014830187
0.0014373304
0.0013911583
0.0013444684
0.0012972088
0.001249332
0.001200836
0.0011517129
0.0011019061
0.0010514174
0.0010002508
0.00094833068
0.00089564697
0.00084225041
0.00078814265
0.00073333741
0.00067787319
0.00062183984
0.00056533229
0.00050851763
0.0004516576
0.00039559334
0.00034009473
0.00028960913
0.0002385862
0.00019270782
2.548629e-05
0.0042460139
0.0042521122
0.0042578334
0.0042629048
0.0042670455
0.0042700634
0.004271777
0.0042719552
0.0042703192
0.0042665602
0.0042603476
0.0042513305
0.0042391449
0.0042234271
0.0042038334
0.0041800623
0.0041518789
0.0041191374
0.0040818
0.0040399471
0.0039937787
0.0039436052
0.0038898308
0.0038329335
0.0037734427
0.0037119179
0.0036489294
0.0035850406
0.0035207925
0.0034566917
0.0033931992
0.0033307218
0.0032696058
0.0032101321
0.0031525135
0.0030968933
0.0030433462
0.0029918826
0.0029424549
0.0028949659
0.0028492761
0.0028052135
0.0027625813
0.0027211678
0.0026807552
0.0026411276
0.0026020777
0.0025634113
0.0025249498
0.0024865324
0.0024480192
0.0024092954
0.0023702773
0.0023309147
0.0022911894
0.0022511081
0.0022106934
0.0021699735
0.0021289756
0.0020877204
0.0020462215
0.0020044892
0.001962535
0.0019203713
0.0018780041
0.0018354266
0.0017926215
0.0017495683
0.0017062385
0.0016625869
0.0016185672
0.0015741536
0.0015293302
0.0014840713
0.0014383495
0.0013921421
0.0013454162
0.0012981222
0.0012502144
0.0012016866
0.0011525301
0.0011026939
0.0010521741
0.0010009731
0.0009490234
0.00089631173
0.00084288358
0.00078874372
0.00073390496
0.00067840504
0.0006223301
0.00056577472
0.00050890398
0.00045197102
0.00039577134
0.00034014155
0.00028905742
0.00023746062
0.00018759376
2.9634444e-05
0.0042168462
0.0042221393
0.004227044
0.004231297
0.0042346293
0.0042368605
0.0042378224
0.0042373013
0.0042350403
0.0042307568
0.0042241505
0.0042149048
0.0042026919
0.004187185
0.0041680744
0.0041450859
0.0041180011
0.0040866769
0.004051062
0.0040112073
0.0039672688
0.0039195031
0.0038682552
0.0038139423
0.003757036
0.0036980428
0.0036374866
0.0035758918
0.0035137688
0.0034516009
0.0033898335
0.0033288647
0.0032690385
0.0032106393
0.0031538883
0.0030989419
0.0030458915
0.002994767
0.0029455422
0.0028981411
0.0028524461
0.0028083055
0.0027655422
0.0027239619
0.0026833621
0.0026435396
0.0026042975
0.0025654493
0.0025268226
0.0024882613
0.0024496286
0.0024108119
0.002371727
0.0023323211
0.0022925716
0.0022524801
0.0022120636
0.0021713461
0.0021303513
0.0020890982
0.0020475997
0.0020058657
0.0019639065
0.0019217331
0.0018793507
0.0018367529
0.0017939231
0.001750841
0.0017074785
0.0016637934
0.0016197415
0.0015752957
0.0015304392
0.0014851468
0.001439391
0.0013931484
0.0013463861
0.0012990573
0.0012511178
0.0012025577
0.0011533676
0.0011035009
0.0010529495
0.0010017137
0.00094973347
0.00089699291
0.00084353246
0.00078935943
0.00073448601
0.00067894899
0.00062283092
0.00056622568
0.00050929575
0.00045228578
0.00039594491
0.00034016795
0.0002884727
0.00023623894
0.00018272896
3.3389218e-05
0.0041874898
0.0041920199
0.0041961534
0.0041996368
0.0042022135
0.0042037144
0.0042039842
0.0042028256
0.0042000019
0.0041952548
0.0041883112
0.0041788849
0.0041666804
0.0041514034
0.0041327736
0.0041105414
0.0040845037
0.004054521
0.004020532
0.0039825633
0.0039407345
0.0038952553
0.0038464181
0.0037945852
0.0037401737
0.0036836397
0.0036254617
0.0035661252
0.0035061089
0.0034458712
0.0033858401
0.0033264029
0.003267899
0.0032106142
0.0031547761
0.0031005519
0.0030480481
0.0029973124
0.0029483382
0.0029010703
0.0028554117
0.0028112309
0.0027683696
0.0027266513
0.0026858886
0.0026458917
0.002606474
0.0025674575
0.0025286763
0.0024899793
0.0024512336
0.0024123284
0.0023731796
0.0023337323
0.00229396
0.0022538591
0.0022134418
0.0021727277
0.0021317374
0.0020904879
0.0020489913
0.0020072567
0.0019652938
0.0019231119
0.0018807154
0.0018380983
0.0017952448
0.0017521346
0.0017087403
0.0016650222
0.0016209382
0.0015764604
0.0015315707
0.0014862446
0.0014404548
0.0013941766
0.0013473779
0.0013000139
0.001252042
0.0012034493
0.001154225
0.001104327
0.0010537434
0.0010024725
0.00095046068
0.0008976903
0.0008441968
0.00078998955
0.00073508029
0.00067950474
0.00062334193
0.0005666847
0.00050969238
0.00045260111
0.00039611309
0.00034017269
0.00028785461
0.00023493019
0.0001781134
3.676019e-05
0.0041579722
0.0041617818
0.0041651893
0.0041679517
0.0041698244
0.0041706496
0.004170284
0.0041685461
0.0041652178
0.0041600629
0.004152833
0.0041432689
0.004131104
0.0041160721
0.0040979195
0.004076418
0.0040513788
0.0040226669
0.0039902134
0.0039540257
0.0039141925
0.0038708833
0.0038243441
0.0037748871
0.0037228796
0.0036687296
0.0036128717
0.0035557531
0.0034978197
0.0034395045
0.0033812159
0.0033233288
0.003266176
0.0032100423
0.0031551597
0.0031017044
0.003049796
0.0029994982
0.0029508227
0.0029037338
0.0028581541
0.0028139718
0.0027710473
0.0027292212
0.0026883218
0.0026481722
0.0026085971
0.0025694271
0.0025305035
0.0024916804
0.0024528288
0.0024138404
0.0023746314
0.0023351452
0.0022953517
0.0022552428
0.0022148259
0.0021741167
0.0021331324
0.0020918881
0.0020503949
0.0020086613
0.001966696
0.0019245069
0.0018820977
0.0018394625
0.0017965863
0.001753449
0.0017100239
0.0016662734
0.0016221575
0.0015776478
0.0015327251
0.0014873653
0.0014415412
0.0013952274
0.0013483921
0.0013009926
0.0012529877
0.0012043618
0.0011551031
0.001105173
0.0010545566
0.0010032501
0.00095120579
0.00089840461
0.0008448773
0.00079063474
0.0007356884
0.00068007284
0.0006238636
0.00056715217
0.00051009416
0.00045291708
0.00039627579
0.00034015542
0.00028720507
0.00023354437
0.00017375319
3.9761007e-05
0.0041283213
0.0041314525
0.0041341786
0.0041362673
0.0041374862
0.0041376881
0.0041367413
0.0041344786
0.0041306996
0.0041251879
0.0041177177
0.0041080541
0.0040959555
0.0040811811
0.0040635005
0.0040427048
0.0040186183
0.0039911107
0.0039601083
0.0039256028
0.003887657
0.0038464063
0.0038020553
0.0037548719
0.003705177
0.0036533337
0.0035997345
0.0035447886
0.0034889098
0.003432504
0.0033759594
0.0033196363
0.0032638591
0.0032089098
0.0031550227
0.003102381
0.0030511153
0.0030013038
0.0029529749
0.0029061109
0.0028606535
0.0028165095
0.0027735577
0.0027316556
0.0026906469
0.0026503681
0.0026106552
0.002571348
0.002532295
0.0024933563
0.0024544071
0.0024153417
0.0023760769
0.0023365549
0.0022967424
0.0022566273
0.0022162125
0.0021755097
0.0021345331
0.0020932959
0.0020518078
0.0020100769
0.0019681106
0.0019259159
0.0018834954
0.0018408435
0.0017979458
0.0017547825
0.0017113275
0.0016675455
0.0016233981
0.0015788567
0.0015339012
0.0014885077
0.0014426492
0.0013962996
0.0013494277
0.0013019924
0.001253954
0.0012052945
0.001156001
0.001106038
0.0010553882
0.0010040457
0.00095196799
0.00089913505
0.00084557311
0.00079129416
0.0007363095
0.0006806524
0.000624395
0.00056762707
0.00051049997
0.00045323236
0.00039643154
0.00034011469
0.00028652483
0.00023208946
0.00016962087
4.2387847e-05
0.0040985634
0.004101058
0.0041031468
0.0041046082
0.0041052219
0.0041048507
0.0041033739
0.0041006377
0.0040964578
0.0040906362
0.0040829674
0.0040732378
0.0040612287
0.0040467216
0.0040295066
0.0040093923
0.0039862151
0.0039598498
0.0039302193
0.003897303
0.0038611423
0.0038218431
0.0037795743
0.0037345635
0.0036870898
0.0036374743
0.0035860692
0.0035332473
0.0034793899
0.0034248759
0.0033700717
0.003315322
0.0032609409
0.0032072056
0.0031543509
0.0031025651
0.0030519879
0.00300271
0.0029547751
0.0029081823
0.0028628912
0.0028188264
0.0027758844
0.0027339394
0.0026928504
0.0026524673
0.0026126377
0.0025732109
0.0025340431
0.0024950005
0.002455963
0.0024168276
0.0023775123
0.0023379583
0.0022981296
0.0022580105
0.0022175998
0.0021769054
0.0021359386
0.0020947104
0.0020532295
0.0020115031
0.0019695376
0.0019273388
0.0018849087
0.0018422416
0.0017993237
0.0017561356
0.0017126519
0.0016688392
0.0016246608
0.0015800882
0.0015351001
0.001489673
0.0014437801
0.0013973948
0.0013504862
0.0013030148
0.0012549423
0.0012062489
0.0011569202
0.0011069235
0.0010562397
0.0010048609
0.00095274886
0.00089988314
0.00084628574
0.0007919693
0.00073694501
0.00068124479
0.0006249374
0.00056811056
0.00051091085
0.00045354781
0.00039658103
0.0003400513
0.00028581677
0.00023057508
0.00016582832
4.4630491e-05
0.004068723
0.0040706222
0.0040721168
0.0040729959
0.004073051
0.0040721547
0.0040701963
0.0040670343
0.0040624997
0.0040564111
0.0040485809
0.0040388154
0.0040269156
0.0040126831
0.0039959265
0.0039764698
0.0039541607
0.0039288792
0.0039005463
0.0038691319
0.0038346594
0.0037972098
0.0037569206
0.003713984
0.0036686407
0.0036211729
0.0035718953
0.003521145
0.0034692716
0.003416627
0.003363555
0.0033103833
0.0032574143
0.0032049189
0.0031531302
0.0031022398
0.0030523947
0.0030036965
0.0029562022
0.0029099266
0.0028648458
0.0028209017
0.0027780076
0.002736054
0.0026949149
0.002654454
0.0026145301
0.0025750027
0.0025357358
0.0024966023
0.0024574866
0.0024182893
0.0023789295
0.002339348
0.0022995067
0.0022593863
0.002218982
0.0021782983
0.0021373436
0.0020961267
0.0020546552
0.0020129353
0.0019709725
0.0019287715
0.0018863335
0.0018436529
0.0018007163
0.0017575048
0.0017139938
0.0016701514
0.0016259427
0.0015813391
0.0015363189
0.0014908584
0.0014449311
0.0013985102
0.0013515649
0.0013040574
0.0012559504
0.0012072225
0.0011578584
0.0011078274
0.001057109
0.0010056934
0.00095354615
0.00090064666
0.00084701296
0.00079265792
0.00073759268
0.00068184776
0.0006254885
0.00056860028
0.00051132437
0.00045386082
0.00039672158
0.00033996289
0.00028508056
0.00022900638
0.00016225365
4.651703e-05
0.0036523536
0.0037371123
0.003891116
0.0040553929
0.0042234264
0.0043959708
0.0045704073
0.0047479056
0.0049361435
0.0051769928
0.0036523473
0.0037371007
0.003891097
0.0040553594
0.0042233665
0.0043958612
0.0045701764
0.0047472638
0.0049330931
0.005150099
0.0036523342
0.0037370769
0.003891057
0.004055289
0.0042232409
0.0043956292
0.0045696969
0.0047458995
0.004927606
0.0051208736
0.0036523133
0.0037370395
0.0038909938
0.0040551778
0.0042230431
0.0043952625
0.0045689435
0.0047438035
0.0049205293
0.0050951993
0.003652284
0.0037369874
0.003890905
0.0040550222
0.0042227662
0.0043947496
0.0045678872
0.004741052
0.0049121635
0.005071771
0.0036522454
0.0037369194
0.0038907883
0.0040548177
0.0042224029
0.0043940763
0.0045665127
0.0047376468
0.0049029045
0.0050497743
0.0036521965
0.0037368338
0.0038906409
0.00405456
0.0042219453
0.0043932292
0.004564803
0.0047336045
0.004893031
0.0050288027
0.0036521364
0.0037367293
0.0038904602
0.0040542442
0.0042213851
0.0043921945
0.0045627399
0.0047289549
0.0048825992
0.0050086397
0.0036520641
0.0037366041
0.0038902429
0.0040538652
0.0042207134
0.0043909579
0.0045603085
0.0047237139
0.004871662
0.0049891585
0.0036519784
0.0037364564
0.003889986
0.0040534173
0.004219921
0.0043895048
0.0045574943
0.0047178959
0.0048602689
0.0049702402
0.0036518781
0.0037362844
0.0038896858
0.0040528949
0.0042189981
0.0043878205
0.0045542833
0.0047115141
0.0048484586
0.0049517739
0.0036517619
0.003736086
0.0038893386
0.0040522915
0.0042179343
0.00438589
0.0045506624
0.0047045805
0.0048362594
0.0049336594
0.0036516285
0.0037358589
0.0038889405
0.0040516006
0.004216719
0.004383698
0.004546619
0.004697105
0.0048236914
0.004915806
0.0036514763
0.0037356009
0.0038884873
0.0040508151
0.0042153407
0.0043812292
0.0045421412
0.0046890961
0.0048107674
0.004898131
0.0036513037
0.0037353094
0.0038879742
0.0040499275
0.0042137879
0.0043784681
0.0045372177
0.0046805603
0.0047974941
0.004880558
0.003651109
0.0037349817
0.0038873966
0.0040489299
0.0042120482
0.004375399
0.0045318375
0.0046715025
0.0047838726
0.0048630169
0.0036508903
0.0037346149
0.0038867492
0.0040478139
0.004210109
0.0043720063
0.0045259898
0.0046619259
0.0047698996
0.0048454428
0.0036506456
0.003734206
0.0038860265
0.0040465708
0.0042079571
0.0043682744
0.0045196645
0.004651832
0.0047555681
0.0048277759
0.0036503728
0.0037337516
0.0038852227
0.0040451912
0.0042055792
0.0043641874
0.0045128515
0.0046412211
0.004740868
0.0048099607
0.0036500696
0.0037332482
0.0038843316
0.0040436653
0.0042029612
0.0043597298
0.004505541
0.0046300918
0.0047257869
0.0047919464
0.0036497335
0.0037326922
0.0038833467
0.0040419831
0.0042000889
0.0043548861
0.0044977234
0.0046184416
0.0047103107
0.0047736859
0.003649362
0.0037320794
0.0038822608
0.0040401337
0.0041969477
0.0043496407
0.0044893894
0.004606267
0.0046944244
0.0047551364
0.0036489522
0.0037314057
0.0038810669
0.0040381061
0.0041935226
0.0043439785
0.00448053
0.0045935637
0.0046781122
0.0047362593
0.0036485012
0.0037306665
0.0038797569
0.0040358885
0.0041897985
0.0043378844
0.0044711361
0.0045803266
0.0046613585
0.0047170196
0.0036480057
0.003729857
0.0038783228
0.0040334689
0.00418576
0.0043313436
0.0044611993
0.0045665504
0.004644148
0.0046973868
0.0036474622
0.0037289721
0.0038767559
0.0040308348
0.0041813915
0.0043243418
0.0044507114
0.0045522296
0.0046264664
0.0046773341
0.0036468672
0.0037280063
0.0038750472
0.0040279731
0.0041766773
0.0043168649
0.0044396645
0.0045373586
0.0046083006
0.004656839
0.0036462168
0.003726954
0.0038731872
0.0040248706
0.0041716018
0.0043088995
0.0044280516
0.0045219325
0.0045896391
0.004635883
0.0036455067
0.0037258091
0.0038711658
0.0040215134
0.0041661492
0.0043004324
0.0044158658
0.0045059468
0.0045704722
0.0046144517
0.0036447326
0.003724565
0.0038689727
0.0040178875
0.0041603039
0.0042914513
0.0044031014
0.0044893978
0.0045507926
0.004592535
0.0036438897
0.0037232151
0.0038665971
0.0040139783
0.0041540504
0.0042819446
0.0043897533
0.0044722831
0.004530595
0.0045701264
0.0036429729
0.0037217521
0.0038640276
0.0040097713
0.0041473735
0.0042719013
0.0043758174
0.0044546013
0.0045098768
0.0045472237
0.003641977
0.0037201684
0.0038612525
0.0040052513
0.0041402582
0.0042613115
0.0043612907
0.0044363527
0.0044886381
0.0045238281
0.0036408963
0.0037184562
0.0038582595
0.0040004033
0.0041326899
0.0042501661
0.0043461715
0.0044175392
0.0044668813
0.0044999448
0.0036397246
0.003716607
0.0038550362
0.0039952121
0.0041246547
0.0042384572
0.0043304593
0.0043981643
0.0044446118
0.0044755821
0.0036384556
0.0037146121
0.0038515694
0.0039896623
0.0041161392
0.0042261781
0.004314155
0.0043782337
0.0044218377
0.0044507515
0.0036370824
0.0037124622
0.0038478459
0.0039837386
0.0041071305
0.0042133233
0.0042972613
0.0043577548
0.0043985693
0.0044254677
0.0036355979
0.0037101478
0.0038438518
0.0039774257
0.0040976167
0.0041998885
0.0042797823
0.004336737
0.0043748198
0.0043997477
0.0036339944
0.0037076588
0.0038395732
0.0039707087
0.0040875867
0.0041858712
0.0042617238
0.0043151918
0.0043506045
0.0043736111
0.0036322638
0.0037049847
0.0038349958
0.0039635728
0.0040770305
0.0041712701
0.0042430934
0.0042931327
0.0043259409
0.0043470795
0.0036303976
0.0037021147
0.0038301049
0.0039560034
0.0040659391
0.0041560856
0.0042239004
0.0042705748
0.0043008485
0.0043201761
0.0036283868
0.0036990375
0.0038248859
0.0039479867
0.0040543046
0.0041403197
0.004204156
0.0042475355
0.0042753485
0.0042929258
0.0036262218
0.0036957413
0.0038193238
0.0039395092
0.0040421207
0.0041239763
0.004183873
0.0042240334
0.0042494636
0.0042653542
0.0036238926
0.0036922141
0.0038134037
0.003930558
0.0040293821
0.0041070606
0.0041630658
0.0042000889
0.0042232179
0.0042374882
0.0036213887
0.0036884435
0.0038071107
0.0039211213
0.0040160852
0.0040895798
0.0041417507
0.0041757238
0.0041966363
0.0042093548
0.0036186991
0.0036844164
0.0038004297
0.0039111879
0.0040022278
0.0040715427
0.0041199453
0.0041509609
0.0041697447
0.0041809817
0.0036158121
0.00368012
0.0037933459
0.0039007477
0.0039878091
0.0040529598
0.0040976687
0.0041258243
0.0041425691
0.004152396
0.0036127155
0.0036755406
0.0037858448
0.0038897918
0.0039728303
0.0040338433
0.0040749413
0.0041003388
0.0041151365
0.0041236253
0.0036093966
0.0036706646
0.0037779118
0.0038783127
0.0039572939
0.0040142068
0.0040517846
0.0040745293
0.004087473
0.0040946961
0.0036058421
0.0036654783
0.0037695328
0.0038663039
0.0039412044
0.0039940658
0.0040282214
0.0040484219
0.004059605
0.004065634
0.0036018793
0.0036597392
0.0037603272
0.0038532384
0.0039238757
0.003972579
0.0040032799
0.0040209469
0.0040303943
0.0040352538
0.0035970097
0.003652748
0.0037492072
0.0038376185
0.0039033842
0.0039474275
0.0039743251
0.0039892448
0.0039968309
0.0040004457
0.0035906845
0.0036437732
0.0037350902
0.003818023
0.0038780101
0.0039166571
0.0039392435
0.0039511049
0.0039566474
0.0039589078
0.0035824025
0.0036322082
0.0037171756
0.0037934739
0.0038467018
0.0038792264
0.0038970446
0.0039055942
0.0039089588
0.0039097905
0.003571462
0.0036172463
0.0036945112
0.0037628337
0.0038082864
0.0038340401
0.0038467427
0.0038518235
0.0038529486
0.0038523321
0.0035568913
0.0035978061
0.0036659628
0.0037248295
0.0037615322
0.0037800375
0.0037874621
0.003789059
0.0037879745
0.0037859432
0.0035374254
0.0035725763
0.0036301496
0.0036780678
0.0037052171
0.0037162723
0.0037185075
0.0037167921
0.0037136701
0.0037103675
0.0035114236
0.0035399108
0.003585466
0.0036211665
0.003638315
0.0036421
0.0036395114
0.0036347802
0.0036298091
0.0036253649
0.0034768308
0.0034978562
0.0035302394
0.0035529581
0.0035601792
0.0035573165
0.003550652
0.0035435597
0.0035372313
0.0035319726
0.003431218
0.0034442602
0.0034629097
0.0034726622
0.0034706569
0.0034620232
0.0034518765
0.0034427017
0.0034351672
0.003429243
0.0033719707
0.0033769969
0.0033822727
0.0033800415
0.0033703374
0.003357711
0.0033457382
0.0033357285
0.0033277575
0.0033215731
0.0032967125
0.0032943431
0.0032878058
0.0032754288
0.0032592477
0.0032428796
0.0032287756
0.0032176465
0.0032092042
0.0032029007
0.00320388
0.0031956183
0.0031799745
0.0031610595
0.0031425652
0.0031264304
0.0031131637
0.003102632
0.0030945027
0.0030883764
0.003093792
0.0030816788
0.0030593933
0.0030341018
0.0030108946
0.0029919423
0.0029774501
0.0029667084
0.0029588322
0.0029530809
0.0029691771
0.0029562632
0.0029349207
0.0029139874
0.0028965984
0.0028823824
0.0028707418
0.0028614409
0.0028542878
0.0028489491
0.0028360368
0.0028197704
0.0027906725
0.002761011
0.0027377891
0.0027214695
0.002709917
0.0027014559
0.0026952243
0.0026906969
0.0027066256
0.0027049921
0.0026979211
0.0026885661
0.0026781502
0.0026676716
0.0026582923
0.0026507016
0.0026449024
0.0026405699
0.0025718042
0.0025342857
0.002494039
0.0024661026
0.0024477358
0.0024343809
0.0024243445
0.0024170299
0.0024118275
0.0024081264
0.0040375843
0.0040389051
0.0040398243
0.004040142
0.0040396619
0.004038266
0.0040358534
0.0040322947
0.0040274349
0.0040211087
0.0040131457
0.0040033702
0.003991602
0.003977661
0.0039613733
0.0039425772
0.0039211314
0.0038969212
0.0038698672
0.0038399311
0.0038071213
0.0037714965
0.0037331662
0.0036922896
0.0036490716
0.0036037571
0.0035566238
0.0035079738
0.0034581245
0.0034073992
0.0033561183
0.0033045906
0.0032531049
0.0032019238
0.0031512772
0.0031013579
0.0030523186
0.0030042706
0.002957283
0.0029113854
0.0028665698
0.0028227951
0.0027799915
0.0027380659
0.0026969077
0.0026563945
0.0026163975
0.0025767864
0.0025374343
0.0024982206
0.0024590355
0.002419783
0.0023803842
0.0023407796
0.0023009293
0.0022608111
0.0022204166
0.0021797468
0.0021388074
0.002097605
0.0020561458
0.002014435
0.0019724772
0.0019302761
0.001887832
0.0018451392
0.0018021849
0.0017589506
0.0017154126
0.0016715404
0.001627301
0.0015826658
0.0015376125
0.0014921175
0.0014461546
0.0013996966
0.0013527132
0.0013051679
0.0012570245
0.0012082605
0.0011588591
0.0011087916
0.0010580366
0.0010065822
0.00095439748
0.00090146173
0.00084778928
0.00079339285
0.00073828351
0.00068249027
0.00062607492
0.00056912006
0.00051176091
0.00045418716
0.00039686139
0.00033984789
0.00028428944
0.0002273256
0.00015883889
4.8124431e-05
0.004001973
0.004002684
0.0040029986
0.0040027295
0.0040016935
0.0039997831
0.0039969072
0.0039929492
0.003987769
0.0039812177
0.0039731424
0.0039633858
0.0039517867
0.0039381837
0.0039224201
0.0039043495
0.0038838415
0.003860788
0.0038351097
0.0038067615
0.0037757383
0.0037420774
0.003705861
0.0036672156
0.0036263097
0.0035833498
0.0035385746
0.0034922482
0.0034446527
0.0033960796
0.003346822
0.0032971662
0.0032473843
0.0031977273
0.0031484195
0.0030996529
0.0030515846
0.0030043342
0.002957983
0.0029125752
0.0028681198
0.0028245933
0.0027819444
0.0027400979
0.0026989603
0.0026584249
0.0026183769
0.0025786985
0.0025392726
0.0024999873
0.002460739
0.0024214365
0.0023820033
0.0023423802
0.0023025258
0.0022624151
0.0022220361
0.0021813862
0.0021404679
0.0020992857
0.0020578441
0.0020161471
0.0019741981
0.0019319996
0.0018895513
0.0018468472
0.0018038751
0.0017606171
0.0017170502
0.0016731458
0.0016288724
0.0015842021
0.0015391117
0.001493578
0.0014475747
0.0014010747
0.0013540479
0.0013064593
0.0012582741
0.0012094683
0.0011600241
0.0011099143
0.0010591166
0.0010076175
0.00095538885
0.00090241043
0.00084869256
0.00079424743
0.00073908596
0.00068323537
0.00062675338
0.00056971901
0.00051225992
0.00045455337
0.00039700601
0.00033968221
0.00028335208
0.0002253479
0.00015526206
4.9621375e-05
0.0039595668
0.003959621
0.0039592875
0.0039583931
0.00395677
0.0039543215
0.0039509677
0.0039466051
0.0039411095
0.0039343494
0.0039261901
0.0039164934
0.0039051179
0.0038919212
0.0038767646
0.0038595174
0.0038400614
0.0038182957
0.0037941425
0.0037675515
0.0037385049
0.0037070202
0.0036731529
0.0036369968
0.003598683
0.0035583777
0.0035162779
0.0034726062
0.0034276049
0.003381529
0.0033346391
0.0032871944
0.0032394452
0.0031916269
0.003143954
0.0030966151
0.003049769
0.0030035423
0.0029580278
0.0029132844
0.0028693386
0.0028261861
0.0027837957
0.0027421124
0.0027010622
0.0026605568
0.0026204979
0.0025807823
0.0025413054
0.0025019657
0.002462668
0.0024233267
0.0023838692
0.0023442372
0.0023043886
0.0022642954
0.0022239423
0.0021833227
0.0021424359
0.0021012837
0.0020598685
0.002018193
0.0019762594
0.0019340687
0.0018916198
0.0018489065
0.001805917
0.0017626342
0.0017190362
0.0016750961
0.0016307844
0.0015860737
0.0015409406
0.0014953615
0.0014493108
0.0014027613
0.0013556833
0.0013080433
0.0012598077
0.0012109516
0.0011614558
0.0011112946
0.0010604452
0.0010088919
0.00095660953
0.00090357838
0.00084980462
0.00079529933
0.00074007309
0.0006841509
0.00062758562
0.00057045141
0.00051286609
0.00045499113
0.00039716765
0.00033944822
0.00028220568
0.0002229348
0.00015097381
5.1139047e-05
0.0039095392
0.0039089086
0.0039079025
0.0039063648
0.0039041437
0.0039011545
0.0038973281
0.0038925751
0.0038867878
0.003879852
0.0038716518
0.0038620682
0.0038509793
0.003838262
0.0038237958
0.003807466
0.0037891669
0.0037688062
0.0037463088
0.003721621
0.0036947145
0.0036655891
0.0036342756
0.0036008366
0.0035653669
0.0035279921
0.0034888662
0.0034481681
0.0034060972
0.0033628676
0.0033187029
0.0032738297
0.0032284716
0.0031828431
0.0031371442
0.0030915557
0.0030462346
0.0030013116
0.0029568888
0.0029130387
0.002869805
0.002827203
0.0027852226
0.0027438306
0.0027029748
0.0026625873
0.0026225892
0.0025828944
0.0025434134
0.0025040573
0.0024647412
0.0024253874
0.002385928
0.0023463075
0.0023064832
0.0022664254
0.0022261153
0.0021855428
0.0021447034
0.0021035962
0.0020622214
0.0020205799
0.0019786722
0.0019364983
0.0018940558
0.0018513383
0.0018083345
0.0017650282
0.0017213987
0.0016774211
0.0016330678
0.0015883123
0.001543131
0.0014975005
0.0014513953
0.0014047885
0.001357651
0.0013099507
0.0012616556
0.0012127398
0.0011631827
0.0011129599
0.0010620481
0.0010104299
0.00095808234
0.00090498649
0.00085114436
0.00079656517
0.00074125878
0.00068524751
0.00062857832
0.00057131891
0.00051357431
0.00045548592
0.00039731944
0.00033909986
0.00028079272
0.00022005551
0.00014634196
5.2469136e-05
0.0038511684
0.0038498558
0.0038481841
0.0038460153
0.0038432157
0.0038397123
0.0038354471
0.0038303447
0.0038243134
0.0038172566
0.0038090765
0.0037996729
0.0037889427
0.0037767818
0.0037630874
0.0037477605
0.0037307084
0.0037118481
0.0036911087
0.0036684351
0.0036437914
0.0036171627
0.0035885585
0.0035580135
0.0035255886
0.0034913711
0.0034554729
0.0034180289
0.003379194
0.003339139
0.0032980468
0.0032561069
0.0032135107
0.0031704466
0.0031270945
0.0030836216
0.0030401785
0.0029968953
0.0029538797
0.002911215
0.00286896
0.0028271486
0.0027857915
0.0027448781
0.0027043789
0.0026642486
0.0026244295
0.0025848552
0.0025454538
0.0025061517
0.0024668765
0.0024275604
0.0023881424
0.002348571
0.0023088047
0.0022688129
0.0022285743
0.0021880755
0.0021473086
0.0021062696
0.0020649566
0.0020233682
0.0019815035
0.001939361
0.001896937
0.0018542251
0.0018112143
0.0017678894
0.0017242312
0.0016802166
0.0016358203
0.0015910171
0.0015457833
0.0015000956
0.0014539291
0.0014072572
0.0013600515
0.0013122815
0.0012639165
0.0012149303
0.0011653008
0.0011150044
0.0010640177
0.0010123217
0.00095989522
0.00090671994
0.0008527939
0.00079812368
0.00074271781
0.00068659525
0.00062979593
0.00057237894
0.00051443292
0.00045607388
0.0003974824
0.00033863909
0.00027910724
0.00021680151
0.00014144835
5.3360681e-05
0.0037838959
0.003781931
0.0037796293
0.0037768707
0.0037735397
0.0037695748
0.003764929
0.0037595397
0.0037533312
0.0037462233
0.0037381353
0.0037289846
0.0037186861
0.0037071531
0.0036942997
0.003680042
0.0036643005
0.0036470016
0.0036280803
0.0036074822
0.0035851666
0.0035611081
0.0035352989
0.0035077506
0.0034784949
0.0034475845
0.0034150929
0.0033811132
0.0033457568
0.003309151
0.0032714358
0.0032327608
0.0031932813
0.003153154
0.0031125333
0.0030715669
0.0030303923
0.0029891335
0.0029478981
0.0029067755
0.0028658353
0.0028251271
0.0027846805
0.0027445059
0.0027045966
0.0026649301
0.0026254716
0.0025861761
0.0025469913
0.0025078613
0.0024687288
0.0024295379
0.002390237
0.0023507807
0.0023111307
0.0022712569
0.002231137
0.0021907551
0.0021501007
0.002109167
0.0020679495
0.0020264451
0.0019846511
0.0019425645
0.0019001806
0.0018574926
0.00181449
0.0017711587
0.001727481
0.001683436
0.0016390006
0.0015941509
0.001548864
0.0015031167
0.0014568847
0.0014101422
0.0013628616
0.0013150138
0.0012665697
0.0012175027
0.0011677899
0.001117408
0.0010663335
0.0010145463
0.00096202596
0.00090875487
0.00085472734
0.00079994645
0.00074441849
0.00068815821
0.00063119706
0.00057358296
0.0005153839
0.00045668411
0.00039757131
0.0003379648
0.00027706551
0.00021314918
0.00013632777
5.3606942e-05
0.0037075378
0.0037049948
0.0037021385
0.0036988706
0.0036950934
0.0036907555
0.0036858191
0.0036802341
0.0036739391
0.0036668692
0.0036589593
0.0036501426
0.0036403501
0.0036295113
0.0036175557
0.0036044137
0.0035900181
0.0035743052
0.0035572167
0.0035387014
0.0035187165
0.0034972301
0.0034742223
0.0034496867
0.003423632
0.0033960823
0.003367078
0.0033366754
0.0033049463
0.0032719765
0.0032378646
0.0032027198
0.0031666587
0.0031298033
0.0030922775
0.0030542037
0.0030157002
0.0029768777
0.0029378371
0.0028986671
0.0028594423
0.0028202224
0.0027810512
0.0027419571
0.0027029533
0.0026640393
0.0026252023
0.0025864192
0.0025476588
0.0025088843
0.0024700552
0.0024311303
0.0023920695
0.0023528358
0.0023133967
0.0022737248
0.0022337986
0.0021936014
0.0021531211
0.0021123489
0.0020712784
0.0020299047
0.0019882235
0.0019462305
0.0019039202
0.0018612854
0.0018183162
0.0017749997
0.0017313198
0.0016872579
0.0016427931
0.0015979034
0.0015525667
0.0015067605
0.0014604614
0.0014136444
0.0013662831
0.0013183499
0.0012698171
0.0012206583
0.0011708499
0.0011203686
0.001069191
0.0010172961
0.00096466369
0.00091127628
0.00085712479
0.00080220805
0.00074652893
0.00069009673
0.00063293287
0.00057507091
0.00051655354
0.00045742639
0.00039768019
0.0003371619
0.0002747841
0.00020926285
0.00013124732
5.3244664e-05
0.003621856
0.0036188353
0.0036155302
0.0036118571
0.003607737
0.00360313
0.0035980067
0.0035923272
0.0035860427
0.0035791018
0.0035714529
0.0035630432
0.0035538178
0.0035437204
0.0035326941
0.0035206822
0.0035076291
0.0034934808
0.0034781864
0.0034616991
0.0034439773
0.0034249859
0.0034046979
0.0033830948
0.0033601686
0.0033359219
0.0033103691
0.0032835365
0.0032554624
0.0032261968
0.0031958007
0.0031643451
0.0031319093
0.0030985796
0.0030644467
0.003029604
0.002994145
0.0029581609
0.0029217387
0.0028849586
0.0028478928
0.0028106036
0.0027731424
0.0027355493
0.0026978528
0.0026600701
0.0026222078
0.0025842629
0.0025462244
0.0025080746
0.0024697912
0.0024313488
0.0023927209
0.0023538811
0.002314805
0.0022754709
0.0022358602
0.0021959578
0.0021557516
0.0021152321
0.002074392
0.0020332253
0.0019917266
0.0019498907
0.0019077116
0.0018651822
0.0018222931
0.0017790327
0.0017353868
0.001691339
0.0016468708
0.0016019622
0.0015565927
0.0015107409
0.0014643844
0.0014174994
0.0013700611
0.0013220433
0.0012734197
0.0012241646
0.001174254
0.0011236644
0.0010723727
0.001020357
0.0009675968
0.00091407422
0.00085977686
0.00080469874
0.00074883779
0.00069219641
0.00063478404
0.00057661653
0.00051770669
0.00045805552
0.0003975588
0.00033599139
0.00027207909
0.00020502697
0.00012618291
5.2102627e-05
0.0035279735
0.0035245955
0.0035209631
0.0035170136
0.0035126803
0.0035079295
0.0035027387
0.0034970776
0.0034909085
0.0034841911
0.0034768853
0.0034689498
0.0034603418
0.0034510169
0.0034409301
0.003430036
0.0034182891
0.0034056448
0.0033920598
0.0033774928
0.0033619052
0.0033452623
0.0033275337
0.0033086945
0.003288726
0.0032676165
0.0032453621
0.0032219669
0.0031974436
0.0031718136
0.0031451071
0.0031173625
0.0030886256
0.0030589494
0.0030283925
0.0029970179
0.0029648916
0.002932081
0.002898653
0.002864673
0.0028302026
0.0027952987
0.0027600122
0.0027243871
0.0026884595
0.0026522578
0.0026158023
0.0025791059
0.0025421742
0.0025050068
0.0024675979
0.002429938
0.0023920146
0.0023538137
0.0023153209
0.0022765223
0.0022374048
0.0021979572
0.0021581697
0.0021180342
0.0020775439
0.0020366927
0.0019954753
0.0019538864
0.0019119201
0.0018695698
0.0018268271
0.0017836818
0.001740122
0.0016961335
0.0016517002
0.0016068048
0.0015614285
0.0015155516
0.0014691533
0.0014222116
0.001374703
0.0013266032
0.0012778875
0.001228531
0.0011785098
0.0011278003
0.0010763795
0.0010242247
0.000971315
0.00091763104
0.00086315717
0.00080788203
0.00075179712
0.00069489612
0.00063717445
0.00057862708
0.00051923347
0.00045894675
0.00039757856
0.00033484689
0.00026940755
0.00020096575
0.00012168462
5.0681602e-05
0.003424906
0.0034213247
0.0034175143
0.0034134226
0.0034090029
0.0034042317
0.0033990914
0.0033935579
0.0033876019
0.0033811927
0.0033742996
0.0033668908
0.0033589331
0.0033503922
0.0033412327
0.0033314187
0.0033209139
0.003309682
0.0032976868
0.0032848931
0.0032712667
0.0032567753
0.0032413886
0.0032250795
0.0032078239
0.0031896023
0.0031703992
0.0031502044
0.0031290133
0.0031068269
0.0030836525
0.0030595031
0.003034398
0.0030083624
0.0029814264
0.0029536252
0.0029249979
0.0028955868
0.0028654363
0.0028345918
0.002803099
0.0027710022
0.0027383439
0.0027051633
0.0026714962
0.0026373737
0.0026028223
0.0025678633
0.0025325132
0.0024967836
0.0024606817
0.0024242109
0.0023873714
0.0023501609
0.0023125755
0.0022746101
0.0022362592
0.0021975171
0.0021583785
0.0021188387
0.002078893
0.0020385372
0.0019977674
0.0019565791
0.0019149678
0.0018729279
0.0018304527
0.001787534
0.001744162
0.0017003251
0.0016560102
0.0016112024
0.0015658856
0.0015200423
0.0014736538
0.0014266999
0.0013791594
0.00133101
0.0012822284
0.0012327912
0.0011826748
0.0011318561
0.0010803116
0.0010280186
0.00097495459
0.00092109865
0.0008664314
0.0008109356
0.000754595
0.00069739269
0.00063930836
0.00058031387
0.00052035444
0.00045933753
0.00039701138
0.00033306712
0.00026620322
0.00019659046
0.00011725152
4.8630242e-05
0.0033170864
0.003313403
0.0033095243
0.0033054126
0.003301025
0.0032963404
0.0032913463
0.0032860253
0.0032803554
0.0032743129
0.0032678741
0.0032610148
0.0032537094
0.0032459316
0.0032376538
0.003228848
0.0032194854
0.0032095368
0.0031989728
0.0031877639
0.003175881
0.0031632952
0.0031499789
0.0031359053
0.0031210494
0.0031053881
0.0030889007
0.0030715692
0.0030533787
0.0030343175
0.003014378
0.0029935562
0.0029718523
0.0029492707
0.0029258198
0.002901512
0.0028763635
0.0028503937
0.0028236253
0.0027960831
0.0027677939
0.0027387855
0.0027090866
0.0026787252
0.002647729
0.0026161241
0.0025839348
0.0025511828
0.0025178878
0.0024840662
0.002449732
0.0024148963
0.0023795677
0.0023437525
0.0023074554
0.0022706791
0.0022334253
0.0021956949
0.002157488
0.0021188044
0.0020796433
0.0020400039
0.0019998849
0.0019592845
0.0019182003
0.001876629
0.0018345663
0.0017920067
0.0017489431
0.0017053669
0.001661268
0.0016166346
0.0015714536
0.0015257101
0.001479388
0.0014324698
0.0013849366
0.0013367683
0.0012879435
0.0012384404
0.0011882364
0.0011373086
0.0010856338
0.0010331883
0.00097994868
0.00092589136
0.00087099298
0.00081522999
0.00075857739
0.00070100646
0.00064248024
0.00058294759
0.00052232276
0.00046047701
0.00039712408
0.00033196769
0.00026383194
0.00019329717
0.00011415517
4.7242569e-05
0.0031984428
0.0031948369
0.0031910518
0.003187057
0.0031828288
0.0031783547
0.0031736236
0.0031686209
0.0031633296
0.0031577319
0.00315181
0.0031455451
0.0031389178
0.0031319075
0.0031244931
0.0031166525
0.0031083633
0.0030996021
0.0030903453
0.0030805687
0.003070248
0.0030593587
0.0030478762
0.0030357765
0.0030230358
0.003009631
0.0029955399
0.0029807417
0.0029652167
0.0029489471
0.0029319169
0.0029141123
0.0028955217
0.0028761363
0.0028559496
0.002834958
0.0028131607
0.0027905593
0.0027671584
0.0027429648
0.0027179876
0.0026922379
0.0026657283
0.002638473
0.0026104868
0.0025817854
0.0025523842
0.0025222989
0.0024915444
0.0024601349
0.0024280837
0.0023954028
0.0023621032
0.0023281945
0.0022936851
0.0022585824
0.0022228925
0.002186621
0.0021497723
0.0021123503
0.0020743585
0.0020357993
0.0019966751
0.0019569872
0.0019167363
0.0018759224
0.0018345441
0.0017925991
0.0017500838
0.0017069929
0.0016633199
0.0016190564
0.0015741926
0.0015287172
0.0014826172
0.0014358779
0.0013884833
0.001340416
0.0012916569
0.001242186
0.0011919822
0.0011410232
0.0010892859
0.0010367462
0.00098337925
0.00092915872
0.00087405703
0.00081804419
0.00076108627
0.00070314267
0.00064416085
0.00058406996
0.00052276162
0.00046008702
0.00039575754
0.00032952493
0.00026038233
0.00018922148
0.00011051006
4.5098488e-05
0.0030840388
0.0030805266
0.0030768648
0.0030730334
0.0030690061
0.0030647693
0.0030603155
0.0030556348
0.0030507142
0.0030455397
0.0030400974
0.0030343728
0.003028351
0.0030220159
0.0030153511
0.0030083393
0.0030009627
0.0029932029
0.0029850409
0.002976457
0.0029674312
0.0029579431
0.0029479719
0.0029374964
0.0029264956
0.0029149481
0.0029028329
0.0028901291
0.0028768162
0.0028628744
0.0028482842
0.0028330276
0.0028170871
0.0028004466
0.0027830914
0.0027650083
0.0027461856
0.0027266133
0.0027062831
0.0026851885
0.0026633249
0.0026406894
0.0026172806
0.0025930988
0.0025681457
0.0025424245
0.0025159393
0.0024886951
0.0024606978
0.0024319539
0.0024024701
0.0023722534
0.002341311
0.0023096499
0.0022772772
0.0022441996
0.0022104238
0.0021759562
0.0021408031
0.0021049706
0.0020684642
0.0020312895
0.0019934514
0.0019549542
0.0019158016
0.0018759963
0.0018355401
0.0017944335
0.0017526759
0.0017102653
0.0016671985
0.0016234704
0.0015790745
0.0015340027
0.0014882453
0.0014417907
0.0013946258
0.0013467358
0.0012981042
0.001248713
0.0011985427
0.0011475722
0.0010957786
0.0010431377
0.00098962302
0.00093520597
0.00087985492
0.00082353412
0.00076620196
0.00070780803
0.00064828807
0.00058755867
0.00052550116
0.00046196612
0.00039668927
0.00032949547
0.00025954241
0.00018796424
0.00010957053
4.4844604e-05
0.0029490837
0.0029458904
0.0029425602
0.0029390723
0.0029354168
0.0029315881
0.0029275792
0.0029233801
0.0029189805
0.0029143697
0.0029095371
0.0029044713
0.0028991603
0.0028935915
0.002887752
0.0028816281
0.0028752055
0.0028684694
0.0028614046
0.0028539952
0.0028462246
0.0028380759
0.0028295317
0.0028205741
0.0028111847
0.0028013448
0.0027910355
0.0027802376
0.0027689315
0.0027570978
0.0027447171
0.00273177
0.0027182372
0.0027040999
0.0026893397
0.0026739386
0.0026578794
0.0026411455
0.002623721
0.0026055913
0.0025867425
0.0025671618
0.0025468376
0.0025257595
0.002503918
0.002481305
0.0024579135
0.0024337376
0.0024087724
0.0023830142
0.0023564601
0.002329108
0.0023009569
0.0022720062
0.0022422563
0.0022117083
0.0021803636
0.0021482248
0.0021152951
0.0020815788
0.002047081
0.0020118074
0.001975764
0.0019389574
0.0019013939
0.001863079
0.0018240171
0.0017842114
0.0017436638
0.0017023751
0.0016603448
0.0016175706
0.0015740489
0.0015297745
0.0014847402
0.0014389373
0.0013923552
0.0013449815
0.001296802
0.0012478005
0.0011979588
0.0011472568
0.0010956723
0.0010431804
0.00098975382
0.00093536164
0.0008799691
0.00082353628
0.00076601631
0.00070735284
0.00064747592
0.00058629862
0.00052370491
0.00045956023
0.00039363994
0.00032584082
0.00025546482
0.00018379467
0.0001061083
4.2747235e-05
0.0028451979
0.0028421676
0.0028390206
0.0028357486
0.0028323327
0.0028287619
0.0028250311
0.0028211347
0.0028170645
0.0028128115
0.0028083668
0.0028037212
0.002798865
0.0027937881
0.0027884799
0.0027829293
0.0027771248
0.0027710542
0.002764705
0.0027580642
0.0027511182
0.0027438528
0.0027362535
0.0027283051
0.002719992
0.0027112982
0.002702207
0.0026927016
0.0026827644
0.0026723778
0.0026615236
0.0026501835
0.0026383388
0.0026259709
0.0026130608
0.0025995898
0.0025855391
0.00257089
0.0025556232
0.0025397196
0.0025231604
0.0025059272
0.0024880022
0.002469368
0.002450008
0.002429906
0.0024090468
0.0023874158
0.0023649995
0.002341785
0.0023177608
0.0022929162
0.0022672417
0.0022407289
0.0022133708
0.0021851619
0.0021560986
0.0021261789
0.0020954029
0.0020637718
0.0020312877
0.0019979537
0.0019637733
0.0019287502
0.0018928867
0.0018561848
0.0018186464
0.0017802739
0.0017410689
0.0017010318
0.0016601617
0.0016184566
0.0015759136
0.0015325284
0.001488295
0.0014432061
0.0013972527
0.0013504242
0.0013027078
0.0012540893
0.0012045518
0.0011540766
0.0011026422
0.0010502246
0.00099679648
0.00094232667
0.00088677972
0.00083011466
0.0007722835
0.00071322953
0.00065288446
0.00059116702
0.00052797392
0.00046319494
0.00039664596
0.00032828508
0.00025748299
0.0001855799
0.00010769225
4.3842472e-05
0.0026875865
0.0026851233
0.0026825552
0.002679864
0.0026770479
0.0026741067
0.0026710348
0.0026678245
0.0026644685
0.00266096
0.0026572918
0.0026534564
0.0026494455
0.0026452508
0.0026408633
0.0026362738
0.0026314727
0.0026264499
0.0026211948
0.0026156963
0.002609943
0.0026039228
0.0025976232
0.0025910313
0.0025841336
0.0025769158
0.0025693636
0.0025614617
0.0025531945
0.0025445459
0.0025354991
0.0025260369
0.0025161416
0.002505795
0.0024949784
0.0024836728
0.0024718585
0.0024595158
0.0024466243
0.0024331631
0.0024191113
0.0024044477
0.0023891506
0.0023731986
0.0023565698
0.0023392423
0.0023211943
0.0023024036
0.0022828483
0.002262506
0.0022413545
0.0022193712
0.0021965331
0.0021728167
0.0021481978
0.0021226479
0.002096136
0.0020686549
0.0020402165
0.0020108358
0.0019805288
0.0019493154
0.0019172278
0.0018843081
0.0018505671
0.0018159886
0.0017805568
0.0017442633
0.0017071019
0.0016690653
0.0016301447
0.0015903311
0.0015496154
0.0015079877
0.0014654375
0.0014219534
0.001377523
0.0013321326
0.0012857675
0.0012384111
0.0011900453
0.0011406501
0.0010902031
0.0010386796
0.00098605176
0.00093228837
0.00087735412
0.00082120881
0.00076380638
0.00070509395
0.00064501004
0.00058348469
0.00052043294
0.0004557723
0.00038936267
0.0003212206
0.0002508323
0.00017963826
0.00010325505
4.143831e-05
0.0026375012
0.0026350029
0.0026324154
0.0026297397
0.0026269551
0.002624049
0.002621018
0.0026178592
0.002614567
0.0026111342
0.0026075538
0.0026038189
0.0025999223
0.0025958562
0.0025916126
0.002587183
0.0025825584
0.0025777295
0.0025726867
0.0025674197
0.0025619178
0.0025561698
0.0025501641
0.0025438884
0.0025373302
0.002530476
0.002523312
0.002515824
0.0025079967
0.0024998148
0.0024912621
0.0024823217
0.0024729763
0.0024632081
0.0024529982
0.0024423278
0.0024311768
0.0024195252
0.0024073528
0.002394639
0.002381363
0.0023675034
0.0023530386
0.0023379469
0.0023222061
0.0023057942
0.002288689
0.0022708685
0.0022523106
0.0022329938
0.0022128967
0.0021919984
0.0021702786
0.0021477174
0.0021242961
0.0020999961
0.0020747994
0.0020486942
0.0020216743
0.0019937358
0.0019648776
0.0019351017
0.0019044157
0.0018728327
0.0018403632
0.0018070215
0.0017728272
0.0017377708
0.0017018281
0.0016649783
0.0016272065
0.0015884991
0.0015488409
0.0015082163
0.0014666094
0.0014240043
0.0013803847
0.0013357337
0.0012900336
0.0012432659
0.0011954108
0.0011464473
0.0010963526
0.001045102
0.00099266843
0.00093902218
0.00088413023
0.00082795579
0.00077045754
0.00071158899
0.00065129702
0.00058952235
0.0005261927
0.00046123942
0.00039453229
0.00032609006
0.00025535517
0.00018370117
0.00010636162
4.3134051e-05
0.0024055881
0.0024035713
0.0024014676
0.0023992685
0.0023969736
0.0023945812
0.0023920865
0.0023894835
0.0023867668
0.0023839312
0.0023809711
0.0023778805
0.0023746529
0.0023712819
0.0023677604
0.0023640812
0.0023602367
0.002356219
0.0023520196
0.0023476298
0.0023430405
0.0023382421
0.0023332248
0.002327978
0.0023224909
0.0023167522
0.0023107501
0.0023044724
0.0022979063
0.0022910387
0.0022838559
0.0022763437
0.0022684875
0.0022602722
0.0022516822
0.0022427016
0.0022333139
0.0022235024
0.00221325
0.002202539
0.0021913518
0.0021796703
0.0021674765
0.002154752
0.0021414786
0.0021276382
0.0021132128
0.0020981848
0.0020825369
0.0020662526
0.0020493161
0.0020317126
0.0020134287
0.0019944523
0.0019747732
0.0019543855
0.0019332868
0.0019114562
0.0018888592
0.001865461
0.001841229
0.0018161306
0.0017901266
0.0017631751
0.0017352645
0.001706415
0.0016766498
0.001645954
0.0016142948
0.0015816449
0.0015479844
0.0015132944
0.0014775543
0.0014407427
0.0014028382
0.0013638201
0.0013236672
0.0012823584
0.001239872
0.0011961859
0.0011512777
0.0011051239
0.0010577004
0.001008982
0.00095894229
0.00090755336
0.00085478575
0.00080060826
0.00074498779
0.00068788943
0.00062927614
0.00056911058
0.00050735058
0.00044396781
0.00037889054
0.00031220918
0.00024350489
0.00017423188
0.0001001498
4.0239002e-05
)
;

boundaryField
{
    inlet
    {
        type            zeroGradient;
    }
    top
    {
        type            zeroGradient;
    }
    outlet
    {
        type            fixedValue;
        value           uniform 0;
    }
    slipsurface
    {
        type            slip;
    }
    bottom
    {
        type            zeroGradient;
    }
    frontandback
    {
        type            empty;
    }
}


// ************************************************************************* //
