/*--------------------------------*- C++ -*----------------------------------*\
  =========                 |
  \\      /  F ield         | OpenFOAM: The Open Source CFD Toolbox
   \\    /   O peration     | Website:  https://openfoam.org
    \\  /    A nd           | Version:  12
     \\/     M anipulation  |
\*---------------------------------------------------------------------------*/
FoamFile
{
    format      ascii;
    class       volScalarField;
    location    "100";
    object      p;
}
// * * * * * * * * * * * * * * * * * * * * * * * * * * * * * * * * * * * * * //

dimensions      [0 2 -2 0 0 0 0];

internalField   nonuniform List<scalar> 
7480
(
0.0066898227
0.0067263626
0.0066922164
0.0066824159
0.0067052544
0.0067232338
0.006727872
0.0066998214
0.0066323726
0.0065456922
0.006432176
0.006291656
0.006129312
0.0059509806
0.0057626584
0.0055694959
0.0053780986
0.005188741
0.005004952
0.0048314541
0.0046675701
0.0045112497
0.0043668983
0.0042366473
0.0041203082
0.0040185558
0.0039318146
0.0038599651
0.0038021068
0.0037559242
0.003719774
0.0036908472
0.0036639559
0.0036352771
0.0036024388
0.0035647342
0.003522772
0.0034786867
0.0034345511
0.0033910827
0.0033483435
0.003306057
0.0032641394
0.003223564
0.0031848746
0.0031470561
0.0031092041
0.0030712572
0.0030339948
0.0029978374
0.0029619615
0.0029259467
0.0028903007
0.0028558082
0.0028224352
0.0027898031
0.0027582799
0.0027284425
0.0027002789
0.0026734287
0.0026482677
0.0026249283
0.0026029528
0.0025820083
0.0025620673
0.0025427198
0.0025230704
0.0025028625
0.0024815203
0.0024581237
0.0024324397
0.0024040984
0.0023725161
0.002337871
0.002300255
0.0022596087
0.0022164379
0.0021711438
0.0021238328
0.002074928
0.0020246984
0.0019731082
0.0019203717
0.001866601
0.0018118454
0.0017564559
0.0017007558
0.001645078
0.0015898921
0.0015354338
0.0014816046
0.001427949
0.0013735821
0.0013167081
0.0012568526
0.0011881549
0.001130665
0.0010171456
0.0013430345
-0.00048858061
0.0066113216
0.0066445719
0.0066113419
0.0066205557
0.0066529103
0.0066748511
0.0066711659
0.0066440542
0.0065992709
0.0065301043
0.0064329834
0.0063088538
0.0061619123
0.005997042
0.0058195012
0.0056343026
0.0054471726
0.0052599864
0.0050761299
0.0049010721
0.0047353163
0.004576813
0.0044287898
0.0042938058
0.0041730115
0.0040669288
0.003975718
0.0038992108
0.0038364177
0.0037848249
0.0037430044
0.0037088193
0.0036775903
0.0036457158
0.0036109276
0.0035723732
0.0035303566
0.0034867299
0.0034432022
0.0034001793
0.0033575722
0.0033150556
0.0032726732
0.0032315358
0.0031923132
0.00315403
0.0031157656
0.003077438
0.0030398294
0.0030033615
0.0029672009
0.0029309237
0.0028950318
0.0028603017
0.0028266941
0.0027938322
0.0027620883
0.0027320399
0.002703674
0.0026766312
0.0026512917
0.002627789
0.0026056658
0.0025845914
0.0025645393
0.0025450988
0.0025253736
0.0025051073
0.0024837214
0.0024602936
0.002434589
0.0024062344
0.0023746431
0.0023399916
0.0023023692
0.0022617151
0.002218535
0.0021732294
0.0021259051
0.0020769866
0.0020267432
0.0019751403
0.0019223933
0.0018686146
0.001813854
0.0017584628
0.0017027644
0.0016470923
0.0015919167
0.0015374743
0.001483668
0.0014300438
0.0013757186
0.0013188961
0.0012591076
0.0011904763
0.0011330317
0.0010199877
0.0013464831
-0.00048567835
0.0065516012
0.0065980589
0.006586751
0.0066000805
0.0066275278
0.0066423714
0.0066348491
0.0066089354
0.006562687
0.0064876882
0.0063850484
0.0062568073
0.0061068069
0.0059399268
0.0057615318
0.0055767441
0.0053911066
0.0052069232
0.005027351
0.004857313
0.0046972571
0.0045458064
0.0044047906
0.0042767
0.0041631892
0.0040643748
0.0039802654
0.0039103986
0.0038535227
0.0038074614
0.0037692508
0.0037358499
0.0037038781
0.0036701936
0.003632923
0.0035916293
0.0035468749
0.0035006096
0.0034546145
0.0034093945
0.0033650452
0.0033213777
0.003278458
0.0032371968
0.0031980772
0.0031599217
0.0031216386
0.0030830938
0.0030451693
0.0030083908
0.002971945
0.0029354069
0.002899279
0.0028643349
0.0028305284
0.0027974832
0.002765574
0.0027353727
0.0027068595
0.002679674
0.0026542018
0.0026305756
0.002608337
0.0025871584
0.0025670146
0.0025474948
0.002527702
0.0025073815
0.0024859526
0.0024624911
0.0024367621
0.0024083885
0.0023767815
0.0023421168
0.002304481
0.0022638123
0.0022206168
0.0021752941
0.0021279515
0.002079015
0.0020287543
0.0019771354
0.0019243748
0.0018705848
0.0018158155
0.0017604184
0.0017047167
0.0016490443
0.0015938724
0.0015394385
0.0014856474
0.0014320472
0.001377757
0.0013209804
0.0012612553
0.0011926833
0.0011353545
0.0010227913
0.0013494745
-0.00048254487
0.0064959085
0.0065490928
0.0065484173
0.006559724
0.0065826115
0.0065954469
0.0065888403
0.0065635971
0.0065172775
0.006444932
0.0063478191
0.0062271578
0.0060857755
0.0059278917
0.0057583243
0.0055817578
0.0054031175
0.0052248813
0.0050499515
0.0048827346
0.0047237207
0.0045725691
0.0044306421
0.0043005915
0.0041841408
0.0040815708
0.0039931381
0.0039187128
0.0038575677
0.0038083338
0.0037678097
0.0037328223
0.0037008487
0.0036687335
0.0036341335
0.0035961965
0.0035553153
0.0035124392
0.0034686636
0.0034247144
0.0033807098
0.0033365306
0.0032921864
0.0032486215
0.003206842
0.0031664045
0.0031266569
0.0030874144
0.003049335
0.0030126918
0.0029763889
0.0029398399
0.0029035724
0.0028684532
0.0028344737
0.00280126
0.0027691924
0.0027388419
0.002710186
0.0026828657
0.0026572723
0.0026335339
0.0026111892
0.0025899136
0.0025696829
0.0025500853
0.0025302221
0.0025098416
0.0024883603
0.0024648525
0.0024390842
0.0024106751
0.0023790342
0.0023443378
0.0023066701
0.0022659684
0.0022227401
0.0021773841
0.002130008
0.0020810396
0.0020307484
0.0019791009
0.0019263148
0.0018725016
0.0018177114
0.0017622961
0.0017065786
0.0016508932
0.0015957122
0.0015412743
0.001487486
0.0014338978
0.0013796308
0.0013228887
0.001263215
0.0011946927
0.0011374741
0.0010248984
0.0013518646
-0.00047962896
0.0064430238
0.0064997307
0.0065084061
0.0065213602
0.0065429912
0.006555122
0.0065484164
0.0065227896
0.0064768849
0.0064068844
0.006312767
0.0061954568
0.0060575849
0.0059031964
0.0057369352
0.0055633196
0.0053870058
0.0052108934
0.0050379191
0.0048722158
0.0047144755
0.0045651919
0.0044252932
0.0042972252
0.0041826253
0.0040818535
0.0039950772
0.0039220541
0.0038619683
0.0038132109
0.0037725969
0.0037369984
0.0037039131
0.0036703273
0.0036340753
0.0035945833
0.0035526033
0.0035090783
0.003465176
0.0034220428
0.0033800303
0.0033389826
0.0032985619
0.0032584802
0.0032186215
0.0031787397
0.0031385548
0.0030979408
0.0030578099
0.0030190639
0.0029811822
0.0029437524
0.0029071568
0.0028720595
0.0028381963
0.0028050139
0.0027728876
0.0027424459
0.0027136907
0.0026862631
0.0026605642
0.0026367215
0.0026142756
0.0025929074
0.0025725922
0.0025529166
0.0025329798
0.0025125345
0.0024909935
0.0024674293
0.00244161
0.002413152
0.0023814625
0.0023467192
0.0023090041
0.0022682541
0.0022249785
0.0021795754
0.0021321528
0.0020831404
0.0020328073
0.0019811203
0.0019282981
0.0018744512
0.0018196296
0.0017641859
0.0017084425
0.0016527345
0.0015975358
0.001543086
0.0014892935
0.0014357112
0.001381462
0.0013247497
0.001265121
0.0011966449
0.0011395093
0.0010267816
0.0013538702
-0.00047632655
0.0063929867
0.0064512669
0.0064676954
0.0064825732
0.0065024328
0.0065129384
0.0065055874
0.0064798829
0.006434762
0.0063668296
0.0062755328
0.0061619362
0.0060285653
0.0058791577
0.0057180381
0.0055494852
0.0053778729
0.0052062304
0.0050373421
0.0048751428
0.0047199522
0.0045731478
0.0044352468
0.0043085367
0.0041946488
0.0040940847
0.0040070133
0.0039331995
0.0038718615
0.0038214844
0.0037791576
0.0037419579
0.0037074725
0.0036728818
0.003636124
0.0035965827
0.0035548165
0.0035115724
0.0034677217
0.0034241395
0.0033811883
0.0033389098
0.0032973989
0.0032565696
0.0032164818
0.0031774803
0.0031394445
0.0031018915
0.0030645473
0.0030272695
0.0029897785
0.0029519128
0.0029141263
0.0028775506
0.0028424537
0.00280854
0.0027761266
0.0027456847
0.0027170029
0.0026895891
0.0026638529
0.0026399522
0.0026174356
0.0025959916
0.0025755987
0.002555846
0.0025358334
0.0025153195
0.0024937126
0.0024700841
0.0024442058
0.0024156901
0.0023839422
0.0023491424
0.0023113704
0.0022705622
0.0022272298
0.0021817705
0.0021342924
0.0020852276
0.0020348441
0.001983109
0.0019302422
0.0018763529
0.0018214911
0.0017660102
0.0017102321
0.0016544931
0.0015992688
0.0015447998
0.0014909962
0.0014374134
0.0013831756
0.0013264864
0.0012668942
0.0011984576
0.0011413753
0.0010285075
0.0013552866
-0.00047243942
0.0063452364
0.0064036634
0.0064260611
0.0064427822
0.0064611023
0.0064702724
0.0064626576
0.0064372335
0.0063929858
0.0063270367
0.0062386633
0.0061289012
0.00600004
0.0058554591
0.0056991717
0.005535245
0.0053678042
0.0051999363
0.0050343787
0.0048747009
0.0047216881
0.0045766708
0.0044403106
0.0043147369
0.0042015598
0.0041013472
0.0040142631
0.0039400961
0.0038780914
0.0038268038
0.0037835445
0.003745484
0.0037102189
0.0036750661
0.0036380149
0.0035983749
0.0035565871
0.0035133083
0.0034693386
0.0034255986
0.0033825946
0.003340422
0.0032990963
0.0032583687
0.0032181062
0.00317856
0.003139685
0.0031013768
0.0030634865
0.0030260346
0.0029893632
0.0029533836
0.0029179062
0.0028829842
0.0028485851
0.002814661
0.0027815464
0.0027501097
0.0027205763
0.0026926725
0.002666775
0.0026428905
0.002620398
0.0025989363
0.0025785043
0.002558702
0.0025386266
0.0025180482
0.0024963742
0.0024726774
0.0024467361
0.0024181577
0.0023863462
0.0023514856
0.0023136522
0.0022727813
0.0022293878
0.0021838675
0.0021363286
0.0020872059
0.002036766
0.0019849762
0.0019320579
0.0018781187
0.0018232089
0.001767683
0.0017118621
0.001656084
0.0016008259
0.0015463293
0.0014925062
0.0014389137
0.0013846772
0.0013280002
0.0012684305
0.0012000212
0.0011429587
0.0010299371
0.0013558861
-0.00046797875
0.0062994012
0.0063569563
0.0063837525
0.006402206
0.0064193272
0.0064273274
0.0064194715
0.006394324
0.0063509286
0.0062869084
0.0062014434
0.0060954342
0.0059709558
0.0058310938
0.005679587
0.0055202982
0.0053571216
0.0051931559
0.005031099
0.0048742199
0.0047236539
0.0045806756
0.0044461099
0.0043218996
0.00420961
0.004109865
0.0040228433
0.0039483586
0.0038856958
0.0038334659
0.0037891624
0.0037500662
0.0037138141
0.0036778673
0.0036402811
0.0036003283
0.003558362
0.0035149914
0.0034710034
0.0034273088
0.00338438
0.0033422588
0.0033009017
0.0032600609
0.0032196558
0.0031799891
0.0031410732
0.0031027822
0.0030648346
0.0030271413
0.0029900163
0.0029534923
0.0029175645
0.0028823411
0.0028482504
0.0028155724
0.0027841904
0.0027540956
0.0027251829
0.0026972776
0.0026708326
0.0026462437
0.0026232202
0.0026015018
0.0025810196
0.0025612312
0.002541143
0.0025205354
0.0024988225
0.002475074
0.0024490787
0.0024204427
0.0023885703
0.0023536511
0.0023157581
0.0022748254
0.0022313719
0.0021857909
0.0021381905
0.0020890081
0.0020385092
0.0019866611
0.0019336869
0.0018796927
0.0018247291
0.0017691519
0.0017132816
0.0016574571
0.0016021576
0.001547625
0.0014937727
0.0014401598
0.0013859121
0.001329233
0.0012696678
0.0012012696
0.0011441877
0.001030973
0.0013555016
-0.00046290101
0.0062551431
0.0063111251
0.0063409884
0.0063609448
0.0063771176
0.0063840497
0.006375965
0.006351158
0.0063086925
0.0062465942
0.0061640011
0.0060616694
0.0059414924
0.005806295
0.0056595468
0.005504897
0.0053460214
0.0051859912
0.0050274652
0.0048734657
0.0047253753
0.0045844691
0.0044516931
0.0043288368
0.0042174252
0.0041181377
0.0040311744
0.0039563729
0.0038930568
0.003839894
0.0037945482
0.0037544211
0.0037172051
0.0036804937
0.0036424126
0.0036022034
0.0035601273
0.0035167473
0.0034728146
0.0034291665
0.0033862195
0.0033440182
0.003302542
0.0032615977
0.0032211436
0.0031814512
0.0031425211
0.0031042019
0.0030661992
0.0030284571
0.0029912927
0.0029547494
0.0029187641
0.0028833693
0.0028489682
0.0028158924
0.0027841365
0.0027537659
0.0027250835
0.0026982503
0.0026730998
0.0026493843
0.0026267364
0.0026048345
0.0025838406
0.0025635682
0.0025432126
0.0025225338
0.0025008308
0.0024770803
0.0024510714
0.0024224141
0.0023905072
0.0023555481
0.002317609
0.0022766243
0.0022331181
0.002187482
0.0021398234
0.0020905838
0.0020400268
0.0019881199
0.0019350885
0.0018810369
0.0018260165
0.0017703843
0.0017144601
0.0016585837
0.0016032363
0.0015486596
0.0014947683
0.001441123
0.0013868497
0.0013301521
0.0012705709
0.0012021645
0.0011450202
0.0010315612
0.0013540066
-0.00045709825
0.0062121683
0.0062661184
0.0062979428
0.0063190903
0.0063345049
0.0063404815
0.0063321985
0.0063077932
0.0062663114
0.0062061031
0.0061263223
0.0060275922
0.0059116347
0.0057810324
0.0056389942
0.0054889562
0.0053343909
0.0051783143
0.0050233444
0.0048723024
0.0047267472
0.0045879776
0.0044570322
0.0043355802
0.0042251025
0.0041263229
0.0040394655
0.0039643907
0.0039004608
0.0038464045
0.003800045
0.0037589092
0.003720752
0.0036832869
0.0036447096
0.0036042345
0.0035620357
0.0035186275
0.0034747126
0.0034310585
0.0033880605
0.0033457854
0.0033042287
0.0032632303
0.0032227491
0.0031830064
0.0031440022
0.0031055966
0.0030675266
0.0030297501
0.0029925549
0.0029559856
0.002919978
0.0028845746
0.0028501644
0.0028170564
0.0027852107
0.0027546419
0.0027256434
0.002698471
0.0026729394
0.002649025
0.0026267961
0.0026059003
0.0025858424
0.0025660512
0.0025456965
0.0025246525
0.0025025509
0.0024785776
0.0024525179
0.0024238869
0.002392
0.0023570494
0.0023191082
0.0022781047
0.002234569
0.0021888942
0.0021411878
0.0020918978
0.0020412869
0.0019893232
0.0019362356
0.0018821269
0.0018270488
0.0017713603
0.0017153797
0.0016594478
0.001604047
0.0015494188
0.0014954784
0.0014417881
0.0013874737
0.0013307391
0.0012711193
0.0012026833
0.0011454303
0.0010316642
0.0013513485
-0.00045045012
0.0061702409
0.0062218711
0.0062547549
0.0062767444
0.0062915348
0.0062966668
0.0062882106
0.0062642475
0.006223789
0.0061654451
0.0060884223
0.0059932234
0.0058814035
0.0057553215
0.0056179391
0.0054724833
0.0053222342
0.0051701313
0.0050187471
0.0048707366
0.0047277778
0.0045912051
0.0044621314
0.0043421297
0.004232634
0.0041344027
0.0040476875
0.0039723734
0.0039078618
0.0038529446
0.0038055948
0.0037634657
0.0037243799
0.0036861623
0.003647079
0.0036063229
0.0035639887
0.0035205397
0.003476629
0.0034329656
0.0033899292
0.0033475998
0.003305977
0.0032649227
0.0032243965
0.0031845881
0.0031455054
0.0031070219
0.0030689004
0.0030310923
0.002993852
0.0029572373
0.0029212
0.0028857866
0.0028513594
0.0028182117
0.00278632
0.0027557094
0.0027266644
0.0026993988
0.0026736979
0.002649512
0.0026269047
0.0026056411
0.0025852725
0.002565575
0.0025459721
0.0025257849
0.0025041764
0.002480288
0.0024539624
0.0024250218
0.0023929764
0.0023580121
0.0023201166
0.0022791499
0.0022356337
0.002189963
0.0021422409
0.002092921
0.0020422695
0.0019902568
0.0019371173
0.0018829533
0.0018278182
0.0017720732
0.0017160348
0.0016600443
0.0016045854
0.0015498983
0.0014958986
0.0014421499
0.0013877772
0.0013309856
0.0012713023
0.0012028126
0.0011454023
0.0010312504
0.0013474142
-0.00044282025
0.0061291698
0.006178309
0.0062115316
0.0062340091
0.0062482549
0.0062526437
0.0062440372
0.0062205452
0.0061811429
0.0061246431
0.0060503227
0.0059585812
0.0058508136
0.0057291725
0.0055963872
0.0054554793
0.005309545
0.0051614314
0.0050136591
0.004868744
0.0047284397
0.0045941214
0.0044669611
0.0043484549
0.004239989
0.0041423478
0.0040558146
0.0039802995
0.0039152426
0.0038595013
0.0038111896
0.0037680864
0.0037280876
0.0036891233
0.0036495288
0.0036084816
0.0035660038
0.0035225065
0.0034785936
0.0034349208
0.0033918491
0.0033494662
0.0033077742
0.0032666567
0.0032260789
0.0031862053
0.0031470486
0.003108492
0.0030703183
0.0030324749
0.0029951891
0.0029585331
0.0029224691
0.0028870413
0.0028525854
0.0028193874
0.0027874484
0.002756796
0.0027276925
0.0027003351
0.0026745349
0.0026502417
0.0026275147
0.0026060858
0.0025854436
0.00256538
0.0025454196
0.0025249035
0.0025032858
0.0024800368
0.002454511
0.0024260524
0.0023941142
0.0023589437
0.0023208046
0.0022797299
0.0022362184
0.0021905909
0.0021428998
0.0020935912
0.0020429345
0.0019908993
0.0019377249
0.0018835162
0.0018283295
0.00177253
0.0017164335
0.0016603815
0.001604859
0.0015501046
0.0014960339
0.0014422112
0.0013877613
0.0013308901
0.0012711159
0.0012025453
0.0011449258
0.0010302868
0.0013421163
-0.00043405755
0.0060887985
0.0061353571
0.0061683531
0.0061909817
0.0062047161
0.0062084501
0.006199716
0.0061767145
0.0061383924
0.0060837169
0.0060120417
0.0059236815
0.0058198802
0.0057025983
0.005574347
0.0054379479
0.0052963198
0.0051522065
0.0050080695
0.0048663061
0.0047287132
0.0045967056
0.0044715015
0.0043545362
0.0042471482
0.0041501414
0.0040638323
0.0039881565
0.003922593
0.0038660666
0.0038168241
0.0037727684
0.0037318733
0.0036921694
0.0036520594
0.003610711
0.0035680805
0.0035245266
0.0034806044
0.0034369181
0.0033938101
0.0033513726
0.0033096111
0.0032684298
0.0032278
0.0031878631
0.003148634
0.0031100046
0.0030717772
0.0030338968
0.0029965665
0.0029598696
0.0029237759
0.00288833
0.0028538456
0.0028206007
0.0027886154
0.002757915
0.0027287418
0.0027012889
0.0026753912
0.0026509948
0.0026281401
0.0026065586
0.0025857578
0.0025655477
0.0025454182
0.0025246531
0.0025027019
0.0024791498
0.0024533573
0.0024249255
0.0023936073
0.0023591961
0.0023214977
0.0022805001
0.0022368015
0.0021909574
0.0021431698
0.0020938543
0.0020432163
0.0019911921
0.0019380157
0.0018837912
0.0018285749
0.001772735
0.0017165876
0.0016604755
0.0016048855
0.0015500551
0.0014958998
0.0014419854
0.001387436
0.001330459
0.0012705629
0.00120188
0.0011439965
0.0010287518
0.0013353692
-0.00042400497
0.0060489987
0.0060929437
0.0061252776
0.0061477518
0.0061609714
0.0061641237
0.0061552842
0.0061327847
0.0060955579
0.0060426863
0.0059735987
0.0058885424
0.0057886198
0.0056756129
0.0055518282
0.0054198934
0.0052825562
0.0051424492
0.0050019674
0.0048634053
0.0047285785
0.0045989357
0.0044757314
0.0043603523
0.0042540901
0.0041577642
0.0040717232
0.0039959285
0.0039298993
0.003872629
0.0038224892
0.0037775049
0.003735732
0.0036952967
0.0036546682
0.0036130093
0.0035702177
0.0035265993
0.0034826608
0.0034389568
0.0033958115
0.0033533199
0.0033114903
0.0032702457
0.0032295631
0.0031895633
0.0031502618
0.0031115599
0.0030732775
0.0030353588
0.0029979841
0.0029612453
0.00292512
0.0028896546
0.0028551416
0.00282185
0.002789815
0.0027590629
0.0027298198
0.0027022734
0.0026762764
0.0026517683
0.0026287734
0.0026070366
0.0025860914
0.002565723
0.0025454235
0.0025244977
0.0025024148
0.0024787386
0.002452759
0.0024240605
0.002392518
0.0023579327
0.0023203522
0.0022799571
0.0022369511
0.0021914582
0.0021436766
0.0020941568
0.0020433032
0.0019911696
0.0019379644
0.0018837361
0.0018285134
0.001772658
0.0017164816
0.0016603247
0.001604674
0.0015497658
0.001495516
0.0014414928
0.0013868204
0.001329709
0.0012696565
0.001200825
0.0011426182
0.0010267119
0.0013270259
-0.00041250741
0.0060096654
0.0060510034
0.0060823464
0.0061043994
0.0061170752
0.0061197023
0.0061107785
0.0060887864
0.0060526614
0.0060015716
0.0059350137
0.0058531822
0.0057570497
0.0056482309
0.005528841
0.0054013211
0.005268253
0.0051321528
0.0049953426
0.0048600251
0.004728016
0.00460079
0.0044796295
0.0043658813
0.0042607935
0.0041651966
0.004079469
0.004003599
0.0039371476
0.0038791766
0.0038281757
0.003782289
0.0037396584
0.0036985019
0.0036573537
0.0036153767
0.0035724157
0.0035287251
0.0034847633
0.0034410372
0.0033978535
0.0033553083
0.0033134121
0.0032721045
0.0032313677
0.0031913047
0.0031519311
0.0031131573
0.003074819
0.0030368607
0.0029994419
0.0029626606
0.0029265028
0.0028910163
0.0028564737
0.0028231344
0.0027910474
0.0027602417
0.0027309278
0.0027032856
0.0026771845
0.0026525601
0.0026294243
0.0026075326
0.0025864358
0.0025658965
0.0025454221
0.0025243416
0.0025021228
0.0024783133
0.0024522249
0.002423456
0.0023918683
0.0023571734
0.0023194022
0.0022788325
0.0022357313
0.0021904153
0.0021431802
0.002094233
0.0020436201
0.0019914187
0.0019379891
0.0018835473
0.0018282043
0.0017722978
0.0017160918
0.0016599003
0.0016042007
0.001549223
0.0014948798
0.0014407399
0.0013859276
0.0013286565
0.0012684144
0.0011993967
0.0011408014
0.0010243231
0.0013168866
-0.00039941121
0.0059707127
0.006009478
0.0060395871
0.0060609942
0.0060730816
0.0060752242
0.0060662349
0.0060447506
0.0060097264
0.0059603936
0.0058963071
0.0058176202
0.0057251876
0.0056204678
0.005505397
0.0053822376
0.0052534105
0.005121312
0.0049881858
0.0048561499
0.0047270064
0.0046022467
0.0044831739
0.004371101
0.0042672365
0.0041724178
0.0040870504
0.0040111509
0.0039443232
0.0038856972
0.0038338736
0.0037871136
0.0037436472
0.0037017813
0.0036601141
0.0036178122
0.0035746739
0.0035309033
0.0034869115
0.0034431591
0.0033999357
0.0033573373
0.0033153762
0.0032740059
0.0032332137
0.0031930876
0.0031536424
0.0031147974
0.0030764024
0.0030384034
0.0030009408
0.0029641165
0.002927925
0.0028924155
0.0028578419
0.0028244549
0.0027923142
0.0027614525
0.0027320651
0.0027043242
0.0026781159
0.0026533721
0.0026300928
0.0026080421
0.0025867866
0.0025660726
0.0025454238
0.0025241855
0.0025018191
0.0024778683
0.0024516735
0.0024228347
0.0023911917
0.0023564676
0.0023186938
0.0022781374
0.0022349743
0.0021894958
0.0021420947
0.0020930823
0.0020426603
0.0019909259
0.0019379275
0.0018836339
0.0018281846
0.0017720504
0.0017156258
0.0016592847
0.001603485
0.0015484168
0.0014939697
0.0014397041
0.0013847403
0.0013272921
0.0012668344
0.0011975988
0.0011385488
0.0010216936
0.0013047829
-0.00038455242
0.0059320703
0.0059683168
0.0059970182
0.0060175962
0.0060290433
0.0060307275
0.0060216885
0.0060007089
0.0059667773
0.0059191737
0.0058574995
0.0057818762
0.0056930518
0.0055923399
0.0054815088
0.0053626506
0.0052380302
0.0051099228
0.0049804883
0.0048517652
0.0047255308
0.0046032846
0.0044863428
0.0043759891
0.0042733971
0.0041794068
0.004094448
0.0040185669
0.003951411
0.0038921774
0.003839572
0.0037919702
0.003747692
0.0037051307
0.0036629467
0.0036203144
0.0035769916
0.0035331333
0.0034891048
0.0034453224
0.003402058
0.0033594064
0.003317382
0.0032759496
0.0032351013
0.003194912
0.0031553957
0.0031164806
0.0030780281
0.0030399871
0.0030024811
0.0029656131
0.0029293867
0.0028938528
0.002859247
0.0028258117
0.0027936157
0.002762695
0.0027332317
0.0027053898
0.0026790716
0.0026542045
0.0026307783
0.0026085638
0.0025871447
0.0025662536
0.0025454266
0.0025240241
0.0025015049
0.0024774131
0.0024511117
0.0024221938
0.0023904878
0.0023557342
0.0023179603
0.002277416
0.0022342723
0.0021888151
0.0021414321
0.0020923523
0.0020417609
0.001989858
0.001936792
0.0018826742
0.001827606
0.0017717845
0.0017154356
0.0016589557
0.0016029039
0.0015475678
0.0014928881
0.0014384195
0.0013832556
0.0013255936
0.0012648866
0.0011953984
0.0011358336
0.0010188398
0.0012905401
-0.00036776963
0.0058936813
0.0059274766
0.0059546512
0.005974256
0.00598501
0.0059862503
0.0059771735
0.0059566926
0.0059238397
0.0058779336
0.0058186122
0.0057459704
0.0056606615
0.0055638642
0.0054571899
0.0053425688
0.0052221151
0.0050979822
0.0049722424
0.0048468573
0.004723571
0.0046038827
0.0044891139
0.0043805233
0.004279253
0.004186142
0.0041016414
0.0040258287
0.003958395
0.0038986031
0.0038452594
0.0037968499
0.003751786
0.0037085449
0.0036658482
0.0036228816
0.0035793674
0.0035354143
0.0034913427
0.0034475267
0.0034042199
0.0033615153
0.0033194291
0.0032779354
0.0032370303
0.003196778
0.0031571914
0.0031182067
0.0030796964
0.0030416122
0.0030040632
0.0029671508
0.0029308886
0.0028953287
0.0028606893
0.002827205
0.0027949521
0.0027639698
0.0027344278
0.0027064831
0.0026800518
0.0026550574
0.0026314805
0.0026090983
0.002587511
0.0025664389
0.0025454292
0.0025238576
0.0025011823
0.0024769472
0.0024505345
0.0024215332
0.0023897649
0.0023549832
0.002317205
0.0022766649
0.0022335369
0.0021881055
0.0021407485
0.002091687
0.0020411031
0.0019891921
0.0019360339
0.0018817417
0.0018265078
0.001770608
0.001714378
0.0016581582
0.0016022886
0.0015469329
0.0014920408
0.0014372409
0.0013817048
0.0013236807
0.001262614
0.0011927882
0.0011326199
0.0010157499
0.0012739204
-0.00034893287
0.0058554995
0.0058869208
0.0059124935
0.005931016
0.0059410281
0.00594183
0.0059327233
0.0059127326
0.0058809396
0.0058366959
0.0057796665
0.0057099237
0.0056280362
0.0055350583
0.0054324548
0.0053220021
0.0052056694
0.0050854886
0.0049634413
0.0048414135
0.0047211098
0.0046040203
0.0044914654
0.0043846814
0.0042847817
0.0041926009
0.0041086101
0.0040329176
0.0039652584
0.0039049596
0.0038509234
0.0038017429
0.0037559214
0.0037120182
0.0036688149
0.0036255112
0.0035817997
0.0035377451
0.0034936241
0.0034497714
0.0034064209
0.0033636634
0.0033215168
0.0032799628
0.0032390005
0.0031986855
0.0031590294
0.0031199758
0.0030814074
0.003043279
0.0030056872
0.00296873
0.002932431
0.0028968435
0.0028621692
0.0028286351
0.0027963236
0.0027652773
0.0027356539
0.0027076043
0.0026810564
0.0026559308
0.0026321998
0.0026096456
0.0025878858
0.0025666282
0.0025454315
0.0025236863
0.0025008512
0.0024764693
0.0024499413
0.0024208543
0.0023890228
0.0023542108
0.0023164258
0.0022758903
0.0022327804
0.0021873739
0.0021400352
0.0020909859
0.0020404118
0.0019885071
0.0019353506
0.0018810489
0.0018257847
0.0017697747
0.0017133555
0.001656938
0.0016009248
0.0015455442
0.0014907167
0.0014359184
0.0013802206
0.0013218691
0.0012603432
0.0011900128
0.0011290586
0.0010125069
0.0012547945
-0.00032793161
0.0058174883
0.0058466195
0.0058705491
0.0058879115
0.0058971401
0.005897503
0.0058883703
0.0058688593
0.0058381032
0.0057954833
0.0057406841
0.0056737571
0.0055951961
0.0055059407
0.0054073189
0.0053009618
0.0051886987
0.0050724416
0.0049540795
0.0048354224
0.0047181307
0.0046036773
0.0044933759
0.0043884415
0.0042899604
0.0041987613
0.0041153329
0.0040398144
0.0039719839
0.0039112314
0.0038565506
0.0038066385
0.0037600898
0.0037155443
0.0036718423
0.0036282004
0.0035842865
0.0035401243
0.0034959479
0.0034520554
0.0034086602
0.0033658501
0.0033236444
0.003282031
0.0032410117
0.0032006345
0.00316091
0.0031217877
0.0030831612
0.0030449878
0.0030073534
0.0029703511
0.0029340143
0.0028983975
0.002863687
0.0028301022
0.0027977303
0.0027666176
0.0027369105
0.0027087536
0.0026820856
0.0026568251
0.0026329361
0.0026102061
0.002588269
0.0025668215
0.0025454336
0.0025235103
0.0025005112
0.0024759791
0.0024493323
0.0024201569
0.0023882602
0.0023534157
0.0023156228
0.0022750921
0.0022320003
0.0021866179
0.0021392975
0.0020902624
0.0020396979
0.0019877934
0.0019346306
0.0018803186
0.0018250408
0.0017690117
0.0017125524
0.001656057
0.0015998773
0.0015442301
0.0014890929
0.0014340003
0.0013780678
0.0013195336
0.0012577784
0.0011870933
0.0011254284
0.0010094045
0.0012335156
-0.00030462573
0.005779619
0.0058065483
0.0058288209
0.0058449718
0.0058533841
0.0058533042
0.005844146
0.0058251021
0.0057953569
0.0057543192
0.0057016869
0.0056374921
0.0055621617
0.0054765304
0.0053817985
0.0052794598
0.0051712099
0.0050588425
0.0049441524
0.004828874
0.0047146181
0.0046028345
0.0044948242
0.0043917812
0.0042947661
0.0042046003
0.0041217885
0.0040464993
0.0039785533
0.0039174022
0.003862127
0.0038115252
0.003764282
0.0037191159
0.0036749251
0.0036309456
0.0035868252
0.00354255
0.003498313
0.0034543775
0.0034109369
0.0033680746
0.0033258109
0.0032841392
0.0032430631
0.0032026244
0.0031628329
0.0031236423
0.0030849576
0.0030467386
0.0030090617
0.0029720144
0.0029356387
0.0028999908
0.0028652432
0.0028316064
0.0027991722
0.0027679906
0.0027381979
0.0027099311
0.0026831393
0.0026577404
0.0026336891
0.0026107798
0.0025886609
0.002567019
0.0025454356
0.0025233295
0.0025001622
0.0024754763
0.0024487072
0.0024194405
0.0023874766
0.0023525977
0.0023147958
0.0022742695
0.0022311953
0.0021858365
0.0021385348
0.0020895145
0.0020389597
0.0019870551
0.0019338863
0.0018795631
0.0018242655
0.0017682071
0.001711704
0.0016551443
0.001598871
0.0015430888
0.0014877543
0.0014323694
0.0013760365
0.0013170337
0.0012547892
0.001183624
0.0011213236
0.0010065048
0.0012104331
-0.00027936701
0.0057418697
0.005766688
0.0057873106
0.0058022213
0.0058097943
0.0058092665
0.0058000806
0.0057814896
0.0057527268
0.0057132267
0.0056626969
0.0056011505
0.0055289541
0.0054468469
0.0053559106
0.0052575096
0.0051532111
0.0050446936
0.0049336569
0.004821759
0.0047105579
0.0046014736
0.00449579
0.0043946787
0.0042991759
0.0042100954
0.0041279551
0.0040529519
0.0039849479
0.0039234549
0.0038676378
0.0038163907
0.0037684878
0.003722725
0.0036780575
0.0036337426
0.003589413
0.0035450198
0.0035007177
0.0034567362
0.0034132496
0.0033703357
0.0033280155
0.0032862864
0.0032451543
0.0032046549
0.0031647976
0.0031255394
0.0030867966
0.0030485317
0.0030108118
0.0029737198
0.0029373046
0.0029016238
0.0028668381
0.0028331477
0.0028006495
0.0027693967
0.0027395162
0.002711137
0.0026842176
0.0026586769
0.0026344591
0.0026113667
0.0025890614
0.0025672206
0.0025454373
0.0025231437
0.002499804
0.0024749609
0.0024480657
0.0024187047
0.0023866716
0.0023517564
0.0023139442
0.0022734218
0.0022303646
0.0021850292
0.0021377465
0.002088741
0.0020381955
0.0019862908
0.001933116
0.0018787811
0.0018234633
0.0017673745
0.0017108251
0.001654194
0.0015978158
0.0015418869
0.0014863569
0.0014307234
0.0013740865
0.0013147184
0.0012520229
0.0011803107
0.001117148
0.0010041573
0.0011862933
-0.00025319854
0.005704224
0.0057270239
0.00574602
0.0057596803
0.0057664009
0.0057654207
0.0057562028
0.0057380492
0.0057102382
0.0056722292
0.0056237363
0.0055647539
0.0054955947
0.0054169105
0.0053296731
0.0052351252
0.0051347118
0.0050299987
0.0049225912
0.0048140699
0.0047059368
0.0045995775
0.0044962532
0.0043971122
0.0043031675
0.004215224
0.0041338109
0.0040591513
0.0039911481
0.0039293719
0.0038730676
0.0038212219
0.0037726964
0.0037263629
0.0036812326
0.0036365866
0.003592046
0.0035475311
0.0035031601
0.0034591299
0.0034155968
0.0033726322
0.0033302568
0.0032884717
0.0032472845
0.0032067255
0.0031668034
0.0031274788
0.0030886782
0.0030503669
0.0030126036
0.0029754674
0.0029390119
0.0029032965
0.0028684716
0.0028347264
0.0028021622
0.002770836
0.0027408654
0.0027123712
0.0026853205
0.0026596344
0.0026352462
0.002611967
0.0025894705
0.0025674262
0.0025454387
0.0025229529
0.0024994364
0.0024744326
0.0024474076
0.0024179493
0.0023858448
0.0023508914
0.0023130675
0.0022725482
0.0022295076
0.0021841953
0.0021369318
0.0020879409
0.0020374046
0.0019854997
0.0019323185
0.0018779712
0.0018226321
0.0017665118
0.0017099146
0.00165321
0.0015967235
0.0015406422
0.0014849068
0.0014290106
0.0013720533
0.0013123086
0.0012491704
0.001176957
0.0011129157
0.0010021338
0.0011621947
-0.00022674971
0.005666671
0.0056875451
0.0057049509
0.0057173661
0.0057232304
0.0057217952
0.00571254
0.0056948072
0.0056679162
0.0056313499
0.0055848272
0.0055283243
0.005462105
0.0053867417
0.0053031046
0.005212322
0.0051157225
0.0050147632
0.0049109548
0.0048058004
0.0047007433
0.0045971299
0.0044961945
0.0043990607
0.0043067187
0.0042199636
0.0041393335
0.0040650762
0.0039971342
0.0039351349
0.0038784
0.0038260047
0.0037768961
0.0037300199
0.0036844432
0.0036394721
0.0035947203
0.0035500808
0.0035056376
0.0034615567
0.0034179767
0.0033749624
0.0033325335
0.003290694
0.0032494526
0.0032088352
0.0031688495
0.0031294599
0.0030906021
0.0030522441
0.0030144372
0.002977257
0.0029407606
0.0029050091
0.0028701435
0.0028363425
0.0028037107
0.0027723085
0.0027422453
0.0027136338
0.0026864485
0.0026606125
0.0026360505
0.0026125808
0.0025898884
0.002567636
0.0025454398
0.0025227569
0.0024990594
0.0024738911
0.0024467326
0.0024171739
0.0023849958
0.002350002
0.0023121649
0.0022716481
0.0022286235
0.002183334
0.0021360896
0.0020871135
0.0020365862
0.001984681
0.001931493
0.0018771325
0.0018217712
0.0017656179
0.0017089708
0.0016521898
0.0015955915
0.0015393532
0.0014834069
0.0014272408
0.0013699536
0.0013098181
0.0012462153
0.0011734884
0.0011085086
0.00099969937
0.0011380128
-0.00020061732
0.0056292035
0.0056482442
0.0056641055
0.0056752934
0.005680306
0.0056784158
0.0056691179
0.0056517885
0.0056257846
0.0055906115
0.0055459916
0.0054918834
0.0054285067
0.0053563615
0.005276224
0.0051891159
0.0050962553
0.0049989936
0.0048987487
0.0047969456
0.004694967
0.0045941158
0.0044955958
0.004400504
0.0043098079
0.0042242918
0.0041445005
0.0040707049
0.0040028857
0.0039407252
0.003883618
0.0038307243
0.003781074
0.0037336856
0.0036876808
0.0036423926
0.0035974311
0.0035526652
0.0035081473
0.0034640143
0.0034203872
0.0033773243
0.0033348441
0.0032929519
0.0032516574
0.0032109829
0.003170935
0.0031314822
0.0030925677
0.0030541628
0.0030163123
0.0029790884
0.0029425506
0.0029067615
0.0028718536
0.0028379959
0.0028052949
0.0027738141
0.0027436557
0.0027149246
0.0026876014
0.0026616107
0.0026368722
0.0026132082
0.0025903151
0.0025678499
0.0025454405
0.0025225558
0.0024986728
0.0024733364
0.0024460406
0.0024163781
0.0023841242
0.0023490878
0.002311236
0.0022707208
0.0022277115
0.0021824445
0.0021352193
0.0020862577
0.0020357393
0.0019838335
0.0019306383
0.0018762639
0.0018208794
0.0017646915
0.0017079924
0.0016511322
0.0015944182
0.001538018
0.0014818544
0.0014254107
0.0013677841
0.0013072471
0.0012431644
0.0011699143
0.0011039344
0.00099681886
0.0011138501
-0.00017495805
0.0055918181
0.005609117
0.0056234866
0.005633475
0.0056376481
0.0056353061
0.0056259602
0.0056090167
0.0055838665
0.0055500362
0.005507251
0.0054554531
0.0053948216
0.005325791
0.0052490512
0.005165524
0.0050763229
0.0049826979
0.0048859753
0.0047875022
0.0046885989
0.0045905216
0.0044944399
0.0044014225
0.0043124138
0.0042281863
0.0041492896
0.0040760158
0.004008382
0.0039461234
0.003888704
0.0038353649
0.0037852166
0.0037373485
0.0036909363
0.0036453413
0.0036001731
0.0035552801
0.003510686
0.0034665
0.0034228259
0.003379716
0.0033371867
0.0032952437
0.0032538973
0.0032131674
0.0031730591
0.0031335448
0.0030945746
0.0030561227
0.0030182286
0.0029809613
0.0029443814
0.0029085534
0.0028736019
0.0028396864
0.0028069149
0.002775353
0.0027450967
0.0027162434
0.0026887788
0.0026626292
0.002637711
0.002613849
0.0025907505
0.002568068
0.0025454409
0.0025223495
0.0024982764
0.0024727681
0.0024453312
0.0024155616
0.0023832295
0.0023481483
0.0023102801
0.0022697656
0.0022267711
0.0021815259
0.0021343198
0.0020853728
0.0020348629
0.0019829565
0.0019297534
0.0018753644
0.0018199555
0.0017637315
0.0017069781
0.0016500359
0.0015932022
0.001536635
0.0014802476
0.0014235183
0.0013655423
0.0013045922
0.0012400137
0.001166227
0.0010991893
0.00099349266
0.0010898297
-0.00014984123
0.0055545145
0.0055701615
0.0055830976
0.005591922
0.0055952742
0.0055924869
0.0055830888
0.0055665138
0.0055421838
0.0055096454
0.0054686269
0.0054190547
0.0053610714
0.0052950517
0.0052216062
0.0051415639
0.0050559394
0.0049658853
0.0048726386
0.0047774686
0.0046816318
0.0045863352
0.0044927109
0.0044017976
0.0043145158
0.0042316253
0.0041536786
0.0040809871
0.0040136023
0.0039513097
0.0038936395
0.00383991
0.0037893095
0.0037409964
0.0036941997
0.0036483102
0.0036029401
0.0035579208
0.0035132498
0.0034690106
0.0034252902
0.0033821351
0.0033395591
0.0032975675
0.0032561711
0.0032153873
0.0031752206
0.0031356468
0.0030966218
0.0030581231
0.0030201858
0.002982875
0.0029462528
0.0029103847
0.0028753881
0.0028414138
0.0028085702
0.002776925
0.002746568
0.0027175899
0.0026899806
0.0026636683
0.0026385667
0.002614503
0.0025911945
0.00256829
0.0025454407
0.0025221378
0.0024978701
0.0024721861
0.0024446042
0.0024147242
0.0023823113
0.002347183
0.0023092967
0.0022687818
0.0022258012
0.0021805775
0.0021333903
0.0020844577
0.0020339561
0.0019820487
0.0019288373
0.0018744328
0.0018189984
0.0017627366
0.0017059266
0.0016488992
0.0015919419
0.0015352024
0.0014785845
0.0014215615
0.0013632261
0.0013018511
0.0012367604
0.0011624211
0.0010942689
0.00098971047
0.00106605
-0.00012535678
0.0055172948
0.005531378
0.0055429424
0.0055506442
0.0055531997
0.005549977
0.0055405238
0.0055243001
0.0055007569
0.0054694598
0.0054301398
0.0053827095
0.0053272776
0.0052641651
0.0051939096
0.0051172541
0.0050351199
0.0049485665
0.0048587439
0.0047668445
0.00467406
0.0045815459
0.0044903941
0.0044016117
0.0043160942
0.0042345876
0.0041576457
0.0040855969
0.004018525
0.0039562635
0.0038984054
0.0038443423
0.0037933373
0.0037446163
0.0036974604
0.0036512909
0.0036057254
0.0035605819
0.0035158343
0.0034715424
0.0034277773
0.0033845789
0.0033419587
0.003299921
0.0032584767
0.0032176412
0.0031774183
0.0031377868
0.0030987084
0.0030601633
0.0030221829
0.0029848292
0.0029481642
0.0029122549
0.0028772119
0.0028431778
0.0028102606
0.0027785296
0.0027480695
0.002718964
0.0026912068
0.0026647283
0.0026394388
0.0026151699
0.002591647
0.0025685161
0.0025454399
0.0025219207
0.0024974538
0.0024715902
0.0024438594
0.0024138654
0.0023813693
0.0023461914
0.0023082851
0.0022677688
0.0022248013
0.0021795983
0.0021324299
0.0020835114
0.0020330179
0.0019811092
0.001927889
0.001873468
0.0018180069
0.0017617056
0.0017048366
0.0016477208
0.0015906357
0.0015337184
0.0014768634
0.0014195383
0.0013608331
0.0012990211
0.0012334016
0.0011584932
0.0010891675
0.00098545992
0.0010425051
-0.00010155388
0.0054801631
0.0054927686
0.0055030255
0.0055096508
0.005511438
0.0055077928
0.0054982831
0.0054823945
0.0054596053
0.0054294989
0.00539181
0.005346438
0.0052934615
0.0052331526
0.0051659822
0.0050926134
0.0050138801
0.0049307532
0.0048442982
0.0047556314
0.0046658794
0.0045761446
0.0044874765
0.0044008483
0.0043171301
0.0042370528
0.0041611695
0.0040898234
0.0040231288
0.0039609642
0.003902982
0.0038486437
0.0037972841
0.0037481941
0.0037007064
0.0036542737
0.0036085216
0.0035632574
0.0035184347
0.0034740913
0.0034302836
0.0033870444
0.0033443826
0.0033023019
0.003260812
0.0032199272
0.0031796505
0.0031399636
0.0031008332
0.0030622423
0.0030242194
0.0029868229
0.0029501151
0.0029141634
0.0028790728
0.0028449779
0.0028119856
0.0027801666
0.0027496007
0.0027203653
0.0026924571
0.0026658087
0.0026403268
0.0026158491
0.0025921078
0.0025687461
0.0025454385
0.0025216981
0.0024970275
0.0024709802
0.0024430967
0.0024129852
0.0023804029
0.0023451731
0.0023072447
0.0022667258
0.0022237704
0.0021785875
0.0021314375
0.002082533
0.0020320472
0.0019801368
0.0019269071
0.0018724688
0.0018169797
0.001760637
0.0017037066
0.0016464992
0.0015892819
0.0015321814
0.0014750823
0.0014174464
0.001358361
0.0012960996
0.0012299343
0.0011544406
0.0010838792
0.00098072775
0.0010191948
-7.8477984e-05
0.0054431253
0.005454337
0.0054633518
0.0054689497
0.0054700008
0.0054659487
0.005456383
0.0054408142
0.0054187466
0.0053897813
0.0053536565
0.0053102603
0.0052596441
0.0052020356
0.0051378449
0.0050676614
0.004992237
0.0049124584
0.0048293096
0.0047438322
0.0046570878
0.004570124
0.0044839463
0.0043994925
0.0043176057
0.0042390009
0.0041642287
0.0040936451
0.0040273921
0.0039653907
0.0039073494
0.0038527957
0.003801133
0.0037517151
0.0037039254
0.0036572483
0.0036113201
0.0035659406
0.0035210454
0.003476653
0.0034328052
0.0033895281
0.0033468279
0.0033047072
0.0032631749
0.0032222433
0.0031819155
0.0031421756
0.0031029948
0.003064359
0.0030262941
0.0029888553
0.0029521047
0.0029161097
0.0028809703
0.0028468136
0.0028137447
0.0027818354
0.0027511613
0.0027217936
0.0026937312
0.0026669093
0.0026412309
0.0026165398
0.0025925766
0.0025689801
0.0025454366
0.0025214701
0.002496591
0.0024703561
0.0024423157
0.002412083
0.0023794119
0.0023441275
0.002306175
0.0022656521
0.0022227078
0.0021775442
0.0021304123
0.0020815214
0.0020310429
0.0019791305
0.0019258906
0.001871434
0.0018159155
0.0017595295
0.001702535
0.0016452326
0.0015878787
0.0015305893
0.0014732389
0.0014152837
0.0013558073
0.0012930841
0.001226355
0.001150264
0.0010783999
0.00097549716
0.00099615928
-5.6176446e-05
0.0054061887
0.005416088
0.0054239266
0.0054285485
0.0054288982
0.0054244573
0.0054148375
0.0053995744
0.0053781973
0.0053503243
0.0053156977
0.0052741959
0.0052258459
0.0051708352
0.0051095187
0.0050424178
0.004970208
0.0048936961
0.0048137877
0.0047314517
0.0046476845
0.0045634786
0.0044797935
0.0043975304
0.0043175044
0.0042404131
0.0041668031
0.0040970408
0.0040312934
0.0039695217
0.0039114869
0.0038567788
0.0038048662
0.0037551636
0.0037071038
0.0036602036
0.0036141118
0.0035686239
0.0035236604
0.0034792222
0.0034353376
0.003392026
0.0033492911
0.0033071341
0.0032655624
0.0032245873
0.0031842113
0.0031444209
0.0031051917
0.0030665121
0.0030284059
0.0029909255
0.002954132
0.0029180929
0.0028829036
0.002848684
0.0028155373
0.0027835356
0.0027527506
0.0027232482
0.0026950287
0.0026680296
0.0026421511
0.002617242
0.0025930529
0.0025692177
0.0025454338
0.0025212364
0.0024961441
0.0024697175
0.0024415163
0.0024111587
0.0023783958
0.0023430542
0.0023050754
0.002264547
0.0022216126
0.0021764675
0.0021293531
0.0020804755
0.0020300038
0.001978089
0.0019248382
0.0018703622
0.001814813
0.0017583816
0.0017013204
0.0016439195
0.0015864244
0.0015289403
0.0014713314
0.0014130479
0.0013531695
0.0012899716
0.0012226601
0.0011459647
0.0010727284
0.00096975746
0.00097336535
-3.4681003e-05
0.0053693617
0.0053780273
0.0053847556
0.0053884541
0.0053881392
0.0053833294
0.0053736592
0.0053586889
0.0053379724
0.005311144
0.0052779509
0.0052382634
0.0051920866
0.0051395722
0.0050810247
0.005016903
0.0049478114
0.0048744814
0.0047977436
0.004718496
0.0046376707
0.0045562044
0.0044750098
0.0043949499
0.0043168108
0.0042412716
0.0041688729
0.0040999895
0.0040348114
0.0039733358
0.0039153736
0.0038605733
0.0038084654
0.0037585231
0.0037102272
0.0036631274
0.0036168869
0.0035712994
0.0035262731
0.0034817933
0.003437876
0.003394534
0.0033517685
0.0033095791
0.0032679718
0.0032269563
0.0031865353
0.0031466975
0.0031074221
0.0030687
0.0030305535
0.0029930321
0.002956196
0.0029201122
0.0028848719
0.0028505885
0.0028173625
0.0027852664
0.0027543683
0.0027247287
0.0026963491
0.0026691691
0.0026430875
0.0026179564
0.002593536
0.0025694585
0.0025454298
0.0025209968
0.0024956868
0.0024690643
0.0024406982
0.002410212
0.0023773542
0.0023419527
0.0023039452
0.0022634097
0.002220484
0.0021753563
0.0021282591
0.0020793942
0.0020289289
0.0019770111
0.0019237487
0.0018692522
0.0018136707
0.0017571919
0.0017000612
0.001642558
0.0015849171
0.0015272323
0.0014693575
0.0014107366
0.0013504451
0.0012867595
0.001218847
0.0011415363
0.0010668631
0.00096351592
0.0009507861
-1.4035116e-05
0.0053326533
0.0053401615
0.0053458446
0.0053486728
0.0053477312
0.0053425742
0.0053328588
0.0053181699
0.0052980851
0.0052722551
0.0052404324
0.0052024805
0.0051583856
0.0051082669
0.0050523836
0.0049911371
0.0049250658
0.0048548302
0.0047811896
0.0047049729
0.0046270493
0.0045482994
0.0044695885
0.0043917405
0.0043155111
0.0042415597
0.0041704194
0.004102471
0.0040379248
0.0039768117
0.0039189885
0.0038641586
0.0038119116
0.0037617763
0.0037132805
0.0036660068
0.0036196345
0.0035739579
0.0035288758
0.0034843599
0.003440415
0.0033970474
0.0033542559
0.0033120384
0.0032703995
0.0032293476
0.0031888852
0.003149003
0.0031096839
0.003070921
0.0030327353
0.0029951738
0.0029582953
0.0029221663
0.0028868741
0.002852526
0.0028192196
0.002787027
0.0027560134
0.0027262342
0.0026976917
0.0026703274
0.0026440396
0.0026186828
0.0025940251
0.0025697021
0.0025454243
0.0025207512
0.0024952187
0.0024683964
0.0024398613
0.0024092425
0.0023762867
0.0023408224
0.0023027838
0.0022622396
0.0022193211
0.0021742099
0.0021271291
0.0020782765
0.002027817
0.0019758956
0.0019226208
0.0018681025
0.0018124872
0.0017559588
0.0016987556
0.0016411465
0.0015833549
0.0015254632
0.001467315
0.0014083475
0.0013476315
0.0012834447
0.001214913
0.0011369648
0.0010608066
0.00095680476
0.00092843023
5.7041057e-06
0.0052960734
0.0053024975
0.0053071994
0.0053092105
0.005307681
0.0053021994
0.0052924454
0.0052780278
0.0052585473
0.0052336711
0.0052031571
0.0051668641
0.0051247614
0.0050769393
0.0050236161
0.0049651407
0.0049019904
0.0048347595
0.0047641389
0.0046908916
0.0046158248
0.0045397635
0.004463525
0.0043878932
0.0043135927
0.0042412619
0.0041714246
0.0041044658
0.0040406129
0.0039799279
0.0039223101
0.0038675142
0.0038151852
0.0037649053
0.0037162478
0.003668828
0.0036223429
0.0035765899
0.0035314605
0.0034869152
0.0034429485
0.0033995609
0.0033567486
0.0033145079
0.0032728419
0.0032317577
0.0031912579
0.0031513348
0.0031119748
0.003073173
0.0030349495
0.0029973488
0.0029604285
0.002924254
0.0028889092
0.0028544955
0.0028211074
0.0027888166
0.0027576851
0.0027277641
0.0026990558
0.002671504
0.0026450068
0.0026194211
0.00259452
0.0025699481
0.0025454172
0.0025204993
0.0024947399
0.0024677134
0.0024390052
0.0024082501
0.002375193
0.0023396628
0.0023015907
0.0022610357
0.0022181231
0.0021730271
0.002125962
0.0020771211
0.0020266668
0.0019747412
0.001921453
0.0018669118
0.0018112609
0.0017546807
0.0016974019
0.001639683
0.0015817357
0.001523631
0.0014652015
0.0014058781
0.0013447261
0.0012800243
0.0012108549
0.001132243
0.0010545604
0.00094965217
0.00090630854
2.4491243e-05
0.005259632
0.0052650428
0.0052688261
0.0052700727
0.0052679942
0.0052622117
0.0052524266
0.0052382714
0.0052193695
0.0051954038
0.005166139
0.0051314298
0.0050912314
0.0050456086
0.0049947423
0.0049389341
0.0048786048
0.0048142867
0.0047466063
0.0046762629
0.0046040035
0.0045305984
0.0044568164
0.004383401
0.0043110449
0.0042403642
0.004171872
0.0041059549
0.0040428556
0.0039826635
0.003925317
0.0038706189
0.003818266
0.0037678914
0.0037191121
0.0036715764
0.0036249997
0.0035791847
0.0035340183
0.0034894515
0.00344547
0.0034020688
0.0033592415
0.0033169831
0.003275295
0.0032341832
0.0031936502
0.0031536902
0.0031142923
0.0030754538
0.0030371941
0.0029995555
0.0029625939
0.0029263738
0.0028909756
0.0028564956
0.0028230248
0.002790634
0.0027593826
0.0027293175
0.0027004407
0.002672698
0.0026459879
0.0026201704
0.0025950209
0.0025701962
0.0025454081
0.0025202409
0.00249425
0.0024670152
0.0024381299
0.0024072343
0.0023740726
0.0023384736
0.0023003651
0.0022597975
0.0022168892
0.0021718071
0.0021247568
0.0020759269
0.002025477
0.0019735465
0.0019202441
0.0018656785
0.0018099904
0.0017533559
0.0016959985
0.0016381657
0.0015800576
0.0015217334
0.0014630149
0.0014033259
0.0013417261
0.0012764954
0.0012066694
0.0011273665
0.0010481216
0.00094207055
0.00088441103
4.2300653e-05
0.0052233396
0.005227805
0.0052307305
0.0052312641
0.0052286756
0.0052226162
0.0052128086
0.0051989081
0.0051805604
0.0051574639
0.0051293905
0.0050961924
0.0050578125
0.0050142931
0.0049657822
0.0049125377
0.0048549289
0.0047934301
0.0047286073
0.0046610989
0.0045915935
0.0045208074
0.0044494616
0.0043782586
0.0043078585
0.004238854
0.004171746
0.0041069207
0.0040446331
0.0039849975
0.003927988
0.0038734515
0.0038211335
0.0037707152
0.0037218561
0.0036742364
0.0036275915
0.003581731
0.0035365395
0.0034919607
0.0034479724
0.0034045647
0.003361729
0.0033194588
0.0032777542
0.0032366199
0.0031960585
0.0031560657
0.0031166334
0.0030777608
0.0030394668
0.0030017916
0.0029647896
0.002928524
0.002893072
0.0028585249
0.0028249704
0.0027924781
0.0027611046
0.0027308932
0.0027018454
0.0026739088
0.0026469828
0.0026209294
0.0025955272
0.002570446
0.0025453967
0.0025199759
0.002493749
0.0024663017
0.0024372351
0.0024061951
0.0023729252
0.0023372542
0.0022991066
0.0022585242
0.0022156183
0.0021705488
0.0021235124
0.0020746927
0.0020242465
0.0019723103
0.0019189925
0.0018644012
0.0018086739
0.0017519827
0.0016945434
0.0016365926
0.0015783185
0.0015197682
0.0014607525
0.0014006883
0.0013386288
0.001272855
0.0012023531
0.0011223307
0.0010414864
0.00093406432
0.0008627875
5.9101592e-05
0.0051872065
0.0051907915
0.0051929182
0.0051927894
0.0051897291
0.0051834171
0.0051735962
0.005159944
0.0051421275
0.0051198607
0.0050929229
0.0050611652
0.0050245204
0.0049830108
0.0049367549
0.0048859715
0.0048309824
0.0047722084
0.0047101584
0.0046454129
0.0045786042
0.0045103959
0.0044414616
0.0043724627
0.0043040262
0.0042367204
0.0041710323
0.0041073462
0.0040459267
0.0039869097
0.0039303018
0.0038759905
0.0038237668
0.0037733571
0.0037244614
0.0036767919
0.0036301042
0.0035842168
0.0035390139
0.0034944336
0.0034504477
0.0034070418
0.003364205
0.0033219297
0.0032802147
0.0032390636
0.0031984789
0.0031584579
0.003118995
0.0030800912
0.003041765
0.0030040549
0.0029670135
0.0029307026
0.0028951966
0.0028605819
0.0028269428
0.0027943474
0.0027628499
0.0027324901
0.0027032689
0.0026751353
0.0026479906
0.0026216974
0.0025960385
0.0025706971
0.0025453826
0.0025197039
0.0024932366
0.0024655726
0.0024363205
0.002405132
0.0023717505
0.0023360042
0.0022978145
0.0022572149
0.0022143096
0.0021692511
0.0021222275
0.0020734172
0.0020229737
0.001971031
0.0019176968
0.0018630783
0.0018073099
0.0017505594
0.0016930348
0.0016349616
0.0015765161
0.001517733
0.001458412
0.0013979626
0.0013354314
0.0012691001
0.001197903
0.0011171314
0.001034651
0.00092563706
0.00084149741
7.4885968e-05
0.0051512431
0.0051540101
0.0051553947
0.0051546526
0.0051511581
0.0051446176
0.0051347931
0.0051213836
0.0051040768
0.005082602
0.0050567462
0.0050263607
0.0049913696
0.0049517785
0.0049076792
0.0048592554
0.0048067854
0.0047506408
0.0046912769
0.0046292194
0.0045650466
0.0044993709
0.0044328191
0.0043660118
0.0042995423
0.0042339539
0.0041697185
0.0041072159
0.0040467183
0.0039883803
0.0039322375
0.0038782146
0.0038261446
0.0037757966
0.0037269093
0.0036792258
0.0036325228
0.0035866289
0.0035414301
0.0034968607
0.0034528876
0.0034094926
0.0033666628
0.0033243898
0.003282671
0.0032415092
0.003200907
0.0031608629
0.0031213736
0.0030824418
0.0030440859
0.0030063427
0.0029692632
0.0029329076
0.0028973473
0.0028626646
0.0028289402
0.0027962404
0.0027646172
0.0027341071
0.0027047101
0.0026763767
0.0026490101
0.0026224737
0.0025965547
0.0025709488
0.0025453654
0.0025194247
0.0024927126
0.0024648277
0.002435386
0.0024040448
0.0023705479
0.0023347229
0.0022964881
0.002255869
0.0022129623
0.0021679131
0.002120901
0.0020720991
0.0020216575
0.0019697072
0.0019163554
0.0018617081
0.0018058966
0.001749084
0.0016914706
0.0016332707
0.0015746481
0.0015156255
0.0014559909
0.0013951463
0.001332131
0.0012652274
0.0011933156
0.0011117643
0.001027612
0.00091679319
0.00082041493
8.9648656e-05
0.0051154595
0.0051174679
0.0051181652
0.005116857
0.0051129649
0.0051062197
0.0050964017
0.0050832304
0.0050664131
0.0050456943
0.0050208691
0.0049917898
0.0049583739
0.004920612
0.0048785729
0.0048324085
0.0047823579
0.0047287467
0.0046719809
0.0046125341
0.0045509333
0.0044877412
0.0044235388
0.0043589064
0.0042944032
0.004230547
0.0041677932
0.0041065154
0.004046991
0.0039893903
0.0039337746
0.0038801025
0.0038282458
0.0037780132
0.0037291803
0.0036815205
0.0036348315
0.0035889537
0.0035437762
0.0034992316
0.0034552829
0.0034119089
0.0033690953
0.0033268326
0.0032851175
0.0032439517
0.003203338
0.0031632763
0.0031237652
0.0030848091
0.0030464263
0.0030086522
0.0029715361
0.0029351365
0.0028995221
0.0028647711
0.0028309608
0.0027981554
0.0027664049
0.0027357425
0.0027061676
0.0026776318
0.0026500403
0.0026232574
0.0025970751
0.0025712007
0.0025453446
0.0025191378
0.0024921766
0.0024640667
0.0024344311
0.0024029332
0.0023693172
0.00233341
0.0022951268
0.0022544855
0.0022115753
0.0021665336
0.0021195318
0.0020707371
0.0020202963
0.0019683374
0.0019149667
0.0018602889
0.0018044322
0.0017475548
0.0016898488
0.0016315176
0.0015727124
0.0015134432
0.0014534864
0.0013922364
0.0013287247
0.0012612341
0.0011885876
0.0011062255
0.001020366
0.000907538
0.00079998571
0.00010331708
0.0050798656
0.0050811721
0.0050812344
0.0050794057
0.0050751513
0.0050682249
0.0050584236
0.0050454865
0.0050291399
0.0050091428
0.004985299
0.0049574625
0.0049255456
0.0048895265
0.0048494533
0.0048054498
0.0047577193
0.0047065458
0.0046522889
0.0045953737
0.004536278
0.004475517
0.0044136271
0.0043511486
0.0042886072
0.004226494
0.0041652468
0.0041052319
0.0040467289
0.0039899213
0.0039348931
0.0038816333
0.003830049
0.003779986
0.0037312547
0.0036836577
0.003637014
0.0035911765
0.0035460394
0.003501535
0.0034576236
0.003414282
0.0033714945
0.0033292511
0.0032875476
0.0032463853
0.0032057669
0.0031656935
0.0031261657
0.0030871892
0.0030487827
0.0030109802
0.0029738292
0.0029373866
0.0029017184
0.0028668991
0.0028330024
0.0028000906
0.0027682112
0.0027373949
0.00270764
0.0026788994
0.00265108
0.0026240476
0.0025975989
0.0025714521
0.0025453196
0.0025188428
0.0024916285
0.0024632893
0.0024334558
0.0024017969
0.0023680578
0.0023320648
0.00229373
0.0022530637
0.0022101476
0.0021651116
0.0021181185
0.0020693298
0.0020188887
0.0019669201
0.0019135291
0.0018588191
0.0018029148
0.0017459696
0.0016881674
0.0016297002
0.0015707064
0.0015111836
0.001450896
0.0013892304
0.0013252096
0.0012571168
0.0011837159
0.0011005111
0.0010129104
0.0008978762
0.0007795018
0.00011603025
0.0050444708
0.0050451293
0.0050446068
0.0050423012
0.0050377186
0.0050306335
0.0050208591
0.005008153
0.0049922595
0.0049729517
0.0049500422
0.0049233875
0.0048928962
0.0048585358
0.0048203368
0.0047783976
0.0047328894
0.0046840579
0.0046322201
0.0045777557
0.0045210958
0.0044627103
0.0044030922
0.0043427429
0.0042821542
0.0042217908
0.0041620717
0.0041033538
0.0040459174
0.0039899562
0.0039355738
0.0038827863
0.003831533
0.0037816939
0.0037331122
0.0036856185
0.0036390531
0.0035932822
0.0035482063
0.003503759
0.0034598993
0.0034166025
0.0033738521
0.0033316377
0.0032899546
0.0032488037
0.0032081878
0.0031681092
0.0031285702
0.003089578
0.0030511513
0.0030133232
0.0029761394
0.002939655
0.0029039337
0.0028690462
0.0028350629
0.0028020437
0.0027700343
0.0027390625
0.0027091257
0.0026801779
0.0026521281
0.0026248434
0.0025981252
0.0025717024
0.0025452899
0.0025185394
0.0024910677
0.0024624952
0.0024324595
0.0024006355
0.0023667694
0.0023306869
0.002292297
0.0022516028
0.0022086784
0.0021636459
0.0021166599
0.002067876
0.0020174332
0.0019654537
0.0019120409
0.0018572968
0.0018013427
0.0017443265
0.0016864241
0.001627816
0.0015686278
0.001508844
0.001448217
0.0013861252
0.0013215829
0.0012528725
0.0011786972
0.0010946177
0.0010052422
0.00088781332
0.00075983676
0.0001276276
0.0050092842
0.0050093459
0.0050082862
0.0050055454
0.0050006672
0.0049934453
0.0049837079
0.0049712299
0.0049557729
0.0049371236
0.0049151034
0.0048895722
0.0048604358
0.004827653
0.0047912388
0.0047512693
0.004707887
0.0046613027
0.004611794
0.0045596982
0.0045054029
0.0044493343
0.004391944
0.0043336952
0.0042750464
0.0042164353
0.0041582616
0.0041008714
0.0040445432
0.0039894789
0.0039357982
0.0038835414
0.0038326768
0.0037831158
0.0037347322
0.0036873836
0.003640931
0.0035952547
0.0035502626
0.0035058909
0.0034620987
0.0034188603
0.003376159
0.0033339842
0.0032923311
0.0032512003
0.0032105948
0.003170518
0.0031309738
0.0030919707
0.0030535279
0.0030156772
0.002978463
0.0029419385
0.0029061648
0.0028712095
0.0028371395
0.0028040125
0.0027718719
0.0027407433
0.002710623
0.002681466
0.0026531832
0.0026256434
0.0025986531
0.0025719507
0.0025452549
0.0025182269
0.0024904939
0.002461684
0.0024314421
0.0023994486
0.0023654515
0.0023292757
0.0022908271
0.002250102
0.0022071665
0.0021621353
0.0021151547
0.002066374
0.0020159283
0.0019639364
0.0019105003
0.0018557201
0.0017997136
0.0017426233
0.0016846168
0.0016258628
0.001566474
0.0015064218
0.0014454465
0.001382918
0.0013178413
0.0012484981
0.0011735282
0.0010885423
0.00099736008
0.0008773525
0.00074002366
0.00013835952
0.0049743142
0.0049738276
0.0049722761
0.0049691396
0.0049639969
0.0049566591
0.0049469685
0.0049347163
0.0049196802
0.0049016604
0.0048804867
0.0048560229
0.0048281736
0.0047968899
0.0047621739
0.0047240821
0.0046827309
0.0046382998
0.0045910302
0.0045412202
0.0044892164
0.0044354037
0.004380194
0.0043240133
0.0042672876
0.0042104274
0.0041538123
0.0040977763
0.0040425947
0.0039884743
0.0039355488
0.0038838792
0.0038334599
0.0037842308
0.0037360943
0.0036889333
0.0036426294
0.0035970774
0.0035521934
0.0035079175
0.0034642097
0.0034210446
0.0033784055
0.0033362819
0.0032946691
0.0032535678
0.0032129812
0.0031729138
0.0031333709
0.0030943625
0.0030559078
0.0030180382
0.0029807962
0.0029442335
0.0029084087
0.0028733861
0.0028392296
0.0028059944
0.0027737218
0.0027424353
0.00271213
0.0026827619
0.0026542438
0.0026264466
0.0025991815
0.0025721962
0.0025452138
0.0025179049
0.0024899067
0.0024608554
0.0024304031
0.002398236
0.0023641037
0.0023278307
0.0022893197
0.0022485603
0.0022056112
0.0021605789
0.0021136017
0.0020648226
0.0020143724
0.0019623667
0.0019089056
0.0018540873
0.0017980257
0.001740858
0.0016827431
0.0016238381
0.0015642425
0.0015039144
0.0014425818
0.001379606
0.0013139821
0.0012439905
0.0011682062
0.0010822802
0.00098927041
0.00086651831
0.000720762
0.00014810873
0.0049395686
0.0049385797
0.0049365793
0.0049330848
0.004927707
0.0049202734
0.004910639
0.0048986104
0.0048839807
0.0048665625
0.0048461946
0.0048227449
0.0047961173
0.0047662575
0.0047331558
0.0046968519
0.0046574391
0.0046150685
0.0045699486
0.0045223411
0.0044725544
0.0044209344
0.0043678552
0.0043137069
0.0042588835
0.0042037686
0.0041487213
0.0040940622
0.0040400614
0.0039869288
0.0039348091
0.0038837811
0.0038338621
0.0037850181
0.0037371776
0.0036902476
0.0036441297
0.0035987329
0.003553983
0.0035098245
0.0034662198
0.003423144
0.0033805811
0.0033385212
0.0032969601
0.0032558984
0.0032153398
0.0031752899
0.0031357554
0.0030967476
0.0030582861
0.0030204015
0.0029831348
0.002946536
0.0029106616
0.0028755727
0.0028413301
0.0028079866
0.0027755814
0.002744136
0.0027136445
0.0026840636
0.0026553082
0.0026272514
0.0025997091
0.0025724378
0.0025451658
0.0025175725
0.0024893054
0.0024600089
0.0024293421
0.002396997
0.0023627255
0.0023263511
0.0022877739
0.0022469769
0.002204011
0.0021589751
0.0021119993
0.00206322
0.0020127637
0.0019607426
0.0019072547
0.001852396
0.0017962767
0.0017390282
0.0016808005
0.0016217393
0.0015619304
0.0015013188
0.0014396198
0.0013761859
0.0013100019
0.0012393465
0.0011627272
0.0010758335
0.00098094787
0.00085549263
0.00070176189
0.00015688647
0.0049050546
0.0049036068
0.0049011982
0.0048973811
0.0048917962
0.0048842856
0.0048747165
0.0048629096
0.0048486725
0.0048318298
0.0048122289
0.0047897423
0.0047642741
0.0047357654
0.0047041972
0.0046695941
0.0046320292
0.004591628
0.004548569
0.0045030806
0.0044554356
0.0044059434
0.0043549419
0.0043027871
0.0042498417
0.0041964627
0.0041429881
0.0040897244
0.0040369348
0.0039848303
0.0039335638
0.0038832292
0.003833864
0.0037854573
0.0037379616
0.0036913066
0.0036454127
0.0036002038
0.0035556151
0.0035115973
0.0034681154
0.0034251464
0.003382675
0.0033406925
0.003299195
0.0032581838
0.0032176631
0.0031776395
0.0031381212
0.0030991205
0.0030606575
0.0030227621
0.0029854743
0.0029488421
0.0029129198
0.0028777658
0.0028434378
0.0028099861
0.0027774481
0.0027458431
0.0027151643
0.0026853694
0.0026563749
0.0026280564
0.0026002348
0.0025726747
0.0025451101
0.0025172293
0.0024886897
0.0024591441
0.0024282588
0.0023957316
0.0023613164
0.0023248366
0.0022861894
0.0022453511
0.0022023654
0.0021573232
0.0021103464
0.002061565
0.0020111009
0.0019590627
0.0019055461
0.0018506447
0.0017944648
0.0017371318
0.001678787
0.001619564
0.0015595354
0.0014986325
0.0014365579
0.0013726552
0.0013058982
0.0012345633
0.0011570898
0.0010691936
0.00097242702
0.0008441843
0.00068320337
0.00016469965
0.0048707788
0.0048689129
0.0048661344
0.0048620283
0.0048562625
0.0048486929
0.0048391975
0.0048276105
0.0048137529
0.0047974609
0.0047785901
0.004757018
0.0047326495
0.0047054224
0.0046753097
0.0046423232
0.004606518
0.0045679969
0.0045269111
0.0044834587
0.0044378793
0.0043904485
0.0043414698
0.0042912666
0.0042401713
0.0041885147
0.0041366138
0.0040847598
0.0040332079
0.0039821679
0.0039317989
0.0038822069
0.0038334468
0.0037855283
0.0037384258
0.0036920897
0.0036464589
0.0036014714
0.0035570729
0.0035132203
0.0034698825
0.0034270387
0.0033846753
0.0033427846
0.0033013638
0.0032604148
0.0032199426
0.0031799548
0.0031404608
0.0031014743
0.0030630157
0.0030251145
0.0029878094
0.0029511468
0.0029151788
0.0028799612
0.0028455487
0.0028119894
0.0027793184
0.0027475534
0.0027166867
0.0026866765
0.0026574415
0.0026288596
0.0026007566
0.0025729053
0.0025450454
0.0025168741
0.0024880586
0.0024582601
0.0024271522
0.0023944386
0.0023598757
0.0023232862
0.0022845647
0.0022436816
0.0022006727
0.0021556212
0.0021086411
0.0020598556
0.0020093818
0.0019573245
0.0019037772
0.0018488307
0.0017925871
0.0017351659
0.0016766994
0.0016173091
0.0015570541
0.001495852
0.0014333926
0.0013690102
0.0013016673
0.0012296375
0.0011512892
0.0010623671
0.00096366422
0.0008328562
0.00066514345
0.00017148055
0.0048367471
0.0048345016
0.0048313892
0.0048270255
0.0048211036
0.0048134917
0.004804078
0.0047927091
0.0047792188
0.0047634538
0.0047452782
0.0047245743
0.0047012486
0.0046752364
0.0046465043
0.0046150529
0.0045809218
0.0045441935
0.0045049947
0.0044634956
0.0044199056
0.0043744685
0.0043274558
0.0042791595
0.0042298833
0.0041799321
0.0041296016
0.0040791676
0.0040288756
0.0039789328
0.003929502
0.0038806988
0.0038325929
0.0037852122
0.0037385505
0.0036925774
0.0036472491
0.0036025178
0.0035583394
0.0035146779
0.0034715068
0.003428808
0.0033865701
0.0033447868
0.0033034567
0.0032625825
0.0032221701
0.0031822282
0.0031427675
0.0031038028
0.003065355
0.0030274533
0.0029901353
0.0029534457
0.0029174347
0.0028821553
0.0028476597
0.0028139935
0.0027811898
0.0027492646
0.0027182095
0.0026879833
0.0026585065
0.0026296597
0.0026012737
0.0025731289
0.0025449713
0.0025165067
0.002487412
0.002457357
0.0024260227
0.0023931185
0.0023584034
0.0023217
0.0022829
0.0022419681
0.0021989327
0.0021538689
0.0021068828
0.002058091
0.0020076054
0.0019555272
0.0019019469
0.0018469526
0.0017906424
0.0017331291
0.001674536
0.0016149727
0.0015544846
0.0014929753
0.0014301218
0.0013652489
0.0012973072
0.0012245669
0.0011453251
0.001055346
0.00095470518
0.00082131594
0.00064747619
0.00017732568
0.0048029643
0.0048003753
0.004796963
0.0047923712
0.0047863163
0.0047786777
0.0047693531
0.0047582007
0.0047450657
0.0047298055
0.0047122917
0.004692412
0.0046700748
0.0046452138
0.0046177902
0.0045877956
0.0045552557
0.0045202351
0.0044828386
0.0044432111
0.0044015343
0.0043580224
0.0043129172
0.004266481
0.0042189897
0.0041707231
0.0041219561
0.0040729481
0.0040239342
0.0039751171
0.0039266614
0.0038786901
0.0038312851
0.0037844897
0.0037383153
0.003692749
0.003647763
0.0036033232
0.0035593959
0.0035159527
0.003472972
0.0034304393
0.0033883454
0.0033466862
0.0033054616
0.0032646756
0.0032243351
0.0031844499
0.003145032
0.0031060974
0.0030676675
0.0030297711
0.002992445
0.0029557322
0.0029196811
0.0028843423
0.0028497652
0.0028159932
0.0027830574
0.0027509723
0.0027197287
0.0026892858
0.0026595664
0.0026304536
0.0026017832
0.0025733429
0.0025448853
0.0025161247
0.0024867478
0.0024564329
0.0024248683
0.0023917693
0.0023568976
0.0023200759
0.0022811932
0.0022402084
0.0021971427
0.0021520634
0.0021050686
0.002056268
0.0020057684
0.0019536671
0.0019000515
0.0018450068
0.0017886265
0.0017310172
0.0016722927
0.0016125506
0.0015518224
0.0014899979
0.0014267409
0.0013613666
0.0012928133
0.0012193473
0.0011391928
0.0010481331
0.00094552722
0.00080972177
0.00063044207
0.00018213931
0.0047694355
0.0047665368
0.0047628563
0.0047580639
0.0047518974
0.0047442467
0.0047350181
0.0047240802
0.0047112894
0.0046965126
0.0046796292
0.0046605319
0.0046391315
0.0046153608
0.0045891771
0.0045605637
0.0045295349
0.0044961393
0.0044604623
0.0044226259
0.0043827864
0.004341131
0.0042978734
0.0042532483
0.0042075049
0.0041608991
0.0041136846
0.0040661045
0.0040183827
0.003970716
0.0039232687
0.0038761692
0.0038295089
0.0037833445
0.0037377027
0.0036925864
0.0036479827
0.0036038704
0.0035602263
0.0035170296
0.0034742643
0.0034319196
0.0033899896
0.0033484721
0.003307369
0.0032666854
0.0032264297
0.0031866127
0.003147248
0.0031083524
0.0030699479
0.0030320633
0.0029947344
0.0029580029
0.0029219151
0.0028865194
0.0028518629
0.0028179865
0.0027849196
0.0027526751
0.002721243
0.0026905834
0.0026606208
0.0026312411
0.0026022851
0.0025735477
0.0025447881
0.0025157294
0.0024860673
0.0024554892
0.0024236906
0.0023903925
0.00235536
0.0023184155
0.0022794456
0.0022384038
0.002195304
0.0021502059
0.0021031994
0.0020543875
0.0020038716
0.0019517448
0.0018980915
0.0018429935
0.0017865398
0.0017288302
0.0016699693
0.0016100424
0.0015490672
0.0014869193
0.0014232494
0.0013573628
0.0012881851
0.0012139783
0.001132893
0.0010407278
0.00093615587
0.0007979849
0.00061380205
0.00018606583
0.004736163
0.0047329868
0.0047290678
0.0047241006
0.0047178425
0.0047101929
0.0047010663
0.004690341
0.0046778837
0.0046635701
0.004647287
0.0046289323
0.0046084195
0.0045856811
0.0045606712
0.0045333668
0.0045037718
0.0044719211
0.0044378827
0.0044017582
0.0043636808
0.0043238128
0.004282342
0.0042394772
0.0041954422
0.0041504698
0.0041047932
0.0040586391
0.0040122191
0.0039657231
0.0039193135
0.0038731218
0.0038272471
0.003781757
0.0037366914
0.0036920672
0.0036478854
0.0036041368
0.0035608085
0.0035178874
0.0034753634
0.0034332301
0.0033914846
0.0033501275
0.0033091625
0.0032685965
0.0032284393
0.0031887029
0.0031494022
0.0031105551
0.0030721843
0.0030343185
0.0029969926
0.0029602472
0.0029241266
0.0028886773
0.0028539438
0.0028199649
0.0027867683
0.0027543653
0.0027227453
0.0026918691
0.0026616631
0.0026320161
0.0026027738
0.0025737379
0.0025446748
0.0025153156
0.0024853658
0.0024545212
0.0024224849
0.0023889838
0.002353786
0.0023167142
0.0022776525
0.0022365493
0.0021934115
0.0021482908
0.0021012695
0.0020524435
0.0020019087
0.001949754
0.0018960604
0.0018409061
0.0017843754
0.0017265612
0.0016675588
0.001607441
0.0015462116
0.0014837322
0.00141964
0.0013532304
0.0012834159
0.0012084537
0.0011264198
0.0010331283
0.00092658685
0.00078618404
0.00059777883
0.00018904938
0.0043465106
0.004458338
0.0046318143
0.0048198488
0.0050298556
0.0052577823
0.0054983778
0.0057570555
0.0060391767
0.0064331564
0.0043465033
0.0044583217
0.0046317867
0.0048198001
0.0050297598
0.0052575916
0.0054979718
0.0057559438
0.0060348567
0.0063858916
0.0043464893
0.0044582917
0.004631736
0.0048197079
0.0050295769
0.0052572248
0.0054971819
0.0057538247
0.0060276323
0.0063467225
0.004346467
0.0044582449
0.0046316564
0.0048195625
0.0050292888
0.0052566465
0.0054959445
0.0057505893
0.0060182034
0.0063105884
0.0043464358
0.0044581793
0.004631545
0.0048193588
0.0050288858
0.005255838
0.0054942254
0.0057462946
0.0060064171
0.0062755924
0.0043463946
0.0044580935
0.0046313987
0.0048190914
0.0050283578
0.0052547797
0.0054919958
0.0057409245
0.0059927784
0.006241282
0.0043463427
0.0044579853
0.0046312143
0.0048187542
0.0050276934
0.005253451
0.005489225
0.0057344745
0.0059777145
0.0062072989
0.004346279
0.0044578528
0.004630988
0.0048183407
0.0050268804
0.0052518303
0.0054858825
0.0057269626
0.0059612961
0.0061735278
0.0043462025
0.0044576938
0.0046307162
0.0048178441
0.0050259063
0.005249896
0.0054819403
0.0057183972
0.0059436071
0.0061399282
0.0043461118
0.0044575059
0.0046303947
0.0048172569
0.0050247578
0.005247626
0.0054773718
0.0057087883
0.0059247372
0.0061064527
0.0043460058
0.0044572866
0.0046300192
0.0048165716
0.0050234211
0.005244998
0.0054721518
0.0056981485
0.0059047681
0.0060730541
0.0043458831
0.0044570333
0.0046295848
0.0048157798
0.0050218817
0.0052419894
0.0054662572
0.0056864925
0.0058837745
0.0060396913
0.0043457422
0.004456743
0.0046290868
0.0048148729
0.0050201245
0.0052385776
0.0054596666
0.0056738365
0.0058618251
0.0060063282
0.0043455816
0.0044564126
0.0046285197
0.0048138416
0.005018134
0.0052347402
0.0054523608
0.0056601982
0.0058389829
0.0059729337
0.0043453995
0.004456039
0.0046278778
0.0048126763
0.005015894
0.0052304547
0.0054443227
0.0056455969
0.0058153062
0.0059394814
0.0043451941
0.0044556186
0.0046271552
0.0048113667
0.0050133877
0.0052256991
0.0054355373
0.0056300534
0.0057908487
0.0059059495
0.0043449635
0.0044551477
0.0046263455
0.0048099021
0.0050105982
0.0052204517
0.0054259921
0.0056135898
0.0057656601
0.0058723209
0.0043447056
0.0044546224
0.004625442
0.0048082713
0.0050075079
0.0052146914
0.0054156767
0.0055962294
0.0057397864
0.0058385826
0.004344418
0.0044540385
0.0046244373
0.0048064624
0.0050040989
0.0052083978
0.0054045834
0.0055779967
0.0057132706
0.0058047254
0.0043440985
0.0044533915
0.0046233239
0.0048044633
0.0050003532
0.0052015515
0.0053927068
0.0055589172
0.005686153
0.0057707442
0.0043437444
0.0044526767
0.0046220938
0.004802261
0.0049962524
0.0051941338
0.0053800438
0.0055390174
0.0056584711
0.0057366368
0.0043433528
0.0044518892
0.0046207384
0.0047998423
0.0049917781
0.0051861273
0.0053665939
0.0055183248
0.0056302609
0.0057024041
0.0043429209
0.0044510236
0.0046192489
0.0047971934
0.0049869119
0.0051775158
0.0053523591
0.0054968677
0.0056015564
0.0056680497
0.0043424455
0.0044500743
0.0046176158
0.0047943001
0.0049816354
0.0051682847
0.0053373437
0.005474675
0.0055723901
0.0056335796
0.0043419231
0.0044490353
0.0046158291
0.0047911476
0.0049759303
0.0051584205
0.0053215542
0.0054517762
0.0055427935
0.0055990017
0.0043413501
0.0044479005
0.0046138786
0.0047877208
0.0049697789
0.0051479117
0.0053049996
0.0054282018
0.0055127969
0.0055643255
0.0043407225
0.0044466631
0.0046117532
0.0047840045
0.0049631635
0.0051367483
0.005287691
0.0054039822
0.0054824301
0.0055295623
0.0043400362
0.0044453162
0.0046094417
0.0047799827
0.0049560673
0.0051249224
0.0052696418
0.0053791486
0.0054517218
0.0054947245
0.0043392867
0.0044438526
0.0046069321
0.0047756395
0.0049484738
0.0051124277
0.0052508672
0.0053537324
0.0054207004
0.0054598255
0.0043384692
0.0044422644
0.0046042121
0.0047709587
0.0049403675
0.0050992602
0.0052313844
0.0053277653
0.0053893939
0.0054248795
0.0043375786
0.0044405436
0.004601269
0.004765924
0.0049317337
0.0050854176
0.0052112126
0.0053012792
0.0053578294
0.0053899014
0.0043366096
0.0044386818
0.0045980894
0.004760519
0.0049225587
0.0050709001
0.0051903724
0.0052743061
0.0053260341
0.0053549066
0.0043355562
0.00443667
0.0045946596
0.0047547273
0.0049128301
0.0050557097
0.0051688862
0.0052468779
0.0052940342
0.0053199107
0.0043344124
0.004434499
0.0045909656
0.0047485327
0.0049025364
0.0050398505
0.0051467776
0.0052190265
0.0052618558
0.0052849297
0.0043331716
0.0044321592
0.0045869929
0.0047419191
0.0048916678
0.005023329
0.0051240717
0.0051907837
0.0052295244
0.0052499794
0.0043318268
0.0044296404
0.0045827265
0.0047348709
0.0048802158
0.0050061533
0.0051007946
0.0051621811
0.005197065
0.0052150757
0.0043303705
0.0044269323
0.0045781515
0.0047273727
0.0048681733
0.0049883339
0.0050769733
0.0051332498
0.0051645018
0.0051802342
0.004328795
0.0044240239
0.0045732524
0.0047194097
0.0048555351
0.0049698832
0.0050526358
0.0051040206
0.0051318587
0.0051454702
0.0043270919
0.004420904
0.0045680137
0.0047109677
0.0048422975
0.0049508153
0.0050278107
0.0050745237
0.0050991585
0.0051107988
0.0043252523
0.004417561
0.0045624197
0.0047020332
0.0048284586
0.0049311461
0.0050025271
0.005044789
0.0050664234
0.0050762344
0.004323267
0.004413983
0.0045564547
0.0046925936
0.0048140183
0.0049108933
0.0049768144
0.0050148452
0.005033675
0.0050417909
0.004321126
0.0044101575
0.004550103
0.0046826372
0.0047989782
0.0048900761
0.0049507023
0.0049847207
0.0050009336
0.0050074816
0.004318819
0.0044060719
0.0045433489
0.0046721533
0.0047833418
0.0048687149
0.0049242205
0.0049544429
0.004968219
0.0049733191
0.0043163351
0.0044017133
0.004536177
0.0046611325
0.0047671145
0.0048468317
0.0048973986
0.0049240381
0.0049355496
0.0049393152
0.0043136626
0.0043970682
0.0045285722
0.0046495666
0.0047503033
0.0048244493
0.0048702661
0.0048935319
0.0049029431
0.0049054811
0.0043107896
0.0043921233
0.0045205197
0.0046374486
0.0047329171
0.0048015916
0.0048428519
0.0048629486
0.0048704161
0.004871827
0.0043077034
0.0043868646
0.0045120053
0.0046247733
0.0047149662
0.0047782832
0.0048151846
0.0048323113
0.0048379839
0.0048383622
0.0043043907
0.0043812781
0.0045030151
0.0046115367
0.004696463
0.0047545495
0.0047872922
0.0048016424
0.0048056609
0.0048050952
0.004300838
0.0043753496
0.004493536
0.0045977366
0.0046774207
0.0047304161
0.004759202
0.0047709626
0.0047734604
0.004772034
0.0042970306
0.0043690662
0.0044835558
0.004583373
0.0046578549
0.0047059091
0.0047309404
0.0047402915
0.0047413938
0.0047391839
0.0042927811
0.0043621388
0.0044726265
0.0045678265
0.0046369481
0.004680022
0.004701353
0.0047083753
0.0047081468
0.0047051958
0.00428755
0.0043537401
0.0044594706
0.0045493443
0.0046124354
0.0046500369
0.004667399
0.0046719773
0.0046703745
0.004666666
0.0042807398
0.0043430304
0.0044428398
0.0045263095
0.0045823862
0.0046137994
0.0046267988
0.0046287612
0.004625717
0.004621224
0.0042717942
0.0043293526
0.0044218367
0.0044976676
0.0045457439
0.0045703378
0.0045786837
0.0045779413
0.0045734412
0.0045681649
0.0042599255
0.004311866
0.0043954243
0.0044622215
0.0045013767
0.0045186888
0.0045222458
0.0045188162
0.0045129181
0.0045069155
0.0042440307
0.00428945
0.004362429
0.0044186991
0.00444818
0.0044580205
0.0044568686
0.0044508862
0.0044436847
0.0044370088
0.0042227166
0.0042607583
0.0043214546
0.0043657573
0.004385114
0.0043876549
0.004382141
0.0043739321
0.0043656898
0.0043585299
0.0041942064
0.0042240936
0.0042709488
0.0043021781
0.0043114323
0.0043072542
0.0042978963
0.0042877249
0.0042785425
0.0042709595
0.004156312
0.0041774672
0.004209385
0.0042270546
0.0042267966
0.0042169721
0.0042047911
0.0041934471
0.0041838566
0.0041761551
0.0041065031
0.0041187285
0.004135431
0.0041399289
0.0041312177
0.0041166513
0.0041019623
0.0040894016
0.0040793436
0.0040715666
0.0040421325
0.0040457974
0.0040481383
0.0040409774
0.004025989
0.0040090788
0.0039939292
0.0039815152
0.0039717033
0.003964149
0.0039609172
0.0039570263
0.0039471451
0.0039301763
0.0039094576
0.0038895243
0.0038729095
0.0038600159
0.0038502877
0.003843038
0.0038614222
0.0038519359
0.0038336021
0.003811928
0.0037911424
0.0037731176
0.0037582841
0.0037465181
0.0037374707
0.0037306781
0.0037441826
0.0037310242
0.0037056742
0.0036772353
0.0036518075
0.0036314829
0.003616087
0.0036046771
0.003596288
0.0035901513
0.0036121296
0.0036001937
0.003579529
0.0035590199
0.0035415589
0.0035268591
0.0035145812
0.0035047566
0.0034972449
0.003491649
0.0034692215
0.0034507551
0.0034199399
0.0033907197
0.0033691582
0.0033537885
0.0033423638
0.0033337975
0.0033275071
0.0033229584
0.0033328081
0.0033369918
0.0033338904
0.0033247871
0.0033133364
0.0033019544
0.003292165
0.0032844255
0.0032785237
0.0032740837
0.0031630261
0.0031220608
0.0030793056
0.0030492657
0.0030287188
0.0030138888
0.0030030994
0.0029953857
0.0029899158
0.0029860252
0.0047017781
0.004698344
0.004694206
0.0046890817
0.0046827477
0.0046751122
0.0046660975
0.0046555916
0.0046434708
0.0046296197
0.0046139323
0.0045963119
0.0045766749
0.0045549542
0.0045311014
0.004505088
0.0044769091
0.0044465868
0.0044141734
0.0043797512
0.0043434318
0.0043053539
0.0042656803
0.0042245945
0.0041822958
0.0041389934
0.0040949003
0.0040502255
0.0040051676
0.0039599081
0.0039146061
0.0038693942
0.0038243772
0.0037796322
0.0037352105
0.0036911421
0.0036474406
0.003604109
0.0035611442
0.0035185415
0.003476297
0.0034344091
0.0033928786
0.0033517091
0.0033109067
0.00327048
0.0032304405
0.0031908018
0.0031515799
0.0031127941
0.0030744677
0.0030366293
0.0029993132
0.0029625588
0.0029264086
0.0028909069
0.0028560961
0.0028220127
0.0027886824
0.0027561155
0.0027243006
0.0026931992
0.0026627396
0.0026328138
0.0026032726
0.0025739247
0.0025445437
0.0025148698
0.0024846177
0.0024534924
0.0024212049
0.0023874882
0.0023521137
0.0023149046
0.0022757426
0.002234571
0.0021913893
0.0021462414
0.0020992013
0.0020503576
0.0019998004
0.0019476139
0.0018938754
0.0018386592
0.0017820444
0.0017241168
0.0016649613
0.0016046382
0.0015431365
0.0014803031
0.0014157612
0.0013487956
0.0012783048
0.0012025405
0.0011195014
0.0010250172
0.00091642132
0.00077388808
0.00058145852
0.00019123986
0.0046628463
0.0046591533
0.0046547982
0.0046495231
0.0046431242
0.0046355192
0.0046266385
0.00461638
0.0046046305
0.0045912837
0.0045762415
0.0045594133
0.0045407187
0.0045200921
0.0044974829
0.0044728579
0.0044462035
0.0044175299
0.0043868733
0.0043542969
0.0043198903
0.0042837678
0.0042460664
0.004206943
0.0041665704
0.0041251329
0.0040828205
0.0040398227
0.0039963228
0.0039524915
0.0039084821
0.0038644268
0.0038204344
0.0037765898
0.0037329554
0.0036895736
0.003646471
0.0036036628
0.0035611569
0.0035189578
0.0034770688
0.0034354941
0.003394239
0.0033533108
0.0033127184
0.003272473
0.003232588
0.0031930788
0.0031539632
0.0031152615
0.003076998
0.0030392014
0.0030019053
0.0029651478
0.0029289696
0.0028934128
0.0028585172
0.002824317
0.002790836
0.0027580829
0.0027260461
0.0026946875
0.002663938
0.0026336932
0.0026038095
0.0025741036
0.0025443577
0.0025143216
0.0024837211
0.0024522715
0.0024196927
0.0023857248
0.0023501431
0.0023127715
0.0022734893
0.0022322339
0.002188997
0.0021438132
0.0020967475
0.00204788
0.0019972939
0.0019450679
0.0018912745
0.0018359837
0.0017792681
0.001721205
0.0016618678
0.001601302
0.00153948
0.0014762314
0.0014111636
0.001343549
0.0012722699
0.0011955711
0.0011113638
0.0010154914
0.00090459198
0.00075962868
0.00056411008
0.00019270961
0.0046169931
0.0046130386
0.0046084688
0.0046030523
0.0045966057
0.0045890565
0.0045803439
0.0045703764
0.0045590518
0.0045462743
0.0045319543
0.0045160078
0.0044983592
0.0044789444
0.0044577119
0.0044346242
0.0044096599
0.0043828174
0.0043541171
0.0043236028
0.0042913414
0.0042574219
0.004221954
0.0041850661
0.0041469024
0.0041076193
0.0040673811
0.0040263547
0.0039847045
0.0039425874
0.003900148
0.003857515
0.0038147991
0.0037720911
0.003729463
0.0036869691
0.0036446489
0.0036025304
0.0035606334
0.0035189725
0.0034775598
0.0034364065
0.0033955235
0.0033549227
0.0033146171
0.003274621
0.0032349502
0.0031956226
0.0031566579
0.003118078
0.0030799084
0.0030421778
0.0030049194
0.0029681698
0.002931968
0.0028963533
0.002861363
0.0028270287
0.0027933721
0.0027604003
0.0027281013
0.002696438
0.002665344
0.0026347194
0.0026044275
0.0025742942
0.0025441117
0.0025136416
0.0024826225
0.0024507818
0.0024178502
0.0023835761
0.0023477399
0.0023101665
0.0022707325
0.002229369
0.0021860582
0.0021408244
0.0020937215
0.0020448197
0.0019941936
0.0019419152
0.0018880509
0.0018326646
0.0017758215
0.0017175883
0.0016580244
0.0015971575
0.00153494
0.0014711815
0.0014054698
0.0013370627
0.0012648228
0.0011869865
0.0011013595
0.0010038224
0.00089014006
0.00074293994
0.00054180204
0.00019375602
0.0045635259
0.0045593172
0.0045545456
0.0045490064
0.0045425371
0.004535075
0.0045265679
0.0045169359
0.0045060885
0.0044939404
0.0044804114
0.0044654253
0.0044489116
0.004430809
0.004411066
0.0043896419
0.0043665087
0.004341654
0.0043150835
0.0042868224
0.0042569151
0.0042254254
0.0041924353
0.004158044
0.0041223654
0.0040855265
0.0040476632
0.0040089168
0.0039694298
0.0039293415
0.0038887842
0.0038478796
0.0038067364
0.0037654487
0.0037240953
0.0036827406
0.0036414358
0.0036002214
0.0035591291
0.0035181845
0.0034774095
0.0034368232
0.0033964437
0.0033562885
0.0033163754
0.0032767228
0.00323735
0.0031982778
0.0031595281
0.0031211251
0.0030830953
0.0030454682
0.0030082764
0.0029715552
0.0029353414
0.0028996721
0.0028645816
0.0028300988
0.002796243
0.0027630199
0.002730417
0.0026983987
0.0026669017
0.0026358317
0.0026050598
0.0025744224
0.0025437239
0.0025127394
0.0024812222
0.0024489142
0.0024155586
0.0023809139
0.0023447667
0.0023069436
0.0022673183
0.0022258149
0.0021824054
0.0021371017
0.0020899452
0.0020409941
0.0019903127
0.0019379644
0.0018840082
0.0018285002
0.0017714959
0.0017130493
0.001653203
0.0015919638
0.0015292603
0.0014648782
0.0013983826
0.0013290134
0.00125561
0.0011763975
0.0010890679
0.00098951529
0.00087275102
0.00072259892
0.00051828278
0.00019357147
0.0045019121
0.0044974812
0.0044925412
0.0044869163
0.004480465
0.0044731336
0.0044648789
0.0044556321
0.0044453147
0.0044338525
0.0044211752
0.0044072148
0.0043919068
0.0043751938
0.0043570255
0.0043373595
0.0043161627
0.004293414
0.0042691062
0.0042432475
0.0042158618
0.004186989
0.0041566845
0.0041250185
0.004092075
0.0040579505
0.0040227513
0.003986591
0.003949587
0.0039118579
0.0038735194
0.0038346819
0.003795448
0.0037559104
0.0037161511
0.0036762411
0.0036362409
0.0035962012
0.0035561651
0.003516169
0.0034762445
0.0034364199
0.0033967209
0.0033571719
0.0033177966
0.0032786182
0.0032396603
0.0032009473
0.0031625042
0.0031243575
0.0030865354
0.0030490682
0.0030119883
0.0029753298
0.0029391277
0.0029034165
0.0028682277
0.0028335873
0.0027995124
0.0027660073
0.0027330593
0.0027006344
0.0026686735
0.0026370883
0.0026057594
0.002574535
0.0025432333
0.0025116453
0.0024795411
0.0024466791
0.0024128174
0.0023777262
0.0023411998
0.0023030672
0.0022631997
0.002221514
0.0021779706
0.002132568
0.0020853327
0.0020363091
0.0019855494
0.0019331059
0.0018790284
0.0018233629
0.0017661532
0.0017074378
0.001647239
0.0015855392
0.0015222393
0.0014570972
0.0013896512
0.0013191208
0.0012443175
0.0011634559
0.0010740921
0.00097220814
0.00085179239
0.00069948924
0.00048790243
0.00019287958
0.0044316774
0.0044270658
0.0044220034
0.0044163379
0.0044099486
0.0044027922
0.0043948339
0.0043860159
0.004376271
0.0043655358
0.0043537503
0.0043408549
0.0043267923
0.0043115094
0.0042949585
0.0042770972
0.0042578897
0.0042373082
0.0042153355
0.0041919655
0.0041672046
0.0041410716
0.0041135976
0.0040848263
0.0040548134
0.0040236256
0.0039913398
0.0039580408
0.0039238194
0.0038887703
0.0038529891
0.0038165705
0.0037796058
0.0037421815
0.0037043773
0.0036662662
0.0036279135
0.0035893771
0.0035507087
0.0035119537
0.003473153
0.0034343434
0.0033955589
0.0033568311
0.00331819
0.0032796647
0.0032412837
0.0032030757
0.0031650692
0.0031272936
0.0030897793
0.0030525575
0.0030156609
0.0029791228
0.0029429764
0.002907254
0.0028719843
0.0028371909
0.0028028886
0.0027690804
0.0027357541
0.0027028777
0.0026703967
0.0026382303
0.0026062694
0.0025743755
0.0025423827
0.0025100997
0.0024773157
0.0024438077
0.0024093509
0.0023737293
0.0023367464
0.0022982351
0.0022580647
0.0022161443
0.0021724225
0.0021268827
0.0020795353
0.0020304086
0.0019795399
0.0019269689
0.0018727328
0.0018168656
0.0017593962
0.0017003443
0.0016397087
0.0015774435
0.0015134177
0.0014473571
0.00137877
0.0013068517
0.001230384
0.0011475681
0.0010558315
0.00095123316
0.00082698545
0.00067221234
0.00045576133
0.00019038638
0.0043529826
0.0043482546
0.0043431305
0.0043374872
0.0043312213
0.0043242968
0.0043166865
0.004308343
0.0042992101
0.0042892348
0.0042783666
0.0042665551
0.0042537499
0.0042399036
0.004224972
0.0042089146
0.0041916947
0.004173281
0.0041536492
0.0041327828
0.0041106745
0.0040873257
0.0040627476
0.004036961
0.0040099963
0.0039818938
0.0039527024
0.0039224793
0.0038912883
0.0038591989
0.003826284
0.0037926188
0.0037582789
0.0037233387
0.0036878706
0.0036519431
0.003615621
0.0035789646
0.0035420295
0.003504867
0.0034675247
0.0034300463
0.0033924728
0.0033548426
0.003317192
0.0032795559
0.0032419681
0.0032044618
0.0031670695
0.0031298239
0.0030927577
0.0030559037
0.0030192949
0.0029829644
0.0029469442
0.0029112644
0.0028759517
0.0028410273
0.0028065044
0.0027723852
0.0027386581
0.0027052943
0.0026722444
0.0026394359
0.0026067714
0.0025741272
0.0025413547
0.0025082824
0.0024747203
0.0024404666
0.0024053155
0.0023690669
0.0023315356
0.0022925596
0.0022520076
0.0022097815
0.0021658179
0.0021200842
0.0020725732
0.0020232951
0.0019722703
0.0019195223
0.0018650737
0.0018089428
0.0017511402
0.0016916639
0.0016304851
0.0015675254
0.0015026182
0.0014354536
0.0013655061
0.0012919452
0.0012135214
0.0011284274
0.0010339695
0.00092635011
0.00079812549
0.00064132044
0.0004226863
0.00018440473
0.004265261
0.0042604949
0.0042553844
0.0042498264
0.0042437392
0.004237096
0.0042298758
0.0042220396
0.0042135409
0.0042043365
0.0041943853
0.0041836452
0.0041720733
0.0041596279
0.0041462696
0.0041319609
0.0041166666
0.0041003544
0.0040829962
0.004064569
0.004045056
0.0040244462
0.0040027355
0.0039799269
0.0039560305
0.0039310641
0.0039050528
0.0038780289
0.0038500311
0.0038211041
0.0037912977
0.0037606653
0.0037292634
0.0036971503
0.0036643851
0.0036310267
0.0035971329
0.0035627601
0.0035279626
0.0034927926
0.0034572996
0.003421531
0.0033855318
0.0033493452
0.0033130122
0.0032765727
0.0032400647
0.0032035258
0.0031669921
0.0031304994
0.0030940828
0.0030577769
0.0030216156
0.0029856317
0.0029498565
0.0029143188
0.0028790436
0.0028440504
0.0028093514
0.0027749487
0.0027408321
0.0027069764
0.0026733384
0.0026398551
0.0026064413
0.0025729895
0.0025393698
0.002505432
0.0024710087
0.0024359208
0.0023999838
0.0023630155
0.0023248439
0.0022853145
0.0022442963
0.0022016857
0.0021574075
0.0021114133
0.002063677
0.0020141893
0.001962951
0.0019099671
0.0018552418
0.0017987742
0.0017405534
0.0016805512
0.0016187079
0.0015549091
0.001488949
0.001420479
0.0013489381
0.0012734698
0.0011927971
0.0011051128
0.0010076432
0.00089679143
0.0007648019
0.00060668501
0.00038888085
0.00017470373
0.004170446
0.0041657042
0.0041606709
0.0041552672
0.0041494207
0.0041431081
0.0041363144
0.0041290094
0.0041211555
0.0041127177
0.004103663
0.0040939573
0.0040835647
0.0040724496
0.0040605777
0.0040479158
0.0040344315
0.0040200939
0.0040048742
0.0039887465
0.0039716884
0.0039536815
0.0039347116
0.0039147693
0.00389385
0.0038719544
0.003849089
0.0038252658
0.0038005023
0.0037748213
0.0037482506
0.0037208225
0.0036925734
0.0036635428
0.0036337731
0.0036033087
0.0035721955
0.0035404801
0.0035082094
0.0034754303
0.0034421892
0.0034085316
0.0033745024
0.0033401454
0.0033055032
0.0032706175
0.0032355289
0.0032002773
0.0031649011
0.0031294383
0.0030939258
0.0030583992
0.0030228932
0.0029874407
0.0029520725
0.0029168165
0.0028816966
0.0028467315
0.0028119329
0.0027773039
0.0027428364
0.0027085096
0.0026742874
0.0026401168
0.0026059262
0.0025716247
0.0025371021
0.0025022304
0.0024668664
0.0024308547
0.0023940339
0.0023562416
0.0023173212
0.0022771276
0.0022355328
0.0021924294
0.0021477321
0.0021013773
0.0020533201
0.0020035307
0.0019519883
0.0018986766
0.001843578
0.0017866688
0.0017279127
0.0016672517
0.0016045917
0.0015397795
0.0014725681
0.0014025692
0.0013291872
0.001251543
0.0011683436
0.0010778031
0.0009771391
0.00086304139
0.00072789312
0.00056948597
0.00035585323
0.00016249973
0.0040659434
0.004061341
0.0040564817
0.004051304
0.0040457585
0.0040398288
0.0040335025
0.0040267547
0.0040195555
0.0040118775
0.0040036949
0.0039949803
0.0039857044
0.0039758375
0.0039653505
0.003954215
0.0039424026
0.0039298851
0.0039166353
0.0039026273
0.0038878369
0.0038722423
0.0038558239
0.0038385649
0.0038204515
0.0038014734
0.003781624
0.0037609005
0.0037393043
0.0037168408
0.0036935198
0.0036693548
0.0036443635
0.0036185673
0.0035919908
0.0035646617
0.0035366106
0.0035078702
0.0034784754
0.0034484623
0.0034178686
0.0033867326
0.0033550934
0.0033229902
0.0032904625
0.0032575497
0.0032242909
0.0031907248
0.0031568896
0.0031228228
0.003088561
0.0030541397
0.003019593
0.0029849534
0.0029502507
0.002915512
0.0028807605
0.0028460143
0.0028112856
0.0027765786
0.0027418884
0.0027071994
0.0026724829
0.0026376966
0.0026027826
0.0025676669
0.0025322595
0.002496455
0.002460134
0.0024231663
0.0023854141
0.0023467363
0.0023069936
0.0022660527
0.0022237912
0.0021801004
0.0021348875
0.0020880755
0.0020396022
0.0019894167
0.0019374761
0.0018837405
0.0018281677
0.0017707077
0.0017112954
0.0016498402
0.0015862114
0.0015202158
0.0014515656
0.001379835
0.0013043993
0.0012243674
0.001138453
0.0010449287
0.00094111032
0.00082407901
0.00068683144
0.00052952041
0.00032327265
0.00014783658
0.0039587064
0.0039542594
0.0039496017
0.0039446881
0.0039394709
0.0039339343
0.0039280704
0.0039218607
0.0039152817
0.0039083115
0.0039009302
0.0038931161
0.0038848458
0.003876095
0.0038668397
0.003857056
0.00384672
0.0038358071
0.003824293
0.0038121535
0.0037993655
0.0037859065
0.0037717554
0.0037568922
0.0037412986
0.0037249581
0.0037078565
0.0036899817
0.0036713245
0.0036518782
0.0036316393
0.003610607
0.003588784
0.0035661759
0.0035427914
0.0035186423
0.0034937435
0.0034681125
0.0034417694
0.0034147368
0.0033870395
0.0033587041
0.0033297592
0.0033002347
0.0032701616
0.0032395719
0.0032084986
0.0031769748
0.0031450341
0.0031127097
0.0030800348
0.0030470417
0.0030137618
0.002980225
0.0029464589
0.0029124889
0.0028783367
0.0028440199
0.0028095509
0.0027749356
0.0027401724
0.0027052508
0.0026701502
0.0026348386
0.0025992718
0.0025633926
0.0025271305
0.0024904022
0.0024531123
0.0024151551
0.0023764168
0.0023367787
0.0022961201
0.002254322
0.0022112701
0.0021668579
0.0021209881
0.0020735735
0.0020245365
0.0019738069
0.0019213195
0.0018670098
0.0018108093
0.0017526395
0.0016924041
0.0016299785
0.001565195
0.0014978223
0.0014275355
0.001353879
0.0012762115
0.0011936493
0.0011049505
0.0010085023
0.00090184668
0.00078256707
0.00064465132
0.00049008972
0.00029377829
0.00013379606
0.0038379122
0.0038337716
0.0038294406
0.0038248867
0.003820083
0.0038150193
0.0038096866
0.0038040693
0.0037981494
0.0037919105
0.003785337
0.0037784122
0.0037711169
0.0037634317
0.0037553369
0.0037468129
0.00373784
0.0037283977
0.003718465
0.0037080208
0.003697044
0.0036855137
0.0036734095
0.0036607113
0.0036473995
0.0036334554
0.0036188613
0.0036036007
0.0035876582
0.0035710202
0.0035536748
0.0035356119
0.0035168236
0.0034973041
0.0034770496
0.0034560592
0.003434334
0.0034118775
0.0033886961
0.003364798
0.0033401942
0.0033148977
0.0032889237
0.0032622895
0.003235014
0.003207118
0.0031786235
0.0031495537
0.0031199331
0.0030897865
0.0030591392
0.0030280164
0.0029964432
0.0029644436
0.0029320405
0.0028992548
0.0028661051
0.0028326066
0.0027987706
0.0027646036
0.0027301061
0.002695272
0.0026600874
0.0026245297
0.0025885668
0.0025521567
0.0025152467
0.0024777736
0.0024396644
0.0024008364
0.0023611993
0.0023206562
0.0022791062
0.002236446
0.0021925726
0.0021473851
0.0021007859
0.002052682
0.0020029842
0.0019516063
0.0018984633
0.0018434673
0.0017865239
0.0017275265
0.001666348
0.0016028312
0.0015367749
0.0014679152
0.0013959002
0.001320258
0.0012403517
0.0011553365
0.0010640646
0.00096510697
0.00085635393
0.00073597196
0.0005991322
0.0004490699
0.00026455001
0.00011873262
0.0037258659
0.0037219622
0.0037179014
0.0037136639
0.00370922
0.0037045577
0.0036996707
0.0036945477
0.0036891748
0.0036835389
0.0036776281
0.0036714289
0.0036649264
0.0036581045
0.0036509477
0.00364344
0.0036355651
0.0036273062
0.0036186456
0.0036095653
0.0036000471
0.0035900725
0.0035796229
0.0035686796
0.0035572239
0.0035452374
0.0035327016
0.0035195985
0.0035059107
0.0034916213
0.0034767142
0.0034611741
0.0034449869
0.0034281396
0.0034106206
0.0033924197
0.0033735283
0.0033539393
0.0033336476
0.0033126498
0.0032909442
0.0032685312
0.003245413
0.0032215936
0.0031970791
0.0031718771
0.0031459968
0.0031194491
0.003092246
0.0030644007
0.0030359275
0.0030068411
0.0029771566
0.002946889
0.002916053
0.0028846623
0.0028527295
0.002820265
0.0027872768
0.0027537698
0.002719745
0.0026851989
0.0026501226
0.0026145014
0.0025783135
0.0025415296
0.0025041126
0.002466017
0.0024271891
0.0023875671
0.0023470816
0.002305656
0.0022632076
0.0022196485
0.0021748874
0.0021288305
0.0020813831
0.0020324499
0.0019819345
0.0019297389
0.0018757616
0.0018198953
0.0017620229
0.0017020125
0.0016397108
0.0015749337
0.0015074546
0.0014369888
0.0013631732
0.0012855416
0.0012034912
0.001116255
0.0010228332
0.00092204503
0.00081220829
0.00069209744
0.00055801817
0.00041397044
0.00024167502
0.00010787093
0.0035858719
0.0035824458
0.0035788766
0.0035751462
0.0035712448
0.0035671665
0.0035629029
0.0035584431
0.0035537765
0.0035488937
0.0035437853
0.0035384403
0.0035328463
0.0035269906
0.0035208605
0.003514443
0.0035077248
0.003500692
0.0034933297
0.0034856228
0.0034775558
0.0034691126
0.003460277
0.0034510323
0.0034413615
0.0034312473
0.0034206723
0.0034096189
0.0033980695
0.0033860065
0.0033734122
0.0033602695
0.0033465613
0.003332271
0.0033173824
0.0033018799
0.0032857486
0.0032689745
0.0032515444
0.0032334463
0.0032146691
0.003195203
0.0031750391
0.0031541701
0.0031325897
0.0031102932
0.003087277
0.0030635387
0.0030390771
0.0030138922
0.0029879849
0.0029613569
0.0029340107
0.002905949
0.0028771748
0.0028476911
0.0028175002
0.0027866037
0.0027550021
0.0027226941
0.0026896767
0.0026559443
0.0026214888
0.0025862988
0.0025503592
0.00251365
0.0024761465
0.002437818
0.0023986278
0.0023585331
0.0023174844
0.0022754257
0.0022322936
0.0021880169
0.0021425175
0.0020957114
0.0020475094
0.0019978179
0.001946538
0.0018935652
0.0018387874
0.0017820834
0.00172332
0.0016623474
0.0015989939
0.001533059
0.0014643036
0.001392439
0.0013171118
0.001237888
0.0011542311
0.0010654895
0.00097085309
0.00086942426
0.00075996335
0.00064178428
0.00051216983
0.00037544032
0.0002161859
9.482708e-05
0.0034876964
0.0034844862
0.0034811542
0.0034776944
0.0034740881
0.0034703245
0.0034663966
0.0034622962
0.0034580154
0.0034535469
0.0034488827
0.0034440136
0.0034389294
0.0034336192
0.0034280726
0.0034222788
0.0034162267
0.0034099046
0.0034033001
0.0033964002
0.0033891918
0.0033816609
0.0033737935
0.0033655749
0.00335699
0.0033480233
0.0033386589
0.0033288805
0.0033186715
0.0033080148
0.0032968933
0.0032852895
0.0032731858
0.0032605643
0.0032474074
0.0032336972
0.0032194162
0.0032045468
0.0031890717
0.0031729738
0.0031562366
0.0031388441
0.0031207809
0.0031020323
0.0030825843
0.003062424
0.0030415388
0.0030199158
0.0029975423
0.0029744067
0.002950498
0.0029258061
0.0029003214
0.002874035
0.0028469386
0.0028190243
0.0027902846
0.0027607124
0.0027303009
0.0026990436
0.0026669344
0.0026339664
0.0026001311
0.0025654178
0.0025298126
0.002493299
0.0024558574
0.0024174653
0.0023780962
0.0023377182
0.0022962915
0.0022537666
0.0022100857
0.0021651855
0.0021189985
0.002071452
0.0020224654
0.0019719498
0.0019198076
0.0018659331
0.0018102112
0.0017525161
0.0016927085
0.0016306327
0.0015661126
0.0014989465
0.0014289011
0.0013557043
0.0012790362
0.0011985206
0.0011137132
0.0010241014
0.00092907663
0.00082801448
0.0007200516
0.00060490757
0.00048047002
0.00035101932
0.00020223986
8.897735e-05
0.003319817
0.0033173111
0.0033146908
0.0033119461
0.0033090815
0.003306094
0.0033029727
0.0032997078
0.0032962932
0.0032927239
0.0032889939
0.0032850948
0.0032810177
0.0032767536
0.0032722935
0.0032676283
0.0032627485
0.003257644
0.0032523042
0.0032467177
0.003240873
0.003234758
0.0032283601
0.0032216663
0.0032146629
0.0032073358
0.0031996705
0.0031916517
0.0031832637
0.0031744904
0.0031653149
0.00315572
0.003145688
0.0031352005
0.0031242389
0.0031127838
0.0031008158
0.0030883147
0.00307526
0.0030616311
0.0030474068
0.0030325657
0.003017086
0.003000946
0.0029841234
0.0029665963
0.0029483422
0.0029293383
0.0029095618
0.0028889894
0.0028675979
0.0028453636
0.0028222625
0.0027982701
0.0027733611
0.002747509
0.0027206861
0.0026928613
0.0026640011
0.002634079
0.0026030851
0.0025710222
0.0025378972
0.0025037146
0.002468474
0.002432172
0.0023948053
0.0023563755
0.0023168891
0.0022763703
0.0022348353
0.0021922512
0.0021485378
0.0021035957
0.0020573381
0.002009692
0.0019605824
0.0019099214
0.0018576089
0.001803535
0.0017475818
0.001689622
0.0016295164
0.0015671119
0.0015022391
0.0014347089
0.0013643101
0.0012908053
0.0012139269
0.0011333747
0.0010488115
0.00095986968
0.00086613532
0.00076722642
0.00066260445
0.00055230255
0.00043480714
0.00031431087
0.000178785
7.7372562e-05
0.0032709165
0.0032683298
0.0032656557
0.0032628912
0.0032600171
0.0032570232
0.0032539046
0.0032506563
0.0032472726
0.0032437478
0.0032400752
0.0032362474
0.0032322564
0.0032280942
0.0032237528
0.0032192238
0.0032144981
0.0032095662
0.0032044181
0.0031990432
0.0031934307
0.0031875691
0.0031814465
0.0031750504
0.0031683677
0.003161385
0.0031540878
0.0031464615
0.0031384907
0.0031301592
0.0031214505
0.0031123473
0.0031028317
0.003092885
0.0030824882
0.0030716213
0.0030602638
0.0030483947
0.0030359923
0.0030230341
0.0030094974
0.0029953586
0.0029805936
0.0029651779
0.0029490865
0.0029322936
0.0029147735
0.0028965012
0.0028774517
0.0028576001
0.002836921
0.0028153892
0.0027929795
0.0027696668
0.0027454258
0.0027202317
0.0026940592
0.0026668831
0.0026386783
0.0026094213
0.0025790925
0.0025476754
0.0025151551
0.0024815168
0.0024467461
0.0024108292
0.0023737538
0.0023355107
0.002296093
0.0022555007
0.0022137336
0.0021707948
0.0021266725
0.0020813063
0.0020346005
0.0019864615
0.0019368081
0.0018855587
0.0018326209
0.0017778912
0.0017212575
0.0016625996
0.0016017882
0.0015386831
0.0014731322
0.0014049695
0.0013340145
0.0012600703
0.0011829227
0.0011023401
0.001018072
0.00092985621
0.00083740299
0.00074046375
0.00063863656
0.00053203169
0.00041918564
0.00030391373
0.00017407438
7.5936303e-05
0.0029833904
0.0029813292
0.0029791796
0.0029769241
0.002974567
0.0029721086
0.0029695422
0.0029668612
0.0029640606
0.0029611357
0.0029580809
0.0029548896
0.0029515547
0.0029480692
0.0029444262
0.0029406182
0.0029366375
0.0029324758
0.0029281244
0.0029235741
0.0029188155
0.0029138386
0.0029086331
0.0029031882
0.0028974926
0.0028915345
0.0028853017
0.0028787815
0.0028719605
0.002864825
0.0028573607
0.0028495527
0.0028413859
0.0028328442
0.0028239114
0.0028145705
0.0028048043
0.0027945949
0.002783924
0.002772773
0.0027611227
0.0027489537
0.0027362461
0.0027229799
0.0027091347
0.00269469
0.002679625
0.0026639192
0.0026475515
0.0026305014
0.0026127482
0.0025942714
0.0025750511
0.0025550676
0.0025343019
0.0025127356
0.0024903513
0.0024671337
0.0024430685
0.0024181346
0.0023922961
0.0023655053
0.0023377108
0.0023088627
0.0022789145
0.0022478219
0.002215539
0.0021820146
0.0021471923
0.0021110021
0.0020733808
0.0020343172
0.0019938287
0.0019518941
0.0019084351
0.0018633559
0.0018165725
0.0017680098
0.0017175886
0.0016652215
0.0016108129
0.0015542616
0.0014954608
0.0014342981
0.0013706549
0.0013044069
0.0012354245
0.0011635739
0.0010887184
0.0010107217
0.0009294494
0.00084477979
0.00075659408
0.0006648398
0.00056937093
0.00047052205
0.00036734387
0.00026346289
0.00014901164
6.4054097e-05
)
;

boundaryField
{
    inlet
    {
        type            zeroGradient;
    }
    top
    {
        type            zeroGradient;
    }
    outlet
    {
        type            fixedValue;
        value           uniform 0;
    }
    slipsurface
    {
        type            slip;
    }
    bottom
    {
        type            zeroGradient;
    }
    frontandback
    {
        type            empty;
    }
}


// ************************************************************************* //
