/*--------------------------------*- C++ -*----------------------------------*\
  =========                 |
  \\      /  F ield         | OpenFOAM: The Open Source CFD Toolbox
   \\    /   O peration     | Website:  https://openfoam.org
    \\  /    A nd           | Version:  12
     \\/     M anipulation  |
\*---------------------------------------------------------------------------*/
FoamFile
{
    format      ascii;
    class       volScalarField;
    location    "700";
    object      p;
}
// * * * * * * * * * * * * * * * * * * * * * * * * * * * * * * * * * * * * * //

dimensions      [0 2 -2 0 0 0 0];

internalField   nonuniform List<scalar> 
7480
(
0.005322419
0.0052834281
0.0051751439
0.0051426613
0.0051597205
0.0051941337
0.005241966
0.0053069743
0.0053955467
0.0055147227
0.0056851181
0.0059236751
0.0063923798
0.0068177036
0.0067599207
0.0063258168
0.0058585033
0.0054884396
0.005172851
0.0048906315
0.0046449401
0.0044348832
0.0042572595
0.004090514
0.0039237445
0.0037618242
0.0036086372
0.0034772867
0.003364769
0.0032576625
0.0031596431
0.003073926
0.0029995679
0.0029356518
0.0028806689
0.0028328522
0.0027906412
0.0027541338
0.0027221533
0.002692072
0.0026634608
0.0026364174
0.0026110825
0.0025861394
0.0025598249
0.0025319967
0.0025031059
0.0024743597
0.0024451149
0.0024142103
0.0023810623
0.002345214
0.0023083805
0.0022710312
0.0022319178
0.0021912198
0.0021500276
0.0021100565
0.0020706891
0.0020298546
0.0019880422
0.0019462784
0.0019056039
0.0018648499
0.001822782
0.0017805874
0.0017395229
0.0016986133
0.0016563507
0.0016134363
0.0015709265
0.0015280543
0.0014840022
0.0014395041
0.0013952495
0.0013505982
0.0013047296
0.0012584324
0.001211679
0.0011641705
0.0011157373
0.0010668689
0.001017613
0.00096705941
0.0009160552
0.00086441882
0.00081145492
0.00075831948
0.00070459825
0.00064965128
0.00059469926
0.00053922505
0.00048323898
0.00042780428
0.00037411759
0.0003200323
0.00028139946
0.00022268401
0.00036003111
-0.00024143854
0.005259894
0.0052212027
0.0051487316
0.0051269113
0.0051474771
0.0051860736
0.0052360883
0.0053020477
0.0053910226
0.0055102184
0.0056791229
0.0059147159
0.0063427077
0.006715898
0.0066577184
0.0062993491
0.0058864004
0.0055412392
0.0052386724
0.0049602603
0.004715419
0.0045011197
0.0043095943
0.0041288798
0.0039561541
0.0037925314
0.0036412642
0.0035093377
0.0033933866
0.0032849121
0.0031861613
0.0030997133
0.0030244744
0.0029593328
0.0029028607
0.0028534245
0.0028095528
0.0027715395
0.0027383381
0.0027071979
0.0026774754
0.0026492717
0.0026228688
0.0025970217
0.0025698064
0.0025410901
0.0025114477
0.0024820455
0.0024522078
0.00242077
0.0023871944
0.0023509942
0.0023138363
0.0022761905
0.002236808
0.0021958731
0.0021544705
0.0021143272
0.0020748054
0.0020338059
0.0019918253
0.0019498969
0.0019090647
0.0018681539
0.001825931
0.0017835872
0.0017423808
0.001701335
0.0016589404
0.0016159012
0.0015732742
0.0015302894
0.0014861298
0.0014415301
0.0013971786
0.0013524342
0.001306477
0.0012600968
0.0012132649
0.0011656818
0.0011171775
0.0010682415
0.0010189207
0.00096830544
0.00091724349
0.00086555221
0.00081253613
0.00075935133
0.00070558255
0.00065059056
0.00059559639
0.00054008195
0.00048405797
0.00042858711
0.00037486761
0.00032074945
0.00028207606
0.00022339384
0.00036086109
-0.00024084456
0.0052181911
0.0052040662
0.0051590013
0.0051373479
0.0051540527
0.0051919415
0.0052408685
0.0053053753
0.0053928084
0.0055102649
0.0056749846
0.0059036949
0.006270762
0.0065849219
0.0065458298
0.0062305716
0.0058389856
0.0054975686
0.0051985343
0.0049247134
0.0046831558
0.0044715268
0.0042825762
0.0041087059
0.0039447105
0.0037889991
0.0036454092
0.0035171223
0.0034024643
0.0032972739
0.0032010132
0.0031154946
0.0030408431
0.0029759514
0.002919407
0.0028696907
0.0028255321
0.0027868547
0.002752529
0.0027204423
0.0026898848
0.0026607853
0.0026335585
0.0026071241
0.0025794344
0.00255018
0.0025199481
0.0024899767
0.0024596758
0.0024275251
0.0023931675
0.0023565058
0.0023190336
0.0022811425
0.0022415298
0.0022003889
0.0021588097
0.0021185256
0.0020788691
0.0020377185
0.0019955794
0.0019535015
0.0019125346
0.0018714882
0.0018291279
0.0017866534
0.0017453264
0.001704164
0.0016616497
0.0016184937
0.0015757563
0.0015326648
0.0014884018
0.0014437046
0.0013992609
0.0013544271
0.0013083824
0.0012619199
0.0012150094
0.0011673515
0.0011187754
0.0010697712
0.0010203846
0.00096970518
0.00091858353
0.00086683507
0.0008137642
0.00076052794
0.00070670889
0.00065166859
0.00059662944
0.00054107167
0.00048500668
0.00042949661
0.00037574101
0.00032158478
0.00028288342
0.00022429118
0.00036177567
-0.00024011017
0.0051850761
0.0051842138
0.0051491832
0.0051293358
0.0051453763
0.005183393
0.0052327686
0.0052973621
0.0053843537
0.0055005987
0.0056607797
0.0058795755
0.0061954618
0.0064685129
0.006449435
0.0061697275
0.0058042324
0.0054772261
0.0051907764
0.0049271888
0.0046908207
0.0044819254
0.0042939134
0.0041210097
0.0039567526
0.0038000017
0.0036547034
0.0035239306
0.0034077006
0.0033023623
0.0032057018
0.00311941
0.0030445624
0.0029800463
0.0029243286
0.002875887
0.0028333802
0.0027955786
0.0027613502
0.0027296983
0.0026997377
0.0026709294
0.0026430377
0.0026154581
0.0025871312
0.0025574672
0.0025267803
0.002496373
0.0024657745
0.0024331571
0.0023982626
0.0023612993
0.0023236192
0.002285639
0.0022459489
0.0022047021
0.002162984
0.0021224359
0.0020825135
0.0020412208
0.0019989718
0.0019568018
0.0019157561
0.0018746173
0.0018321525
0.0017895821
0.0017481635
0.0017068979
0.0016642732
0.0016210107
0.0015781747
0.0015349876
0.0014906307
0.0014458443
0.0014013177
0.0013564031
0.0013102765
0.0012637356
0.0012167498
0.00116902
0.0011203744
0.0010713048
0.001021855
0.00097111271
0.00091993288
0.00086812841
0.00081500333
0.00076171652
0.00070784757
0.00065275892
0.00059767518
0.00054207417
0.00048596785
0.00043041826
0.00037662528
0.00032243012
0.00028370282
0.00022508209
0.0003626342
-0.00023941157
0.0051543355
0.0051614392
0.0051372986
0.0051247617
0.0051428233
0.0051813536
0.0052312547
0.0052956684
0.0053814948
0.0054953197
0.0056494989
0.0058544519
0.0061296449
0.0063659522
0.006356746
0.0061067052
0.0057672711
0.0054546073
0.0051778992
0.0049211623
0.0046877337
0.0044800422
0.004292676
0.004120349
0.0039568965
0.003801583
0.0036578103
0.0035283185
0.0034130759
0.0033083906
0.0032120062
0.0031256803
0.003050533
0.0029854228
0.0029288818
0.0028795639
0.0028361761
0.0027973141
0.002762374
0.0027307964
0.0027015018
0.0026737924
0.0026468274
0.0026197794
0.0025920735
0.002563228
0.0025332743
0.0025026192
0.0024710572
0.0024379369
0.0024028538
0.0023657452
0.0023278921
0.0022898191
0.0022501063
0.0022087866
0.0021668802
0.0021260151
0.0020858913
0.0020445499
0.0020022464
0.0019600016
0.0019188901
0.0018776897
0.0018351518
0.0017925265
0.0017510034
0.001709572
0.0016668185
0.0016234746
0.0015805718
0.0015373145
0.0014928831
0.0014480255
0.001403429
0.0013584372
0.0013122303
0.0012656139
0.0012185552
0.0011707555
0.0011220419
0.0010729092
0.0010233982
0.00097259285
0.00092135378
0.0008694918
0.00081631062
0.00076297232
0.00070905253
0.00065391373
0.0005987837
0.00054313744
0.00048698747
0.00043139638
0.00037756295
0.00032332699
0.00028456528
0.00022586046
0.00036348494
-0.00023861926
0.005125823
0.0051390801
0.0051255048
0.0051196391
0.0051383952
0.0051760335
0.0052254753
0.0052890561
0.0053731126
0.0054838258
0.0056310852
0.0058219021
0.0060628844
0.0062658035
0.0062621171
0.0060404084
0.0057273423
0.0054294234
0.0051624129
0.0049133547
0.0046847839
0.004479861
0.0042945241
0.0041238222
0.0039620434
0.0038085141
0.0036660874
0.0035372204
0.0034218866
0.0033169335
0.0032204307
0.0031338733
0.0030582574
0.0029925404
0.0029353228
0.0028853049
0.0028411743
0.0028015979
0.0027659991
0.0027336862
0.0027035359
0.0026749355
0.0026472212
0.0026196613
0.0025917707
0.0025632834
0.0025341789
0.0025042253
0.0024731418
0.0024407495
0.0024065665
0.0023703441
0.0023325891
0.0022938015
0.0022536448
0.0022121988
0.0021701876
0.0021292603
0.002089171
0.0020478714
0.0020054934
0.0019630748
0.0019218602
0.001880656
0.001838091
0.0017954071
0.0017537554
0.0017121647
0.0016693063
0.0016259121
0.0015829696
0.0015396583
0.0014951658
0.0014502598
0.0014055888
0.0013604825
0.001314184
0.0012675086
0.0012203944
0.0011725396
0.0011237698
0.0010745806
0.0010250083
0.00097414033
0.00092284338
0.00087092486
0.00081768798
0.00076429988
0.00071033004
0.00065513991
0.00059996215
0.00054426884
0.00048807353
0.00043243976
0.00037856318
0.00032428459
0.00028547887
0.00022668468
0.00036432773
-0.00023765655
0.0050993653
0.0051173271
0.005112687
0.005112591
0.0051323199
0.0051696077
0.0052190551
0.005282199
0.0053646446
0.0054720333
0.0056120353
0.0057887446
0.0060000386
0.0061734507
0.0061726881
0.0059765831
0.00568828
0.00540473
0.0051471477
0.0049057529
0.0046821803
0.004479768
0.0042961015
0.0041264674
0.0039658925
0.0038136397
0.0036721484
0.0035436874
0.0034283194
0.0033234031
0.003227142
0.0031406454
0.003064808
0.0029987354
0.0029410812
0.002890569
0.0028459296
0.0028059072
0.0027698418
0.0027370191
0.0027063986
0.002677364
0.0026492532
0.0026213104
0.0025930051
0.0025640346
0.0025343452
0.0025038687
0.0024725372
0.0024401522
0.0024063435
0.0023709513
0.0023339301
0.0022954431
0.0022557949
0.0022151722
0.0021739298
0.0021330159
0.0020922474
0.002050575
0.002008116
0.0019656714
0.0019245211
0.0018833815
0.0018408343
0.0017980257
0.0017562546
0.0017146508
0.0016717841
0.0016283385
0.0015853249
0.001541953
0.0014974059
0.001452463
0.0014077197
0.0013624997
0.0013161202
0.0012694052
0.0012222533
0.0011743564
0.0011255444
0.0010762856
0.0010266257
0.00097569594
0.00092435367
0.00087239049
0.00081910762
0.00076567447
0.00071165319
0.00065641252
0.00060118826
0.00054544868
0.00048920894
0.00043353337
0.00037961198
0.00032528961
0.00028643137
0.00022754639
0.00036513081
-0.00023650137
0.0050746269
0.00509611
0.0050988936
0.0051041134
0.0051252729
0.0051624112
0.0052116261
0.005273953
0.005354272
0.0054576277
0.0055897635
0.0057522796
0.0059374853
0.0060851143
0.0060852114
0.0059115482
0.0056465275
0.0053774731
0.0051294699
0.004895864
0.0046774763
0.0044780955
0.004296419
0.0041282208
0.0039691976
0.0038185331
0.0036783132
0.0035506113
0.0034355436
0.0033308619
0.0032348723
0.0031483958
0.0030722775
0.0030057675
0.0029475726
0.0028964533
0.0028511964
0.0028106
0.0027739567
0.002740573
0.002709472
0.0026800016
0.002651498
0.0026232059
0.002594598
0.0025653739
0.0025354693
0.0025048247
0.0024733152
0.0024406673
0.002406513
0.0023707237
0.0023333545
0.0022947431
0.0022553341
0.0022153405
0.0021750965
0.0021346971
0.0020939239
0.0020526603
0.0020108383
0.0019688745
0.0019274001
0.0018855666
0.0018428946
0.0018001005
0.0017584309
0.0017169252
0.0016741082
0.0016305756
0.0015874744
0.0015441038
0.0014995504
0.0014545568
0.0014097444
0.001364474
0.0013180527
0.0012713029
0.001224107
0.0011761628
0.0011273118
0.0010779867
0.0010282438
0.00097725987
0.0009258844
0.00087388802
0.0008205694
0.00076707646
0.00071298299
0.00065769637
0.00060243527
0.00054665793
0.00049037826
0.00043466042
0.00038069273
0.00032632735
0.00028740955
0.00022842885
0.0003658629
-0.00023513323
0.0050513069
0.0050754265
0.0050843412
0.0050943784
0.0051171201
0.0051541134
0.0052028663
0.0052641682
0.005342159
0.0054411948
0.0055653382
0.0057141255
0.0058765364
0.0060018656
0.0060014239
0.0058473114
0.0056042383
0.0053497439
0.0051113479
0.0048854598
0.0046724751
0.0044764147
0.0042968804
0.0041302548
0.003972801
0.0038236717
0.0036846551
0.0035576409
0.0034427975
0.0033382284
0.003242381
0.0031558603
0.0030794459
0.003012499
0.0029537797
0.0029020843
0.0028562461
0.0028151087
0.0027779342
0.0027440348
0.0027124715
0.0026825628
0.0026536531
0.0026250149
0.002596127
0.0025666873
0.002536614
0.0025058261
0.0024741718
0.0024413869
0.0024071365
0.0023712935
0.0023339086
0.0022952823
0.0022557669
0.0022155431
0.0021749999
0.0021342444
0.002093441
0.0020526804
0.0020117023
0.0019705759
0.001929136
0.0018872371
0.001845024
0.0018027104
0.0017608911
0.0017187671
0.0016757758
0.0016322881
0.0015893176
0.0015460442
0.0015015288
0.0014564587
0.0014115993
0.0013663619
0.0013199348
0.0012731344
0.001225886
0.0011779022
0.0011290163
0.0010796496
0.0010298618
0.00097883621
0.00092742987
0.00087539719
0.00082204072
0.00076848751
0.00071432699
0.00065900037
0.00060371021
0.00054790391
0.00049157664
0.00043579959
0.00038178292
0.00032738197
0.00028840268
0.00022932075
0.00036649179
-0.00023352388
0.0050291314
0.0050552309
0.0050691507
0.0050834337
0.0051077809
0.0051446746
0.005192841
0.0052529536
0.0053284138
0.0054228378
0.0055388633
0.0056744022
0.0058166561
0.0059225856
0.0059205975
0.0057833124
0.0055606955
0.0053205917
0.0050917584
0.0048735159
0.0046661438
0.004473664
0.0042964629
0.004131582
0.0039757878
0.0038282534
0.0036905127
0.0035642836
0.0034497839
0.0033454269
0.0032498057
0.0031633378
0.0030867152
0.0030193917
0.002960191
0.0029079475
0.0028615399
0.0028198584
0.0027821448
0.0027477125
0.0027156604
0.0026852925
0.0026559644
0.0026269728
0.0025977948
0.0025681196
0.0025378425
0.0025068708
0.0024750513
0.0024421352
0.002407806
0.0023719325
0.0023345524
0.002295937
0.0022564153
0.0022161866
0.0021756164
0.0021348255
0.0020939772
0.0020530566
0.0020118199
0.0019703685
0.0019287133
0.0018872107
0.0018458477
0.0018043352
0.001762567
0.0017202985
0.0016775807
0.0016344747
0.0015913397
0.0015475271
0.0015029137
0.0014579374
0.0014132202
0.0013680652
0.0013216488
0.0012748
0.0012275498
0.0011795775
0.0011306578
0.0010812452
0.0010314329
0.00098038037
0.00092894286
0.00087686807
0.0008234719
0.00076988725
0.00071569152
0.00066032709
0.00060500656
0.00054916986
0.00049279101
0.00043695574
0.00038289301
0.00032846277
0.00028941701
0.00023021512
0.00036697374
-0.00023164275
0.0050078713
0.0050354528
0.0050534097
0.005071353
0.0050972555
0.0051340879
0.0051815458
0.0052402715
0.0053129873
0.0054025719
0.0055104807
0.0056334015
0.0057578081
0.0058469354
0.0058428711
0.0057200294
0.0055163684
0.0052904236
0.0050711703
0.0048605547
0.0046589818
0.0044703392
0.0042956813
0.0041327172
0.0039786798
0.0038327956
0.0036963815
0.0035709968
0.003456904
0.0033527881
0.0032573867
0.0031709641
0.0030941236
0.003026405
0.0029667041
0.0029138957
0.0028669018
0.0028246579
0.0027863917
0.0027514164
0.0027188663
0.002688037
0.0026582896
0.0026289407
0.0025994662
0.0025695482
0.0025390642
0.0025079136
0.0024759407
0.0024429016
0.0024084904
0.0023725705
0.0023351756
0.0022965614
0.0022570508
0.0022168527
0.0021763112
0.0021355489
0.002094699
0.0020537327
0.0020124408
0.0019709192
0.0019292078
0.0018876087
0.0018460409
0.0018042204
0.0017622384
0.0017203795
0.0016784642
0.0016360474
0.0015929236
0.0015489505
0.0015045523
0.0014598195
0.0014148333
0.001369243
0.0013228586
0.0012761462
0.0012290075
0.0011810891
0.0011321454
0.0010827199
0.0010329377
0.00098187099
0.000930392
0.00087828872
0.00082486557
0.00077125888
0.00071703386
0.00066163617
0.00060628848
0.00055041697
0.0004939985
0.00043813086
0.00038402738
0.00032956531
0.00029043724
0.00023110846
0.00036729178
-0.00022943968
0.0049873329
0.0050160072
0.0050371792
0.0050582099
0.0050855484
0.005122323
0.0051689529
0.0052261023
0.0052958955
0.0053805013
0.0054804025
0.0055914093
0.005699964
0.0057745295
0.0057681151
0.0056575796
0.005471318
0.0052591697
0.0050494735
0.0048464295
0.0046507667
0.004466178
0.0042942564
0.0041333628
0.0039811732
0.0038369904
0.0037019504
0.0035774699
0.003463853
0.003360023
0.0032648604
0.0031785089
0.0031014853
0.0030334024
0.0029732298
0.0029198819
0.0028723214
0.0028295267
0.0027907172
0.0027552058
0.0027221592
0.0026908683
0.0026606987
0.0026309863
0.0026012084
0.0025710417
0.0025403467
0.0025090138
0.0024768826
0.0024437127
0.0024092111
0.0023732398
0.0023358308
0.0022972238
0.0022577292
0.0022175552
0.0021770224
0.0021362594
0.0020953908
0.0020544036
0.0020131191
0.0019716169
0.0019299253
0.0018882926
0.0018466379
0.00180472
0.00176265
0.0017206868
0.0016785694
0.0016359028
0.0015927324
0.0015493408
0.0015056605
0.0014613667
0.0014162929
0.001370555
0.0013243773
0.0012776302
0.0012301659
0.0011821319
0.0011332886
0.001083989
0.0010342777
0.00098320675
0.00093171572
0.00087964777
0.00082621828
0.00077257805
0.00071833112
0.0006629134
0.00060754173
0.0005516349
0.00049518593
0.00043929745
0.00038515345
0.00033065886
0.00029143282
0.0002319884
0.00036741713
-0.00022686217
0.0049673487
0.0049968031
0.0050204963
0.0050440699
0.0050726706
0.0051093578
0.0051550505
0.0052104536
0.0052771765
0.0053567279
0.0054488024
0.0055486296
0.0056430727
0.0057050112
0.005696172
0.005596096
0.0054257059
0.0052269116
0.0050267377
0.0048312204
0.004641559
0.0044612372
0.004292257
0.0041335971
0.0039833607
0.0038409441
0.003707337
0.0035838294
0.0034707627
0.0033672699
0.0032723698
0.0031861137
0.003108935
0.0030405074
0.0029798746
0.0029259935
0.0028778665
0.0028345136
0.0027951524
0.0027590961
0.0027255411
0.002693778
0.0026631764
0.0026330903
0.0026030004
0.0025725768
0.002541664
0.0025101425
0.0024778476
0.0024445433
0.0024099492
0.0023739266
0.0023365036
0.002297903
0.0022584215
0.0022182673
0.0021777421
0.0021369826
0.0020961068
0.0020551091
0.0020138246
0.0019723151
0.0019306134
0.0018889504
0.0018472753
0.0018053708
0.0017633099
0.0017212992
0.0016790788
0.0016363015
0.0015930305
0.0015495444
0.0015056511
0.0014612167
0.0014164106
0.0013713086
0.0013256754
0.0012790518
0.001231427
0.0011834004
0.0011346309
0.001085117
0.001035189
0.0009841909
0.00093283778
0.00088084869
0.00082742971
0.00077378159
0.00071956505
0.00066414392
0.00060874282
0.00055281637
0.00049634837
0.00044043785
0.00038625287
0.0003317318
0.00029239799
0.00023283368
0.0003672847
-0.00022386178
0.0049477728
0.0049777493
0.0050033789
0.0050289893
0.0050586406
0.0050951804
0.0051398346
0.0051933406
0.0052568739
0.005331351
0.0054158413
0.005505239
0.0055871068
0.0056380911
0.0056268874
0.0055356943
0.005379694
0.0051937237
0.0050029973
0.0048149532
0.0046313485
0.0044554753
0.0042896276
0.0041333536
0.0039851707
0.0038445829
0.0037124638
0.0035899932
0.003477546
0.0033744395
0.0032798253
0.003193687
0.0031163804
0.0030476293
0.0029865522
0.0029321506
0.0028834656
0.0028395573
0.0027996462
0.0027630464
0.0027289812
0.0026967441
0.0026657086
0.0026352457
0.0026048397
0.0025741545
0.0025430198
0.0025113061
0.0024788452
0.002445405
0.0024107168
0.0023746409
0.0023372012
0.0022986048
0.0022591351
0.0022190001
0.0021784846
0.0021377301
0.0020968481
0.0020558367
0.0020145456
0.0019730266
0.00193132
0.0018896396
0.0018479463
0.0018060311
0.0017639475
0.0017218909
0.0016796411
0.001636869
0.0015936006
0.0015500576
0.0015060571
0.0014615101
0.0014166023
0.0013713533
0.0013255816
0.0012791312
0.0012320055
0.0011844852
0.0011359953
0.0010863404
0.0010362673
0.00098537517
0.00093388631
0.00088165739
0.00082830457
0.00077478821
0.00072064634
0.00066523662
0.00060983852
0.00055394521
0.00049747008
0.00044153051
0.00038731469
0.00033277583
0.00029332513
0.00023362677
0.00036683331
-0.00022036597
0.0049284771
0.0049587578
0.0049858302
0.0050130152
0.0050434825
0.0050797884
0.0051233077
0.0051747871
0.005235042
0.0053044752
0.0053816731
0.005461389
0.0055320441
0.0055735174
0.0055600916
0.0054764491
0.0053334275
0.0051596814
0.0049782873
0.0047976595
0.0046201428
0.0044488764
0.0042863461
0.0041326108
0.0039865868
0.0038478975
0.003717328
0.0035959633
0.0034842084
0.0033815431
0.0032872451
0.0032012518
0.0031238483
0.0030547996
0.0029932977
0.0029383904
0.002889157
0.0028446959
0.0028042349
0.0027670904
0.0027325099
0.0026997932
0.002668318
0.0026374709
0.0026067408
0.0025757862
0.0025444225
0.002512511
0.0024798794
0.0024462997
0.0024115136
0.0023753813
0.002337922
0.0022993278
0.0022598693
0.0022197528
0.002179247
0.0021384967
0.0020976073
0.0020565814
0.002015284
0.0019737581
0.001932049
0.0018903512
0.0018486343
0.0018067021
0.0017645984
0.0017225079
0.0016802299
0.0016374418
0.0015941524
0.0015505758
0.0015065675
0.0014620271
0.0014170921
0.0013717557
0.0013258611
0.0012792999
0.0012320417
0.0011844237
0.0011361206
0.0010868602
0.0010372218
0.00098666374
0.00093503878
0.00088259067
0.00082932486
0.00077571962
0.00072138455
0.00066603347
0.00061076565
0.00055493557
0.000498468
0.00044253121
0.00038832083
0.00033377072
0.0002941977
0.00023435147
0.00036600106
-0.0002162888
0.0049093485
0.0049397456
0.0049678427
0.0049961855
0.005027224
0.0050631881
0.0051054801
0.005154826
0.0052117442
0.0052762068
0.00534644
0.0054172068
0.0054778628
0.0055110721
0.0054956149
0.005418408
0.0052870457
0.0051248729
0.0049526524
0.0047793759
0.0046079571
0.0044414286
0.0042823887
0.00413134
0.0039875797
0.0038508603
0.0037219028
0.0036017119
0.0034907207
0.003388552
0.0032946025
0.0032087811
0.0031313116
0.0030619915
0.0030000842
0.0029446862
0.0028949142
0.0028499037
0.0028088936
0.002771204
0.0027361051
0.0027029051
0.0026709863
0.0026397497
0.0026086899
0.0025774601
0.0025458626
0.0025137491
0.002480944
0.0024472225
0.0024123361
0.0023761454
0.0023386646
0.0023000717
0.0022606237
0.0022205249
0.0021800289
0.0021392824
0.0020983861
0.0020573466
0.002016043
0.0019745107
0.0019327976
0.0018910811
0.0018493394
0.0018073913
0.0017652706
0.0017231471
0.0016808356
0.0016380257
0.0015947179
0.0015511167
0.0015070928
0.0014625376
0.0014175754
0.0013722179
0.0013263157
0.0012797379
0.0012324131
0.0011846906
0.0011362764
0.0010868754
0.0010371774
0.00098686107
0.00093556963
0.00088348652
0.00083052071
0.00077677787
0.00072221772
0.00066693196
0.00061159514
0.00055560336
0.00049920622
0.000443378
0.00038919356
0.00033465311
0.00029498534
0.00023497935
0.00036471569
-0.00021153381
0.0048902868
0.0049206359
0.0049494016
0.0049785304
0.0050098949
0.0050453943
0.0050863705
0.0051334976
0.0051870509
0.0052466526
0.005310274
0.0053728004
0.0054245422
0.0054505674
0.005433293
0.0053615952
0.0052406758
0.0050893909
0.0049261396
0.0047601377
0.0045948078
0.0044331222
0.004277732
0.0041295132
0.0039881213
0.0038534461
0.0037261653
0.003607218
0.0034970628
0.003395449
0.0033018847
0.0032162654
0.0031387626
0.0030692005
0.0030069103
0.002951039
0.0029007405
0.0028551865
0.0028136299
0.0027753965
0.0027397772
0.0027060906
0.0026737245
0.0026420935
0.0026106978
0.0025791864
0.0025473495
0.0025150292
0.0024820465
0.00244818
0.0024131903
0.0023769383
0.0023394332
0.0023008396
0.002261401
0.0022213186
0.002180832
0.0021400889
0.002099186
0.0020581332
0.0020168229
0.0019752836
0.0019335655
0.0018918305
0.0018500646
0.0018081004
0.001765962
0.0017238038
0.0016814571
0.0016386261
0.0015953027
0.0015516767
0.0015076316
0.001463059
0.001418075
0.0013726955
0.0013267726
0.0012801729
0.0012328417
0.0011851056
0.0011366645
0.0010872138
0.0010374137
0.00098698174
0.00093554557
0.00088347916
0.00083081147
0.00077737151
0.00072310696
0.00066802751
0.00061251158
0.00055632661
0.00049997642
0.00044408276
0.00038978691
0.00033533307
0.00029562501
0.00023543188
0.00036286691
-0.00020599487
0.0048712033
0.004901358
0.0049304882
0.0049600735
0.0049915263
0.0050264293
0.0050660052
0.0051108497
0.0051610381
0.0052159182
0.005273297
0.005328262
0.0053720617
0.0053918399
0.0053729695
0.0053060139
0.0051944301
0.0050533309
0.0048988007
0.0047399818
0.0045807156
0.0044239534
0.0042723564
0.0041271047
0.0039881851
0.0038556299
0.0037300927
0.0036124593
0.0035032125
0.0034022134
0.003309074
0.0032236889
0.0031461867
0.0030764132
0.0030137642
0.0029574381
0.0029066265
0.0028605359
0.0028184362
0.0027796606
0.0027435195
0.0027093434
0.0026765267
0.0026444962
0.0026127589
0.0025809599
0.002548878
0.0025163463
0.0024831826
0.0024491684
0.0024140725
0.0023777568
0.0023402252
0.0023016292
0.002262199
0.002222132
0.002181655
0.0021409152
0.002100006
0.0020589401
0.0020176228
0.0019760766
0.001934353
0.0018926
0.0018508099
0.0018088287
0.0017666714
0.0017244786
0.0016820969
0.0016392447
0.0015959047
0.0015522522
0.0015081848
0.0014635965
0.001418592
0.0013731878
0.0013272405
0.0012806219
0.0012332824
0.001185519
0.0011370552
0.0010876104
0.0010377935
0.00098732482
0.00093583337
0.00088367456
0.00083088322
0.00077731915
0.00072318014
0.00066841341
0.00061314994
0.00055721596
0.00050094739
0.00044484738
0.00039041659
0.000335979
0.00029605165
0.00023560392
0.00036030052
-0.00019957875
0.0048520187
0.004881848
0.0049110817
0.0049408336
0.0049721501
0.0050063221
0.0050444184
0.0050869361
0.0051337855
0.0051841081
0.0052356213
0.0052836703
0.0053204002
0.005334747
0.0053144976
0.0052516516
0.005148406
0.005016789
0.0048706925
0.0047189467
0.0045657047
0.0044139227
0.0042662448
0.0041240902
0.0039877448
0.0038573865
0.0037336609
0.0036174124
0.0035091465
0.0034088237
0.0033161522
0.0032310359
0.0031535698
0.0030836178
0.0030206361
0.0029638758
0.0029125661
0.002865948
0.0028233101
0.0027839952
0.002747332
0.0027126647
0.0026793945
0.0026469605
0.0026148762
0.0025827839
0.0025504518
0.0025177043
0.002484356
0.0024501912
0.0024149862
0.0023786041
0.0023410435
0.0023024432
0.0022630202
0.0022229675
0.0021824997
0.0021417629
0.0021008475
0.0020597689
0.0020184441
0.0019768908
0.0019351612
0.0018933902
0.0018515759
0.0018095766
0.0017673999
0.0017251727
0.0016827557
0.0016398812
0.0015965236
0.0015528444
0.0015087546
0.0014641502
0.0014191242
0.0013736937
0.0013277226
0.0012810863
0.0012337358
0.0011859435
0.0011374604
0.0010880164
0.0010381712
0.00098767842
0.00093618922
0.00088401928
0.00083118526
0.00077755094
0.00072331981
0.00066841642
0.00061311599
0.00055742673
0.0005014395
0.00044552639
0.00039123864
0.00033673763
0.00029648452
0.00023575394
0.00035693524
-0.00019220609
0.0048326632
0.0048620488
0.0048911614
0.0049208261
0.0049517983
0.0049851073
0.0050216515
0.0050618162
0.0051053758
0.005151324
0.0051973506
0.0052390926
0.0052695361
0.0052791631
0.0052577413
0.0051984834
0.0051026853
0.0049798598
0.0048418753
0.0046970728
0.0045498013
0.004403035
0.0042593836
0.004120447
0.0039867752
0.003858691
0.003736846
0.0036220539
0.0035148417
0.0034152581
0.0033231004
0.00323829
0.0031608971
0.0030908011
0.0030275152
0.0029703428
0.0029185518
0.0028714166
0.0028282468
0.0027883964
0.0027512121
0.0027160522
0.0026823264
0.0026494849
0.0026170487
0.0025846574
0.0025520699
0.0025191022
0.0024855658
0.0024512474
0.0024159306
0.0023794793
0.0023418871
0.0023032806
0.0022638637
0.0022238241
0.0021833653
0.0021426312
0.0021017098
0.002060619
0.0020192864
0.0019777261
0.0019359898
0.0018942011
0.0018523624
0.0018103444
0.0017681477
0.0017258861
0.0016834334
0.0016405357
0.0015971597
0.0015534539
0.0015093411
0.0014647196
0.0014196715
0.0013742146
0.0013282195
0.0012815646
0.0012342018
0.0011863816
0.0011378795
0.0010884332
0.0010385593
0.00098804498
0.0009365506
0.0008843619
0.00083151024
0.00077787448
0.00072362374
0.00066866317
0.00061328725
0.00055749696
0.00050138018
0.0004455677
0.00039154136
0.00033724286
0.00029700765
0.00023599135
0.00035294011
-0.00018360359
0.004813075
0.0048419099
0.0048707077
0.0049000643
0.0049305036
0.0049628244
0.0049977519
0.0050355539
0.0050758933
0.0051176648
0.0051585801
0.0051945865
0.0052194475
0.0052249772
0.0052025757
0.0051464757
0.0050573356
0.0049426336
0.0048124128
0.0046744028
0.0045330342
0.0043912988
0.0042517627
0.0041161548
0.0039852523
0.003859519
0.0037396241
0.0036263598
0.003520274
0.0034214938
0.0033298988
0.0032454337
0.0031681526
0.0030979491
0.0030343893
0.0029768291
0.0029245752
0.0028769353
0.0028332413
0.0027928605
0.002755157
0.0027195043
0.0026853213
0.0026520693
0.0026192765
0.0025865811
0.0025537332
0.0025205411
0.0024868131
0.0024523384
0.002416907
0.0023803839
0.0023427575
0.0023041426
0.0022647305
0.0022247029
0.0021842527
0.0021435212
0.002102594
0.0020614912
0.0020201506
0.001978583
0.0019368396
0.0018950332
0.0018531701
0.0018111327
0.0017689154
0.0017266195
0.0016841307
0.0016412088
0.0015978139
0.0015540812
0.0015099447
0.0014653053
0.0014202346
0.001374751
0.0013287314
0.0012820571
0.0012346812
0.0011868335
0.0011383111
0.0010888614
0.0010389602
0.00098842392
0.00093692163
0.00088471479
0.00083184638
0.00077819982
0.00072392757
0.00066895946
0.00061357214
0.00055774039
0.00050155628
0.00044565804
0.00039148123
0.0003371466
0.00029696809
0.00023580532
0.00034829775
-0.0001735597
0.0047931996
0.0048213871
0.0048497035
0.004878561
0.0049082991
0.0049395168
0.0049727723
0.0050082171
0.005045423
0.0050832258
0.0051193972
0.0051502015
0.0051701124
0.0051720904
0.0051488866
0.005095589
0.0050124104
0.0049051959
0.004782371
0.0046509811
0.0045154342
0.0043787268
0.0042433757
0.0041111955
0.0039831535
0.0038598467
0.0037419713
0.0036303061
0.0035254194
0.0034275076
0.0033365266
0.0032524488
0.0031753198
0.0031050472
0.003041246
0.002983324
0.0029306275
0.002882497
0.0028382882
0.0027973833
0.0027591638
0.0027230188
0.0026883777
0.0026547126
0.0026215592
0.0025885547
0.0025554418
0.0025220211
0.0024880982
0.0024534644
0.0024179155
0.0023813178
0.0023436546
0.0023050293
0.0022656206
0.0022256038
0.0021851618
0.0021444326
0.0021034999
0.0020623855
0.0020210365
0.0019794616
0.0019377106
0.0018958867
0.0018539992
0.0018119415
0.001769703
0.0017273729
0.0016848477
0.0016419007
0.0015984862
0.0015547266
0.0015105657
0.0014659076
0.001420814
0.0013753031
0.0013292584
0.0012825641
0.0012351744
0.0011872991
0.0011387558
0.0010893016
0.0010393736
0.0009888142
0.0009373032
0.00088507919
0.00083219313
0.00077853317
0.00072424185
0.000669263
0.00061385294
0.00055799939
0.00050181368
0.00044588646
0.00039162219
0.00033718952
0.00029655934
0.00023531679
0.00034182085
-0.00016210801
0.0047729898
0.004800443
0.0048281344
0.004856329
0.0048852184
0.0049152308
0.0049467697
0.0049798764
0.0050140495
0.005048098
0.005079882
0.00510598
0.0051215089
0.0051204144
0.0050965696
0.00504578
0.0049679513
0.0048676253
0.0047518164
0.0046268547
0.0044970341
0.0043653347
0.0042342196
0.0041055539
0.0039804577
0.0038596511
0.003743864
0.0036338688
0.0035302533
0.0034332759
0.0033429623
0.0032593162
0.0031823816
0.0031120798
0.0030480717
0.0029898159
0.0029366989
0.0028880939
0.0028433813
0.0028019599
0.0027632287
0.0027265933
0.002691494
0.0026574138
0.0026238962
0.0025905782
0.0025571957
0.0025235426
0.0024894215
0.0024546259
0.0024189569
0.0023822819
0.0023445791
0.0023059413
0.0022665346
0.0022265274
0.0021860931
0.002145366
0.0021044278
0.0020633022
0.0020219448
0.0019803623
0.0019386032
0.0018967619
0.00185485
0.0018127715
0.0017705112
0.0017281469
0.001685585
0.0016426121
0.0015991772
0.0015553904
0.0015112044
0.0014665269
0.0014214099
0.0013758714
0.001329801
0.0012830861
0.0012356818
0.0011877789
0.0011392139
0.0010897543
0.0010397996
0.00098921629
0.00093769595
0.0008854546
0.00083254987
0.00077887633
0.00072456659
0.00066957446
0.00061414092
0.00055826794
0.00050207173
0.00044611321
0.00039180302
0.00033733126
0.00029619864
0.00023582614
0.00033367521
-0.00014970103
0.0047524052
0.0047790462
0.00480599
0.0048333823
0.0048612962
0.0048900155
0.0049198046
0.0049506046
0.0049818568
0.0050123686
0.005040108
0.0050619586
0.0050736153
0.00506987
0.0050455302
0.0049970035
0.004923989
0.0048299931
0.0047208157
0.0046020723
0.0044778686
0.0043511414
0.0042242955
0.0040992173
0.0039771458
0.0038589105
0.003745279
0.0036370239
0.0035347511
0.0034387746
0.0033491839
0.0032660162
0.0031893196
0.0031190305
0.003054852
0.0029962926
0.0029427791
0.0028937175
0.0028485139
0.0028065849
0.0027673479
0.0027302247
0.002694668
0.0026601715
0.0026262866
0.0025926511
0.0025589949
0.0025251056
0.0024907833
0.0024558233
0.0024200314
0.0023832764
0.0023455315
0.0023068789
0.0022674726
0.0022274738
0.0021870467
0.0021463214
0.002105378
0.0020642415
0.0020228754
0.0019812853
0.0019395177
0.0018976591
0.0018557229
0.0018136229
0.0017713401
0.0017289417
0.0016863429
0.0016433432
0.0015998871
0.0015560731
0.0015118614
0.0014671636
0.0014220228
0.0013764561
0.0013303595
0.0012836233
0.0012362036
0.0011882731
0.0011396857
0.0010902197
0.0010402384
0.0009896306
0.0009381001
0.00088584112
0.00083291717
0.00077922959
0.00072490079
0.00066989427
0.00061443787
0.00055854459
0.0005023343
0.00044634561
0.00039198484
0.0003374616
0.0002959106
0.00023701248
0.00032493957
-0.00013686266
0.0047314114
0.0047571715
0.0047832633
0.0048097363
0.0048365683
0.0048639217
0.0048919399
0.0049204754
0.0049489272
0.00497612
0.0050001421
0.0050181687
0.0050264107
0.0050203859
0.0049956822
0.004949214
0.0048805451
0.0047923633
0.0046894341
0.0045766838
0.004457974
0.0043361685
0.0042136076
0.0040921765
0.0039732006
0.003857604
0.003746194
0.0036397474
0.0035388881
0.0034439792
0.0033551684
0.003272528
0.0031961152
0.0031258821
0.0030615718
0.003002741
0.0029488569
0.0028993586
0.0028536784
0.0028112525
0.0027715166
0.0027339096
0.0026978972
0.002662984
0.0026287295
0.0025947729
0.0025608393
0.0025267103
0.0024921839
0.0024570569
0.0024211396
0.0023843017
0.002346512
0.0023078424
0.002268435
0.0022284432
0.0021880228
0.0021472991
0.0021063506
0.0020652036
0.0020238287
0.0019822308
0.0019404544
0.0018985785
0.0018566181
0.0018144959
0.0017721902
0.0017297577
0.0016871217
0.0016440945
0.0016006165
0.0015567749
0.0015125369
0.001467818
0.001422653
0.0013770578
0.0013309343
0.0012841763
0.0012367403
0.0011887821
0.0011401718
0.0010906981
0.0010406905
0.00099005746
0.0009385159
0.00088623904
0.00083329537
0.00077959304
0.00072524466
0.00067022303
0.00061474337
0.00055882841
0.00050260302
0.00044658408
0.00039216879
0.0003375898
0.00029566114
0.00023823526
0.00031630396
-0.00012428677
0.0047099802
0.0047347992
0.0047599518
0.0047854088
0.0048110715
0.0048370018
0.0048632398
0.0048895631
0.004915341
0.0049394301
0.0049600457
0.0049746373
0.0049798747
0.0049718977
0.0049469478
0.0049023663
0.0048376335
0.004754792
0.0046577345
0.0045507404
0.0044373883
0.00432044
0.0042021639
0.0040844249
0.0039686071
0.0038557125
0.0037465872
0.003642016
0.0035426398
0.003448865
0.0033608928
0.0032788305
0.0032027488
0.0031326168
0.0030682151
0.003009147
0.0029549202
0.002905007
0.0028588666
0.0028159561
0.0027757297
0.0027376441
0.0027011785
0.0026658491
0.0026312234
0.0025969426
0.0025627282
0.0025283565
0.0024936231
0.0024583268
0.0024222815
0.0023853583
0.0023475211
0.0023088321
0.0022694219
0.0022294359
0.0021890215
0.0021482993
0.0021073457
0.0020661886
0.0020248049
0.0019831991
0.0019414134
0.0018995204
0.0018575359
0.001815391
0.0017730616
0.0017305952
0.0016879219
0.0016448662
0.0016013656
0.0015574963
0.0015132313
0.0014684906
0.0014233008
0.0013776767
0.0013315258
0.0012847452
0.0012372921
0.0011893063
0.0011406723
0.0010911899
0.001041156
0.00099049717
0.00093894362
0.00088664865
0.0008336847
0.00077996689
0.00072559849
0.00067056093
0.00061505741
0.00055911979
0.00050287807
0.00044682782
0.00039235345
0.00033772607
0.00029543102
0.00023928544
0.00030796828
-0.00011218219
0.0046880891
0.0047119157
0.0047360568
0.0047604196
0.0047848439
0.0048093091
0.0048337694
0.0048579412
0.004881176
0.0049023722
0.0049198746
0.0049313878
0.0049339879
0.0049243473
0.0048992561
0.0048564164
0.0047952618
0.0047173279
0.004625777
0.0045242936
0.0044161507
0.0043039821
0.0041899753
0.0040759596
0.0039633529
0.0038532182
0.0037464379
0.003643807
0.0035459819
0.0034534075
0.0033663333
0.0032849017
0.0032092
0.0031392158
0.0030747651
0.0030154958
0.0029609563
0.0029106521
0.0028640698
0.0028206884
0.0027799815
0.0027414238
0.0027045088
0.0026687643
0.0026337665
0.0025991594
0.0025646611
0.0025300438
0.0024951011
0.0024596331
0.0024234575
0.0023864462
0.0023485588
0.0023098482
0.0022704335
0.0022304521
0.0021900429
0.0021493219
0.0021083636
0.0020671968
0.0020258042
0.0019841903
0.0019423951
0.001900485
0.0018584765
0.0018163084
0.0017739548
0.0017314545
0.0016887438
0.0016456589
0.0016021349
0.0015582376
0.0015139451
0.0014691816
0.0014239666
0.0013783131
0.0013321343
0.0012853306
0.0012378595
0.0011898459
0.0011411876
0.0010916953
0.0010416353
0.00099095006
0.00093938358
0.00088707022
0.00083408543
0.00078035139
0.00072596251
0.00067090814
0.00061538016
0.00055941894
0.00050315945
0.00044707642
0.0003925404
0.00033786555
0.00029519873
0.00024016891
0.00029990365
-0.00010053101
0.0046657213
0.0046885123
0.0047115839
0.004734791
0.0047579246
0.0047808974
0.0048035939
0.0048256823
0.004846507
0.004865015
0.0048796796
0.0048884404
0.0048887318
0.0048776821
0.0048525431
0.0048113222
0.0047534327
0.0046800128
0.0045936176
0.0044973945
0.0043943019
0.0042868233
0.0041770556
0.0040667804
0.0039574279
0.0038501054
0.0037457268
0.0036450981
0.0035488904
0.003457582
0.003371466
0.0032907192
0.0032154481
0.0031456598
0.0030812042
0.0030217719
0.0029669516
0.0029162822
0.0028692783
0.0028254414
0.0027842656
0.0027452436
0.0027078841
0.0026717269
0.0026363569
0.0026014216
0.0025666372
0.0025317718
0.0024966174
0.0024609757
0.0024246675
0.0023875656
0.0023496256
0.0023108909
0.00227147
0.0022314917
0.0021910872
0.0021503672
0.0021094043
0.0020682281
0.0020268266
0.0019852045
0.0019433996
0.0019014725
0.0018594401
0.0018172484
0.0017748701
0.0017323359
0.0016895876
0.0016464727
0.0016029246
0.0015589991
0.0015146786
0.0014698916
0.0014246509
0.0013789676
0.0013327603
0.0012859327
0.0012384428
0.0011904013
0.0011417181
0.0010922147
0.0010421286
0.00099141644
0.00093983605
0.000887504
0.00083449783
0.00078074679
0.00072633694
0.00067126483
0.0006157118
0.00055972597
0.00050344709
0.00044733028
0.00039272806
0.00033801402
0.0002949559
0.00024091544
0.00029202138
-8.9301075e-05
0.004642865
0.0046645858
0.0046865424
0.0047085478
0.0047303539
0.0047518209
0.0047727778
0.0047928574
0.0048114054
0.0048274228
0.0048395068
0.0048458124
0.0048440889
0.0048318548
0.0048067505
0.0047670436
0.0047121447
0.004642882
0.0045613085
0.0044700936
0.0043718829
0.0042689933
0.0041634216
0.0040568906
0.0039508248
0.0038463602
0.0037444358
0.0036458683
0.0035513419
0.003461364
0.0033762668
0.00329626
0.0032214715
0.0031519288
0.0030875139
0.0030279589
0.0029728918
0.0029218851
0.0028744816
0.0028302067
0.002788575
0.002749098
0.0027113
0.0026747334
0.0026389922
0.0026037277
0.0025686552
0.0025335397
0.0024981718
0.0024623544
0.0024259115
0.0023887167
0.0023507213
0.0023119603
0.0022725315
0.002232555
0.0021921544
0.0021514352
0.0021104677
0.0020692826
0.0020278722
0.0019862419
0.001944427
0.001902483
0.001860427
0.0018182111
0.0017758076
0.0017332397
0.0016904537
0.0016473082
0.0016037352
0.0015597812
0.0015154321
0.0014706208
0.0014253538
0.0013796403
0.001333404
0.0012865519
0.0012390423
0.0011909729
0.0011422641
0.0010927484
0.0010426364
0.00099189665
0.00094030135
0.00088795028
0.00083492217
0.00078115332
0.00072672198
0.00067163121
0.00061605248
0.00056004098
0.00050374113
0.00044758886
0.00039291847
0.00033815971
0.00029470267
0.00024155126
0.00028430164
-7.8489044e-05
0.0046195134
0.0046401375
0.0046609455
0.0046817169
0.0047021733
0.0047221335
0.0047413846
0.0047595349
0.0047759394
0.0047896553
0.0047993983
0.004803519
0.0048000429
0.0047868221
0.0047618257
0.0047235424
0.0046713933
0.0046059651
0.0045288975
0.0044424399
0.0043489355
0.0042505238
0.0041490922
0.0040462962
0.0039435393
0.0038419709
0.0037425482
0.0036460973
0.0035533137
0.0034647295
0.0033807116
0.0033015011
0.0032272483
0.003158002
0.0030936753
0.0030340396
0.0029787615
0.0029274474
0.0028796686
0.0028349748
0.002792902
0.0027529808
0.0027147518
0.0026777801
0.0026416693
0.0026060756
0.0025707138
0.0025353466
0.0024997635
0.0024637688
0.0024271893
0.0023898992
0.002351846
0.0023130565
0.0022736178
0.0022336419
0.0021932445
0.0021525257
0.002111554
0.0020703603
0.0020289412
0.0019873026
0.0019454774
0.0019035166
0.0018614371
0.0018191969
0.0017767676
0.0017341661
0.0016913425
0.0016481656
0.001604567
0.0015605842
0.0015162061
0.0014713696
0.0014260759
0.0013803318
0.0013340658
0.0012871885
0.0012396584
0.0011915609
0.001142826
0.0010932968
0.0010431588
0.00099239099
0.00094077978
0.0008884093
0.0008353587
0.00078157125
0.00072711786
0.00067200748
0.00061640234
0.00056036411
0.00050404147
0.00044785268
0.00039310905
0.00033831362
0.00029445701
0.00024206621
0.00027673263
-6.8108786e-05
0.0045956645
0.0046151731
0.00463481
0.0046543277
0.0046734247
0.0046918888
0.0047094763
0.0047257811
0.0047401733
0.0047517677
0.0047593921
0.0047615732
0.0047565783
0.0047425454
0.0047177209
0.0046807831
0.0046311717
0.0045692862
0.004496428
0.0044144805
0.0043255015
0.0042314474
0.0041340889
0.0040350063
0.0039355694
0.0038369279
0.0037400493
0.0036457664
0.0035547839
0.0034676547
0.0033847762
0.003306419
0.0032327561
0.0031638583
0.0030996686
0.0030399959
0.0029845448
0.0029329552
0.0028848273
0.0028397357
0.0027972382
0.0027568853
0.0027182339
0.0026808627
0.0026443852
0.0026084629
0.0025728112
0.0025371912
0.0025013917
0.0024652184
0.0024285006
0.002391113
0.0023529997
0.0023141793
0.0022747291
0.0022347524
0.0021943573
0.0021536389
0.002112663
0.0020714611
0.0020300335
0.0019883865
0.001946551
0.0019045736
0.0018624708
0.0018202058
0.0017777505
0.0017351153
0.0016922541
0.0016490453
0.0016054203
0.0015614085
0.0015170008
0.0014721383
0.0014268173
0.0013810423
0.0013347462
0.001287843
0.0012402915
0.0011921657
0.0011434041
0.0010938602
0.0010436961
0.0009928998
0.00094127163
0.00088888134
0.00083580769
0.00078200079
0.00072752477
0.00067239381
0.00061676155
0.00056069542
0.00050434828
0.00044812103
0.0003933021
0.00033846425
0.00029422022
0.00024247355
0.00026930139
-5.8167685e-05
0.0045713207
0.0045897027
0.0046081555
0.0046264111
0.0046441507
0.0046611395
0.0046771131
0.0046916589
0.0047041676
0.0047138113
0.0047195224
0.0047199863
0.004713681
0.0046989892
0.0046743929
0.0046387324
0.0045914713
0.0045328651
0.0044639389
0.0043862605
0.0043016225
0.0042117978
0.0041184349
0.0040230324
0.0039269162
0.0038312241
0.003736926
0.0036448581
0.0035557317
0.0034701168
0.003388437
0.0033109902
0.0032379721
0.003169476
0.0031054734
0.0030458093
0.002990225
0.0029383937
0.002889945
0.0028444785
0.0028015747
0.0027608038
0.0027217402
0.0026839764
0.0026471361
0.0026108868
0.0025749455
0.0025390722
0.0025030554
0.0024667024
0.0024298447
0.0023923578
0.002354182
0.0023153286
0.0022758651
0.0022358862
0.0021954928
0.0021547744
0.0021137946
0.002072585
0.002031149
0.0019894936
0.0019476477
0.0019056538
0.001863528
0.0018212382
0.0017787563
0.0017360876
0.0016931887
0.0016499475
0.0016062954
0.0015622543
0.0015178165
0.0014729273
0.0014275785
0.0013817721
0.0013354454
0.0012885157
0.0012409419
0.0011927876
0.0011439988
0.001094439
0.0010442488
0.00099342337
0.00094177721
0.00088936667
0.00083626941
0.00078244221
0.00072794295
0.00067279039
0.00061713023
0.00056103505
0.00050466143
0.00044839447
0.00039349474
0.00033862414
0.0002939814
0.00024277071
0.00026201006
-4.8674131e-05
0.0045464884
0.0045637397
0.0045810048
0.0045979999
0.0046143941
0.0046299375
0.004644353
0.0046572285
0.0046679789
0.0046758333
0.0046798205
0.0046787679
0.0046713376
0.0046561219
0.0046318025
0.004597359
0.0045522824
0.0044967177
0.0044314652
0.0043578222
0.0042773393
0.0041916093
0.0041021552
0.0040103887
0.0039175835
0.0038248549
0.0037331673
0.0036433565
0.0035561374
0.0034720935
0.0033916704
0.0033151911
0.0032428734
0.0031748329
0.0031110689
0.0030514603
0.0029957845
0.0029437475
0.002895008
0.0028491916
0.0028059014
0.0027647284
0.0027252642
0.0026871158
0.0026499178
0.0026133441
0.002577114
0.0025409876
0.0025047533
0.0024682199
0.0024312211
0.002393633
0.0023553927
0.0023165041
0.0022770255
0.0022370432
0.0021966507
0.0021559322
0.0021149487
0.0020737318
0.0020322877
0.001990624
0.0019487676
0.0019067573
0.0018646088
0.0018222939
0.0017797852
0.001737083
0.0016941468
0.0016508725
0.0016071925
0.0015631219
0.0015186537
0.001473737
0.0014283598
0.0013825217
0.0013361638
0.0012892069
0.0012416099
0.0011934269
0.0011446103
0.0010950334
0.0010448169
0.00099396204
0.00094229682
0.00088986556
0.00083674411
0.00078289574
0.00072837258
0.00067319742
0.00061750852
0.00056138304
0.00050498105
0.00044867218
0.00039368964
0.00033878092
0.00029371223
0.00024298537
0.00025485684
-3.9634223e-05
0.004521178
0.0045373013
0.0045533831
0.0045691282
0.0045841979
0.0045983334
0.0046112515
0.0046225465
0.0046316602
0.0046378767
0.0046403142
0.0046379264
0.0046295359
0.0046139146
0.0045899142
0.0045566342
0.0045135947
0.0044608565
0.0043990375
0.0043292053
0.0042526917
0.0041709165
0.0040852761
0.0039970917
0.0039075775
0.003817818
0.0037287643
0.0036412474
0.0035559828
0.0034735635
0.0033944538
0.0033189984
0.0032474369
0.0031799066
0.0031164335
0.003056929
0.003001205
0.002949
0.002900002
0.0028538626
0.002810208
0.00276865
0.0027287985
0.002690275
0.0026527255
0.0026158311
0.0025793141
0.0025429353
0.0025064836
0.0024697695
0.0024326288
0.0023949379
0.0023566311
0.0023177054
0.0022782101
0.0022382231
0.0021978307
0.002157112
0.0021161249
0.0020749013
0.0020334493
0.0019917774
0.0019499106
0.0019078842
0.0018657132
0.0018233732
0.0017808373
0.0017381019
0.0016951283
0.0016518205
0.0016081121
0.0015640115
0.0015195125
0.0014745676
0.0014291615
0.0013832913
0.0013369017
0.0012899169
0.001242296
0.001194084
0.0011452391
0.0010956438
0.0010454009
0.0009945161
0.00094283077
0.00089037826
0.00083723206
0.00078336161
0.00072881388
0.00067361506
0.00061789655
0.00056173952
0.00050530699
0.00044895475
0.00039388329
0.00033894869
0.00029341581
0.00024310422
0.00024785923
-3.1071017e-05
0.0044954031
0.0045104073
0.0045253175
0.0045398309
0.0045536048
0.0045663763
0.0045778617
0.0045876662
0.0045952603
0.004599981
0.0046010285
0.004597469
0.0045882646
0.0045723413
0.0045486958
0.0045165313
0.004475397
0.0044252908
0.0043666831
0.0043004466
0.0042277184
0.0041497543
0.0040678254
0.0039831597
0.0038969072
0.0038101136
0.0037237104
0.0036385184
0.0035552509
0.0034745067
0.0033967648
0.0033223892
0.0032516397
0.0031846746
0.0031215456
0.0030621949
0.0030064676
0.0029541343
0.0029049119
0.0028584782
0.002814483
0.0027725592
0.0027323351
0.0026934475
0.002655554
0.0026183435
0.0025815425
0.0025449128
0.0025082446
0.0024713499
0.0024340666
0.0023962718
0.0023578967
0.0023189319
0.0022794183
0.0022394254
0.0021990325
0.0021583133
0.002117323
0.0020760931
0.0020346336
0.0019929537
0.0019510765
0.0019090342
0.0018668411
0.001824476
0.0017819128
0.0017391442
0.0016961334
0.0016527918
0.0016090543
0.0015649236
0.0015203933
0.0014754194
0.0014299839
0.0013840812
0.0013376595
0.0012906461
0.0012430004
0.0011947592
0.0011458854
0.0010962706
0.0010460011
0.00099508586
0.00094337936
0.00089090503
0.0008377335
0.00078384008
0.00072926704
0.00067404349
0.00061829444
0.00056210452
0.00050563939
0.0004492413
0.00039407863
0.00033911216
0.00029308645
0.00024314418
0.00024103865
-2.3001937e-05
0.0044691805
0.0044830802
0.0044968372
0.004510144
0.0045226571
0.0045341137
0.0045442341
0.0045526375
0.0045588244
0.0045621823
0.004561986
0.0045574016
0.004547513
0.0045313783
0.0045081182
0.0044770254
0.0044376784
0.0043900279
0.0043344256
0.0042715802
0.0042024563
0.0041281572
0.0040498314
0.003968613
0.0038855837
0.0038017446
0.0037180009
0.0036351593
0.0035539266
0.0034749043
0.0033985823
0.003325341
0.0032554587
0.003189114
0.0031263829
0.0030672369
0.0030115528
0.0029591325
0.0029097217
0.0028630244
0.0028187142
0.0027764455
0.0027358653
0.0026966259
0.0026583973
0.0026208769
0.0025837954
0.0025469173
0.0025100338
0.0024729591
0.0024355331
0.0023976334
0.0023591885
0.002320183
0.0022806495
0.0022406496
0.0022002556
0.0021595358
0.0021185426
0.0020773069
0.0020358403
0.0019941526
0.0019522652
0.0019102073
0.0018679925
0.0018256024
0.0017830117
0.0017402101
0.0016971623
0.0016537866
0.0016100194
0.0015658581
0.0015212963
0.0014762928
0.0014308273
0.0013848918
0.0013384374
0.0012913948
0.0012437234
0.0011954527
0.0011465496
0.0010969141
0.0010466176
0.00099567162
0.00094394288
0.00089144613
0.00083824869
0.00078433135
0.00072973226
0.00067448287
0.00061870229
0.00056247811
0.00050597806
0.00044953225
0.00039427237
0.00033928175
0.00029272975
0.00024307284
0.00023438637
-1.5414649e-05
0.0044425297
0.0044553448
0.0044679726
0.0044801035
0.0044913963
0.0045015913
0.0045104163
0.004517507
0.0045223941
0.0045245131
0.0045232066
0.0045177295
0.0045072714
0.0044910044
0.004468155
0.0044380939
0.0044004277
0.0043550728
0.0043022855
0.0042426371
0.0041769408
0.0041061593
0.0040313233
0.0039534734
0.0038736204
0.0037927159
0.0037116338
0.0036311616
0.0035519964
0.0034747388
0.003399886
0.0033278319
0.0032588714
0.0031932022
0.0031309232
0.0030720335
0.0030164405
0.0029639763
0.0029144149
0.0028674866
0.0028228889
0.002780298
0.0027393797
0.0026998026
0.0026612491
0.0026234258
0.0025860688
0.0025489454
0.0025118488
0.0024745952
0.0024370267
0.0023990214
0.0023605055
0.0023214578
0.002281903
0.0022418951
0.0022014993
0.0021607788
0.0021197831
0.0020785422
0.0020370691
0.0019953738
0.0019534763
0.0019114033
0.0018691672
0.0018267521
0.0017841339
0.0017412996
0.0016982151
0.0016548049
0.0016110074
0.0015668154
0.0015222216
0.001477188
0.001431692
0.0013857233
0.0013392358
0.0012921633
0.0012444655
0.0011961649
0.0011472319
0.0010975745
0.0010472509
0.00099627366
0.00094452163
0.00089200182
0.00083877786
0.00078483567
0.00073020971
0.00067493337
0.00061912023
0.00056286033
0.00050632306
0.00044982696
0.00039446628
0.0003394428
0.00029235024
0.00024286354
0.00022787826
-8.2742881e-06
0.0044154725
0.0044272275
0.0044387549
0.0044497457
0.004459863
0.0044688528
0.0044764532
0.0044823177
0.0044860075
0.0044870027
0.004484708
0.0044784567
0.0044675306
0.0044511999
0.0044287821
0.0043997155
0.0043636339
0.004320429
0.0042702808
0.0042136457
0.0041512052
0.0040837939
0.0040123307
0.0039377641
0.0038610327
0.0037830351
0.0037046091
0.003626519
0.0035494488
0.0034739942
0.0034006568
0.0033298408
0.0032618556
0.0031969166
0.0031351441
0.0030765632
0.0030211101
0.0029686464
0.0029189739
0.0028718491
0.0028269934
0.0027841046
0.0027428681
0.0027029688
0.0026641023
0.0026259845
0.002588358
0.0025509933
0.0025136864
0.0024762557
0.0024385455
0.0024004344
0.0023618464
0.0023227551
0.0022831779
0.002243161
0.002202763
0.0021620418
0.0021210439
0.0020797985
0.0020383193
0.0019966168
0.0019547097
0.0019126218
0.0018703649
0.0018279252
0.0017852794
0.0017424127
0.0016992917
0.001655847
0.0016120187
0.0015677956
0.0015231697
0.0014781052
0.0014325781
0.0013865759
0.0013400549
0.0012929519
0.0012452268
0.001196896
0.0011479326
0.0010982523
0.001047901
0.00099689226
0.00094511589
0.00089257235
0.00083932124
0.00078535324
0.00073069958
0.00067539512
0.00061954833
0.0005632512
0.0005066743
0.00045012529
0.0003946596
0.00033959091
0.0002919524
0.00024249282
0.00022153792
-1.5642484e-06
0.0043880327
0.0043987562
0.0044092164
0.0044191068
0.0044280967
0.0044359402
0.0044423868
0.0044471096
0.004449699
0.0044496776
0.0044465058
0.0044395866
0.0044282821
0.0044119471
0.0043899777
0.0043618709
0.0043272862
0.0042860984
0.0042384267
0.0041846317
0.0041252808
0.0040610933
0.0039928831
0.0039215091
0.0038478376
0.0037727117
0.0036969293
0.0036212277
0.003546274
0.0034726564
0.003400877
0.0033313476
0.0032643898
0.0032002348
0.003139023
0.0030808038
0.0030255407
0.0029731232
0.0029233809
0.0028760957
0.0028310132
0.0027878529
0.0027463198
0.0027061154
0.002666949
0.0026285466
0.0025906577
0.0025530569
0.0025155432
0.0024779378
0.002440087
0.0024018703
0.0023632097
0.0023240739
0.0022844731
0.0022444464
0.0022040457
0.002163324
0.0021223244
0.0020810751
0.0020395905
0.0019978813
0.0019559648
0.0019138626
0.0018715855
0.0018291214
0.0017864482
0.0017435492
0.0017003922
0.0016569128
0.0016130533
0.0015687989
0.0015241404
0.0014790446
0.001433486
0.00138745
0.001340895
0.0012937608
0.0012460078
0.0011976464
0.0011486522
0.0010989477
0.0010485685
0.00099752771
0.00094572596
0.00089315795
0.00083987908
0.00078588429
0.00073120205
0.00067586828
0.00061998668
0.00056365074
0.00050703171
0.00045042699
0.00039485165
0.00033972506
0.00029153427
0.00024197132
0.00021538118
4.710297e-06
0.0043602358
0.0043699599
0.0043793895
0.0043882224
0.0043961357
0.0044028929
0.0044082565
0.0044119192
0.0044135003
0.0044125614
0.0044086136
0.0044011217
0.0043895178
0.00437323
0.0043517219
0.0043245421
0.0042913742
0.0042520819
0.0042067361
0.0041556182
0.0040991971
0.004038089
0.00397301
0.0039047335
0.0038340539
0.0037617573
0.0036885989
0.0036152856
0.0035424645
0.0034707129
0.0034005304
0.0033323333
0.003266453
0.003203135
0.0031425378
0.0030847333
0.0030297108
0.0029773868
0.0029276173
0.0028802096
0.0028349332
0.0027915294
0.002749723
0.0027092324
0.0026697809
0.0026311052
0.002592962
0.0025551313
0.0025174154
0.0024796383
0.0024416487
0.0024033271
0.0023645936
0.0023254125
0.0022857874
0.0022457501
0.0022053466
0.0021646244
0.0021236236
0.0020823712
0.0020408819
0.0019991665
0.0019572411
0.0019151251
0.0018728284
0.0018303404
0.00178764
0.0017447091
0.0017015165
0.0016580023
0.0016141112
0.0015698253
0.0015251341
0.0014800064
0.0014344158
0.0013883457
0.0013417563
0.0012945904
0.0012468086
0.0011984163
0.0011493907
0.0010996611
0.0010492533
0.00099818024
0.00094635208
0.00089375884
0.00084045156
0.000786429
0.00073171726
0.00067635297
0.00062043534
0.00056405895
0.00050739517
0.00045073173
0.00039504195
0.00033984412
0.00029109341
0.00024131157
0.00020941223
1.0546208e-05
0.0043321086
0.0043408683
0.0043493067
0.0043571274
0.0043640167
0.0043697483
0.0043740987
0.0043767803
0.0043774397
0.0043756751
0.0043710433
0.0043630638
0.0043512301
0.0043350335
0.0043139965
0.0042877124
0.0042558877
0.0042183794
0.0041752203
0.0041266261
0.0040729815
0.0040148108
0.0039527406
0.0038874629
0.0038197016
0.0037501855
0.0036796247
0.003608693
0.0035380147
0.0034681531
0.0033996022
0.00333278
0.0032680254
0.0032055959
0.0031456665
0.0030883298
0.003033599
0.0029814164
0.0029316637
0.0028841731
0.0028387374
0.0027951201
0.0027530654
0.0027123092
0.0026725888
0.0026336524
0.0025952648
0.0025572114
0.0025192985
0.0024813535
0.0024432277
0.0024048023
0.0023659961
0.0023267692
0.0022871191
0.002247071
0.0022066644
0.002165942
0.0021249407
0.002083686
0.0020421928
0.0020004719
0.0019585381
0.0019164089
0.0018740933
0.0018315819
0.0017888545
0.0017458923
0.0017026645
0.0016591156
0.0016151926
0.0015708749
0.0015261509
0.0014809908
0.0014353677
0.0013892632
0.0013426391
0.0012954409
0.0012476295
0.0011992059
0.0011501485
0.0011003926
0.001049956
0.00099885013
0.00094699454
0.00089437529
0.00084103893
0.0007869876
0.00073224539
0.00067684932
0.00062089438
0.00056447583
0.0005077646
0.00045103921
0.00039523004
0.00033994688
0.0002906279
0.00024052321
0.0002036381
1.594824e-05
0.0043036785
0.0043115113
0.0043190003
0.004325856
0.0043317749
0.0043365419
0.0043399474
0.0043417234
0.0043415427
0.0043390371
0.0043338049
0.0043254139
0.0043134115
0.004297344
0.0042767847
0.0042513666
0.0042208172
0.0041849902
0.0041438886
0.0040976739
0.0040466591
0.0039912874
0.0039321037
0.0038697232
0.003804802
0.0037380115
0.0036700155
0.0036014526
0.0035329212
0.0034649683
0.0033980794
0.0033326715
0.0032690881
0.0032075969
0.0031483875
0.0030915713
0.0030371837
0.0029851914
0.0029355007
0.002887968
0.0028424094
0.00279861
0.0027563338
0.0027153341
0.002675363
0.00263618
0.0025975589
0.0025592911
0.0025211876
0.0024830794
0.0024448204
0.0024062929
0.0023674148
0.002328142
0.0022884667
0.0022484074
0.0022079978
0.0021672756
0.0021262744
0.0020850185
0.0020435222
0.0020017965
0.001959855
0.0019177134
0.0018753797
0.0018328454
0.0017900915
0.0017470983
0.0017038358
0.0016602524
0.0016162973
0.0015719477
0.0015271906
0.0014819978
0.0014363419
0.0013902027
0.0013435435
0.0012963124
0.0012484707
0.0012000154
0.0011509258
0.0011011426
0.0010506765
0.00099953756
0.00094765356
0.00089500745
0.00084164132
0.00078756021
0.00073278653
0.0006773574
0.00062136381
0.0005649013
0.00050813983
0.00045134905
0.00039541533
0.0003400321
0.00029013575
0.00023961427
0.00019807001
2.092378e-05
0.004274974
0.0042819192
0.0042885021
0.0042944411
0.0042994438
0.0043033065
0.0043058338
0.0043067764
0.0043058322
0.0043026639
0.004296907
0.0042881725
0.0042760549
0.0042601486
0.0042400711
0.0042154903
0.0041861531
0.0041519126
0.0041127487
0.0040687784
0.0040202534
0.003967546
0.003911127
0.0038515404
0.0037893772
0.003725252
0.0036597821
0.0035935688
0.0035271829
0.0034611521
0.003395951
0.0033319927
0.0032696234
0.0032091183
0.0031506798
0.0030944361
0.0030404434
0.0029886906
0.0029391081
0.0028915757
0.002845932
0.0028019837
0.0027595146
0.0027182953
0.0026780929
0.0026386791
0.0025998367
0.0025613642
0.0025230775
0.0024848115
0.0024464231
0.0024077959
0.0023688469
0.0023295288
0.0022898282
0.0022497577
0.0022093452
0.0021686238
0.0021276237
0.0020863674
0.0020448691
0.0020031395
0.0019611911
0.0019190379
0.0018766869
0.0018341305
0.0017913506
0.001748327
0.0017050305
0.0016614128
0.0016174254
0.0015730438
0.0015282535
0.0014830276
0.0014373384
0.0013911643
0.0013444698
0.0012972053
0.0012493326
0.0012008451
0.0011517228
0.0011019113
0.0010514153
0.0010002428
0.00094832943
0.00089565562
0.000842259
0.00078814709
0.00073334088
0.00067787736
0.00062184371
0.00056533537
0.00050852078
0.00045166095
0.00039559732
0.00034009872
0.00028961497
0.00023859293
0.00019272124
2.5481208e-05
0.0042460236
0.0042521219
0.0042578431
0.0042629145
0.0042670551
0.004270073
0.0042717865
0.0042719646
0.0042703285
0.0042665694
0.0042603566
0.0042513394
0.0042391535
0.0042234355
0.0042038415
0.0041800702
0.0041518866
0.0041191449
0.0040818072
0.0040399542
0.0039937858
0.0039436122
0.0038898378
0.0038329406
0.0037734498
0.0037119252
0.0036489369
0.0035850483
0.0035208004
0.0034566999
0.0033932076
0.0033307305
0.0032696148
0.0032101414
0.0031525231
0.0030969031
0.0030433563
0.002991893
0.0029424656
0.0028949768
0.0028492873
0.0028052249
0.0027625929
0.0027211796
0.0026807672
0.0026411397
0.0026020899
0.0025634235
0.002524962
0.0024865447
0.0024480314
0.0024093076
0.0023702894
0.0023309267
0.0022912012
0.0022511199
0.0022107049
0.0021699849
0.0021289868
0.0020877314
0.0020462323
0.0020044998
0.0019625454
0.0019203814
0.0018780141
0.0018354364
0.0017926311
0.0017495779
0.0017062479
0.0016625963
0.0016185765
0.0015741628
0.0015293393
0.0014840801
0.0014383573
0.001392148
0.0013454178
0.0012981195
0.0012502152
0.0012016951
0.0011525396
0.0011026989
0.0010521723
0.001000966
0.00094902224
0.00089631984
0.000842892
0.00078874824
0.00073390843
0.00067840916
0.00062233398
0.00056577785
0.00050890713
0.00045197438
0.0003957753
0.00034014557
0.00028906319
0.00023746736
0.00018760644
2.9630096e-05
0.0042168558
0.0042221489
0.0042270536
0.0042313066
0.0042346388
0.00423687
0.0042378318
0.0042373107
0.0042350496
0.004230766
0.0042241595
0.0042149136
0.0042027005
0.0041871935
0.0041680826
0.0041450939
0.0041180089
0.0040866845
0.0040510695
0.0040112146
0.003967276
0.0039195103
0.0038682623
0.0038139496
0.0037570433
0.0036980503
0.0036374942
0.0035758996
0.0035137768
0.0034516092
0.0033898419
0.0033288734
0.0032690475
0.0032106486
0.0031538979
0.0030989517
0.0030459016
0.0029947774
0.0029455528
0.002898152
0.0028524572
0.0028083169
0.0027655538
0.0027239736
0.002683374
0.0026435516
0.0026043096
0.0025654614
0.0025268348
0.0024882734
0.0024496408
0.002410824
0.002371739
0.002332333
0.0022925834
0.0022524918
0.0022120751
0.0021713574
0.0021303625
0.0020891092
0.0020476105
0.0020058762
0.0019639169
0.0019217433
0.0018793607
0.0018367627
0.0017939328
0.0017508505
0.0017074879
0.0016638027
0.0016197507
0.0015753049
0.0015304482
0.0014851554
0.0014393987
0.0013931541
0.0013463881
0.0012990553
0.0012511188
0.0012025657
0.0011533767
0.0011035058
0.0010529481
0.0010017074
0.00094973242
0.00089700051
0.00084354068
0.00078936404
0.00073448949
0.00067895306
0.0006228348
0.00056622885
0.00050929891
0.00045228916
0.00039594885
0.00034017201
0.0002884784
0.00023624567
0.00018274088
3.3385556e-05
0.0041874993
0.0041920294
0.0041961629
0.0041996464
0.004202223
0.0042037239
0.0042039935
0.0042028349
0.0042000112
0.0041952639
0.0041883202
0.0041788937
0.0041666891
0.0041514118
0.0041327819
0.0041105495
0.0040845116
0.0040545287
0.0040205395
0.0039825708
0.0039407419
0.0038952627
0.0038464254
0.0037945925
0.0037401811
0.0036836472
0.0036254693
0.0035661331
0.0035061169
0.0034458795
0.0033858486
0.0033264116
0.003267908
0.0032106235
0.0031547856
0.0031005617
0.0030480581
0.0029973227
0.0029483488
0.0029010811
0.0028554228
0.0028112421
0.0027683811
0.0027266629
0.0026859004
0.0026459036
0.002606486
0.0025674695
0.0025286884
0.0024899914
0.0024512457
0.0024123404
0.0023731916
0.0023337442
0.0022939717
0.0022538707
0.0022134532
0.002172739
0.0021317485
0.0020904988
0.002049002
0.0020072673
0.0019653041
0.001923122
0.0018807254
0.0018381081
0.0017952545
0.0017521441
0.0017087497
0.0016650315
0.0016209474
0.0015764695
0.0015315796
0.0014862531
0.0014404623
0.0013941822
0.0013473801
0.0013000126
0.0012520432
0.0012034567
0.0011542337
0.0011043318
0.0010537424
0.001002467
0.00095045978
0.00089769742
0.00084420482
0.00078999423
0.00073508377
0.00067950876
0.0006233458
0.0005666879
0.00050969554
0.00045260449
0.00039611701
0.00034017677
0.00028786024
0.00023493689
0.0001781246
3.6757178e-05
0.0041579818
0.0041617913
0.0041651988
0.0041679612
0.0041698338
0.004170659
0.0041702934
0.0041685553
0.004165227
0.0041600719
0.0041528419
0.0041432778
0.0041311127
0.0041160806
0.0040979278
0.0040764262
0.0040513868
0.0040226747
0.0039902211
0.0039540333
0.0039142
0.0038708908
0.0038243515
0.0037748946
0.0037228872
0.0036687373
0.0036128795
0.003555761
0.0034978278
0.0034395128
0.0033812245
0.0033233376
0.003266185
0.0032100516
0.0031551692
0.0031017142
0.003049806
0.0029995085
0.0029508333
0.0029037445
0.0028581651
0.002813983
0.0027710587
0.0027292328
0.0026883335
0.002648184
0.002608609
0.0025694391
0.0025305155
0.0024916924
0.0024528408
0.0024138524
0.0023746433
0.002335157
0.0022953634
0.0022552544
0.0022148374
0.0021741279
0.0021331435
0.002091899
0.0020504056
0.0020086718
0.0019667063
0.001924517
0.0018821076
0.0018394723
0.001796596
0.0017534585
0.0017100332
0.0016662827
0.0016221666
0.0015776568
0.0015327339
0.0014873737
0.0014415486
0.0013952329
0.0013483945
0.0013009919
0.0012529891
0.0012043688
0.0011551114
0.0011051777
0.0010545559
0.0010032453
0.00095120505
0.00089841129
0.0008448851
0.00079063947
0.0007356919
0.00068007681
0.00062386747
0.00056715541
0.00051009733
0.00045292047
0.0003962797
0.00034015952
0.00028721063
0.00023355101
0.0001737637
3.9758596e-05
0.0041283308
0.0041314619
0.004134188
0.0041362767
0.0041374956
0.0041376975
0.0041367506
0.0041344878
0.0041307087
0.004125197
0.0041177267
0.0041080629
0.0040959642
0.0040811896
0.0040635089
0.004042713
0.0040186264
0.0039911186
0.0039601161
0.0039256105
0.0038876646
0.0038464139
0.0038020629
0.0037548795
0.0037051847
0.0036533414
0.0035997424
0.0035447967
0.003488918
0.0034325124
0.003375968
0.0033196451
0.0032638682
0.0032089191
0.0031550322
0.0031023908
0.0030511253
0.0030013141
0.0029529854
0.0029061216
0.0028606644
0.0028165207
0.0027735691
0.0027316671
0.0026906585
0.0026503799
0.002610667
0.0025713599
0.0025323069
0.0024933682
0.002454419
0.0024153536
0.0023760887
0.0023365667
0.002296754
0.0022566388
0.0022162238
0.0021755209
0.0021345442
0.0020933067
0.0020518185
0.0020100874
0.0019681209
0.001925926
0.0018835053
0.0018408533
0.0017979554
0.0017547919
0.0017113368
0.0016675546
0.0016234071
0.0015788657
0.0015339099
0.001488516
0.0014426565
0.0013963051
0.0013494304
0.0013019923
0.0012539556
0.0012053011
0.0011560089
0.0011060426
0.0010553877
0.0010040416
0.00095196743
0.00089914131
0.00084558069
0.00079129895
0.00073631302
0.00068065633
0.00062439887
0.00056763035
0.00051050315
0.00045323576
0.00039643543
0.00034011881
0.00028653032
0.00023209604
0.00016963072
4.2385996e-05
0.0040985728
0.0041010674
0.0041031562
0.0041046176
0.0041052312
0.00410486
0.0041033832
0.0041006469
0.0040964669
0.0040906453
0.0040829763
0.0040732466
0.0040612374
0.0040467301
0.0040295151
0.0040094006
0.0039862233
0.0039598578
0.0039302272
0.0038973108
0.0038611501
0.0038218508
0.003779582
0.0037345713
0.0036870976
0.0036374821
0.0035860772
0.0035332554
0.0034793981
0.0034248843
0.0033700804
0.0033153308
0.0032609499
0.0032072149
0.0031543604
0.0031025748
0.0030519978
0.0030027202
0.0029547856
0.002908193
0.002862902
0.0028188375
0.0027758957
0.0027339508
0.0026928619
0.002652479
0.0026126494
0.0025732227
0.0025340549
0.0024950124
0.0024559748
0.0024168394
0.002377524
0.0023379699
0.0022981412
0.0022580219
0.0022176111
0.0021769165
0.0021359495
0.0020947212
0.0020532401
0.0020115135
0.0019695478
0.0019273488
0.0018849186
0.0018422513
0.0017993332
0.001756145
0.0017126612
0.0016688483
0.0016246699
0.001580097
0.0015351087
0.0014896811
0.0014437872
0.0013974002
0.001350489
0.0013030153
0.0012549442
0.0012062551
0.0011569277
0.001106928
0.0010562396
0.0010048575
0.00095274849
0.00089988902
0.00084629308
0.00079197413
0.00073694855
0.00068124867
0.00062494126
0.00056811387
0.00051091405
0.00045355121
0.0003965849
0.00034005543
0.00028582218
0.00023058157
0.00016583751
4.4629155e-05
0.0040687324
0.0040706315
0.0040721261
0.0040730052
0.0040730603
0.004072164
0.0040702055
0.0040670435
0.0040625088
0.0040564201
0.0040485898
0.0040388242
0.0040269243
0.0040126917
0.0039959349
0.0039764782
0.0039541689
0.0039288873
0.0039005544
0.0038691398
0.0038346673
0.0037972176
0.0037569284
0.0037139918
0.0036686486
0.0036211809
0.0035719033
0.0035211532
0.00346928
0.0034166355
0.0033635637
0.0033103922
0.0032574234
0.0032049282
0.0031531397
0.0031022495
0.0030524046
0.0030037067
0.0029562126
0.0029099372
0.0028648566
0.0028209127
0.0027780187
0.0027360653
0.0026949264
0.0026544655
0.0026145417
0.0025750144
0.0025357476
0.002496614
0.0024574984
0.002418301
0.0023789412
0.0023393596
0.0022995182
0.0022593976
0.0022189933
0.0021783094
0.0021373545
0.0020961375
0.0020546658
0.0020129457
0.0019709827
0.0019287815
0.0018863434
0.0018436626
0.0018007258
0.0017575142
0.001714003
0.0016701605
0.0016259517
0.0015813479
0.0015363274
0.0014908664
0.0014449381
0.0013985156
0.0013515679
0.0013040582
0.0012559524
0.0012072284
0.0011578655
0.0011078318
0.0010571091
0.0010056905
0.00095354598
0.0009006522
0.00084702006
0.00079266278
0.00073759625
0.0006818516
0.00062549234
0.00056860362
0.00051132758
0.00045386422
0.00039672543
0.00033996702
0.00028508589
0.00022901278
0.00016226223
4.6516169e-05
0.0036523704
0.0037371091
0.0038911296
0.0040554044
0.0042234356
0.0043959807
0.0045704178
0.0047479165
0.0049361545
0.0051770083
0.0036523641
0.0037370975
0.0038911106
0.0040553709
0.0042233757
0.0043958711
0.0045701869
0.0047472748
0.0049331037
0.0051501128
0.0036523509
0.0037370737
0.0038910706
0.0040553005
0.0042232501
0.004395639
0.0045697075
0.0047459105
0.0049276165
0.0051208875
0.0036523301
0.0037370364
0.0038910073
0.0040551894
0.0042230523
0.0043952723
0.0045689541
0.0047438145
0.0049205401
0.0050952128
0.0036523007
0.0037369844
0.0038909185
0.0040550337
0.0042227754
0.0043947595
0.0045678978
0.004741063
0.0049121745
0.0050717842
0.003652262
0.0037369164
0.0038908017
0.0040548293
0.0042224121
0.0043940862
0.0045665232
0.0047376578
0.0049029156
0.0050497872
0.0036522131
0.0037368309
0.0038906543
0.0040545716
0.0042219545
0.004393239
0.0045648135
0.0047336155
0.0048930422
0.0050288153
0.003652153
0.0037367265
0.0038904734
0.0040542558
0.0042213943
0.0043922043
0.0045627504
0.0047289659
0.0048826105
0.0050086522
0.0036520806
0.0037366014
0.0038902561
0.0040538768
0.0042207227
0.0043909677
0.0045603191
0.004723725
0.0048716733
0.0049891708
0.0036519949
0.0037364539
0.003889999
0.004053429
0.0042199303
0.0043895146
0.0045575049
0.004717907
0.0048602803
0.0049702524
0.0036518946
0.003736282
0.0038896987
0.0040529066
0.0042190074
0.0043878303
0.0045542939
0.0047115252
0.00484847
0.004951786
0.0036517783
0.0037360837
0.0038893514
0.0040523032
0.0042179437
0.0043858998
0.0045506729
0.0047045916
0.0048362708
0.0049336714
0.0036516448
0.0037358569
0.0038889532
0.0040516123
0.0042167283
0.0043837078
0.0045466295
0.0046971162
0.0048237028
0.0049158179
0.0036514926
0.003735599
0.0038884998
0.0040508268
0.0042153501
0.004381239
0.0045421518
0.0046891073
0.0048107788
0.0048981428
0.0036513199
0.0037353077
0.0038879866
0.0040499393
0.0042137973
0.0043784779
0.0045372283
0.0046805714
0.0047975054
0.0048805697
0.0036511251
0.0037349802
0.0038874088
0.0040489417
0.0042120576
0.0043754088
0.004531848
0.0046715136
0.0047838839
0.0048630286
0.0036509063
0.0037346136
0.0038867613
0.0040478257
0.0042101184
0.0043720161
0.0045260004
0.004661937
0.004769911
0.0048454544
0.0036506615
0.0037342049
0.0038860384
0.0040465826
0.0042079667
0.0043682841
0.004519675
0.0046518431
0.0047555794
0.0048277875
0.0036503886
0.0037337508
0.0038852345
0.0040452029
0.0042055888
0.0043641972
0.004512862
0.0046412321
0.0047408793
0.0048099723
0.0036500853
0.0037332477
0.0038843432
0.0040436771
0.0042029708
0.0043597396
0.0045055515
0.0046301028
0.0047257981
0.0047919579
0.0036497491
0.0037326918
0.0038833581
0.0040419949
0.0042000986
0.0043548958
0.0044977339
0.0046184526
0.0047103219
0.0047736973
0.0036493775
0.0037320793
0.0038822721
0.0040401455
0.0041969574
0.0043496505
0.0044893999
0.004606278
0.0046944356
0.0047551478
0.0036489676
0.0037314059
0.003881078
0.0040381178
0.0041935323
0.0043439882
0.0044805404
0.0045935746
0.0046781233
0.0047362706
0.0036485165
0.0037306669
0.0038797679
0.0040359002
0.0041898083
0.0043378941
0.0044711465
0.0045803375
0.0046613695
0.0047170309
0.0036480208
0.0037298577
0.0038783336
0.0040334806
0.0041857698
0.0043313533
0.0044612097
0.0045665613
0.004644159
0.004697398
0.0036474772
0.0037289731
0.0038767665
0.0040308465
0.0041814013
0.0043243515
0.0044507217
0.0045522403
0.0046264774
0.0046773452
0.0036468821
0.0037280076
0.0038750577
0.0040279848
0.0041766872
0.0043168747
0.0044396748
0.0045373693
0.0046083115
0.00465685
0.0036462315
0.0037269556
0.0038731974
0.0040248822
0.0041716117
0.0043089092
0.0044280618
0.0045219432
0.0045896499
0.004635894
0.0036455213
0.003725811
0.0038711759
0.004021525
0.0041661592
0.0043004421
0.0044158761
0.0045059574
0.004570483
0.0046144627
0.0036447471
0.0037245672
0.0038689827
0.004017899
0.0041603139
0.004291461
0.0044031116
0.0044894084
0.0045508033
0.0045925458
0.003643904
0.0037232176
0.0038666069
0.0040139898
0.0041540605
0.0042819543
0.0043897635
0.0044722935
0.0045306056
0.0045701372
0.0036429871
0.0037217549
0.0038640373
0.0040097826
0.0041473835
0.004271911
0.0043758275
0.0044546117
0.0045098874
0.0045472343
0.0036419911
0.0037201715
0.003861262
0.0040052626
0.0041402682
0.0042613212
0.0043613008
0.004436363
0.0044886485
0.0045238387
0.0036409102
0.0037184596
0.0038582689
0.0040004146
0.0041327
0.0042501758
0.0043461815
0.0044175495
0.0044668917
0.0044999553
0.0036397383
0.0037166107
0.0038550455
0.0039952232
0.0041246649
0.0042384669
0.0043304692
0.0043981745
0.0044446222
0.0044755924
0.0036384692
0.0037146161
0.0038515786
0.0039896733
0.0041161493
0.0042261878
0.0043141649
0.0043782439
0.0044218479
0.0044507618
0.0036370959
0.0037124665
0.0038478549
0.0039837495
0.0041071406
0.004213333
0.0042972712
0.0043577649
0.0043985795
0.0044254779
0.0036356112
0.0037101524
0.0038438608
0.0039774366
0.0040976268
0.0041998982
0.0042797921
0.004336747
0.0043748299
0.0043997578
0.0036340076
0.0037076637
0.0038395821
0.0039707195
0.0040875968
0.0041858809
0.0042617335
0.0043152018
0.0043506146
0.0043736212
0.0036322769
0.0037049899
0.0038350046
0.0039635835
0.0040770406
0.0041712797
0.0042431031
0.0042931426
0.0043259509
0.0043470895
0.0036304105
0.0037021202
0.0038301136
0.003956014
0.0040659492
0.0041560953
0.0042239101
0.0042705847
0.0043008584
0.004320186
0.0036283995
0.0036990432
0.0038248945
0.0039479972
0.0040543147
0.0041403294
0.0042041657
0.0042475453
0.0042753583
0.0042929356
0.0036262344
0.0036957473
0.0038193324
0.0039395195
0.0040421308
0.0041239859
0.0041838826
0.0042240431
0.0042494734
0.004265364
0.003623905
0.0036922204
0.0038134123
0.0039305683
0.0040293922
0.0041070702
0.0041630754
0.0042000986
0.0042232276
0.0042374979
0.003621401
0.0036884499
0.0038071192
0.0039211315
0.0040160952
0.0040895894
0.0041417603
0.0041757334
0.004196646
0.0042093645
0.0036187112
0.0036844232
0.0038004381
0.0039111979
0.0040022377
0.0040715523
0.0041199548
0.0041509705
0.0041697542
0.0041809912
0.0036158241
0.0036801269
0.0037933544
0.0039007577
0.0039878191
0.0040529694
0.0040976782
0.0041258338
0.0041425787
0.0041524055
0.0036127274
0.0036755477
0.0037858532
0.0038898017
0.0039728402
0.0040338529
0.0040749508
0.0041003482
0.004115146
0.0041236348
0.0036094083
0.003670672
0.0037779202
0.0038783225
0.0039573038
0.0040142164
0.004051794
0.0040745387
0.0040874824
0.0040947055
0.0036058537
0.0036654859
0.0037695411
0.0038663136
0.0039412143
0.0039940753
0.0040282308
0.0040484313
0.0040596144
0.0040656434
0.0036018908
0.003659747
0.0037603356
0.003853248
0.0039238855
0.0039725885
0.0040032892
0.0040209563
0.0040304037
0.0040352632
0.003597021
0.003652756
0.0037492156
0.0038376281
0.0039033939
0.003947437
0.0039743345
0.0039892541
0.0039968402
0.004000455
0.0035906956
0.0036437814
0.0037350986
0.0038180324
0.0038780198
0.0039166665
0.0039392528
0.0039511141
0.0039566566
0.0039589171
0.0035824134
0.0036322167
0.0037171841
0.0037934832
0.0038467114
0.0038792359
0.0038970538
0.0039056034
0.003908968
0.0039097998
0.0035714726
0.003617255
0.0036945198
0.003762843
0.0038082959
0.0038340495
0.003846752
0.0038518327
0.0038529578
0.0038523413
0.0035569017
0.003597815
0.0036659714
0.0037248387
0.0037615416
0.0037800468
0.0037874713
0.0037890681
0.0037879837
0.0037859523
0.0035374356
0.0035725854
0.0036301583
0.0036780769
0.0037052264
0.0037162816
0.0037185166
0.0037168013
0.0037136792
0.0037103766
0.0035114335
0.00353992
0.0035854749
0.0036211755
0.0036383242
0.0036421092
0.0036395205
0.0036347893
0.0036298182
0.003625374
0.0034768405
0.0034978655
0.0035302483
0.0035529671
0.0035601883
0.0035573256
0.0035506611
0.0035435688
0.0035372404
0.0035319817
0.0034312276
0.0034442695
0.0034629187
0.0034726712
0.0034706659
0.0034620322
0.0034518856
0.0034427108
0.0034351763
0.0034292521
0.0033719801
0.0033770061
0.0033822817
0.0033800504
0.0033703464
0.00335772
0.0033457472
0.0033357376
0.0033277665
0.0033215821
0.0032967216
0.0032943522
0.0032878147
0.0032754378
0.0032592567
0.0032428886
0.0032287846
0.0032176555
0.0032092132
0.0032029097
0.003203889
0.0031956273
0.0031799834
0.0031610683
0.003142574
0.0031264393
0.0031131726
0.0031026409
0.0030945116
0.0030883853
0.0030938009
0.0030816877
0.0030594021
0.0030341105
0.0030109034
0.0029919511
0.0029774588
0.0029667171
0.0029588409
0.0029530896
0.0029691858
0.0029562718
0.0029349293
0.002913996
0.002896607
0.002882391
0.0028707504
0.0028614495
0.0028542965
0.0028489577
0.0028360452
0.0028197787
0.0027906809
0.0027610194
0.0027377974
0.0027214778
0.0027099253
0.0027014642
0.0026952326
0.0026907051
0.0027066337
0.0027050003
0.0026979293
0.0026885743
0.0026781584
0.0026676798
0.0026583005
0.0026507098
0.0026449106
0.0026405781
0.002571812
0.0025342934
0.0024940466
0.0024661102
0.0024477433
0.0024343884
0.0024243519
0.0024170373
0.0024118349
0.0024081338
0.0040375937
0.0040389144
0.0040398336
0.0040401513
0.0040396712
0.0040382753
0.0040358626
0.0040323038
0.004027444
0.0040211177
0.0040131546
0.004003379
0.0039916107
0.0039776697
0.0039613818
0.0039425857
0.0039211397
0.0038969294
0.0038698753
0.0038399391
0.0038071293
0.0037715045
0.0037331742
0.0036922976
0.0036490796
0.0036037651
0.0035566319
0.0035079821
0.0034581329
0.0034074077
0.003356127
0.0033045995
0.003253114
0.0032019331
0.0031512867
0.0031013676
0.0030523286
0.0030042807
0.0029572934
0.0029113959
0.0028665805
0.002822806
0.0027800026
0.0027380772
0.0026969191
0.002656406
0.002616409
0.0025767981
0.0025374459
0.0024982323
0.0024590472
0.0024197947
0.0023803958
0.0023407911
0.0023009407
0.0022608224
0.0022204278
0.0021797579
0.0021388182
0.0020976157
0.0020561563
0.0020144454
0.0019724874
0.0019302861
0.0018878418
0.0018451488
0.0018021943
0.00175896
0.0017154218
0.0016715495
0.0016273099
0.0015826745
0.0015376209
0.0014921254
0.0014461616
0.001399702
0.0013527164
0.0013051692
0.0012570268
0.0012082661
0.0011588659
0.001108796
0.001058037
0.00100658
0.00095439752
0.00090146695
0.00084779613
0.00079339773
0.00073828711
0.00068249406
0.00062607875
0.00056912343
0.00051176413
0.00045419057
0.00039686523
0.00033985203
0.00028429468
0.00022733187
0.00015884685
4.8124023e-05
0.0040019823
0.0040026933
0.0040030079
0.0040027388
0.0040017028
0.0039997923
0.0039969164
0.0039929583
0.0039877781
0.0039812267
0.0039731513
0.0039633946
0.0039517955
0.0039381924
0.0039224287
0.003904358
0.0038838499
0.0038607963
0.0038351179
0.0038067697
0.0037757464
0.0037420854
0.003705869
0.0036672237
0.0036263179
0.003583358
0.0035385828
0.0034922566
0.0034446612
0.0033960882
0.0033468308
0.0032971751
0.0032473934
0.0031977366
0.003148429
0.0030996626
0.0030515945
0.0030043442
0.0029579933
0.0029125857
0.0028681304
0.0028246042
0.0027819554
0.002740109
0.0026989715
0.0026584362
0.0026183884
0.00257871
0.0025392842
0.0024999988
0.0024607506
0.002421448
0.0023820147
0.0023423916
0.0023025371
0.0022624263
0.0022220472
0.0021813972
0.0021404788
0.0020992964
0.0020578546
0.0020161574
0.0019742082
0.0019320096
0.0018895611
0.0018468568
0.0018038845
0.0017606264
0.0017170593
0.0016731548
0.0016288812
0.0015842107
0.00153912
0.0014935857
0.0014475815
0.0014010801
0.0013540514
0.0013064611
0.0012582766
0.0012094736
0.0011600305
0.0011099185
0.0010591173
0.0010076159
0.00095538914
0.00090241532
0.00084869912
0.00079425232
0.0007390896
0.00068323912
0.00062675719
0.00056972241
0.00051226315
0.00045455679
0.00039700982
0.00033968634
0.00028335722
0.00022535402
0.00015526935
4.9621418e-05
0.0039595761
0.0039596303
0.0039592967
0.0039584024
0.0039567792
0.0039543307
0.0039509768
0.0039466142
0.0039411186
0.0039343584
0.003926199
0.0039165023
0.0039051267
0.0038919299
0.0038767732
0.003859526
0.0038400698
0.0038183041
0.0037941508
0.0037675598
0.0037385131
0.0037070285
0.0036731611
0.003637005
0.0035986913
0.003558386
0.0035162863
0.0034726147
0.0034276135
0.0033815377
0.003334648
0.0032872034
0.0032394543
0.0031916362
0.0031439635
0.0030966247
0.0030497788
0.0030035523
0.002958038
0.0029132948
0.0028693491
0.0028261969
0.0027838066
0.0027421234
0.0027010734
0.0026605681
0.0026205093
0.0025807937
0.0025413169
0.0025019772
0.0024626794
0.0024233382
0.0023838805
0.0023442486
0.0023043998
0.0022643065
0.0022239533
0.0021833336
0.0021424467
0.0021012942
0.0020598789
0.0020182033
0.0019762694
0.0019340786
0.0018916295
0.001848916
0.0018059264
0.0017626434
0.0017190452
0.001675105
0.0016307931
0.0015860822
0.0015409487
0.0014953691
0.0014493175
0.0014027667
0.0013556869
0.0013080455
0.0012598105
0.0012109566
0.0011614618
0.0011112988
0.0010604462
0.0010088909
0.00095661012
0.00090358293
0.00084981085
0.00079530422
0.00074007676
0.00068415462
0.0006275894
0.00057045484
0.00051286934
0.00045499454
0.00039717144
0.00033945234
0.00028221069
0.00022294071
0.00015098039
5.1139547e-05
0.0039095485
0.0039089178
0.0039079117
0.003906374
0.0039041529
0.0039011636
0.0038973372
0.0038925842
0.0038867968
0.003879861
0.0038716607
0.0038620771
0.0038509881
0.0038382707
0.0038238045
0.0038074746
0.0037891755
0.0037688147
0.0037463172
0.0037216294
0.0036947228
0.0036655974
0.0036342839
0.003600845
0.0035653753
0.0035280005
0.0034888747
0.0034481767
0.0034061058
0.0033628763
0.0033187118
0.0032738387
0.0032284807
0.0031828524
0.0031371537
0.0030915653
0.0030462444
0.0030013216
0.0029568989
0.0029130491
0.0028698154
0.0028272136
0.0027852333
0.0027438415
0.0027029858
0.0026625984
0.0026226004
0.0025829056
0.0025434246
0.0025040686
0.0024647525
0.0024253986
0.0023859392
0.0023463186
0.0023064943
0.0022664364
0.0022261262
0.0021855535
0.0021447141
0.0021036067
0.0020622317
0.00202059
0.0019786822
0.0019365082
0.0018940655
0.0018513478
0.0018083439
0.0017650374
0.0017214077
0.0016774299
0.0016330764
0.0015883207
0.001543139
0.0014975079
0.0014514019
0.0014047939
0.0013576549
0.0013099535
0.0012616586
0.0012127445
0.0011631883
0.001112964
0.0010620495
0.0010104296
0.00095808327
0.00090499072
0.00085115022
0.00079657002
0.00074126251
0.00068525118
0.00062858207
0.00057132237
0.00051357758
0.00045548933
0.00039732319
0.00033910394
0.00028079758
0.00022006112
0.00014634777
5.2470049e-05
0.0038511776
0.003849865
0.0038481932
0.0038460244
0.0038432249
0.0038397214
0.0038354563
0.0038303538
0.0038243224
0.0038172656
0.0038090854
0.0037996818
0.0037889515
0.0037767906
0.0037630961
0.0037477691
0.0037307171
0.0037118567
0.0036911172
0.0036684437
0.0036437999
0.0036171712
0.003588567
0.0035580219
0.0035255971
0.0034913796
0.0034554815
0.0034180376
0.0033792027
0.0033391479
0.0032980558
0.0032561159
0.0032135199
0.0031704559
0.0031271039
0.0030836312
0.0030401882
0.0029969052
0.0029538897
0.0029112252
0.0028689703
0.0028271591
0.0027858021
0.0027448889
0.0027043898
0.0026642595
0.0026244405
0.0025848663
0.0025454649
0.0025061629
0.0024668877
0.0024275715
0.0023881535
0.002348582
0.0023088157
0.0022688238
0.0022285851
0.0021880861
0.0021473191
0.00210628
0.0020649668
0.0020233783
0.0019815134
0.0019393707
0.0018969466
0.0018542345
0.0018112236
0.0017678985
0.0017242401
0.0016802253
0.0016358288
0.0015910253
0.0015457911
0.0015001029
0.0014539356
0.0014072626
0.0013600557
0.0013122847
0.0012639199
0.0012149348
0.0011653059
0.0011150083
0.0010640195
0.0010123221
0.00095989653
0.00090672388
0.00085279935
0.00079812846
0.00074272159
0.00068659889
0.00062979963
0.00057238241
0.00051443622
0.00045607729
0.00039748611
0.00033864312
0.00027911191
0.00021680673
0.00014145351
5.3361901e-05
0.0037839051
0.0037819402
0.0037796385
0.0037768799
0.0037735488
0.0037695839
0.0037649381
0.0037595488
0.0037533402
0.0037462323
0.0037381443
0.0037289936
0.0037186949
0.0037071619
0.0036943085
0.0036800508
0.0036643093
0.0036470103
0.0036280889
0.0036074908
0.0035851752
0.0035611167
0.0035353075
0.0035077592
0.0034785035
0.0034475932
0.0034151016
0.003381122
0.0033457657
0.0033091599
0.0032714448
0.0032327699
0.0031932905
0.0031531634
0.0031125428
0.0030715765
0.003030402
0.0029891433
0.0029479081
0.0029067856
0.0028658455
0.0028251375
0.002784691
0.0027445165
0.0027046072
0.0026649409
0.0026254825
0.0025861869
0.0025470023
0.0025078723
0.0024687397
0.0024295488
0.0023902479
0.0023507915
0.0023111415
0.0022712677
0.0022311476
0.0021907656
0.0021501111
0.0021091772
0.0020679596
0.0020264551
0.0019846609
0.0019425741
0.0019001901
0.0018575019
0.0018144991
0.0017711677
0.0017274898
0.0016834446
0.0016390089
0.001594159
0.0015488717
0.0015031238
0.0014568911
0.0014101476
0.001362866
0.0013150175
0.0012665733
0.0012175071
0.0011677947
0.0011174118
0.0010663357
0.0010145474
0.00096202767
0.00090875858
0.00085473237
0.00079995111
0.00074442232
0.00068816181
0.00063120071
0.00057358644
0.00051538721
0.0004566875
0.00039757495
0.00033796874
0.00027706995
0.00021315399
0.00013633228
5.3608324e-05
0.0037075469
0.003705004
0.0037021476
0.0036988797
0.0036951025
0.0036907646
0.0036858282
0.0036802432
0.0036739481
0.0036668783
0.0036589683
0.0036501515
0.003640359
0.0036295202
0.0036175646
0.0036044225
0.0035900269
0.003574314
0.0035572255
0.0035387101
0.0035187252
0.0034972388
0.003474231
0.0034496954
0.0034236407
0.0033960911
0.0033670868
0.0033366843
0.0033049552
0.0032719855
0.0032378737
0.0032027289
0.0031666679
0.0031298127
0.0030922869
0.0030542133
0.0030157098
0.0029768874
0.002937847
0.0028986771
0.0028594524
0.0028202326
0.0027810615
0.0027419675
0.0027029637
0.0026640498
0.0026252129
0.0025864299
0.0025476695
0.002508895
0.0024700659
0.002431141
0.0023920802
0.0023528464
0.0023134073
0.0022737353
0.002233809
0.0021936117
0.0021531313
0.002112359
0.0020712884
0.0020299146
0.0019882332
0.00194624
0.0019039295
0.0018612946
0.0018183252
0.0017750085
0.0017313285
0.0016872664
0.0016428013
0.0015979113
0.0015525741
0.0015067675
0.0014604677
0.0014136499
0.0013662878
0.001318354
0.001269821
0.0012206626
0.0011708544
0.0011203724
0.0010691936
0.0010172978
0.00096466582
0.00091127983
0.00085712942
0.00080221255
0.00074653278
0.00069010033
0.00063293647
0.00057507439
0.00051655687
0.00045742976
0.00039768376
0.00033716573
0.00027478828
0.00020926721
0.00013125117
5.3246104e-05
0.0036218651
0.0036188444
0.0036155393
0.0036118662
0.0036077461
0.0036031391
0.0035980158
0.0035923363
0.0035860517
0.0035791108
0.0035714619
0.0035630522
0.0035538267
0.0035437293
0.003532703
0.0035206911
0.0035076379
0.0034934896
0.0034781952
0.0034617079
0.0034439861
0.0034249948
0.0034047067
0.0033831037
0.0033601775
0.0033359308
0.0033103781
0.0032835455
0.0032554714
0.0032262058
0.0031958098
0.0031643542
0.0031319186
0.0030985889
0.0030644561
0.0030296135
0.0029941546
0.0029581706
0.0029217484
0.0028849684
0.0028479027
0.0028106136
0.0027731525
0.0027355595
0.0026978631
0.0026600804
0.0026222182
0.0025842733
0.0025462348
0.0025080851
0.0024698017
0.0024313593
0.0023927313
0.0023538915
0.0023148154
0.0022754812
0.0022358704
0.0021959679
0.0021557616
0.002115242
0.0020744018
0.0020332349
0.0019917361
0.0019499
0.0019077208
0.0018651912
0.0018223019
0.0017790413
0.0017353953
0.0016913473
0.0016468788
0.0016019699
0.0015566
0.0015107477
0.0014643906
0.001417505
0.001370066
0.0013220476
0.0012734238
0.0012241688
0.0011742582
0.0011236682
0.0010723756
0.0010203593
0.00096759933
0.00091407767
0.00085978113
0.00080470303
0.00074884163
0.00069219999
0.00063478757
0.00057661998
0.00051771001
0.00045805884
0.00039756227
0.00033599504
0.00027208295
0.00020503085
0.00012618613
5.2104004e-05
0.0035279826
0.0035246046
0.0035209721
0.0035170226
0.0035126894
0.0035079386
0.0035027477
0.0034970867
0.0034909175
0.0034842001
0.0034768943
0.0034689588
0.0034603507
0.0034510259
0.0034409391
0.0034300449
0.003418298
0.0034056537
0.0033920687
0.0033775017
0.0033619141
0.0033452712
0.0033275426
0.0033087034
0.0032887349
0.0032676255
0.0032453711
0.0032219759
0.0031974526
0.0031718227
0.0031451163
0.0031173716
0.0030886348
0.0030589587
0.0030284019
0.0029970274
0.0029649011
0.0029320905
0.0028986626
0.0028646826
0.0028302123
0.0027953085
0.0027600221
0.002724397
0.0026884695
0.0026522678
0.0026158124
0.002579116
0.0025421844
0.002505017
0.0024676081
0.0024299482
0.0023920247
0.0023538238
0.002315331
0.0022765323
0.0022374148
0.0021979671
0.0021581795
0.0021180439
0.0020775534
0.0020367021
0.0019954846
0.0019538955
0.0019119291
0.0018695786
0.0018268357
0.0017836903
0.0017401303
0.0016961415
0.001651708
0.0016068123
0.0015614356
0.0015155583
0.0014691595
0.0014222172
0.0013747081
0.0013266079
0.0012778918
0.0012285353
0.0011785139
0.0011278041
0.0010763827
0.0010242276
0.0009713179
0.00091763449
0.00086316118
0.00080788612
0.00075180093
0.00069489968
0.00063717794
0.00057863049
0.00051923677
0.00045895002
0.00039758191
0.00033485034
0.00026941107
0.00020096913
0.00012168727
5.0682841e-05
0.0034249151
0.0034213338
0.0034175233
0.0034134316
0.0034090119
0.0034042407
0.0033991004
0.0033935669
0.0033876109
0.0033812017
0.0033743085
0.0033668997
0.0033589421
0.0033504011
0.0033412416
0.0033314276
0.0033209228
0.0033096909
0.0032976957
0.003284902
0.0032712757
0.0032567842
0.0032413976
0.0032250884
0.0032078329
0.0031896113
0.0031704082
0.0031502134
0.0031290224
0.003106836
0.0030836616
0.0030595122
0.0030344072
0.0030083716
0.0029814356
0.0029536345
0.0029250073
0.0028955962
0.0028654457
0.0028346014
0.0028031086
0.0027710118
0.0027383535
0.002705173
0.002671506
0.0026373835
0.0026028321
0.0025678732
0.0025325231
0.0024967934
0.0024606915
0.0024242207
0.0023873812
0.0023501707
0.0023125853
0.0022746198
0.0022362688
0.0021975266
0.002158388
0.0021188481
0.0020789023
0.0020385464
0.0019977764
0.001956588
0.0019149766
0.0018729365
0.0018304611
0.0017875422
0.00174417
0.0017003329
0.0016560177
0.0016112097
0.0015658925
0.0015200489
0.0014736599
0.0014267056
0.0013791647
0.0013310148
0.0012822329
0.0012327955
0.001182679
0.00113186
0.0010803151
0.0010280218
0.0009749578
0.00092110212
0.00086643519
0.00081093948
0.00075459872
0.00069739621
0.00063931176
0.00058031719
0.00052035767
0.0004593407
0.00039701455
0.00033307031
0.00026620634
0.00019659333
0.00011725364
4.8631266e-05
0.0033170954
0.003313412
0.0033095333
0.0033054216
0.003301034
0.0032963494
0.0032913553
0.0032860343
0.0032803644
0.0032743219
0.0032678831
0.0032610237
0.0032537184
0.0032459405
0.0032376628
0.0032288569
0.0032194943
0.0032095457
0.0031989817
0.0031877728
0.0031758899
0.0031633041
0.0031499878
0.0031359142
0.0031210583
0.0031053971
0.0030889097
0.0030715782
0.0030533877
0.0030343265
0.003014387
0.0029935653
0.0029718614
0.0029492798
0.0029258289
0.0029015212
0.0028763727
0.002850403
0.0028236346
0.0027960924
0.0027678032
0.0027387949
0.002709096
0.0026787347
0.0026477385
0.0026161336
0.0025839443
0.0025511924
0.0025178973
0.0024840758
0.0024497415
0.0024149058
0.0023795772
0.002343762
0.0023074648
0.0022706885
0.0022334347
0.0021957042
0.0021574972
0.0021188135
0.0020796523
0.0020400128
0.0019998937
0.0019592931
0.0019182088
0.0018766373
0.0018345745
0.0017920147
0.0017489509
0.0017053745
0.0016612754
0.0016166417
0.0015714603
0.0015257165
0.0014793941
0.0014324756
0.001384942
0.0013367733
0.0012879482
0.0012384449
0.0011882407
0.0011373126
0.0010856375
0.0010331919
0.00097995215
0.00092589491
0.00087099667
0.00081523373
0.00075858103
0.00070100994
0.00064248359
0.00058295084
0.00052232591
0.00046048007
0.00039712707
0.0003319706
0.00026383469
0.00019329958
0.00011415687
4.7243397e-05
0.0031984518
0.0031948459
0.0031910607
0.0031870659
0.0031828377
0.0031783636
0.0031736325
0.0031686298
0.0031633385
0.0031577408
0.0031518188
0.003145554
0.0031389266
0.0031319164
0.0031245019
0.0031166614
0.0031083721
0.003099611
0.0030903541
0.0030805776
0.0030702569
0.0030593675
0.0030478851
0.0030357854
0.0030230446
0.0030096398
0.0029955488
0.0029807506
0.0029652256
0.002948956
0.0029319258
0.0029141212
0.0028955307
0.0028761453
0.0028559586
0.0028349671
0.0028131697
0.0027905684
0.0027671675
0.0027429739
0.0027179967
0.002692247
0.0026657374
0.0026384821
0.002610496
0.0025817945
0.0025523934
0.0025223081
0.0024915536
0.0024601441
0.0024280929
0.002395412
0.0023621124
0.0023282036
0.0022936942
0.0022585914
0.0022229015
0.0021866298
0.0021497811
0.0021123591
0.0020743671
0.0020358079
0.0019966835
0.0019569955
0.0019167445
0.0018759304
0.001834552
0.0017926068
0.0017500913
0.0017070002
0.001663327
0.0016190632
0.0015741992
0.0015287235
0.0014826232
0.0014358836
0.0013884887
0.0013404211
0.0012916617
0.0012421906
0.0011919865
0.0011410273
0.0010892898
0.00103675
0.00098338288
0.00092916232
0.00087406064
0.00081804779
0.00076108977
0.00070314603
0.00064416408
0.00058407307
0.00052276461
0.00046008989
0.00039576027
0.00032952751
0.00026038467
0.00018922344
0.00011051137
4.5099101e-05
0.0030840476
0.0030805354
0.0030768737
0.0030730423
0.0030690149
0.0030647782
0.0030603243
0.0030556436
0.003050723
0.0030455485
0.0030401062
0.0030343816
0.0030283597
0.0030220247
0.0030153598
0.003008348
0.0030009715
0.0029932117
0.0029850496
0.0029764657
0.00296744
0.0029579519
0.0029479806
0.0029375052
0.0029265043
0.0029149569
0.0029028417
0.0028901379
0.002876825
0.0028628831
0.002848293
0.0028330364
0.0028170959
0.0028004554
0.0027831003
0.0027650172
0.0027461944
0.0027266221
0.0027062919
0.0026851974
0.0026633338
0.0026406982
0.0026172894
0.0025931076
0.0025681546
0.0025424334
0.0025159481
0.002488704
0.0024607067
0.0024319627
0.0024024789
0.0023722622
0.0023413198
0.0023096587
0.0022772859
0.0022442082
0.0022104324
0.0021759647
0.0021408116
0.0021049789
0.0020684725
0.0020312977
0.0019934595
0.0019549622
0.0019158095
0.0018760041
0.0018355477
0.0017944409
0.0017526831
0.0017102724
0.0016672053
0.001623477
0.0015790809
0.0015340089
0.0014882512
0.0014417964
0.0013946312
0.0013467409
0.0012981091
0.0012487177
0.0011985472
0.0011475764
0.0010957827
0.0010431416
0.0009896268
0.00093520966
0.00087985852
0.00082353766
0.00076620538
0.00070781131
0.00064829122
0.00058756167
0.00052550402
0.00046196882
0.00039669179
0.00032949777
0.00025954442
0.00018796587
0.00010957158
4.4845089e-05
0.0029490924
0.0029458991
0.0029425689
0.002939081
0.0029354254
0.0029315968
0.0029275878
0.0029233887
0.0029189891
0.0029143783
0.0029095457
0.0029044798
0.0028991688
0.0028936001
0.0028877606
0.0028816366
0.002875214
0.002868478
0.0028614132
0.0028540037
0.0028462331
0.0028380845
0.0028295403
0.0028205826
0.0028111932
0.0028013534
0.0027910441
0.0027802461
0.00276894
0.0027571064
0.0027447257
0.0027317785
0.0027182457
0.0027041084
0.0026893482
0.0026739472
0.0026578879
0.002641154
0.0026237296
0.0026055998
0.002586751
0.0025671703
0.0025468461
0.002525768
0.0025039265
0.0024813135
0.0024579219
0.002433746
0.0024087809
0.0023830226
0.0023564685
0.0023291164
0.0023009652
0.0022720145
0.0022422646
0.0022117165
0.0021803718
0.0021482329
0.0021153032
0.0020815868
0.0020470889
0.0020118151
0.0019757717
0.001938965
0.0019014013
0.0018630863
0.0018240243
0.0017842184
0.0017436707
0.0017023819
0.0016603513
0.001617577
0.0015740551
0.0015297804
0.0014847459
0.0014389428
0.0013923605
0.0013449866
0.0012968069
0.0012478051
0.0011979633
0.0011472611
0.0010956764
0.0010431844
0.00098975761
0.0009353653
0.00087997263
0.00082353968
0.00076601958
0.00070735596
0.00064747888
0.00058630141
0.00052370753
0.00045956265
0.00039364215
0.00032584278
0.00025546647
0.00018379595
0.00010610909
4.2747577e-05
0.0028452065
0.0028421762
0.0028390291
0.0028357572
0.0028323413
0.0028287704
0.0028250396
0.0028211431
0.0028170729
0.00281282
0.0028083753
0.0028037296
0.0027988734
0.0027937965
0.0027884883
0.0027829377
0.0027771332
0.0027710626
0.0027647134
0.0027580726
0.0027511266
0.0027438612
0.0027362618
0.0027283135
0.0027200004
0.0027113066
0.0027022154
0.00269271
0.0026827728
0.0026723862
0.002661532
0.0026501918
0.0026383472
0.0026259792
0.0026130691
0.0025995981
0.0025855474
0.0025708983
0.0025556315
0.0025397279
0.0025231686
0.0025059354
0.0024880104
0.0024693762
0.0024500162
0.0024299142
0.0024090549
0.0023874239
0.0023650076
0.0023417931
0.0023177689
0.0022929243
0.0022672497
0.0022407368
0.0022133787
0.0021851698
0.0021561063
0.0021261866
0.0020954106
0.0020637794
0.0020312952
0.0019979611
0.0019637806
0.0019287574
0.0018928939
0.0018561918
0.0018186533
0.0017802807
0.0017410756
0.0017010383
0.001660168
0.0016184628
0.0015759197
0.0015325342
0.0014883006
0.0014432115
0.001397258
0.0013504293
0.0013027127
0.001254094
0.0012045563
0.0011540809
0.0011026464
0.0010502286
0.00099680033
0.00094233035
0.00088678325
0.00083011803
0.0007722867
0.00071323257
0.00065288732
0.00059116969
0.00052797639
0.0004631972
0.00039664798
0.00032828684
0.00025748444
0.00018558101
0.00010769293
4.3842769e-05
0.0026875948
0.0026851315
0.0026825634
0.0026798722
0.0026770561
0.0026741148
0.0026710429
0.0026678326
0.0026644767
0.0026609681
0.0026573
0.0026534645
0.0026494536
0.0026452589
0.0026408714
0.0026362819
0.0026314808
0.002626458
0.0026212028
0.0026157044
0.002609951
0.0026039308
0.0025976313
0.0025910394
0.0025841416
0.0025769239
0.0025693716
0.0025614697
0.0025532025
0.0025445539
0.002535507
0.0025260448
0.0025161495
0.0025058029
0.0024949864
0.0024836807
0.0024718665
0.0024595237
0.0024466322
0.002433171
0.0024191192
0.0024044555
0.0023891584
0.0023732064
0.0023565775
0.0023392501
0.002321202
0.0023024113
0.0022828559
0.0022625136
0.0022413621
0.0022193788
0.0021965407
0.0021728242
0.0021482052
0.0021226552
0.0020961433
0.0020686622
0.0020402237
0.002010843
0.0019805359
0.0019493224
0.0019172347
0.0018843149
0.0018505738
0.0018159952
0.0017805633
0.0017442696
0.0017071082
0.0016690714
0.0016301506
0.001590337
0.0015496211
0.0015079932
0.0014654429
0.0014219586
0.001377528
0.0013321375
0.0012857722
0.0012384156
0.0011900497
0.0011406543
0.0010902072
0.0010386835
0.00098605543
0.00093229187
0.00087735744
0.00082121195
0.00076380935
0.00070509674
0.00064501263
0.00058348707
0.00052043512
0.00045577426
0.00038936438
0.00032122204
0.00025083346
0.00017963911
0.00010325555
4.1438515e-05
0.0026375094
0.002635011
0.0026324235
0.0026297478
0.0026269632
0.0026240571
0.0026210261
0.0026178673
0.002614575
0.0026111422
0.0026075618
0.0026038269
0.0025999303
0.0025958642
0.0025916206
0.0025871909
0.0025825664
0.0025777375
0.0025726947
0.0025674276
0.0025619257
0.0025561777
0.002550172
0.0025438964
0.0025373381
0.0025304839
0.0025233199
0.0025158318
0.0025080046
0.0024998227
0.0024912699
0.0024823296
0.0024729842
0.0024632159
0.0024530061
0.0024423356
0.0024311846
0.002419533
0.0024073605
0.0023946467
0.0023813707
0.0023675111
0.0023530463
0.0023379545
0.0023222137
0.0023058018
0.0022886966
0.002270876
0.0022523181
0.0022330013
0.0022129041
0.0021920058
0.0021702859
0.0021477247
0.0021243034
0.0021000032
0.0020748065
0.0020487013
0.0020216813
0.0019937427
0.0019648844
0.0019351085
0.0019044224
0.0018728393
0.0018403697
0.0018070279
0.0017728335
0.001737777
0.0017018341
0.0016649842
0.0016272123
0.0015885047
0.0015488465
0.0015082217
0.0014666147
0.0014240094
0.0013803896
0.0013357385
0.0012900383
0.0012432704
0.0011954152
0.0011464515
0.0010963566
0.0010451058
0.00099267208
0.00093902565
0.00088413352
0.0008279589
0.00077046046
0.00071159171
0.00065129954
0.00058952466
0.00052619479
0.00046124129
0.00039453391
0.00032609143
0.00025535627
0.00018370198
0.0001063621
4.3134257e-05
0.0024055955
0.0024035787
0.002401475
0.0023992758
0.0023969809
0.0023945885
0.0023920937
0.0023894907
0.0023867741
0.0023839385
0.0023809784
0.0023778877
0.0023746601
0.0023712891
0.0023677676
0.0023640884
0.0023602439
0.0023562262
0.0023520267
0.002347637
0.0023430477
0.0023382493
0.0023332319
0.0023279851
0.002322498
0.0023167593
0.0023107572
0.0023044795
0.0022979134
0.0022910458
0.002283863
0.0022763508
0.0022684946
0.0022602792
0.0022516892
0.0022427086
0.0022333209
0.0022235094
0.0022132569
0.0022025459
0.0021913587
0.0021796772
0.0021674833
0.0021547588
0.0021414854
0.002127645
0.0021132196
0.0020981915
0.0020825435
0.0020662592
0.0020493227
0.0020317192
0.0020134352
0.0019944588
0.0019747796
0.0019543919
0.0019332931
0.0019114624
0.0018888654
0.0018654671
0.0018412351
0.0018161365
0.0017901325
0.0017631809
0.0017352703
0.0017064206
0.0016766553
0.0016459595
0.0016143002
0.0015816501
0.0015479895
0.0015132994
0.0014775593
0.0014407475
0.0014028429
0.0013638247
0.0013236717
0.0012823627
0.0012398762
0.00119619
0.0011512815
0.0011051276
0.0010577039
0.0010089854
0.00095894552
0.00090755641
0.00085478863
0.00080061096
0.0007449903
0.00068789175
0.00062927826
0.00056911249
0.00050735229
0.0004439693
0.00037889181
0.00031221022
0.00024350569
0.00017423245
0.00010015013
4.0239134e-05
)
;

boundaryField
{
    inlet
    {
        type            zeroGradient;
    }
    top
    {
        type            zeroGradient;
    }
    outlet
    {
        type            fixedValue;
        value           uniform 0;
    }
    slipsurface
    {
        type            slip;
    }
    bottom
    {
        type            zeroGradient;
    }
    frontandback
    {
        type            empty;
    }
}


// ************************************************************************* //
