/*--------------------------------*- C++ -*----------------------------------*\
  =========                 |
  \\      /  F ield         | OpenFOAM: The Open Source CFD Toolbox
   \\    /   O peration     | Website:  https://openfoam.org
    \\  /    A nd           | Version:  12
     \\/     M anipulation  |
\*---------------------------------------------------------------------------*/
FoamFile
{
    format      ascii;
    class       volScalarField;
    location    "1700";
    object      omega;
}
// * * * * * * * * * * * * * * * * * * * * * * * * * * * * * * * * * * * * * //

dimensions      [0 0 -1 0 0 0 0];

internalField   nonuniform List<scalar> 
7480
(
99.668428
99.668428
99.668428
99.668428
99.668428
99.668428
99.668428
99.668428
99.668428
99.668428
99.668428
99.668428
99.668428
425.17329
681.4121
848.44814
946.61927
996.85042
1022.6635
1021.7513
1016.28
1006.0567
993.35071
979.75722
965.81463
951.79703
937.96929
924.70808
912.40374
900.91561
890.25827
880.4988
871.68162
863.80508
856.82265
850.65938
845.21714
840.40101
836.1478
832.41026
829.12128
826.19885
823.5699
821.16071
818.94003
816.8115
814.75588
812.74027
810.73219
808.71015
806.65058
804.52519
802.31531
800.01971
797.65092
795.22645
792.76329
790.27888
787.78891
785.30367
782.82825
780.36523
777.91805
775.49259
773.09461
770.72735
768.39395
766.09679
763.83367
761.59867
759.38739
757.1994
755.03593
752.89773
750.78669
748.70485
746.65037
744.61905
742.60818
740.61778
738.64891
736.70331
734.7823
732.88407
731.00501
729.14395
727.30096
725.47744
723.67481
721.89113
720.12349
718.37109
716.63458
714.91308
713.20866
711.50499
709.83567
708.06714
706.5673
703.81875
24.729579
24.769799
24.830725
24.899379
24.972448
25.049214
25.129043
25.21212
25.297591
25.392396
25.466461
25.679243
25.297892
27.770759
39.052185
67.463536
115.63567
179.13689
251.76781
316.42438
363.37644
394.72728
415.47304
429.71427
438.53608
441.28508
439.30851
434.22361
429.55177
428.3216
429.82885
432.58227
435.26542
436.99739
437.3219
436.11282
433.48132
429.71108
425.27614
420.42013
414.94511
408.90179
402.61164
396.27995
390.01705
383.9177
378.06106
372.50347
367.26879
362.3498
357.79816
353.60444
349.74672
346.20287
342.94935
339.95496
337.18599
334.60788
332.17278
329.85784
327.65501
325.55853
323.55782
321.64191
319.80329
318.03563
316.33321
314.68501
313.08037
311.51586
309.99272
308.51278
307.07664
305.68297
304.33002
303.01409
301.72997
300.47445
299.24776
298.05089
296.884
295.74662
294.63601
293.54918
292.48422
291.44113
290.42069
289.42271
288.44554
287.48727
286.54635
285.62277
284.71722
283.82839
282.95588
282.0951
281.2559
280.40796
279.66647
278.40846
24.644346
24.494645
24.343578
24.190463
24.035117
23.877512
23.717661
23.555588
23.391318
23.22491
23.05633
22.885894
22.713299
22.538656
22.395533
22.573093
23.517356
25.952019
30.627194
38.729165
50.895292
66.746941
85.593173
106.43857
129.01604
149.50955
167.06015
181.95739
195.10423
208.06606
222.72356
237.04198
248.93205
258.23457
265.13044
269.75859
272.12898
272.06472
269.65677
265.68423
261.70198
258.24811
255.00484
251.73797
248.38843
245.10204
241.70758
238.14147
234.4784
230.77822
227.11415
223.58775
220.25562
217.13381
214.21001
211.46199
208.8751
206.44117
204.17775
202.07468
200.11391
198.27597
196.54253
194.90114
193.34372
191.86244
190.44863
189.08867
187.7749
186.50811
185.28941
184.11725
182.98896
181.90198
180.85438
179.84094
178.85598
177.89814
176.96856
176.06791
175.19553
174.35077
173.53014
172.73019
171.94984
171.18964
170.45011
169.73137
169.03117
168.34722
167.67861
167.02557
166.38873
165.76708
165.15938
164.56321
163.98363
163.40256
162.91086
162.04429
24.638758
24.4801
24.31887
24.154929
23.988294
23.818979
23.646999
23.472375
23.295126
23.115278
22.932858
22.747912
22.560465
22.37075
22.178589
21.985566
21.792092
21.605592
21.446499
21.361831
21.413487
21.666561
22.181065
23.046378
24.280823
26.362909
29.465549
33.707833
39.216963
46.150665
54.847118
65.558565
78.788581
93.076995
107.96706
123.28832
138.99637
155.08392
168.34411
177.82527
184.18076
188.17796
190.25522
190.67805
189.69187
187.54598
185.15869
182.81309
180.43798
177.91118
175.24275
172.59641
169.86941
167.11589
164.37409
161.67081
159.04714
156.53144
154.15115
151.91311
149.80578
147.81757
145.94328
144.17952
142.51656
140.94146
139.43984
138.01284
136.66176
135.38144
134.16422
133.0027
131.89188
130.82843
129.80894
128.82737
127.88016
126.96776
126.09035
125.24653
124.43419
123.65187
122.89521
122.1613
121.45003
120.76188
120.09662
119.4538
118.83038
118.22415
117.63474
117.06244
116.50756
115.96869
115.44424
114.93253
114.43766
113.94395
113.53579
112.80637
24.638339
24.479117
24.317338
24.152855
23.985639
23.815688
23.64301
23.467616
23.28952
23.108738
22.925289
22.739193
22.550476
22.359109
22.165275
21.967948
21.767417
21.564484
21.361236
21.15669
20.951315
20.746491
20.541769
20.338756
20.139866
19.950508
19.778297
19.636355
19.541515
19.515946
19.589792
19.814659
20.232162
21.156535
22.793091
25.369922
29.194027
34.729012
42.428208
53.06822
66.330313
80.937545
96.394649
112.7381
126.28291
135.82389
141.92415
145.36317
146.82826
146.86088
145.8529
144.28298
142.5715
140.73249
138.71468
136.54584
134.37787
132.15786
129.91229
127.66978
125.46528
123.3373
121.31443
119.39564
117.56468
115.81155
114.13398
112.54081
111.03722
109.61711
108.26959
106.98804
105.76887
104.60787
103.49786
102.43889
101.43211
100.47377
99.559285
98.684416
97.846045
97.041683
96.267556
95.522392
94.806095
94.117841
93.456088
92.819474
92.204529
91.609753
91.035105
90.480431
89.945397
89.42799
88.926622
88.440021
87.972189
87.5068
87.128039
86.448622
24.638306
24.479021
24.317175
24.152626
23.985344
23.81533
23.642592
23.467142
23.288995
23.10817
22.924686
22.738569
22.549849
22.358563
22.16476
21.968477
21.76975
21.5686
21.365039
21.158906
20.949771
20.736907
20.521786
20.304909
20.086662
19.867417
19.648296
19.428547
19.208092
18.987279
18.767297
18.547569
18.328439
18.111914
17.902258
17.707037
17.541231
17.430315
17.424189
17.57351
18.098693
19.343835
21.649727
25.563218
31.718848
41.238407
54.040546
68.445632
84.010128
97.771945
107.84202
114.18673
117.6625
119.07873
119.14928
118.35868
117.15806
115.78232
114.25506
112.57056
110.79738
109.00832
107.19645
105.36495
103.52837
101.72292
99.981275
98.308308
96.696223
95.143071
93.653633
92.23367
90.881879
89.592261
88.357952
87.180754
86.06446
85.00573
83.998207
83.037184
82.119784
81.241803
80.405265
79.608875
78.849306
78.123213
77.427828
76.760805
76.119741
75.504028
74.913023
74.345527
73.800265
73.274861
72.76816
72.279065
71.811391
71.347271
70.972463
70.302981
24.638312
24.47902
24.317163
24.152603
23.98531
23.815285
23.642534
23.46707
23.28891
23.10807
22.924571
22.738439
22.549706
22.358416
22.164619
21.968372
21.769732
21.568758
21.365499
21.159998
20.952296
20.7424
20.530348
20.316186
20.09997
19.881743
19.661551
19.43938
19.215116
18.988654
18.759311
18.528372
18.296445
18.063874
17.831017
17.598666
17.367304
17.136235
16.905867
16.678046
16.452338
16.231894
16.026062
15.852852
15.765538
15.830448
16.30435
17.607601
20.264755
24.944594
32.860167
44.454972
57.821276
72.323629
84.03449
92.106012
96.832125
99.056865
99.686262
99.380783
98.54858
97.504567
96.287017
94.947241
93.518275
92.085233
90.624096
89.127335
87.597349
86.066513
84.570551
83.120994
81.713432
80.346753
79.027977
77.76132
76.547094
75.384414
74.27258
73.211243
72.198764
71.230483
70.307704
69.43131
68.598184
67.803957
67.045586
66.319738
65.628926
64.970942
64.342815
63.74201
63.166289
62.613835
62.0842
61.575812
61.091857
60.612688
60.226722
59.543766
24.638327
24.479034
24.317178
24.152617
23.985322
23.815295
23.642542
23.467076
23.288914
23.108073
22.924575
22.738444
22.549714
22.358426
22.16463
21.96838
21.769731
21.568741
21.365465
21.159962
20.952287
20.742505
20.530679
20.31687
20.101141
19.883558
19.66418
19.443073
19.2203
18.995927
18.769994
18.542566
18.313729
18.083574
17.852188
17.619642
17.385975
17.151083
16.91478
16.675977
16.436624
16.197513
15.959347
15.723982
15.490052
15.258456
15.031151
14.811378
14.61083
14.469937
14.460867
14.821499
16.010781
18.649836
23.412588
32.211494
43.525672
56.498105
68.158841
76.60942
81.764825
84.274295
85.032719
84.881797
84.260377
83.44254
82.46759
81.38075
80.215655
79.037403
77.823031
76.565586
75.273583
73.976221
72.702808
71.454037
70.224741
69.021406
67.855227
66.731341
65.649629
64.609243
63.610064
62.654483
61.742107
60.871029
60.039907
59.245553
58.489333
57.770507
57.086236
56.433472
55.80922
55.214335
54.648311
54.107623
53.594511
53.087701
52.679656
51.966551
24.638344
24.479054
24.317199
24.152639
23.985345
23.815318
23.642565
23.4671
23.288939
23.108099
22.924602
22.738475
22.549748
22.358465
22.164674
21.968429
21.769785
21.568798
21.365523
21.160016
20.952333
20.742534
20.53068
20.316836
20.101072
19.883459
19.664072
19.442987
19.220285
18.996048
18.770365
18.543324
18.315011
18.08551
17.854911
17.623299
17.390758
17.157373
16.923231
16.68837
16.452866
16.216816
15.98029
15.743355
15.505845
15.267099
15.02673
14.78683
14.549407
14.315482
14.084011
13.858228
13.64079
13.44312
13.321855
13.353434
13.951648
15.656121
19.098451
25.864808
35.798544
47.556341
58.430204
66.265571
70.959214
73.125893
73.714437
73.544839
73.017192
72.334804
71.507821
70.583767
69.604234
68.608795
67.581128
66.509621
65.405549
64.294775
63.191994
62.099002
61.020315
59.966375
58.941124
57.945762
56.982624
56.055405
55.166053
54.313221
53.49509
52.713462
51.968003
51.25685
50.577624
49.930762
49.316032
48.730235
48.175311
47.628967
47.189622
46.432268
24.638363
24.479075
24.317222
24.152664
23.985371
23.815345
23.642594
23.46713
23.28897
23.108132
22.924639
22.738515
22.549794
22.358517
22.164732
21.968493
21.769854
21.568869
21.365596
21.160089
20.952405
20.742603
20.530744
20.316893
20.10112
19.883494
19.664089
19.442983
19.220255
18.995988
18.770267
18.54318
18.314817
18.085272
17.854638
17.623013
17.390494
17.157184
16.923184
16.688605
16.453549
16.218117
15.982405
15.746502
15.510494
15.274452
15.038407
14.802415
14.566571
14.330781
14.094858
13.856645
13.6191
13.385173
13.15531
12.928841
12.709857
12.502868
12.340992
12.293764
12.680556
14.040699
16.991887
23.24152
32.480601
43.547391
53.048428
59.522175
63.046767
64.486846
64.725665
64.449809
63.942118
63.319765
62.57936
61.775884
60.945041
60.08715
59.186299
58.245001
57.284212
56.323333
55.362851
54.403198
53.453979
52.524296
51.617929
50.737382
49.883722
49.059853
48.267431
47.50745
46.780055
46.083884
45.419004
44.784474
44.183264
43.592901
43.114692
42.299144
24.638383
24.479098
24.317247
24.152691
23.9854
23.815375
23.642626
23.467164
23.289005
23.10817
22.92468
22.738561
22.549846
22.358576
22.164798
21.968565
21.769931
21.568951
21.36568
21.160174
20.95249
20.742687
20.530827
20.316975
20.101199
19.883571
19.664163
19.443054
19.220321
18.996048
18.770319
18.543222
18.314847
18.085285
17.85463
17.62298
17.390434
17.15709
16.923053
16.688426
16.453314
16.217825
15.982065
15.746143
15.510167
15.274248
15.038502
14.803031
14.567931
14.333278
14.09916
13.865567
13.632518
13.400124
13.16824
12.936314
12.702817
12.471198
12.245367
12.022661
11.80801
11.603234
11.436513
11.375835
11.76379
13.178007
16.271662
23.167185
32.398084
42.344967
50.002687
54.6612
56.759401
57.391213
57.298456
56.922344
56.423014
55.83182
55.167263
54.463124
53.738645
52.976539
52.172808
51.340952
50.499313
49.650419
48.796191
47.946785
47.10896
46.285548
45.480231
44.698154
43.942648
43.213195
42.510735
41.836241
41.194545
40.563907
40.048053
39.170176
24.638405
24.479122
24.317274
24.152719
23.98543
23.815407
23.642659
23.467199
23.289043
23.108211
22.924724
22.738611
22.549902
22.358639
22.164868
21.968642
21.770014
21.569038
21.365769
21.160264
20.95258
20.742777
20.530915
20.317061
20.101283
19.883651
19.664241
19.443128
19.220392
18.996116
18.770384
18.543284
18.314906
18.085341
17.854683
17.62303
17.39048
17.157132
16.923089
16.688455
16.453332
16.217829
15.98205
15.746104
15.510099
15.274142
15.038343
14.802811
14.567654
14.33298
14.098896
13.865518
13.632951
13.401278
13.170566
12.94088
12.712178
12.484501
12.257793
12.032119
11.804201
11.577956
11.358276
11.141895
10.934473
10.737127
10.588305
10.567401
11.180741
12.944254
17.19394
24.770405
34.427412
42.543874
47.871382
50.325108
51.218418
51.276942
50.997551
50.583072
50.092582
49.528041
48.926871
48.307728
47.653189
46.956356
46.227938
45.486352
44.734253
43.972404
43.209452
42.453099
41.707783
40.976367
40.262578
39.568888
38.902323
38.242695
37.69949
36.768393
24.638429
24.479148
24.317302
24.152749
23.985463
23.815442
23.642695
23.467237
23.289084
23.108254
22.924772
22.738664
22.549962
22.358706
22.164943
21.968723
21.770101
21.569129
21.365863
21.16036
20.952676
20.742872
20.531009
20.317153
20.101372
19.883738
19.664324
19.443208
19.220469
18.99619
18.770454
18.543351
18.314969
18.085401
17.854741
17.623085
17.390532
17.157182
16.923137
16.688501
16.453377
16.217872
15.982092
15.746144
15.510137
15.274176
15.038371
14.80283
14.567658
14.332963
14.098851
13.865428
13.632799
13.401067
13.170336
12.940705
12.712283
12.485165
12.259396
12.035068
11.812089
11.590471
11.370175
11.151394
10.930345
10.711722
10.499771
10.291972
10.09344
9.913786
9.7976994
10.004807
11.121411
13.93042
20.29003
28.977101
37.020072
42.503801
45.083941
46.06788
46.187543
45.950404
45.586621
45.161952
44.671976
44.151323
43.611379
43.039983
42.42931
41.787801
41.130539
40.458759
39.775634
39.089437
38.405932
37.728077
37.065584
36.399947
35.847522
34.884595
24.638453
24.479175
24.317331
24.152781
23.985497
23.815477
23.642733
23.467278
23.289127
23.108301
22.924823
22.73872
22.550025
22.358776
22.165021
21.968808
21.770191
21.569224
21.365962
21.16046
20.952776
20.742971
20.531107
20.317249
20.101466
19.883829
19.664412
19.443293
19.220551
18.996267
18.770528
18.543421
18.315036
18.085464
17.854801
17.623142
17.390586
17.157233
16.923186
16.688547
16.453421
16.217915
15.982133
15.746184
15.510175
15.274213
15.038408
14.802865
14.567693
14.332997
14.098884
13.865458
13.632821
13.401077
13.170326
12.940666
12.712196
12.485013
12.259211
12.034878
11.81212
11.591026
11.371626
11.154009
10.938045
10.723744
10.511049
10.29977
10.086843
9.8780658
9.6749306
9.4792428
9.2949835
9.1494384
9.1799996
9.9571601
12.091001
17.669005
25.674486
33.318349
38.517285
40.874975
41.741354
41.830075
41.601924
41.268919
40.887462
40.456179
39.999548
39.524915
39.020277
38.477174
37.905427
37.3163
36.711103
36.093495
35.476063
34.839895
34.306416
33.348367
24.63848
24.479204
24.317363
24.152815
23.985532
23.815515
23.642773
23.46732
23.289172
23.10835
22.924876
22.738779
22.550091
22.35885
22.165102
21.968897
21.770286
21.569323
21.366064
21.160563
20.95288
20.743075
20.531209
20.31735
20.101564
19.883924
19.664505
19.443382
19.220636
18.996349
18.770607
18.543496
18.315107
18.085532
17.854865
17.623203
17.390644
17.157288
16.923238
16.688597
16.453469
16.21796
15.982176
15.746225
15.510214
15.274251
15.038444
14.8029
14.567726
14.33303
14.098915
13.865488
13.632852
13.401107
13.170355
12.940694
12.71222
12.485028
12.25921
12.034856
11.812055
11.590894
11.371459
11.153825
10.93809
10.724328
10.512559
10.302836
10.095033
9.889052
9.6852148
9.4806797
9.2771486
9.0808965
8.8885147
8.7123856
8.5405068
8.5183248
9.1522644
11.066795
16.30547
23.974812
31.012257
35.510347
37.419202
38.046575
38.053462
37.820231
37.508722
37.161471
36.776202
36.371171
35.948972
35.493643
35.003014
34.487167
33.957434
33.390896
32.911487
32.008581
24.638508
24.479234
24.317395
24.15285
23.98557
23.815555
23.642816
23.467365
23.28922
23.108402
22.924933
22.738841
22.55016
22.358927
22.165187
21.968988
21.770384
21.569426
21.366169
21.160671
20.952988
20.743183
20.531316
20.317454
20.101666
19.884024
19.664601
19.443475
19.220725
18.996435
18.770689
18.543574
18.315182
18.085603
17.854932
17.623267
17.390705
17.157346
16.923294
16.688649
16.453519
16.218007
15.982222
15.746268
15.510256
15.274291
15.038482
14.802937
14.567762
14.333063
14.098948
13.865519
13.632881
13.401136
13.170383
12.940721
12.712246
12.485054
12.259236
12.034881
11.812077
11.590909
11.371458
11.153804
10.938025
10.724197
10.512393
10.302678
10.095143
9.8898224
9.686766
9.4858876
9.287055
9.0903557
8.8950925
8.6980017
8.5092928
8.3211312
8.1611219
7.9540477
7.9560671
8.5897377
10.619597
15.908365
23.499925
29.709241
33.091118
34.451884
34.817304
34.742147
34.507022
34.216226
33.897276
33.548283
33.182001
32.797207
32.383982
31.919712
31.527468
30.732549
24.638538
24.479266
24.31743
24.152887
23.985609
23.815597
23.64286
23.467413
23.289271
23.108456
22.924992
22.738906
22.550232
22.359007
22.165274
21.969083
21.770485
21.569531
21.366278
21.160782
20.9531
20.743294
20.531426
20.317563
20.101772
19.884127
19.664701
19.443572
19.220819
18.996524
18.770774
18.543656
18.31526
18.085677
17.855003
17.623334
17.390769
17.157407
16.923352
16.688705
16.453572
16.218058
15.98227
15.746315
15.5103
15.274333
15.038523
14.802975
14.567799
14.333099
14.098982
13.865552
13.632913
13.401166
13.170411
12.940748
12.712273
12.485079
12.25926
12.034904
11.8121
11.590931
11.37148
11.153825
10.938043
10.724207
10.512388
10.302651
10.095064
9.8896913
9.6865881
9.4858238
9.2874621
9.0914948
8.8979792
8.7065768
8.5175455
8.3307802
8.1406438
7.9582792
7.7806201
7.6151828
7.4684062
7.4959393
8.2328374
10.782749
16.518551
23.519055
28.640689
30.987876
31.867778
31.990907
31.835686
31.589008
31.310714
31.012134
30.698157
30.350839
30.064287
29.418831
24.638569
24.479301
24.317467
24.152926
23.985651
23.815641
23.642907
23.467462
23.289325
23.108514
22.925055
22.738975
22.550307
22.359089
22.165365
21.969181
21.770588
21.56964
21.36639
21.160896
20.953215
20.743409
20.53154
20.317675
20.101882
19.884234
19.664805
19.443672
19.220915
18.996617
18.770863
18.543741
18.315341
18.085755
17.855077
17.623405
17.390836
17.157471
16.923413
16.688763
16.453627
16.218111
15.98232
15.746363
15.510346
15.274378
15.038565
14.803016
14.567838
14.333137
14.099018
13.865587
13.632946
13.401197
13.170442
12.940777
12.7123
12.485106
12.259285
12.034928
11.812123
11.590953
11.371501
11.153845
10.938063
10.724227
10.512407
10.30267
10.095079
9.8896962
9.686578
9.4857795
9.2873553
9.091355
8.8978225
8.7068371
8.5183526
8.3325427
8.1487577
7.9677952
7.7888779
7.6079414
7.434504
7.2652789
7.1117157
6.9716904
7.1570447
8.1226724
11.85915
18.172352
24.158699
27.672102
29.060249
29.460631
29.425321
29.237055
28.999667
28.72495
28.502338
28.012836
24.638603
24.479337
24.317505
24.152967
23.985695
23.815688
23.642956
23.467515
23.289381
23.108574
22.92512
22.739046
22.550385
22.359175
22.165458
21.969281
21.770695
21.569751
21.366505
21.161013
20.953333
20.743527
20.531657
20.31779
20.101995
19.884345
19.664912
19.443776
19.221015
18.996714
18.770956
18.54383
18.315426
18.085836
17.855154
17.623478
17.390906
17.157538
16.923476
16.688824
16.453685
16.218166
15.982373
15.746414
15.510395
15.274424
15.03861
14.803059
14.567879
14.333176
14.099056
13.865623
13.63298
13.401231
13.170474
12.940808
12.712329
12.485133
12.259311
12.034953
11.812147
11.590976
11.371522
11.153866
10.938083
10.724245
10.512424
10.302687
10.095096
9.8897129
9.6865944
9.4857947
9.2873641
9.0913506
8.8977976
8.7067507
8.5182483
8.3323242
8.1490438
7.9683976
7.7904383
7.614803
7.441755
7.2702834
7.0978804
6.9322339
6.7737479
6.6309211
6.5325743
6.9551019
8.6807999
13.528419
19.833255
24.453
26.476585
27.185949
27.269337
27.117056
26.954539
26.560173
24.638638
24.479375
24.317546
24.153011
23.98574
23.815736
23.643008
23.46757
23.28944
23.108638
22.925189
22.739121
22.550467
22.359264
22.165554
21.969385
21.770804
21.569865
21.366623
21.161133
20.953454
20.743648
20.531777
20.317909
20.102112
19.884458
19.665023
19.443883
19.221119
18.996813
18.771052
18.543922
18.315513
18.085919
17.855234
17.623555
17.390979
17.157607
16.923542
16.688887
16.453746
16.218224
15.982429
15.746467
15.510445
15.274473
15.038656
14.803104
14.567922
14.333217
14.099095
13.86566
13.633017
13.401265
13.170507
12.940839
12.71236
12.485162
12.259339
12.03498
11.812172
11.590999
11.371545
11.153887
10.938103
10.724265
10.512443
10.302704
10.095112
9.8897285
9.6866094
9.4858092
9.2873786
9.0913648
8.8978118
8.70676
8.5182477
8.3323071
8.1489756
7.968281
7.7902465
7.6149309
7.4423019
7.2724053
7.104743
6.9401678
6.7749735
6.6124824
6.4542939
6.3120535
6.1677509
6.2704114
7.0320406
10.478448
16.327286
21.446329
24.081245
25.044117
25.329171
25.125373
24.638676
24.479415
24.317589
24.153056
23.985789
23.815788
23.643063
23.467628
23.289501
23.108704
22.92526
22.739198
22.550551
22.359355
22.165653
21.96949
21.770916
21.569982
21.366743
21.161256
20.953578
20.743772
20.531901
20.318031
20.102232
19.884575
19.665137
19.443994
19.221226
18.996916
18.77115
18.544016
18.315604
18.086006
17.855317
17.623634
17.391054
17.15768
16.923611
16.688953
16.453808
16.218284
15.982486
15.746521
15.510498
15.274523
15.038705
14.80315
14.567966
14.33326
14.099136
13.8657
13.633054
13.401301
13.170541
12.940872
12.712391
12.485192
12.259368
12.035007
11.812198
11.591024
11.371568
11.15391
10.938124
10.724285
10.512462
10.302722
10.09513
9.8897446
9.6866247
9.4858236
9.2873922
9.0913778
8.8978243
8.7067725
8.5182597
8.33232
8.1489841
7.9682801
7.7902315
7.6148646
7.4421974
7.2722547
7.1050585
6.9406304
6.7788379
6.6193085
6.4629641
6.3038309
6.1515754
6.0061131
5.8707398
5.7881617
6.2010454
8.1524084
13.03351
18.383815
21.853396
23.262295
24.638716
24.479457
24.317634
24.153104
23.98584
23.815841
23.64312
23.467689
23.289566
23.108773
22.925335
22.739279
22.550638
22.35945
22.165755
21.969599
21.77103
21.570102
21.366866
21.161381
20.953705
20.743899
20.532027
20.318156
20.102355
19.884696
19.665254
19.444107
19.221336
18.997022
18.771253
18.544114
18.315698
18.086096
17.855403
17.623716
17.391133
17.157754
16.923683
16.689021
16.453873
16.218346
15.982545
15.746578
15.510552
15.274575
15.038755
14.803198
14.568012
14.333304
14.099178
13.86574
13.633093
13.401339
13.170577
12.940906
12.712424
12.485223
12.259397
12.035035
11.812225
11.59105
11.371593
11.153933
10.938146
10.724306
10.512482
10.302741
10.095147
9.8897614
9.6866405
9.4858385
9.2874063
9.091391
8.8978368
8.7067842
8.5182708
8.3323307
8.1489947
7.9682906
7.7902427
7.6148722
7.442198
7.2722344
7.1050011
6.9404995
6.778773
6.6197781
6.4636483
6.309788
6.1589542
6.0084951
5.8599387
5.7155819
5.5861916
5.4595016
5.6353867
7.0321132
10.276795
17.275596
24.638759
24.479502
24.317681
24.153154
23.985893
23.815898
23.643179
23.467752
23.289634
23.108846
22.925412
22.739363
22.550729
22.359547
22.165859
21.96971
21.771147
21.570224
21.366992
21.161509
20.953835
20.744029
20.532156
20.318284
20.102481
19.884819
19.665374
19.444224
19.221449
18.997132
18.771358
18.544215
18.315795
18.086189
17.855492
17.6238
17.391213
17.157832
16.923756
16.689091
16.453941
16.218411
15.982607
15.746637
15.510609
15.27463
15.038807
14.803248
14.56806
14.33335
14.099222
13.865782
13.633133
13.401377
13.170614
12.940942
12.712458
12.485256
12.259428
12.035065
11.812252
11.591076
11.371618
11.153957
10.938169
10.724327
10.512502
10.30276
10.095165
9.8897786
9.6866567
9.4858539
9.2874208
9.0914047
8.8978496
8.7067963
8.5182822
8.3323414
8.1490047
7.9683
7.7902517
7.6148813
7.442207
7.2722441
7.1050053
6.9404995
6.778735
6.619721
6.4634555
6.3099669
6.1592545
6.0112054
5.8654967
5.7228363
5.5776461
5.4397559
5.3050193
5.2046309
5.1617284
8.3133254
24.638803
24.47955
24.317731
24.153207
23.985949
23.815957
23.643242
23.467819
23.289705
23.108921
22.925493
22.739449
22.550822
22.359647
22.165966
21.969823
21.771267
21.570348
21.36712
21.16164
20.953967
20.744162
20.532289
20.318415
20.10261
19.884946
19.665498
19.444344
19.221565
18.997244
18.771466
18.544319
18.315895
18.086284
17.855583
17.623888
17.391297
17.157911
16.923833
16.689164
16.45401
16.218477
15.982671
15.746699
15.510668
15.274686
15.03886
14.803299
14.568109
14.333397
14.099268
13.865826
13.633175
13.401417
13.170652
12.940978
12.712492
12.485289
12.25946
12.035095
11.812281
11.591104
11.371644
11.153982
10.938192
10.724349
10.512523
10.30278
10.095184
9.8897964
9.6866735
9.4858697
9.2874357
9.0914187
8.8978628
8.7068087
8.5182938
8.3323523
8.149015
7.9683096
7.7902607
7.6148897
7.4422149
7.2722518
7.1050128
6.9405075
6.7787423
6.6197224
6.4634467
6.3099215
6.1591369
6.0111181
5.8658049
5.7233881
5.5829271
5.4467262
5.304858
5.1877697
4.9849184
5.0144509
24.638851
24.4796
24.317784
24.153263
23.986007
23.816019
23.643308
23.467888
23.289778
23.109
22.925577
22.739539
22.550918
22.35975
22.166076
21.969939
21.771389
21.570475
21.367251
21.161773
20.954102
20.744297
20.532424
20.318549
20.102742
19.885075
19.665624
19.444467
19.221684
18.997359
18.771577
18.544426
18.315997
18.086383
17.855677
17.623978
17.391383
17.157994
16.923911
16.689239
16.454082
16.218546
15.982737
15.746762
15.510728
15.274743
15.038916
14.803352
14.56816
14.333446
14.099315
13.865871
13.633218
13.401458
13.170691
12.941016
12.712528
12.485323
12.259492
12.035126
11.812311
11.591132
11.371671
11.154007
10.938216
10.724372
10.512545
10.3028
10.095204
9.8898146
9.6866907
9.4858859
9.2874509
9.091433
8.8978763
8.7068214
8.5183057
8.3323635
8.1490254
7.9683194
7.7902698
7.6148982
7.4422229
7.2722592
7.1050197
6.9405139
6.7787488
6.6197284
6.4634542
6.3099253
6.1591374
6.0110865
5.8657664
5.7231723
5.5832989
5.4461642
5.3118013
5.177716
5.0594273
4.8591085
24.638901
24.479652
24.317839
24.153321
23.986069
23.816084
23.643376
23.467961
23.289855
23.109081
22.925664
22.739632
22.551017
22.359856
22.166188
21.970058
21.771513
21.570604
21.367384
21.161909
20.954239
20.744435
20.532561
20.318685
20.102876
19.885207
19.665754
19.444593
19.221807
18.997477
18.771691
18.544536
18.316103
18.086484
17.855774
17.624071
17.391472
17.158079
16.923992
16.689317
16.454157
16.218617
15.982805
15.746827
15.51079
15.274803
15.038973
14.803407
14.568213
14.333496
14.099363
13.865917
13.633262
13.401501
13.170732
12.941055
12.712565
12.485359
12.259526
12.035158
11.812341
11.591161
11.371698
11.154033
10.938241
10.724396
10.512567
10.302821
10.095223
9.8898332
9.6867083
9.4859025
9.2874665
9.0914477
8.8978901
8.7068344
8.5183179
8.3323748
8.1490361
7.9683293
7.7902791
7.6149069
7.4422309
7.2722667
7.1050266
6.9405204
6.7787548
6.619734
6.4634595
6.3099304
6.1591433
6.0110913
5.8657705
5.7231533
5.5833013
5.4458945
5.3122796
5.1765301
5.0644441
4.8640915
24.638953
24.479707
24.317898
24.153382
23.986133
23.816152
23.643448
23.468036
23.289935
23.109166
22.925754
22.739728
22.551119
22.359964
22.166303
21.970179
21.77164
21.570735
21.367519
21.162047
20.954379
20.744575
20.532701
20.318824
20.103014
19.885342
19.665886
19.444722
19.221932
18.997599
18.771808
18.544649
18.316211
18.086588
17.855874
17.624166
17.391563
17.158166
16.924076
16.689397
16.454233
16.21869
15.982875
15.746894
15.510854
15.274865
15.039032
14.803464
14.568267
14.333548
14.099412
13.865965
13.633308
13.401544
13.170774
12.941094
12.712603
12.485395
12.259561
12.035191
11.812372
11.59119
11.371726
11.15406
10.938266
10.724419
10.512589
10.302843
10.095244
9.8898523
9.6867263
9.4859194
9.2874824
9.0914627
8.8979041
8.7068475
8.5183302
8.3323864
8.1490469
7.9683394
7.7902885
7.6149156
7.4422391
7.2722743
7.1050337
6.9405269
6.7787608
6.6197395
6.4634646
6.3099351
6.1591476
6.0110957
5.8657745
5.7231593
5.5833012
5.4459039
5.3122005
5.1766348
5.0638565
4.8637912
24.639009
24.479766
24.317959
24.153446
23.986201
23.816222
23.643522
23.468115
23.290018
23.109254
22.925848
22.739827
22.551224
22.360076
22.166421
21.970303
21.771769
21.570869
21.367656
21.162187
20.954521
20.744718
20.532844
20.318966
20.103154
19.88548
19.666021
19.444854
19.22206
18.997723
18.771928
18.544764
18.316322
18.086695
17.855976
17.624264
17.391657
17.158256
16.924162
16.689479
16.454312
16.218766
15.982947
15.746963
15.510921
15.274928
15.039093
14.803522
14.568323
14.333601
14.099464
13.866014
13.633355
13.401589
13.170816
12.941135
12.712642
12.485432
12.259596
12.035224
11.812405
11.591221
11.371755
11.154087
10.938292
10.724444
10.512612
10.302865
10.095264
9.8898718
9.6867446
9.4859367
9.2874987
9.0914779
8.8979184
8.7068609
8.5183427
8.3323981
8.1490578
7.9683496
7.790298
7.6149244
7.4422473
7.2722818
7.1050407
6.9405334
6.7787668
6.619745
6.4634697
6.3099397
6.1591518
6.0110996
5.8657779
5.723163
5.5833032
5.445912
5.3121917
5.1766582
5.0638047
4.863628
24.639067
24.479827
24.318022
24.153513
23.986271
23.816296
23.6436
23.468197
23.290105
23.109346
22.925944
22.739929
22.551332
22.36019
22.166541
21.970429
21.7719
21.571005
21.367796
21.16233
20.954665
20.744863
20.532989
20.31911
20.103297
19.885621
19.666158
19.444988
19.222191
18.997849
18.772051
18.544883
18.316436
18.086804
17.856081
17.624365
17.391754
17.158348
16.92425
16.689564
16.454393
16.218843
15.983021
15.747034
15.510988
15.274993
15.039155
14.803582
14.56838
14.333656
14.099516
13.866064
13.633403
13.401635
13.17086
12.941177
12.712682
12.48547
12.259632
12.035259
11.812437
11.591252
11.371785
11.154115
10.938319
10.724469
10.512636
10.302887
10.095285
9.8898916
9.6867632
9.4859542
9.2875151
9.0914934
8.8979329
8.7068744
8.5183554
8.3324099
8.1490688
7.9683599
7.7903075
7.6149333
7.4422555
7.2722894
7.1050477
6.9405398
6.7787727
6.6197505
6.4634747
6.3099443
6.159156
6.0111033
5.8657813
5.7231661
5.5833059
5.4459147
5.3121951
5.1766616
5.0638112
4.8636292
24.639128
24.479891
24.318089
24.153583
23.986344
23.816374
23.643681
23.468282
23.290194
23.10944
22.926044
22.740034
22.551443
22.360307
22.166664
21.970557
21.772034
21.571143
21.367938
21.162475
20.954812
20.745011
20.533137
20.319257
20.103442
19.885764
19.666299
19.445125
19.222324
18.997979
18.772176
18.545004
18.316553
18.086916
17.856189
17.624468
17.391853
17.158443
16.924341
16.68965
16.454476
16.218922
15.983097
15.747106
15.511058
15.27506
15.039219
14.803643
14.568439
14.333712
14.09957
13.866115
13.633452
13.401682
13.170905
12.94122
12.712723
12.485509
12.259669
12.035294
11.812471
11.591284
11.371815
11.154144
10.938346
10.724495
10.51266
10.30291
10.095307
9.8899117
9.6867822
9.485972
9.2875318
9.091509
8.8979475
8.7068881
8.5183682
8.3324218
8.1490799
7.9683702
7.7903171
7.6149422
7.4422637
7.272297
7.1050547
6.9405462
6.7787786
6.6197559
6.4634796
6.3099487
6.15916
6.011107
5.8657846
5.7231691
5.5833086
5.4459169
5.3121966
5.1766624
5.0638132
4.8636285
24.639193
24.479958
24.31816
24.153657
23.986421
23.816454
23.643765
23.46837
23.290287
23.109538
22.926147
22.740143
22.551557
22.360426
22.166789
21.970688
21.77217
21.571284
21.368082
21.162622
20.95496
20.745161
20.533287
20.319407
20.10359
19.88591
19.666442
19.445265
19.22246
18.998111
18.772304
18.545128
18.316672
18.087031
17.856299
17.624574
17.391954
17.15854
16.924434
16.68974
16.454561
16.219004
15.983175
15.747181
15.51113
15.275128
15.039285
14.803706
14.568499
14.33377
14.099625
13.866168
13.633503
13.40173
13.170951
12.941264
12.712765
12.485549
12.259707
12.03533
11.812505
11.591316
11.371846
11.154173
10.938373
10.724521
10.512685
10.302933
10.095328
9.8899322
9.6868014
9.48599
9.2875487
9.0915248
8.8979623
8.7069019
8.518381
8.3324338
8.149091
7.9683805
7.7903267
7.614951
7.4422718
7.2723045
7.1050616
6.9405526
6.7787844
6.6197611
6.4634844
6.3099531
6.1591639
6.0111105
5.8657877
5.7231719
5.583311
5.4459192
5.3121991
5.1766655
5.0638152
4.8636278
24.63926
24.480028
24.318233
24.153733
23.986501
23.816537
23.643853
23.468462
23.290383
23.109639
22.926253
22.740254
22.551674
22.360549
22.166917
21.970822
21.772308
21.571426
21.368228
21.162771
20.955111
20.745313
20.533439
20.319558
20.10374
19.886058
19.666587
19.445408
19.222599
18.998246
18.772435
18.545254
18.316794
18.087148
17.856412
17.624682
17.392058
17.15864
16.92453
16.689831
16.454648
16.219088
15.983255
15.747258
15.511203
15.275199
15.039352
14.80377
14.56856
14.333829
14.099682
13.866222
13.633554
13.40178
13.170998
12.941309
12.712808
12.48559
12.259746
12.035367
11.81254
11.591349
11.371877
11.154202
10.938401
10.724547
10.51271
10.302956
10.09535
9.8899529
9.6868209
9.4860083
9.2875658
9.0915408
8.8979772
8.7069158
8.518394
8.3324458
8.1491022
7.9683908
7.7903362
7.6149598
7.4422799
7.2723119
7.1050684
6.9405588
6.77879
6.6197663
6.463489
6.3099572
6.1591677
6.0111138
5.8657907
5.7231745
5.5833134
5.4459211
5.3122
5.1766659
5.0638158
4.8636255
24.639331
24.480102
24.318309
24.153813
23.986584
23.816624
23.643943
23.468557
23.290483
23.109743
22.926362
22.740368
22.551794
22.360674
22.167048
21.970957
21.772449
21.571571
21.368377
21.162922
20.955265
20.745467
20.533594
20.319712
20.103893
19.886208
19.666736
19.445553
19.222741
18.998384
18.772569
18.545383
18.316919
18.087268
17.856528
17.624793
17.392164
17.158742
16.924627
16.689924
16.454738
16.219173
15.983337
15.747336
15.511278
15.275271
15.039421
14.803836
14.568624
14.333889
14.099739
13.866277
13.633607
13.40183
13.171047
12.941355
12.712852
12.485631
12.259786
12.035405
11.812575
11.591383
11.371909
11.154232
10.93843
10.724574
10.512735
10.30298
10.095373
9.8899739
9.6868405
9.4860267
9.287583
9.0915568
8.8979922
8.7069297
8.5184069
8.3324578
8.1491133
7.9684011
7.7903457
7.6149685
7.4422879
7.2723193
7.105075
6.9405648
6.7787955
6.6197712
6.4634935
6.3099612
6.1591712
6.011117
5.8657934
5.7231769
5.5833153
5.445923
5.3122023
5.1766689
5.0638179
4.8636249
24.639405
24.480178
24.318389
24.153896
23.986671
23.816714
23.644038
23.468655
23.290585
23.10985
22.926474
22.740485
22.551916
22.360802
22.167181
21.971096
21.772592
21.571718
21.368527
21.163075
20.95542
20.745623
20.53375
20.319868
20.104047
19.886361
19.666886
19.4457
19.222885
18.998524
18.772705
18.545515
18.317046
18.087391
17.856646
17.624907
17.392273
17.158846
16.924727
16.69002
16.45483
16.219261
15.983421
15.747417
15.511355
15.275344
15.039491
14.803903
14.568688
14.333951
14.099798
13.866334
13.633661
13.401881
13.171096
12.941402
12.712896
12.485674
12.259826
12.035443
11.812612
11.591417
11.371941
11.154263
10.938458
10.724601
10.51276
10.303004
10.095395
9.8899951
9.6868603
9.4860452
9.2876003
9.0915729
8.8980072
8.7069437
8.5184198
8.3324698
8.1491243
7.9684113
7.790355
7.6149771
7.4422957
7.2723264
7.1050815
6.9405707
6.7788008
6.619776
6.4634977
6.309965
6.1591745
6.0111198
5.8657959
5.723179
5.5833172
5.4459244
5.3122027
5.1766688
5.063818
4.8636224
24.639482
24.480259
24.318473
24.153983
23.986761
23.816808
23.644135
23.468757
23.290691
23.10996
22.926589
22.740606
22.552042
22.360933
22.167317
21.971236
21.772737
21.571867
21.36868
21.16323
20.955577
20.745781
20.533909
20.320026
20.104204
19.886516
19.667039
19.44585
19.223031
18.998667
18.772843
18.545649
18.317176
18.087516
17.856766
17.625022
17.392384
17.158953
16.924829
16.690118
16.454923
16.219351
15.983507
15.747499
15.511434
15.27542
15.039563
14.803972
14.568754
14.334014
14.099859
13.866391
13.633716
13.401934
13.171146
12.941449
12.712941
12.485717
12.259867
12.035482
11.812648
11.591452
11.371974
11.154294
10.938488
10.724628
10.512786
10.303028
10.095418
9.8900164
9.6868803
9.4860638
9.2876176
9.0915891
8.8980222
8.7069576
8.5184327
8.3324816
8.1491353
7.9684213
7.7903643
7.6149855
7.4423034
7.2723334
7.1050878
6.9405764
6.7788059
6.6197805
6.4635017
6.3099685
6.1591775
6.0111225
5.8657981
5.7231808
5.5833187
5.4459257
5.312204
5.1766705
5.0638195
4.8636221
24.639563
24.480342
24.318559
24.154072
23.986854
23.816905
23.644236
23.468861
23.2908
23.110074
22.926708
22.740729
22.55217
22.361066
22.167455
21.971379
21.772884
21.572018
21.368834
21.163387
20.955736
20.745942
20.534069
20.320186
20.104363
19.886674
19.667194
19.446002
19.22318
18.998812
18.772984
18.545786
18.317308
18.087644
17.856889
17.62514
17.392498
17.159061
16.924934
16.690218
16.455019
16.219443
15.983595
15.747583
15.511514
15.275496
15.039637
14.804043
14.568821
14.334079
14.09992
13.86645
13.633772
13.401987
13.171197
12.941498
12.712988
12.48576
12.259908
12.035521
11.812686
11.591487
11.372007
11.154325
10.938517
10.724656
10.512812
10.303053
10.095441
9.8900378
9.6869003
9.4860825
9.287635
9.0916052
8.8980371
8.7069714
8.5184455
8.3324934
8.1491461
7.9684312
7.7903733
7.6149937
7.4423109
7.2723401
7.1050939
6.9405818
6.7788107
6.6197847
6.4635054
6.3099717
6.1591803
6.0111247
5.8658
5.7231823
5.5833199
5.4459265
5.3122041
5.1766702
5.0638201
4.8636241
24.639647
24.480429
24.318649
24.154166
23.986951
23.817005
23.64434
23.46897
23.290913
23.110191
22.926829
22.740855
22.552301
22.361202
22.167595
21.971524
21.773033
21.572171
21.368991
21.163546
20.955897
20.746104
20.534232
20.320348
20.104524
19.886833
19.667351
19.446156
19.223331
18.998959
18.773127
18.545924
18.317442
18.087773
17.857014
17.625261
17.392613
17.159172
16.92504
16.69032
16.455117
16.219536
15.983685
15.747669
15.511596
15.275575
15.039712
14.804115
14.56889
14.334144
14.099983
13.86651
13.633829
13.402042
13.171248
12.941547
12.713034
12.485805
12.25995
12.035561
11.812723
11.591523
11.372041
11.154357
10.938547
10.724684
10.512839
10.303077
10.095464
9.8900594
9.6869204
9.4861012
9.2876524
9.0916213
8.898052
8.7069852
8.5184581
8.332505
8.1491567
7.9684409
7.7903821
7.6150017
7.4423181
7.2723465
7.1050996
6.9405869
6.7788152
6.6197886
6.4635087
6.3099745
6.1591827
6.0111267
5.8658016
5.7231835
5.5833207
5.4459271
5.3122039
5.1766698
5.0638199
4.8636246
24.639735
24.48052
24.318743
24.154262
23.987051
23.817109
23.644447
23.469081
23.291028
23.110311
22.926953
22.740984
22.552435
22.36134
22.167738
21.971672
21.773185
21.572327
21.369149
21.163707
20.956059
20.746267
20.534396
20.320512
20.104687
19.886995
19.66751
19.446312
19.223484
18.999108
18.773273
18.546066
18.317579
18.087905
17.857141
17.625383
17.392731
17.159286
16.925149
16.690424
16.455217
16.219632
15.983776
15.747756
15.51168
15.275655
15.039788
14.804188
14.56896
14.334211
14.100046
13.866571
13.633887
13.402097
13.171301
12.941597
12.713082
12.48585
12.259993
12.035601
11.812762
11.591559
11.372075
11.154389
10.938577
10.724713
10.512865
10.303102
10.095487
9.8900809
9.6869404
9.4861198
9.2876696
9.0916373
8.8980668
8.7069987
8.5184706
8.3325164
8.1491671
7.9684504
7.7903906
7.6150094
7.442325
7.2723527
7.105105
6.9405916
6.7788193
6.6197921
6.4635117
6.309977
6.1591847
6.0111283
5.8658027
5.7231843
5.5833211
5.4459273
5.3122037
5.1766695
5.0638195
4.863623
24.639826
24.480613
24.318839
24.154362
23.987154
23.817216
23.644558
23.469196
23.291147
23.110434
22.927081
22.741116
22.552571
22.361481
22.167884
21.971821
21.773338
21.572484
21.369309
21.16387
20.956224
20.746433
20.534562
20.320678
20.104852
19.887158
19.667671
19.446471
19.223639
18.99926
18.77342
18.546209
18.317718
18.08804
17.857271
17.625508
17.392851
17.159401
16.925259
16.69053
16.455318
16.219729
15.983869
15.747845
15.511765
15.275736
15.039866
14.804262
14.569031
14.334279
14.100111
13.866633
13.633946
13.402153
13.171354
12.941648
12.71313
12.485896
12.260036
12.035642
11.8128
11.591595
11.372109
11.154421
10.938607
10.724741
10.512892
10.303127
10.09551
9.8901025
9.6869604
9.4861383
9.2876868
9.0916531
8.8980813
8.7070121
8.5184828
8.3325275
8.1491772
7.9684595
7.7903989
7.6150168
7.4423315
7.2723585
7.1051101
6.940596
6.778823
6.6197953
6.4635143
6.309979
6.1591862
6.0111294
5.8658034
5.7231846
5.5833211
5.445927
5.312203
5.1766688
5.0638186
4.8636214
24.63992
24.480711
24.31894
24.154466
23.987261
23.817326
23.644672
23.469313
23.291269
23.11056
22.927211
22.741251
22.55271
22.361624
22.168031
21.971973
21.773494
21.572642
21.369471
21.164034
20.95639
20.7466
20.53473
20.320846
20.105019
19.887323
19.667834
19.446631
19.223796
18.999414
18.77357
18.546354
18.317859
18.088176
17.857402
17.625635
17.392973
17.159518
16.925372
16.690638
16.455422
16.219828
15.983964
15.747936
15.511852
15.275819
15.039946
14.804338
14.569103
14.334348
14.100177
13.866695
13.634006
13.40221
13.171408
12.941699
12.713179
12.485942
12.26008
12.035683
11.812839
11.591632
11.372144
11.154454
10.938638
10.724769
10.512918
10.303152
10.095534
9.8901239
9.6869803
9.4861567
9.2877038
9.0916687
8.8980956
8.7070252
8.5184947
8.3325384
8.149187
7.9684683
7.7904067
7.6150237
7.4423376
7.2723638
7.1051147
6.9405999
6.7788263
6.619798
6.4635164
6.3099806
6.1591873
6.01113
5.8658037
5.7231845
5.5833206
5.4459262
5.3122019
5.1766676
5.0638171
4.8636197
24.640018
24.480812
24.319044
24.154573
23.987371
23.81744
23.644789
23.469434
23.291394
23.110689
22.927344
22.741388
22.552852
22.36177
22.168181
21.972126
21.773651
21.572803
21.369634
21.1642
20.956557
20.746769
20.534899
20.321014
20.105187
19.887489
19.667999
19.446793
19.223955
18.999569
18.773722
18.546502
18.318002
18.088315
17.857536
17.625764
17.393097
17.159637
16.925486
16.690748
16.455527
16.219929
15.98406
15.748028
15.51194
15.275904
15.040026
14.804415
14.569177
14.334418
14.100244
13.866759
13.634066
13.402268
13.171463
12.941751
12.713228
12.485988
12.260124
12.035725
11.812878
11.591669
11.372179
11.154486
10.938668
10.724798
10.512945
10.303177
10.095557
9.8901452
9.6870001
9.4861749
9.2877205
9.0916841
8.8981097
8.707038
8.5185063
8.3325488
8.1491964
7.9684767
7.7904141
7.6150303
7.4423433
7.2723687
7.1051189
6.9406034
6.7788291
6.6198001
6.463518
6.3099817
6.1591879
6.0111301
5.8658034
5.7231838
5.5833196
5.4459249
5.3122003
5.176666
5.0638153
4.863617
24.64012
24.480916
24.319151
24.154683
23.987484
23.817556
23.644909
23.469558
23.291521
23.11082
22.92748
22.741528
22.552996
22.361918
22.168333
21.972282
21.77381
21.572965
21.369799
21.164367
20.956726
20.746939
20.535069
20.321185
20.105357
19.887658
19.668165
19.446957
19.224116
18.999726
18.773875
18.546651
18.318147
18.088455
17.857672
17.625895
17.393223
17.159759
16.925603
16.69086
16.455634
16.220031
15.984158
15.748122
15.51203
15.275989
15.040108
14.804493
14.569251
14.334489
14.100312
13.866823
13.634128
13.402326
13.171519
12.941804
12.713278
12.486035
12.260169
12.035767
11.812918
11.591706
11.372213
11.154519
10.938699
10.724826
10.512972
10.303201
10.095579
9.8901664
9.6870196
9.4861929
9.287737
9.0916991
8.8981234
8.7070503
8.5185175
8.3325589
8.1492053
7.9684846
7.7904211
7.6150363
7.4423485
7.2723731
7.1051225
6.9406063
6.7788313
6.6198017
6.463519
6.3099822
6.1591879
6.0111297
5.8658025
5.7231825
5.583318
5.445923
5.3121982
5.1766637
5.063813
4.8636137
24.640225
24.481023
24.319261
24.154796
23.987601
23.817676
23.645033
23.469685
23.291652
23.110955
22.927618
22.74167
22.553142
22.362068
22.168487
21.97244
21.773971
21.573129
21.369966
21.164536
20.956897
20.74711
20.535241
20.321357
20.105527
19.887827
19.668332
19.447122
19.224278
18.999885
18.77403
18.546802
18.318293
18.088597
17.857809
17.626027
17.393351
17.159881
16.925721
16.690973
16.455742
16.220135
15.984258
15.748217
15.512121
15.276076
15.040191
14.804572
14.569327
14.334561
14.10038
13.866889
13.63419
13.402385
13.171575
12.941857
12.713328
12.486083
12.260213
12.035809
11.812958
11.591743
11.372248
11.154552
10.938729
10.724855
10.512998
10.303226
10.095602
9.8901873
9.6870388
9.4862105
9.287753
9.0917138
8.8981366
8.7070623
8.5185282
8.3325684
8.1492138
7.968492
7.7904275
7.6150418
7.4423531
7.2723768
7.1051255
6.9406086
6.7788329
6.6198027
6.4635195
6.3099821
6.1591873
6.0111286
5.865801
5.7231806
5.5833157
5.4459205
5.3121954
5.1766609
5.0638101
4.8636099
24.640333
24.481134
24.319375
24.154913
23.987721
23.8178
23.645159
23.469815
23.291786
23.111092
22.927759
22.741815
22.55329
22.36222
22.168643
21.972599
21.774134
21.573295
21.370134
21.164706
20.957068
20.747283
20.535414
20.32153
20.1057
19.887998
19.668501
19.447289
19.224442
19.000046
18.774187
18.546955
18.318441
18.088741
17.857948
17.626162
17.39348
17.160006
16.92584
16.691088
16.455852
16.220241
15.984359
15.748314
15.512213
15.276164
15.040275
14.804652
14.569403
14.334634
14.10045
13.866955
13.634252
13.402444
13.171631
12.94191
12.713379
12.486131
12.260258
12.035851
11.812997
11.591781
11.372283
11.154584
10.93876
10.724883
10.513024
10.30325
10.095624
9.8902078
9.6870576
9.4862277
9.2877687
9.0917279
8.8981494
8.7070738
8.5185384
8.3325774
8.1492216
7.9684988
7.7904333
7.6150466
7.4423571
7.27238
7.1051278
6.9406102
6.7788339
6.6198031
6.4635192
6.3099813
6.159186
6.0111268
5.8657988
5.7231781
5.5833128
5.4459173
5.312192
5.1766573
5.0638066
4.8636053
24.640445
24.481249
24.319492
24.155033
23.987844
23.817926
23.645289
23.469948
23.291922
23.111232
22.927903
22.741962
22.553441
22.362375
22.168801
21.97276
21.774298
21.573462
21.370303
21.164877
20.957241
20.747457
20.535588
20.321704
20.105873
19.88817
19.668672
19.447456
19.224607
19.000207
18.774345
18.547109
18.318591
18.088886
17.858089
17.626297
17.393611
17.160132
16.925961
16.691204
16.455964
16.220347
15.984461
15.748411
15.512306
15.276254
15.04036
14.804733
14.569481
14.334707
14.10052
13.867021
13.634316
13.402504
13.171688
12.941964
12.713429
12.486178
12.260303
12.035894
11.813037
11.591818
11.372318
11.154617
10.93879
10.724911
10.51305
10.303274
10.095646
9.890228
9.687076
9.4862445
9.2877839
9.0917416
8.8981616
8.7070846
8.518548
8.3325858
8.1492289
7.9685049
7.7904384
7.6150508
7.4423603
7.2723824
7.1051295
6.9406111
6.7788341
6.6198026
6.4635182
6.3099797
6.1591839
6.0111243
5.8657959
5.7231748
5.5833092
5.4459134
5.3121878
5.1766532
5.0638024
4.8635998
24.64056
24.481366
24.319612
24.155156
23.98797
23.818055
23.645421
23.470084
23.292061
23.111374
22.928048
22.742111
22.553594
22.362531
22.16896
21.972923
21.774463
21.57363
21.370474
21.165049
20.957415
20.747631
20.535763
20.321878
20.106047
19.888343
19.668843
19.447625
19.224773
19.00037
18.774504
18.547264
18.318742
18.089033
17.858231
17.626435
17.393744
17.160259
16.926084
16.691321
16.456077
16.220455
15.984564
15.74851
15.512401
15.276344
15.040446
14.804815
14.569559
14.334782
14.10059
13.867088
13.634379
13.402565
13.171745
12.942018
12.71348
12.486226
12.260349
12.035936
11.813077
11.591855
11.372353
11.154649
10.93882
10.724939
10.513076
10.303297
10.095668
9.8902477
9.687094
9.4862607
9.2877985
9.0917547
8.8981732
8.7070949
8.5185569
8.3325935
8.1492354
7.9685104
7.7904428
7.6150542
7.4423629
7.2723841
7.1051304
6.9406112
6.7788336
6.6198014
6.4635164
6.3099774
6.1591811
6.011121
5.8657921
5.7231707
5.5833047
5.4459087
5.3121829
5.1766484
5.0637975
4.8635937
24.640678
24.481487
24.319736
24.155282
23.988099
23.818187
23.645556
23.470222
23.292202
23.111519
22.928196
22.742263
22.553749
22.362689
22.169121
21.973087
21.77463
21.573799
21.370645
21.165222
20.957589
20.747807
20.535939
20.322054
20.106222
19.888517
19.669015
19.447795
19.22494
19.000534
18.774665
18.547421
18.318895
18.089181
17.858374
17.626573
17.393877
17.160388
16.926208
16.69144
16.456191
16.220565
15.984669
15.74861
15.512496
15.276435
15.040533
14.804898
14.569637
14.334857
14.100661
13.867156
13.634443
13.402625
13.171802
12.942072
12.713531
12.486274
12.260394
12.035979
11.813116
11.591892
11.372387
11.154681
10.938849
10.724966
10.513101
10.30332
10.095689
9.8902668
9.6871113
9.4862763
9.2878124
9.0917671
8.8981842
8.7071044
8.5185651
8.3326004
8.1492411
7.968515
7.7904464
7.6150568
7.4423645
7.2723849
7.1051304
6.9406105
6.7788321
6.6197994
6.4635137
6.3099742
6.1591774
6.0111168
5.8657875
5.7231657
5.5832995
5.4459032
5.3121772
5.1766427
5.0637917
4.863587
24.640799
24.481611
24.319862
24.155411
23.988231
23.818321
23.645694
23.470362
23.292346
23.111666
22.928347
22.742416
22.553905
22.362848
22.169284
21.973252
21.774798
21.573969
21.370817
21.165397
20.957765
20.747983
20.536116
20.322231
20.106398
19.888692
19.669188
19.447966
19.225108
19.000699
18.774826
18.547578
18.319048
18.089329
17.858518
17.626713
17.394012
17.160518
16.926333
16.69156
16.456306
16.220675
15.984774
15.748711
15.512593
15.276527
15.04062
14.804982
14.569717
14.334932
14.100733
13.867224
13.634508
13.402686
13.17186
12.942126
12.713582
12.486322
12.260439
12.036021
11.813156
11.591929
11.372421
11.154712
10.938878
10.724993
10.513125
10.303343
10.095709
9.8902853
9.6871279
9.4862912
9.2878256
9.0917787
8.8981943
8.7071131
8.5185724
8.3326065
8.149246
7.9685187
7.7904491
7.6150585
7.4423653
7.2723848
7.1051295
6.9406088
6.7788298
6.6197964
6.4635101
6.30997
6.1591727
6.0111117
5.865782
5.7231598
5.5832933
5.4458967
5.3121705
5.1766362
5.063785
4.8635793
24.640924
24.481737
24.319991
24.155543
23.988365
23.818459
23.645834
23.470505
23.292492
23.111815
22.928499
22.742571
22.554063
22.363009
22.169448
21.973419
21.774967
21.574141
21.370991
21.165571
20.957941
20.74816
20.536293
20.322407
20.106574
19.888867
19.669361
19.448137
19.225277
19.000865
18.774988
18.547737
18.319202
18.089479
17.858664
17.626853
17.394148
17.160649
16.926459
16.691681
16.456422
16.220786
15.984881
15.748813
15.51269
15.276619
15.040709
14.805065
14.569797
14.335008
14.100805
13.867292
13.634572
13.402747
13.171917
12.94218
12.713633
12.48637
12.260484
12.036063
11.813195
11.591965
11.372455
11.154743
10.938907
10.725019
10.513149
10.303365
10.095729
9.8903032
9.687144
9.4863054
9.2878382
9.0917896
8.8982037
8.707121
8.518579
8.3326118
8.1492501
7.9685217
7.790451
7.6150594
7.4423652
7.2723839
7.1051277
6.9406063
6.7788265
6.6197925
6.4635056
6.309965
6.1591672
6.0111058
5.8657756
5.7231531
5.5832862
5.4458894
5.312163
5.1766288
5.0637776
4.8635711
24.641043
24.48186
24.320116
24.15567
23.988495
23.818591
23.645969
23.470644
23.292633
23.111959
22.928646
22.742721
22.554216
22.363165
22.169606
21.97358
21.775131
21.574306
21.371158
21.16574
20.958111
20.748331
20.536464
20.322579
20.106745
19.889036
19.669529
19.448303
19.22544
19.001025
18.775145
18.54789
18.319352
18.089625
17.858805
17.62699
17.39428
17.160776
16.926581
16.691799
16.456534
16.220894
15.984984
15.748911
15.512783
15.276708
15.040794
14.805146
14.569873
14.335081
14.100874
13.867357
13.634634
13.402805
13.171972
12.942232
12.713681
12.486415
12.260525
12.036102
11.813231
11.591998
11.372486
11.154772
10.938933
10.725043
10.513171
10.303384
10.095746
9.8903185
9.6871574
9.4863171
9.2878482
9.0917981
8.8982107
8.7071266
8.5185833
8.3326148
8.1492519
7.9685224
7.7904507
7.6150582
7.4423631
7.2723809
7.105124
6.9406019
6.7788215
6.6197868
6.4634994
6.3099582
6.15916
6.0110982
5.8657677
5.7231448
5.5832777
5.4458807
5.3121542
5.1766201
5.0637687
4.8635617
291.94877
59.191894
38.832755
31.854412
28.837908
27.223477
26.239822
25.57866
25.183151
24.722669
291.94868
59.19188
38.832749
31.854409
28.83791
27.223457
26.2399
25.578358
25.184262
24.718738
291.94863
59.192074
38.832802
31.8545
28.837713
27.224292
26.237006
25.588606
25.148794
24.840778
291.94862
59.192093
38.832811
31.854509
28.837712
27.22432
26.236944
25.58882
25.148159
24.842789
291.94861
59.192091
38.83281
31.85451
28.837712
27.224321
26.236944
25.588829
25.148138
24.842899
291.94861
59.192087
38.832809
31.854509
28.837713
27.224322
26.236946
25.588834
25.148141
24.84292
291.9486
59.192082
38.832808
31.85451
28.837714
27.224324
26.236948
25.588838
25.148149
24.842933
291.9486
59.192077
38.832807
31.85451
28.837715
27.224327
26.236952
25.588844
25.148158
24.842946
291.9486
59.192072
38.832806
31.854511
28.837717
27.22433
26.236956
25.58885
25.148168
24.842961
291.94859
59.192067
38.832805
31.854512
28.83772
27.224333
26.236962
25.588859
25.14818
24.842976
291.94859
59.192061
38.832805
31.854514
28.837723
27.224338
26.236968
25.588868
25.148193
24.842994
291.94859
59.192055
38.832805
31.854516
28.837726
27.224343
26.236976
25.588879
25.148208
24.843012
291.94859
59.192048
38.832805
31.854519
28.837731
27.224349
26.236985
25.588891
25.148224
24.843033
291.94859
59.192041
38.832805
31.854522
28.837736
27.224357
26.236995
25.588905
25.148242
24.843054
291.94859
59.192033
38.832805
31.854525
28.837742
27.224365
26.237006
25.58892
25.148261
24.843078
291.94859
59.192024
38.832806
31.854529
28.837748
27.224374
26.237019
25.588937
25.148283
24.843103
291.94859
59.192015
38.832807
31.854534
28.837756
27.224385
26.237033
25.588955
25.148305
24.84313
291.94859
59.192006
38.832808
31.85454
28.837765
27.224397
26.237049
25.588976
25.14833
24.843158
291.94859
59.191995
38.83281
31.854546
28.837774
27.22441
26.237067
25.588998
25.148357
24.843189
291.9486
59.191984
38.832812
31.854553
28.837785
27.224425
26.237086
25.589022
25.148386
24.843222
291.9486
59.191972
38.832814
31.854562
28.837797
27.224441
26.237107
25.589048
25.148416
24.843257
291.94861
59.19196
38.832817
31.854571
28.837811
27.224459
26.23713
25.589076
25.148449
24.843294
291.94861
59.191946
38.83282
31.854581
28.837825
27.224479
26.237155
25.589106
25.148485
24.843333
291.94862
59.191931
38.832824
31.854592
28.837842
27.2245
26.237182
25.589139
25.148522
24.843375
291.94863
59.191916
38.832828
31.854604
28.837859
27.224523
26.237211
25.589174
25.148562
24.843419
291.94863
59.1919
38.832833
31.854618
28.837879
27.224549
26.237242
25.589211
25.148605
24.843466
291.94864
59.191882
38.832839
31.854633
28.8379
27.224576
26.237276
25.589251
25.14865
24.843515
291.94865
59.191864
38.832845
31.854649
28.837923
27.224606
26.237312
25.589293
25.148698
24.843567
291.94867
59.191845
38.832853
31.854667
28.837948
27.224638
26.237351
25.589338
25.148748
24.843622
291.94868
59.191824
38.832861
31.854686
28.837976
27.224672
26.237392
25.589386
25.148802
24.84368
291.94869
59.191803
38.83287
31.854708
28.838005
27.224709
26.237437
25.589437
25.148858
24.843741
291.94871
59.191781
38.83288
31.854731
28.838036
27.224748
26.237484
25.589491
25.148918
24.843806
291.94872
59.191757
38.832892
31.854756
28.83807
27.224791
26.237533
25.589548
25.148981
24.843873
291.94874
59.191733
38.832904
31.854783
28.838107
27.224835
26.237586
25.589608
25.149047
24.843944
291.94876
59.191708
38.832918
31.854812
28.838146
27.224883
26.237642
25.589671
25.149116
24.844018
291.94878
59.191683
38.832933
31.854843
28.838188
27.224934
26.237702
25.589738
25.149188
24.844095
291.9488
59.191657
38.83295
31.854877
28.838232
27.224988
26.237764
25.589808
25.149264
24.844175
291.94882
59.19163
38.832969
31.854913
28.83828
27.225045
26.23783
25.589881
25.149344
24.84426
291.94884
59.191603
38.832989
31.854952
28.83833
27.225105
26.237899
25.589958
25.149427
24.844347
291.94887
59.191576
38.833012
31.854994
28.838384
27.225169
26.237972
25.590038
25.149513
24.844438
291.9489
59.191549
38.833036
31.855038
28.83844
27.225236
26.238048
25.590122
25.149603
24.844533
291.94892
59.191523
38.833063
31.855085
28.8385
27.225307
26.238127
25.590209
25.149696
24.844631
291.94895
59.191497
38.833092
31.855136
28.838564
27.225381
26.238211
25.5903
25.149793
24.844733
291.94898
59.191471
38.833124
31.855189
28.83863
27.225458
26.238297
25.590394
25.149894
24.844838
291.94902
59.191447
38.833158
31.855246
28.8387
27.225539
26.238388
25.590492
25.149997
24.844946
291.94905
59.191424
38.833196
31.855306
28.838774
27.225624
26.238481
25.590593
25.150105
24.845058
291.94908
59.191404
38.833236
31.855369
28.838851
27.225712
26.238579
25.590698
25.150215
24.845173
291.94912
59.191385
38.833279
31.855436
28.838932
27.225804
26.23868
25.590807
25.150329
24.845291
291.94916
59.191369
38.833326
31.855507
28.839016
27.225899
26.238784
25.590918
25.150447
24.845413
291.94919
59.191339
38.833365
31.855571
28.839096
27.22599
26.238884
25.591025
25.150559
24.84553
291.94923
59.191262
38.833376
31.855615
28.839157
27.226064
26.238968
25.591118
25.150658
24.845633
291.94926
59.191136
38.833364
31.855645
28.839209
27.226132
26.239049
25.591207
25.150755
24.845735
291.9493
59.190972
38.833342
31.855675
28.839267
27.226208
26.23914
25.591309
25.150865
24.845851
291.94935
59.190749
38.8333
31.855698
28.839324
27.226289
26.239237
25.59142
25.150984
24.845977
291.94941
59.190568
38.833309
31.855776
28.839437
27.226426
26.239393
25.591589
25.151163
24.846164
291.94955
59.190796
38.833622
31.85612
28.8398
27.226804
26.239783
25.591989
25.151571
24.846577
291.94972
59.19106
38.833988
31.856522
28.840224
27.227244
26.240236
25.592451
25.152041
24.847052
291.94991
59.19137
38.834409
31.856983
28.840705
27.227741
26.240745
25.59297
25.152566
24.847582
291.95013
59.191737
38.834884
31.857494
28.841235
27.228285
26.241299
25.593532
25.153134
24.848153
291.95036
59.19216
38.835397
31.858037
28.841793
27.228853
26.241875
25.594114
25.15372
24.848742
291.95058
59.19262
38.835919
31.858577
28.842342
27.229407
26.242434
25.594675
25.154282
24.849306
291.95078
59.193063
38.836396
31.859064
28.842833
27.229903
26.242932
25.595175
25.154784
24.849809
291.95094
59.193494
38.836803
31.859458
28.843219
27.230282
26.243306
25.595546
25.155152
24.850174
291.95105
59.193693
38.837049
31.85972
28.843489
27.230557
26.243585
25.595827
25.155434
24.850457
291.95106
59.193939
38.837135
31.859748
28.843487
27.230536
26.243551
25.595783
25.155383
24.850401
291.95115
59.194026
38.837354
31.86001
28.843768
27.230827
26.243846
25.596081
25.155682
24.850701
291.95071
59.193275
38.836477
31.859096
28.842838
27.229888
26.242903
25.595134
25.154734
24.849752
291.95184
59.195741
38.838476
31.860924
28.844589
27.231596
26.244582
25.596794
25.156379
24.851387
24.64115
24.481968
24.320227
24.155784
23.988612
23.818711
23.646092
23.470769
23.292762
23.112091
22.92878
22.742859
22.554357
22.363309
22.169753
21.973729
21.775283
21.574461
21.371314
21.165898
20.95827
20.748491
20.536625
20.322739
20.106905
19.889196
19.669687
19.448459
19.225594
19.001176
18.775293
18.548035
18.319493
18.089762
17.858937
17.627118
17.394403
17.160894
16.926694
16.691907
16.456638
16.220993
15.985078
15.749
15.512868
15.276789
15.04087
14.805218
14.569941
14.335144
14.100934
13.867413
13.634686
13.402854
13.172017
12.942274
12.713721
12.486451
12.260559
12.036132
11.813258
11.592023
11.372508
11.154792
10.938951
10.725058
10.513184
10.303395
10.095756
9.8903258
9.687163
9.486321
9.2878506
9.091799
8.8982102
8.7071249
8.5185803
8.3326107
8.1492468
7.9685164
7.7904437
7.6150504
7.4423545
7.2723717
7.1051141
6.9405914
6.7788105
6.6197753
6.4634876
6.309946
6.1591475
6.0110854
5.8657547
5.7231317
5.5832644
5.4458674
5.3121408
5.176607
5.0637557
4.8635482
24.641255
24.482077
24.320339
24.155899
23.988729
23.818832
23.646216
23.470897
23.292893
23.112225
22.928918
22.743
22.554502
22.363457
22.169904
21.973884
21.77544
21.57462
21.371476
21.166062
20.958436
20.748658
20.536792
20.322907
20.107072
19.889362
19.669852
19.448622
19.225754
19.001334
18.775447
18.548185
18.319639
18.089903
17.859074
17.627249
17.394529
17.161015
16.92681
16.692018
16.456743
16.221092
15.985172
15.74909
15.512952
15.276868
15.040944
14.805288
14.570006
14.335205
14.10099
13.867465
13.634734
13.402898
13.172057
12.94231
12.713753
12.486481
12.260585
12.036155
11.813278
11.59204
11.372522
11.154803
10.938959
10.725064
10.513188
10.303397
10.095755
9.8903235
9.6871588
9.4863151
9.287843
9.0917899
8.8981996
8.7071129
8.5185671
8.3325964
8.1492314
7.9685
7.7904264
7.6150323
7.4423357
7.2723522
7.105094
6.9405708
6.7787894
6.6197539
6.4634658
6.309924
6.1591252
6.011063
5.8657322
5.7231091
5.5832419
5.4458449
5.3121186
5.1765852
5.0637342
4.8635267
24.641375
24.4822
24.320465
24.156029
23.988863
23.818969
23.646357
23.471042
23.293042
23.112378
22.929076
22.743161
22.554667
22.363626
22.170076
21.974059
21.775619
21.574802
21.371661
21.166249
20.958624
20.748847
20.536982
20.323097
20.107262
19.889551
19.670039
19.448807
19.225937
19.001513
18.775623
18.548356
18.319805
18.090064
17.859229
17.627399
17.394673
17.161153
16.926941
16.692143
16.456862
16.221205
15.985278
15.749189
15.513046
15.276955
15.041026
14.805363
14.570076
14.33527
14.10105
13.86752
13.634784
13.402943
13.172098
12.942347
12.713785
12.486509
12.260608
12.036175
11.813295
11.592053
11.372531
11.154809
10.938962
10.725064
10.513185
10.303392
10.095747
9.8903133
9.6871463
9.4863005
9.2878265
9.0917715
8.8981795
8.7070912
8.518544
8.3325719
8.1492057
7.9684731
7.7903986
7.6150034
7.4423061
7.2723218
7.105063
6.9405392
6.7787573
6.6197214
6.463433
6.3098909
6.1590919
6.0110296
5.8656987
5.7230757
5.5832085
5.4458117
5.3120857
5.1765528
5.0637021
4.8634947
24.641507
24.482336
24.320605
24.156172
23.989011
23.819121
23.646513
23.471202
23.293207
23.112547
22.929249
22.743339
22.554849
22.363812
22.170267
21.974253
21.775816
21.575003
21.371864
21.166455
20.958832
20.749056
20.537193
20.323308
20.107472
19.88976
19.670247
19.449012
19.226139
19.001711
18.775817
18.548545
18.319989
18.090242
17.859401
17.627564
17.394832
17.161304
16.927086
16.692279
16.456991
16.221327
15.985393
15.749297
15.513146
15.277049
15.041112
14.805443
14.570149
14.335336
14.10111
13.867575
13.634833
13.402987
13.172136
12.942379
12.713813
12.486531
12.260626
12.036188
11.813304
11.592058
11.372532
11.154806
10.938956
10.725054
10.513172
10.303375
10.095728
9.8902912
9.6871217
9.4862734
9.2877971
9.09174
8.8981461
8.707056
8.5185071
8.3325335
8.1491659
7.9684321
7.7903564
7.6149603
7.442262
7.2722769
7.1050175
6.9404931
6.7787108
6.6196745
6.4633857
6.3098435
6.1590444
6.010982
5.8656511
5.7230282
5.5831612
5.4457648
5.3120392
5.1765072
5.063657
4.86345
24.641698
24.482531
24.320804
24.156376
23.989218
23.819333
23.646729
23.471423
23.293432
23.112777
22.929483
22.743577
22.555091
22.364059
22.170517
21.974507
21.776074
21.575263
21.372128
21.16672
20.959099
20.749325
20.537462
20.323577
20.10774
19.890026
19.670511
19.449274
19.226396
19.001964
18.776065
18.548788
18.320225
18.090471
17.859623
17.627778
17.395037
17.161501
16.927274
16.692459
16.457161
16.221488
15.985545
15.74944
15.513281
15.277175
15.041229
14.805552
14.57025
14.335429
14.101195
13.867652
13.634903
13.40305
13.172192
12.942429
12.713856
12.486568
12.260657
12.036213
11.813323
11.592072
11.372541
11.15481
10.938955
10.725049
10.513162
10.303361
10.095711
9.8902699
9.687097
9.4862455
9.2877661
9.0917062
8.8981096
8.7070171
8.5184659
8.3324901
8.1491206
7.968385
7.7903077
7.6149101
7.4422105
7.2722243
7.1049638
6.9404385
6.7786554
6.6196184
6.4633291
6.3097864
6.158987
6.0109243
5.8655934
5.7229704
5.5831036
5.4457074
5.3119822
5.1764509
5.0636012
4.8633947
24.642115
24.482951
24.321227
24.156802
23.989647
23.819765
23.647165
23.471862
23.293874
23.113222
22.929931
22.744029
22.555545
22.364516
22.170977
21.974969
21.776537
21.575728
21.372594
21.167187
20.959566
20.749791
20.537927
20.32404
20.108201
19.890483
19.670964
19.449721
19.226838
19.0024
18.776493
18.549207
18.320636
18.090873
17.860014
17.628159
17.395407
17.16186
16.927621
16.692794
16.457485
16.221799
15.985844
15.749727
15.513555
15.277437
15.04148
14.805791
14.570478
14.335646
14.101401
13.867847
13.635087
13.403223
13.172356
12.942583
12.714
12.486703
12.260783
12.036331
11.813432
11.592173
11.372634
11.154895
10.939033
10.72512
10.513226
10.303419
10.095762
9.8903151
9.6871364
9.4862794
9.2877949
9.09173
8.8981287
8.7070317
8.5184763
8.3324965
8.1491232
7.968384
7.7903034
7.6149026
7.4422001
7.2722111
7.104948
6.9404204
6.778635
6.619596
6.4633048
6.3097604
6.1589593
6.0108953
5.865563
5.7229389
5.5830711
5.4456741
5.3119484
5.1764169
5.0635669
4.8633595
24.642593
24.483432
24.321711
24.157289
23.990138
23.820259
23.647662
23.472361
23.294376
23.113728
22.93044
22.74454
22.556059
22.365032
22.171495
21.975489
21.777059
21.576251
21.373117
21.167711
20.960089
20.750314
20.538448
20.324558
20.108717
19.890995
19.671471
19.450223
19.227334
19.002888
18.776973
18.549679
18.321098
18.091325
17.860456
17.628589
17.395825
17.162266
16.928014
16.693174
16.457851
16.222152
15.986183
15.750053
15.513868
15.277736
15.041765
14.806063
14.570737
14.335892
14.101634
13.868068
13.635296
13.403421
13.172542
12.942757
12.714164
12.486856
12.260926
12.036463
11.813555
11.592286
11.372739
11.154991
10.939121
10.725199
10.513298
10.303483
10.095819
9.8903653
9.6871801
9.4863169
9.2878264
9.0917559
8.8981493
8.7070473
8.5184871
8.3325028
8.1491253
7.9683822
7.7902978
7.6148936
7.4421879
7.2721959
7.10493
6.9403998
6.778612
6.6195708
6.4632776
6.3097313
6.1589287
6.0108631
5.8655296
5.7229044
5.5830356
5.4456379
5.3119117
5.1763802
5.06353
4.8633219
24.643127
24.483968
24.32225
24.15783
23.990682
23.820805
23.648211
23.472913
23.294931
23.114285
22.930999
22.745102
22.556623
22.365597
22.172062
21.976058
21.777629
21.576822
21.373688
21.168281
20.960658
20.750881
20.539013
20.325121
20.109276
19.89155
19.672021
19.450767
19.227871
19.003417
18.777494
18.550191
18.3216
18.091816
17.860935
17.629056
17.396279
17.162706
16.928441
16.693586
16.458249
16.222535
15.986552
15.750406
15.514206
15.278059
15.042073
14.806356
14.571015
14.336156
14.101884
13.868303
13.635518
13.403629
13.172737
12.942939
12.714334
12.487014
12.261072
12.036597
11.813678
11.592398
11.37284
11.155083
10.939202
10.725272
10.513361
10.303538
10.095866
9.8904043
9.6872115
9.4863413
9.287844
9.0917671
8.8981545
8.7070467
8.5184812
8.3324919
8.1491097
7.9683621
7.7902736
7.6148656
7.4421562
7.2721609
7.104892
6.940359
6.7785687
6.6195252
6.4632299
6.3096817
6.1588774
6.0108104
5.8654757
5.7228494
5.5829799
5.4455816
5.3118552
5.1763237
5.0634735
4.8632653
24.643701
24.484544
24.322828
24.158411
23.991264
23.821389
23.648797
23.473501
23.295521
23.114876
22.931592
22.745696
22.557219
22.366194
22.17266
21.976656
21.778227
21.577419
21.374285
21.168877
20.961253
20.751473
20.539602
20.325707
20.109857
19.892127
19.672592
19.451331
19.228428
19.003967
18.778034
18.550721
18.32212
18.092324
17.861431
17.62954
17.396749
17.163163
16.928882
16.694013
16.45866
16.222931
15.986931
15.750769
15.514552
15.278389
15.042387
14.806654
14.571297
14.336421
14.102133
13.868537
13.635736
13.403832
13.172925
12.943114
12.714494
12.48716
12.261205
12.036718
11.813786
11.592494
11.372924
11.155156
10.939264
10.725323
10.513403
10.30357
10.095888
9.8904183
9.6872172
9.4863391
9.2878344
9.0917505
8.8981312
8.7070172
8.5184458
8.332451
8.1490636
7.9683113
7.7902184
7.6148063
7.4420932
7.2720944
7.1048224
6.9402865
6.7784937
6.6194479
6.4631505
6.3096006
6.1587948
6.0107265
5.8653907
5.7227637
5.5828936
5.4454952
5.3117688
5.1762377
5.0633878
4.8631801
24.644292
24.485137
24.323422
24.159006
23.991861
23.821988
23.649397
23.474102
23.296123
23.115479
22.932196
22.746301
22.557824
22.366799
22.173265
21.977261
21.778831
21.578023
21.374887
21.169477
20.961851
20.752069
20.540194
20.326295
20.110441
19.892705
19.673164
19.451897
19.228986
19.004516
18.778575
18.551252
18.32264
18.092833
17.861928
17.630024
17.39722
17.163619
16.929324
16.694439
16.459071
16.223325
15.987309
15.75113
15.514896
15.278716
15.042697
14.806946
14.571571
14.336679
14.102374
13.868761
13.635944
13.404023
13.1731
12.943273
12.714638
12.487289
12.261319
12.036818
11.813872
11.592567
11.372984
11.155203
10.9393
10.725347
10.513416
10.303572
10.09588
9.8904009
9.6871907
9.4863039
9.2877911
9.0916994
8.8980729
8.7069521
8.5183743
8.3323736
8.1489807
7.9682233
7.7901257
7.6147092
7.4419922
7.2719899
7.1047146
6.9401759
6.7783805
6.6193324
6.4630331
6.3094816
6.1586744
6.0106051
5.8652685
5.722641
5.5827707
5.4453724
5.3116464
5.1761161
5.0632668
4.8630604
24.644856
24.485701
24.323987
24.159571
23.992426
23.822553
23.649962
23.474668
23.296688
23.116045
22.932761
22.746865
22.558388
22.367363
22.173827
21.977822
21.77939
21.57858
21.375442
21.170029
20.9624
20.752614
20.540736
20.326832
20.110972
19.89323
19.673683
19.452409
19.229491
19.005012
18.779062
18.551729
18.323107
18.093289
17.862372
17.630455
17.397638
17.164023
16.929713
16.694813
16.459429
16.223667
15.987635
15.751439
15.515189
15.278991
15.042954
14.807186
14.571794
14.336884
14.102562
13.868931
13.636097
13.40416
13.17322
12.943376
12.714725
12.487361
12.261375
12.036859
11.813899
11.59258
11.372984
11.155189
10.939274
10.725309
10.513366
10.303512
10.095809
9.8903198
9.6871002
9.4862046
9.2876833
9.0915838
8.89795
8.7068223
8.5182382
8.3322317
8.1488335
7.9680711
7.7899691
7.6145486
7.441828
7.2718225
7.1045444
6.9400033
6.7782058
6.6191561
6.4628555
6.3093029
6.1584951
6.0104254
5.8650888
5.7224616
5.5825919
5.4451945
5.3114698
5.175941
5.0630931
4.8628892
24.64536
24.486205
24.324491
24.160076
23.992931
23.823058
23.650467
23.475173
23.297193
23.116549
22.933265
22.747369
22.55889
22.367864
22.174327
21.97832
21.779887
21.579075
21.375934
21.170519
20.962886
20.753097
20.541214
20.327306
20.111441
19.893694
19.674141
19.45286
19.229935
19.005449
18.77949
18.552149
18.323516
18.093688
17.86276
17.630831
17.398002
17.164374
16.930051
16.695138
16.459739
16.223962
15.987914
15.751702
15.515436
15.279221
15.043168
14.807383
14.571973
14.337046
14.102706
13.869059
13.636207
13.404253
13.173296
12.943436
12.714768
12.487388
12.261387
12.036855
11.81388
11.592547
11.372936
11.155128
10.939199
10.725222
10.513267
10.303401
10.095688
9.8901878
9.6869583
9.4860533
9.2875232
9.0914155
8.8977739
8.7066391
8.5180484
8.3320357
8.1486319
7.9678645
7.7897578
7.6143333
7.441609
7.2716003
7.1043195
6.9397761
6.7779767
6.6189255
6.4626238
6.3090705
6.1582623
6.0101927
5.8648564
5.7222299
5.5823613
5.4449653
5.3112423
5.1757156
5.0628694
4.862669
24.645723
24.486567
24.324852
24.160435
23.993289
23.823415
23.650822
23.475526
23.297544
23.116898
22.933612
22.747714
22.559233
22.368204
22.174665
21.978655
21.780219
21.579403
21.376259
21.17084
20.963203
20.75341
20.541522
20.327609
20.111739
19.893986
19.674427
19.45314
19.230207
19.005713
18.779747
18.552396
18.323755
18.093917
17.862979
17.63104
17.3982
17.164561
16.930226
16.695299
16.459888
16.224097
15.988036
15.75181
15.515529
15.2793
15.043231
14.807431
14.572006
14.337063
14.102707
13.869044
13.636177
13.404207
13.173235
12.943359
12.714677
12.487282
12.261266
12.03672
11.813731
11.592384
11.372761
11.154941
10.939
10.725011
10.513045
10.303168
10.095445
9.8899356
9.6866973
9.4857839
9.2872462
9.0911313
8.8974832
8.7063424
8.5177462
8.3317287
8.1483205
7.9675493
7.7894393
7.614012
7.4412855
7.271275
7.1039928
6.9394485
6.7776487
6.6185975
6.4622962
6.3087437
6.1579367
6.0098686
5.8645343
5.7219101
5.5820441
5.4446511
5.3109312
5.1754081
5.062565
4.8623705
24.646007
24.486852
24.325136
24.16072
23.993574
23.823699
23.651106
23.47581
23.297828
23.117182
22.933895
22.747995
22.559514
22.368484
22.174943
21.978931
21.780493
21.579676
21.376529
21.171108
20.963468
20.753671
20.541781
20.327864
20.11199
19.894232
19.674668
19.453376
19.230437
19.005938
18.779964
18.552607
18.323959
18.094113
17.863166
17.631218
17.398369
17.16472
16.930374
16.695437
16.460014
16.224212
15.988138
15.7519
15.515606
15.279363
15.043281
14.807467
14.572027
14.33707
14.1027
13.869022
13.63614
13.404155
13.173168
12.943278
12.71458
12.48717
12.26114
12.03658
11.813577
11.592216
11.37258
11.154746
10.938792
10.724791
10.512814
10.302926
10.095192
9.8896721
9.686424
9.4855015
9.2869551
9.0908321
8.8971764
8.7060286
8.517426
8.3314026
8.1479891
7.9672131
7.7890989
7.6136679
7.4409382
7.2709251
7.1036408
6.9390948
6.7772938
6.6182419
6.4619403
6.308388
6.1575816
6.0095146
5.8641817
5.7215593
5.5816956
5.4443051
5.3105881
5.1750682
5.0622278
4.8620388
24.645948
24.48679
24.325072
24.160653
23.993504
23.823627
23.651031
23.475732
23.297748
23.117098
22.933809
22.747906
22.559421
22.368388
22.174844
21.97883
21.780388
21.579567
21.376417
21.170992
20.963349
20.753548
20.541654
20.327732
20.111854
19.894093
19.674524
19.453227
19.230283
19.005779
18.7798
18.552437
18.323783
18.093931
17.862979
17.631024
17.398168
17.164512
16.930159
16.695215
16.459785
16.223975
15.987892
15.751646
15.515343
15.279092
15.043001
14.807177
14.571729
14.336762
14.102383
13.868695
13.635803
13.403809
13.172812
12.942912
12.714205
12.486786
12.260747
12.036178
11.813166
11.591797
11.372152
11.154311
10.938349
10.724341
10.512356
10.302462
10.094722
9.8891964
9.6859431
9.4850158
9.2864651
9.0903383
8.8966793
8.7055286
8.5169237
8.3308984
8.1474836
7.9667067
7.7885922
7.6131612
7.4404321
7.2704199
7.1031371
6.9385931
6.7767945
6.6177453
6.461447
6.3078983
6.1570958
6.0090331
5.8637049
5.7210876
5.5812291
5.4438443
5.3101331
5.1746194
5.0617843
4.8616055
24.646248
24.487089
24.325372
24.160952
23.993803
23.823925
23.651329
23.476029
23.298043
23.117393
22.934102
22.748198
22.559711
22.368677
22.17513
21.979113
21.78067
21.579846
21.376693
21.171264
20.963617
20.753813
20.541914
20.327988
20.112106
19.894339
19.674765
19.453462
19.230513
19.006002
18.780016
18.552647
18.323985
18.094125
17.863165
17.631202
17.398336
17.164671
16.930309
16.695354
16.459914
16.224093
15.988
15.751741
15.515427
15.279163
15.04306
14.807224
14.571762
14.336782
14.102389
13.868688
13.635783
13.403774
13.172764
12.94285
12.714129
12.486696
12.260643
12.03606
11.813035
11.591652
11.371994
11.15414
10.938166
10.724145
10.512149
10.302242
10.094491
9.8889547
9.6856908
9.4847532
9.2861927
9.0900565
8.8963884
8.7052292
8.5166162
8.3305833
8.1471613
7.9663778
7.7882571
7.6128205
7.4400862
7.2700694
7.1027825
6.9382348
6.776433
6.6173812
6.4610807
6.3075303
6.1567267
6.0086632
5.8633347
5.7207175
5.5808596
5.4434757
5.3097657
5.1742536
5.0614198
4.8612442
24.645298
24.486139
24.324421
24.160002
23.992853
23.822975
23.650379
23.475079
23.297094
23.116444
22.933153
22.74725
22.558764
22.36773
22.174185
21.978169
21.779726
21.578904
21.375752
21.170325
20.96268
20.752877
20.54098
20.327057
20.111176
19.893412
19.67384
19.452539
19.229593
19.005084
18.779102
18.551735
18.323076
18.09322
17.862262
17.630302
17.39744
17.163778
16.92942
16.694469
16.459032
16.223215
15.987125
15.750871
15.51456
15.278301
15.042201
14.806369
14.570912
14.335936
14.101548
13.867851
13.63495
13.402946
13.17194
12.942031
12.713315
12.485886
12.259838
12.03526
11.812239
11.590861
11.371208
11.153359
10.93739
10.723374
10.511382
10.301482
10.093735
9.8882046
9.6849462
9.4840143
9.2854595
9.0893292
8.8956673
8.7045143
8.5159076
8.3298813
8.146466
7.9656894
7.7875758
7.6121464
7.4394196
7.2694105
7.1021313
6.9375916
6.7757981
6.6167546
6.4604626
6.306921
6.1561262
6.0080717
5.8627523
5.7201443
5.5802958
5.4429213
5.3092207
5.1737185
5.060893
4.8607331
24.646926
24.487762
24.326038
24.161612
23.994457
23.824572
23.651969
23.476662
23.298669
23.118012
22.934713
22.748801
22.560307
22.369264
22.175709
21.979684
21.781231
21.580398
21.377236
21.171798
20.964142
20.754327
20.542418
20.328482
20.112588
19.89481
19.675224
19.45391
19.230949
19.006425
18.780427
18.553045
18.32437
18.094496
17.863522
17.631545
17.398665
17.164984
16.930607
16.695637
16.46018
16.224342
15.988232
15.751957
15.515625
15.279344
15.043222
14.807367
14.571886
14.336887
14.102475
13.868754
13.635828
13.403799
13.172767
12.942832
12.714089
12.486634
12.260559
12.035953
11.812905
11.591499
11.371818
11.153941
10.937943
10.7239
10.51188
10.301951
10.094176
9.8886175
9.6853315
9.4843723
9.2857906
9.0896336
8.8959456
8.704767
8.5161352
8.3300843
8.1466451
7.9658452
7.787709
7.6122578
7.4395097
7.2694802
7.1021813
6.9376227
6.7758111
6.6167503
6.4604418
6.3068843
6.1560746
6.008006
5.8626732
5.7200526
5.5801921
5.4428063
5.3090952
5.1735828
5.0607487
4.8605749
)
;

boundaryField
{
    inlet
    {
        type            fixedValue;
        value           uniform 750;
    }
    top
    {
        type            zeroGradient;
    }
    outlet
    {
        type            zeroGradient;
    }
    slipsurface
    {
        type            slip;
    }
    bottom
    {
        beta1           0.075;
        blended         false;
        type            omegaWallFunction;
        value           nonuniform List<scalar> 
100
(
99.668428
99.668428
99.668428
99.668428
99.668428
99.668428
99.668428
99.668428
99.668428
99.668428
99.668428
99.668428
99.668428
425.17329
681.4121
848.44814
946.61927
996.85042
1022.6635
1021.7513
1016.28
1006.0567
993.35071
979.75722
965.81463
951.79703
937.96929
924.70808
912.40374
900.91561
890.25827
880.4988
871.68162
863.80508
856.82265
850.65938
845.21714
840.40101
836.1478
832.41026
829.12128
826.19885
823.5699
821.16071
818.94003
816.8115
814.75588
812.74027
810.73219
808.71015
806.65058
804.52519
802.31531
800.01971
797.65092
795.22645
792.76329
790.27888
787.78891
785.30367
782.82825
780.36523
777.91805
775.49259
773.09461
770.72735
768.39395
766.09679
763.83367
761.59867
759.38739
757.1994
755.03593
752.89773
750.78669
748.70485
746.65037
744.61905
742.60818
740.61778
738.64891
736.70331
734.7823
732.88407
731.00501
729.14395
727.30096
725.47744
723.67481
721.89113
720.12349
718.37109
716.63458
714.91308
713.20866
711.50499
709.83567
708.06714
706.5673
703.81875
)
;
    }
    frontandback
    {
        type            empty;
    }
}


// ************************************************************************* //
