/*--------------------------------*- C++ -*----------------------------------*\
  =========                 |
  \\      /  F ield         | OpenFOAM: The Open Source CFD Toolbox
   \\    /   O peration     | Website:  https://openfoam.org
    \\  /    A nd           | Version:  12
     \\/     M anipulation  |
\*---------------------------------------------------------------------------*/
FoamFile
{
    format      ascii;
    class       volScalarField;
    location    "100";
    object      p;
}
// * * * * * * * * * * * * * * * * * * * * * * * * * * * * * * * * * * * * * //

dimensions      [0 2 -2 0 0 0 0];

internalField   nonuniform List<scalar> 
7480
(
0.0053215121
0.0052824249
0.0051741696
0.0051412465
0.0051587152
0.0051934969
0.0052409996
0.0053059645
0.0053947283
0.0055139005
0.0056841569
0.0059230695
0.0063913629
0.0068185113
0.0067629065
0.0063249088
0.0058504912
0.0054843945
0.0051769084
0.0048966342
0.0046462036
0.0044301714
0.0042502355
0.0040853689
0.00392212
0.0037630386
0.0036110555
0.0034792779
0.0033654977
0.0032569349
0.0031575673
0.0030711186
0.0029968317
0.0029335176
0.0028793168
0.002832177
0.0027903892
0.002754014
0.0027219426
0.0026916248
0.002662685
0.0026353367
0.0026097742
0.0025846951
0.00255835
0.0025305584
0.0025017703
0.0024731284
0.0024439913
0.0024131976
0.0023801168
0.0023443134
0.0023075167
0.0022701468
0.0022309693
0.0021902276
0.0021489792
0.002108992
0.0020695986
0.0020287136
0.0019868741
0.0019451334
0.0019044379
0.0018636517
0.0018216032
0.0017794043
0.0017383593
0.0016974497
0.0016551601
0.0016122269
0.0015697061
0.0015268237
0.0014827272
0.001438213
0.0013939184
0.0013492376
0.0013033347
0.0012569884
0.0012102725
0.0011625928
0.0011140657
0.0010653842
0.001016057
0.00096544256
0.00091448673
0.00086284174
0.00080988567
0.00075678464
0.00070306236
0.00064817894
0.00059315896
0.00053767422
0.00048199353
0.00042661183
0.00037303482
0.0003190078
0.00028094127
0.00022239775
0.00036072083
-0.00024316621
0.0052590327
0.0052203504
0.0051477699
0.0051259492
0.005146846
0.0051854239
0.0052351585
0.0053011741
0.0053903553
0.0055095414
0.0056783246
0.0059140931
0.0063418636
0.0067164739
0.0066601909
0.0062968772
0.0058791439
0.0055377802
0.005242279
0.0049657358
0.0047165576
0.0044966623
0.0043030175
0.0041239942
0.0039545882
0.0037937441
0.0036436706
0.003511352
0.0033941359
0.0032841742
0.0031841004
0.0030969336
0.0030217475
0.0029571935
0.0029014967
0.002852736
0.0028092921
0.0027714173
0.0027381292
0.0027067581
0.0026767135
0.0026482066
0.0026215692
0.0025955783
0.0025683325
0.0025396537
0.0025101102
0.0024808079
0.0024510804
0.0024197586
0.0023862482
0.0023500921
0.0023129741
0.00227531
0.0022358639
0.0021948838
0.0021534238
0.0021132636
0.0020737151
0.0020326654
0.0019906575
0.0019487518
0.0019078987
0.001866956
0.0018247525
0.0017824046
0.0017412181
0.001700172
0.0016577504
0.0016146925
0.0015720542
0.0015290592
0.001484855
0.001440239
0.0013958474
0.0013510733
0.0013050817
0.0012586523
0.0012118577
0.0011641032
0.001115505
0.0010667559
0.0010173635
0.00096668724
0.00091567355
0.00086397347
0.00081096507
0.0007578145
0.00070404451
0.0006491159
0.00059405359
0.00053852856
0.00048280985
0.00042739175
0.0003737818
0.00031972188
0.00028161483
0.00022310423
0.00036154693
-0.00024257568
0.0052173197
0.0052031947
0.0051578786
0.0051365678
0.005153449
0.0051909963
0.0052397999
0.0053044828
0.0053921032
0.0055095148
0.0056741105
0.0059028754
0.0062700885
0.006585239
0.0065470857
0.0062284005
0.0058342041
0.0054951034
0.0052011898
0.0049291085
0.0046840287
0.0044674049
0.0042764544
0.0041040006
0.00394308
0.0037900825
0.0036476685
0.003519039
0.00340313
0.0032964398
0.0031989418
0.0031127615
0.0030381397
0.0029738062
0.00291802
0.0028689717
0.0028252435
0.0027867182
0.0027523194
0.0027200105
0.0026891419
0.0026597487
0.0026322879
0.0026056981
0.0025779672
0.0025487469
0.0025186129
0.0024887368
0.002458539
0.0024265116
0.0023922246
0.0023556048
0.0023181736
0.0022802643
0.0022405893
0.0021994036
0.0021577664
0.0021174643
0.002077779
0.0020365779
0.0019944114
0.0019523558
0.0019113683
0.001870291
0.0018279499
0.0017854709
0.0017441647
0.0017030022
0.0016604603
0.0016172856
0.001574537
0.001531435
0.0014871272
0.0014424137
0.0013979297
0.001353066
0.0013069868
0.0012604751
0.001213602
0.001165772
0.0011171021
0.001068285
0.0010188261
0.00096808576
0.00091701229
0.00086525482
0.0008121915
0.00075898928
0.0007051688
0.00065019176
0.00059508419
0.00053951581
0.0004837561
0.00042829843
0.00037465228
0.0003205542
0.00028241936
0.00022399837
0.00036245782
-0.00024184513
0.0051841924
0.0051833281
0.0051481863
0.0051286189
0.0051446288
0.0051823824
0.0052318365
0.0052966415
0.0053837544
0.0054999273
0.0056599844
0.0058788173
0.0061950342
0.0064684862
0.006449972
0.0061686968
0.0058009451
0.005474271
0.0051915159
0.0049302143
0.0046916813
0.0044785571
0.0042885526
0.0041167138
0.003955235
0.0038010224
0.0036568094
0.0035256963
0.0034082394
0.0033014716
0.0032037009
0.0031167977
0.0030419388
0.0029779316
0.0029229394
0.0028751468
0.002833058
0.0027954179
0.002761136
0.0027292697
0.0026990092
0.0026699021
0.0026417757
0.0026140477
0.0025856697
0.0025560337
0.0025254497
0.0024951421
0.0024646398
0.0024321449
0.0023973246
0.0023604022
0.0023227672
0.0022847664
0.0022450118
0.0022037218
0.0021619421
0.002121374
0.0020814228
0.002040079
0.0019978042
0.0019556552
0.001914588
0.0018734206
0.0018309758
0.0017884
0.0017470034
0.0017057378
0.0016630845
0.001619803
0.0015769562
0.0015337584
0.0014893563
0.0014445538
0.0013999871
0.0013550426
0.0013088809
0.0012622908
0.0012153427
0.0011674399
0.0011187006
0.0010698185
0.0010202957
0.00096949237
0.00091836067
0.00086654691
0.00081342919
0.00076017616
0.00070630553
0.00065127999
0.00059612741
0.00054051568
0.00048471461
0.00042921693
0.00037553314
0.00032139587
0.00028323519
0.00022478456
0.0003633114
-0.00024115281
0.005153451
0.0051605636
0.005136377
0.0051239299
0.0051419774
0.0051804249
0.0052304151
0.0052949353
0.0053808024
0.0054945564
0.0056486344
0.0058536225
0.0061291411
0.0063655714
0.0063569665
0.0061063062
0.0057644137
0.0054510563
0.0051775625
0.0049238259
0.004689322
0.004477816
0.0042881043
0.004116328
0.0039552589
0.003802233
0.0036594758
0.003529716
0.0034133977
0.0033074707
0.0032101212
0.0031232245
0.0030480317
0.0029833866
0.0029275391
0.0028788474
0.0028358607
0.0027971567
0.0027621537
0.0027303515
0.0027007681
0.0026727622
0.0026455546
0.0026183545
0.0025905966
0.0025617821
0.0025319136
0.0025013545
0.002469911
0.002436916
0.0024019107
0.0023648493
0.0023270547
0.0022889615
0.0022491766
0.00220781
0.0021658403
0.0021249584
0.002084804
0.0020434069
0.0020010791
0.0019588544
0.0019177183
0.0018764911
0.0018339776
0.0017913463
0.0017498423
0.0017084111
0.0016656309
0.0016222675
0.0015793542
0.0015360864
0.0014916093
0.0014467355
0.0014020995
0.0013570778
0.0013108346
0.001264169
0.0012171485
0.001169175
0.0011203677
0.0010714233
0.0010218387
0.0009709719
0.00091978096
0.0008679094
0.0008147354
0.00076143074
0.00070750907
0.0006524332
0.00059723385
0.00054157675
0.00048573212
0.00043019244
0.00037646792
0.00032228953
0.00028409465
0.00022555957
0.00036415857
-0.00024036618
0.0051249427
0.0051382105
0.0051246049
0.0051187539
0.0051375731
0.0051751971
0.0052246481
0.005288267
0.0053723721
0.0054830734
0.0056302799
0.0058211314
0.0060623915
0.0062654015
0.0062622542
0.0060402342
0.0057248248
0.0054259401
0.005161751
0.0049158428
0.0046866242
0.0044781922
0.0042901751
0.0041196302
0.0039599656
0.0038086305
0.0036673197
0.0035383858
0.0034222026
0.0033161749
0.0032187666
0.0031316223
0.0030559007
0.0029905741
0.0029339861
0.0028845497
0.0028407989
0.0028013792
0.0027657258
0.0027332137
0.0027028124
0.0026739474
0.0026460018
0.0026182843
0.0025903267
0.0025618559
0.0025328131
0.0025029571
0.0024719908
0.0024397066
0.0024056117
0.0023694441
0.0023317316
0.002292923
0.0022527113
0.0022112211
0.0021691558
0.0021282224
0.002088096
0.0020467308
0.002004323
0.0019619307
0.0019206916
0.001879454
0.0018369165
0.0017942274
0.0017525909
0.0017110012
0.0016681195
0.0016247065
0.001581753
0.0015384311
0.0014938928
0.0014489708
0.0014042587
0.0013591227
0.0013127889
0.0012660639
0.0012189889
0.0011709592
0.0011220957
0.001073096
0.0010234488
0.000972519
0.00092127016
0.00086934182
0.00081611201
0.00076275751
0.00070878558
0.00065365817
0.00059841048
0.00054270626
0.00048681658
0.00043123378
0.00037746574
0.00032324436
0.00028500589
0.00022638157
0.00036499912
-0.00023940903
0.0050984885
0.0051164597
0.0051118021
0.0051117043
0.0051315022
0.0051687748
0.0052181963
0.0052813773
0.0053638969
0.0054713026
0.0056112609
0.0057879737
0.0059994857
0.0061729873
0.0061725956
0.0059763256
0.0056860835
0.0054014988
0.0051461589
0.0049077073
0.0046838006
0.004478362
0.0042920207
0.0041223529
0.0039637119
0.0038136021
0.0036733083
0.0035449065
0.0034288004
0.0033228549
0.0032256708
0.0031385513
0.0030625516
0.0029967964
0.0029397106
0.0028897453
0.0028454754
0.0028056134
0.0027695122
0.0027365179
0.002705666
0.0026763752
0.002648033
0.0026199322
0.0025915611
0.0025626119
0.0025329988
0.0025026413
0.0024714176
0.0024391223
0.0024054026
0.0023700683
0.0023330582
0.0022945434
0.0022548593
0.0022141922
0.0021728978
0.0021319566
0.0020911469
0.0020494319
0.0020069441
0.00196454
0.0019233685
0.001882182
0.001839652
0.0017968427
0.001755092
0.0017134897
0.0016705978
0.0016271324
0.0015841071
0.0015407257
0.0014961344
0.0014511754
0.0014063879
0.0013611398
0.0013147272
0.0012679623
0.0012208499
0.0011727767
0.0011238711
0.0010748013
0.0010250651
0.00097407506
0.00092278102
0.00087080766
0.00081753164
0.00076413179
0.00071010791
0.0006549299
0.00059963501
0.00054388444
0.00048795079
0.00043232566
0.0003785123
0.00032424672
0.00028595637
0.00022724135
0.00036580074
-0.00023826043
0.0050737517
0.0050952457
0.0050980224
0.0051032315
0.0051244348
0.0051615694
0.0052107756
0.0052731483
0.0053535353
0.0054569038
0.0055889968
0.0057515034
0.005936888
0.0060846135
0.0060849573
0.0059112553
0.0056447315
0.0053745934
0.0051282344
0.0048972916
0.0046789847
0.0044770452
0.0042928017
0.0041243621
0.0039670138
0.0038183493
0.0036793099
0.0035517127
0.0034359703
0.0033303051
0.0032334176
0.0031463335
0.0030700354
0.0030037968
0.0029461324
0.0028955453
0.0028506621
0.002810241
0.0027735874
0.0027400571
0.0027087393
0.0026790231
0.0026502955
0.0026218507
0.002593179
0.0025639739
0.0025341408
0.002503601
0.0024721845
0.0024396264
0.0024055709
0.0023698501
0.002332497
0.0022938703
0.0022544212
0.0022143713
0.0021740785
0.0021336225
0.0020928068
0.0020515218
0.002009669
0.0019677136
0.0019262173
0.0018843694
0.0018417087
0.0017989247
0.0017572842
0.0017157736
0.0016729234
0.0016293674
0.0015862573
0.0015428784
0.0014982798
0.0014532694
0.0014084122
0.0013631154
0.001316663
0.0012698623
0.0012227052
0.0011745838
0.0011256401
0.0010765031
0.0010266829
0.00097564043
0.00092431344
0.00087230638
0.00081899426
0.00076553315
0.00071143672
0.00065621413
0.00060088152
0.00054509301
0.00048911961
0.00043345127
0.0003795913
0.00032528232
0.00028693327
0.00022812237
0.00036653233
-0.00023689989
0.0050504325
0.0050745665
0.00508348
0.0050934996
0.0051162639
0.0051532714
0.0052020346
0.0052633727
0.0053414078
0.0054404502
0.0055645631
0.0057133463
0.0058759034
0.0060013316
0.006001056
0.0058469655
0.0056027298
0.0053471394
0.0051098856
0.0048863776
0.0046738071
0.0044756114
0.0042936459
0.0041265775
0.0039705372
0.0038232643
0.0036854186
0.0035585789
0.0034431616
0.003337699
0.003241013
0.0031539121
0.0030773011
0.0030105779
0.0029523464
0.0029011603
0.0028556897
0.002814732
0.0027775595
0.0027435262
0.002711755
0.0026816105
0.0026524846
0.0026236957
0.0025947402
0.0025653115
0.0025352995
0.0025046046
0.0024730403
0.0024403469
0.0024061921
0.0023704113
0.0023330371
0.0022943917
0.0022548326
0.0022145624
0.0021739906
0.0021331918
0.002092354
0.0020515629
0.0020105525
0.0019693909
0.0019279385
0.0018860557
0.0018438364
0.001801532
0.0017597261
0.0017175964
0.0016745921
0.0016310881
0.0015881121
0.0015448258
0.0015002589
0.0014551743
0.0014102727
0.0013650037
0.0013185447
0.0012716941
0.0012244854
0.0011763236
0.0011273464
0.0010781687
0.0010283031
0.00097721915
0.00092586103
0.00087381726
0.00082046738
0.00076694467
0.00071278104
0.00065751976
0.00060215711
0.00054633945
0.00049031752
0.00043458919
0.00038068129
0.00032633623
0.00028792672
0.00022901383
0.00036716263
-0.00023529876
0.0050282578
0.0050543751
0.0050682964
0.0050825583
0.0051069136
0.0051438316
0.0051920196
0.0052521594
0.0053276488
0.0054220809
0.0055380919
0.0056736333
0.0058160014
0.0059220257
0.0059201491
0.0057828969
0.0055593865
0.0053182501
0.0050901802
0.0048740235
0.0046672919
0.0044730755
0.0042936159
0.0041281349
0.0039735144
0.0038276925
0.0036911038
0.0035651097
0.0034501251
0.0033449506
0.0032485326
0.0031614947
0.0030846513
0.0030175032
0.0029587459
0.002906986
0.0028609371
0.0028194375
0.0027817364
0.0027471836
0.0027149357
0.0026843442
0.0026548074
0.002625666
0.0025964169
0.0025667465
0.0025365255
0.0025056431
0.0024739148
0.0024410892
0.0024068504
0.0023710356
0.002333667
0.0022950345
0.0022554745
0.0022152067
0.0021746084
0.0021337717
0.0020928794
0.0020519254
0.0020106713
0.0019691987
0.0019275584
0.0018860591
0.0018446688
0.0018031554
0.0017613855
0.0017191149
0.0016763929
0.0016332709
0.0015901181
0.0015462957
0.0015016488
0.001456667
0.0014119066
0.0013667093
0.0013202531
0.0012733607
0.0012261551
0.0011779982
0.0011289871
0.0010797673
0.0010298772
0.00097876638
0.00092737624
0.00087529067
0.00082190205
0.00076834752
0.00071414815
0.00065884884
0.00060345477
0.00054760664
0.00049153238
0.00043574559
0.00038179264
0.00032741764
0.00028894301
0.00022990867
0.0003676494
-0.00023342583
0.0050069984
0.0050346007
0.0050525606
0.0050704809
0.005096381
0.0051332409
0.0051807297
0.0052394809
0.005312216
0.0054018064
0.005509708
0.0056326341
0.0057571275
0.0058463425
0.0058423542
0.0057195361
0.005515198
0.005288332
0.0050695526
0.0048607112
0.0046599076
0.0044698928
0.0042931708
0.0041294871
0.003976396
0.0038320718
0.0036967768
0.0035716773
0.0034571827
0.0033523256
0.0032561756
0.0031692033
0.003092132
0.0030245523
0.0029652552
0.0029129046
0.0028662592
0.0028241978
0.002785953
0.0027508704
0.0027181371
0.0026870953
0.0026571469
0.0026276507
0.0025981044
0.0025681884
0.0025377572
0.0025066919
0.0024748076
0.0024418546
0.0024075288
0.0023716665
0.0023342859
0.0022956579
0.0022561129
0.0022158762
0.0021753031
0.0021344922
0.0020935969
0.0020526031
0.002011299
0.0019697589
0.0019280535
0.00188644
0.0018448542
0.0018030524
0.0017610871
0.0017192287
0.0016772835
0.0016348364
0.0015916895
0.0015477054
0.0015032849
0.0014585266
0.0014134995
0.0013678951
0.001321468
0.0012747197
0.0012276255
0.0011795101
0.0011304751
0.0010812495
0.0010313836
0.00098025788
0.00092882795
0.00087671475
0.00082329997
0.00076972231
0.00071549379
0.00066016148
0.00060473878
0.00054885599
0.00049274316
0.00043692364
0.00038292924
0.00032852179
0.00028996664
0.00023080385
0.0003679737
-0.00023123132
0.0049864607
0.0050151583
0.0050363341
0.0050573407
0.0050846692
0.0051214713
0.0051681401
0.005225316
0.0052951199
0.0053797254
0.0054796227
0.0055906392
0.0056992633
0.0057739093
0.0057675489
0.0056570219
0.0054702496
0.0052573068
0.0050478666
0.0048462912
0.0046514548
0.0044658209
0.0042920491
0.0041303594
0.0039789109
0.0038361371
0.0037021778
0.0035780272
0.0034640877
0.0033595917
0.0032637293
0.0031768482
0.0030995826
0.0030315995
0.0029717854
0.0029188637
0.0028716373
0.0028290234
0.0027902434
0.0027546382
0.002721422
0.0026899312
0.0026595702
0.0026297151
0.0025998659
0.0025696979
0.002539051
0.0025077975
0.0024757506
0.0024426633
0.0024082434
0.0023723293
0.0023349361
0.0022963164
0.0022567883
0.002216575
0.00217601
0.0021352015
0.0020942922
0.0020532814
0.0020119837
0.0019704591
0.0019287641
0.0018871172
0.0018454546
0.0018035589
0.0017615
0.0017195256
0.001677377
0.0016346999
0.00159153
0.0015481143
0.0015043926
0.0014600506
0.0014149478
0.001369213
0.0013229865
0.0012761915
0.0012287764
0.0011805613
0.0011316302
0.0010825322
0.0010327261
0.00098159561
0.00093015887
0.00087807682
0.0008246538
0.00077104255
0.00071679442
0.00066144325
0.00060599479
0.00055007764
0.00049393635
0.00043809488
0.00038405894
0.00032961852
0.00029096728
0.00023168773
0.00036810867
-0.00022866381
0.0049664771
0.0049959567
0.0050196543
0.0050432029
0.0050717883
0.0051085017
0.005154239
0.0052096702
0.0052763971
0.005355942
0.0054480145
0.0055478563
0.0056423572
0.0057043666
0.0056955655
0.0055954814
0.0054247032
0.0052252409
0.0050251691
0.0048308397
0.0046420078
0.004460924
0.0042903164
0.0041308211
0.003981141
0.0038399814
0.0037074052
0.0035842597
0.0034709394
0.0033668494
0.0032712956
0.0031845294
0.0031071
0.0030387377
0.0029784228
0.0029249399
0.0028771363
0.0028339661
0.002794645
0.0027585102
0.0027248003
0.0026928499
0.0026620661
0.0026318412
0.0026016787
0.0025712491
0.0025403785
0.0025089302
0.0024767157
0.002443491
0.0024089754
0.0023730087
0.0023356021
0.0022969898
0.0022574763
0.0022172842
0.002176728
0.0021359261
0.0020950116
0.0020539892
0.0020126888
0.0019711567
0.001929451
0.0018877799
0.0018461005
0.0018042112
0.0017621532
0.0017201282
0.0016778832
0.0016351017
0.0015918281
0.0015483066
0.0015043802
0.001459922
0.0014151078
0.0013699796
0.0013242773
0.001277592
0.0012300277
0.0011818356
0.0011329576
0.0010836505
0.0010336476
0.00098259384
0.00093129379
0.00087928136
0.00082586516
0.00077224971
0.00071803262
0.00066267816
0.0006071999
0.00055126411
0.0004951052
0.00043924014
0.00038516333
0.0003306962
0.00029193858
0.00023253913
0.00036798865
-0.0002256747
0.0049469019
0.0049769049
0.0050025394
0.0050281242
0.0050577566
0.0050943205
0.0051390224
0.0051925586
0.0052560915
0.0053305566
0.0054150451
0.0055044607
0.0055863782
0.005637423
0.0056262462
0.0055350319
0.0053787339
0.0051922146
0.0050014899
0.0048143857
0.0046315719
0.0044551716
0.0042879183
0.0041308014
0.0039830115
0.00384353
0.0037123836
0.0035902983
0.0034776605
0.0033740239
0.0032788044
0.0031921794
0.0031146192
0.0030459054
0.0029851091
0.0029310783
0.0028827045
0.0028389781
0.0027991141
0.0027624474
0.0027282387
0.0026958242
0.0026646137
0.0026340145
0.0026035343
0.0025728388
0.0025417413
0.0025100958
0.0024777121
0.0024443491
0.0024097364
0.0023737153
0.0023362931
0.0022976863
0.0022581867
0.0022180152
0.0021774692
0.0021366743
0.0020957541
0.0020547174
0.00201341
0.0019718705
0.0019301601
0.0018884731
0.0018467737
0.0018048688
0.0017627881
0.0017207217
0.0016784518
0.0016356713
0.0015923927
0.0015488132
0.001504786
0.0014602195
0.0014152994
0.0013700149
0.0013241904
0.0012776994
0.0012306346
0.0011829255
0.0011342968
0.0010848619
0.0010347339
0.00098376723
0.00093233235
0.00088010019
0.00082675306
0.00077327087
0.00071911998
0.00066377765
0.00060830335
0.00055239675
0.0004962309
0.00044033784
0.00038623077
0.0003317449
0.00029287201
0.00023333987
0.00036755102
-0.00022219181
0.0049276067
0.004957915
0.0049849926
0.0050121515
0.0050425976
0.0050789252
0.0051224936
0.005174005
0.005234257
0.0053036736
0.0053808683
0.005460604
0.0055313032
0.005572828
0.0055594212
0.0054757485
0.005332495
0.0051583049
0.0049768515
0.0047969503
0.0046201568
0.0044485503
0.0042848287
0.0041302703
0.0039844999
0.0038467717
0.0037171109
0.0035961467
0.0034842581
0.0033811266
0.0032862715
0.0031998156
0.0031221577
0.0030531208
0.002991863
0.0029372974
0.0028883605
0.0028440785
0.0028036701
0.0027664692
0.0027317572
0.0026988739
0.0026672324
0.0026362535
0.0026054498
0.0025744824
0.0025431524
0.0025113048
0.0024787476
0.0024452426
0.0024105289
0.0023744499
0.0023370086
0.0022984052
0.0022589182
0.0022187662
0.0021782301
0.0021374409
0.0020965145
0.0020554635
0.00201415
0.0019726053
0.0019308912
0.001889187
0.0018474631
0.0018055395
0.0017634398
0.0017213408
0.0016790418
0.0016362418
0.0015929418
0.0015493339
0.0015052997
0.0014607356
0.0014157818
0.0013704116
0.0013244713
0.0012778728
0.0012306748
0.0011828686
0.0011344421
0.0010854106
0.0010356963
0.00098503225
0.00093347207
0.00088104176
0.00082777702
0.00077420288
0.00071986045
0.00066458865
0.00060924081
0.0005533895
0.00049723328
0.00044134667
0.00038724108
0.00033274181
0.00029375147
0.00023407245
0.0003667345
-0.00021813024
0.0049084787
0.0049389041
0.0049670064
0.004995323
0.0050263385
0.005062322
0.0051046632
0.0051540423
0.0052109567
0.0052753992
0.005345627
0.0054164139
0.0054771104
0.0055103635
0.0054949195
0.0054176769
0.0052861307
0.0051236026
0.0049512902
0.004778563
0.004607783
0.0044410583
0.0042810282
0.0041291992
0.0039855772
0.0038496812
0.0037215636
0.0036017801
0.0034907049
0.0033881295
0.0032936696
0.0032074108
0.0031296879
0.0030603577
0.0029986606
0.0029435758
0.0028940855
0.0028492514
0.0028082993
0.0027705642
0.0027353459
0.0027019905
0.0026699143
0.0026385508
0.0026074177
0.0025761722
0.0025446041
0.0025125497
0.0024798149
0.0024461647
0.0024113473
0.0023752077
0.0023377452
0.0022991438
0.0022596688
0.0022195356
0.0021790097
0.0021382261
0.0020972942
0.00205623
0.0020149106
0.0019733605
0.0019316415
0.0018899189
0.0018481703
0.0018062293
0.0017641125
0.0017219803
0.0016796473
0.0016368245
0.0015935069
0.0015498763
0.0015058249
0.0014612448
0.0014162647
0.0013708766
0.0013249291
0.0012783095
0.0012310449
0.0011831332
0.0011345982
0.001085429
0.0010356611
0.00098524464
0.00093402728
0.00088194966
0.00082896065
0.00077524665
0.00072069147
0.00066548171
0.00061006396
0.000554067
0.00049798673
0.00044220389
0.00038811639
0.00033362657
0.00029454922
0.00023470695
0.00036546322
-0.00021339278
0.0048894176
0.0049197953
0.0049485662
0.0049776687
0.0050090092
0.0050445257
0.00508555
0.0051327113
0.0051862607
0.0052458398
0.0053094534
0.0053719991
0.0054237785
0.0054498413
0.0054325758
0.0053608398
0.0052397718
0.0050882046
0.0049248484
0.0047592524
0.0045944698
0.0044326934
0.004276496
0.0041275561
0.0039862104
0.0038522297
0.0037257165
0.0036071757
0.0034969793
0.003395014
0.0033009849
0.0032149542
0.003137202
0.0030676113
0.0030055002
0.0029499145
0.0028998826
0.0028545013
0.0028130072
0.0027747378
0.0027390104
0.0027051788
0.0026726635
0.0026409098
0.0026094411
0.0025779113
0.0025460994
0.0025138334
0.0024809174
0.0024471192
0.0024121953
0.0023759929
0.0023385068
0.002299906
0.0022604421
0.0022203267
0.0021798109
0.0021390326
0.0020980955
0.0020570184
0.0020156923
0.0019741362
0.0019324113
0.0018906704
0.0018488977
0.0018069389
0.0017648038
0.0017226369
0.0016802692
0.0016374246
0.0015940911
0.0015504366
0.0015063633
0.0014617663
0.0014167645
0.0013713547
0.0013253868
0.0012787475
0.00123147
0.0011835528
0.0011349945
0.0010857634
0.0010358951
0.00098536397
0.00093400912
0.00088195848
0.00082926392
0.00077585428
0.00072158926
0.00066655877
0.0006109689
0.00055480104
0.00049875715
0.00044290381
0.00038871963
0.00033431927
0.00029520156
0.0002351662
0.00036362991
-0.00020787157
0.0048703345
0.004900518
0.0049296533
0.0049592125
0.0049906406
0.0050255583
0.0050651807
0.0051100597
0.0051602447
0.005215101
0.0052724694
0.0053274521
0.0053712869
0.0053910978
0.0053722331
0.0053052393
0.0051935335
0.0050522105
0.0048975746
0.0047390483
0.0045802384
0.004423458
0.0042712154
0.0041253133
0.0039863698
0.0038543912
0.0037295475
0.0036123129
0.0035030613
0.0034017617
0.0033082017
0.003222432
0.0031446863
0.0030748691
0.0030123706
0.0029563032
0.0029057423
0.0028598198
0.0028177859
0.0027789827
0.0027427441
0.0027084331
0.0026754753
0.0026433271
0.0026115176
0.0025796979
0.0025476374
0.0025151558
0.0024820553
0.0024481066
0.0024130737
0.0023768059
0.0023392936
0.0023006914
0.0022612375
0.0022211387
0.0021806329
0.0021398594
0.0020989171
0.0020578272
0.0020164939
0.0019749317
0.0019332005
0.0018914418
0.0018496449
0.0018076674
0.001765513
0.0017233118
0.0016809094
0.0016380428
0.0015946922
0.0015510126
0.0015069169
0.0014623042
0.0014172814
0.001371847
0.0013258563
0.0012791994
0.0012319062
0.0011839734
0.001135397
0.0010861556
0.0010362768
0.00098571131
0.00093429434
0.00088215113
0.00082933418
0.00077581402
0.00072168534
0.00066695826
0.00061161969
0.00055569582
0.00049971106
0.00044366029
0.00038936293
0.00033496727
0.00029562977
0.00023535468
0.00036109078
-0.00020147703
0.0048511503
0.0048810084
0.004910247
0.0049399731
0.0049712644
0.0050054489
0.0050435896
0.0050861417
0.0051329887
0.005183287
0.0052347877
0.0052828519
0.0053196143
0.0053339902
0.0053137444
0.0052508618
0.0051475146
0.00501572
0.0048695237
0.0047179831
0.0045651116
0.0044133578
0.0042651738
0.0041224456
0.0039860264
0.0038561387
0.0037330324
0.003617169
0.0035089282
0.0034083513
0.0033153016
0.0032298275
0.0031521256
0.0030821176
0.0030192606
0.0029627329
0.0029116578
0.0028652023
0.0028226326
0.0027832978
0.0027465474
0.002711755
0.002678352
0.0026458052
0.0026136499
0.002581535
0.0025492209
0.0025165194
0.0024832307
0.0024491284
0.0024139834
0.0023776473
0.002340106
0.0023015004
0.002262055
0.0022219716
0.0021814755
0.0021407064
0.0020997592
0.002058657
0.0020173163
0.0019757478
0.0019340102
0.0018922336
0.0018504126
0.0018084158
0.0017662415
0.0017240061
0.0016815688
0.001638679
0.0015953105
0.0015516054
0.0015074872
0.0014628581
0.0014178133
0.0013723534
0.0013263403
0.0012796662
0.0012323556
0.0011844054
0.0011358121
0.0010865559
0.001036658
0.00098607232
0.00093465125
0.000882497
0.00082963754
0.00077604612
0.00072182468
0.00066696265
0.00061160032
0.00055592377
0.00050021723
0.00044435506
0.00039018866
0.00033570858
0.00029606023
0.00023552658
0.0003577516
-0.00019414257
0.0048317951
0.0048612093
0.0048903266
0.0049199658
0.0049509126
0.004984232
0.0050208181
0.0050610167
0.0051045753
0.0051504995
0.0051965116
0.005238266
0.0052687393
0.0052783926
0.0052569734
0.0051976814
0.005101798
0.0049788306
0.0048407555
0.0046960923
0.004549114
0.0044024017
0.0042583615
0.0041189301
0.0039851522
0.0038574453
0.0037361468
0.0036217208
0.0035145574
0.0034147616
0.003322266
0.0032371247
0.0031595051
0.0030893437
0.0030261593
0.0029691948
0.0029176221
0.0028706435
0.0028275435
0.0027876801
0.002750418
0.0027151426
0.002681292
0.0026483428
0.0026158369
0.0025834214
0.0025508486
0.0025179229
0.0024844425
0.0024501837
0.0024149239
0.0023785168
0.0023409438
0.0023023329
0.0022628949
0.0022228259
0.0021823394
0.0021415745
0.0021006226
0.0020595086
0.0020181603
0.0019765855
0.0019348409
0.0018930466
0.0018512012
0.0018091845
0.0017669896
0.0017247199
0.0016822472
0.0016393335
0.0015959462
0.0015522154
0.0015080741
0.0014634279
0.0014183604
0.0013728746
0.0013268388
0.0012801467
0.001232818
0.0011848506
0.0011362406
0.0010869678
0.0010370503
0.00098644556
0.00093501295
0.00088284196
0.00082996831
0.00077637248
0.00072212876
0.00066721385
0.00061177334
0.00055598992
0.0005001683
0.00044442201
0.00039050506
0.00033621447
0.00029658906
0.00023576572
0.0003537709
-0.00018557826
0.0048122069
0.0048410703
0.0048698726
0.0048992041
0.0049296178
0.0049619469
0.0049969136
0.005034749
0.0050750887
0.0051168371
0.0051577364
0.0051937522
0.0052186402
0.0052241939
0.0052017947
0.005145664
0.0050564515
0.0049416353
0.004811334
0.0046734142
0.0045322718
0.0043906016
0.0042507726
0.0041147469
0.0039837209
0.0038582847
0.003738866
0.0036259449
0.0035199259
0.0034209707
0.0033290756
0.0032443063
0.0031668091
0.0030965333
0.0030330544
0.0029756786
0.0029236266
0.0028761366
0.0028325133
0.0027921255
0.002754353
0.0027185939
0.0026842939
0.0026509393
0.0026180785
0.0025853574
0.0025525213
0.0025193674
0.002485692
0.0024512739
0.0024158967
0.0023794159
0.0023418086
0.0023031902
0.0022637583
0.0022237025
0.0021832252
0.0021424642
0.0021015077
0.0020603823
0.002019026
0.0019774445
0.0019356925
0.0018938805
0.0018520108
0.0018099734
0.0017677572
0.0017254534
0.0016829449
0.0016400063
0.0015965996
0.0015528431
0.0015086781
0.0014640138
0.0014189235
0.0013734114
0.0013273523
0.0012806415
0.0012332941
0.0011853093
0.0011366817
0.0010873918
0.001037455
0.00098683091
0.00093538464
0.00088319763
0.00083030932
0.00077669927
0.00072243671
0.00066751333
0.00061206307
0.00055623915
0.00050034326
0.00044451142
0.00039044326
0.00033613164
0.00029658696
0.00023557737
0.00034914754
-0.00017555346
0.0047923315
0.0048205473
0.0048488679
0.0048777007
0.004907413
0.004938637
0.004971929
0.0050074064
0.005044614
0.005082395
0.0051185494
0.00514936
0.0051692949
0.0051712951
0.0051480939
0.0050947693
0.0050115292
0.0049042215
0.0047813256
0.0046499902
0.004514613
0.0043779719
0.0042424045
0.0041098791
0.0039817082
0.0038586309
0.0037411654
0.0036298172
0.0035250098
0.003426956
0.0033357101
0.0032513543
0.0031740208
0.0031036711
0.0030399329
0.0029821733
0.0029296625
0.0028816747
0.0028375367
0.00279663
0.0027583496
0.002722107
0.0026873565
0.002653594
0.0026203744
0.0025873432
0.0025542393
0.0025208534
0.0024869796
0.0024523995
0.0024169021
0.0023803448
0.0023427004
0.0023040723
0.002264645
0.0022246012
0.0021841328
0.0021433753
0.0021024143
0.0020612778
0.0020199134
0.0019783251
0.0019365653
0.0018947356
0.0018528416
0.001810783
0.001768545
0.001726207
0.0016836625
0.0016406983
0.0015972715
0.0015534888
0.0015092996
0.0014646165
0.0014195029
0.0013739641
0.001327881
0.0012811508
0.0012337845
0.0011857815
0.001137136
0.0010878285
0.001037872
0.00098722766
0.00093576731
0.00088356478
0.00083066054
0.00077703457
0.00072275544
0.00066781907
0.00061235064
0.00055650827
0.00050059977
0.0004447406
0.00039058433
0.00033616974
0.00029619505
0.00023506116
0.00034271323
-0.00016410123
0.0047721217
0.0047996029
0.0048272982
0.0048554684
0.004884332
0.0049143487
0.0049459214
0.0049790598
0.0050132361
0.0050472644
0.0050790306
0.005105132
0.0051206817
0.0051196079
0.0050957664
0.0050449537
0.0049670726
0.0048666695
0.004750798
0.004625865
0.0044961678
0.0043645293
0.0042332579
0.0041043129
0.0039790915
0.0038584591
0.0037430204
0.0036333138
0.0035297854
0.0034326945
0.0033421485
0.0032582499
0.0031811231
0.0031107416
0.0030467809
0.0029886673
0.00293572
0.00288725
0.0028426075
0.0028011887
0.0027624042
0.0027256794
0.0026904781
0.0026563057
0.0026227239
0.0025893785
0.0025560026
0.0025223809
0.0024883056
0.0024535607
0.0024179404
0.0023813039
0.0023436197
0.0023049797
0.0022655555
0.0022255225
0.0021850624
0.0021443082
0.002103343
0.0020621958
0.002020823
0.0019792278
0.0019374598
0.0018956126
0.0018536943
0.0018116139
0.0017693533
0.0017269812
0.0016844004
0.0016414098
0.0015979621
0.0015541531
0.0015099389
0.0014652363
0.001420099
0.001374533
0.0013284252
0.0012816751
0.0012342893
0.0011862676
0.0011376035
0.001088278
0.0010383014
0.00098763629
0.00093616137
0.00088394282
0.00083102183
0.00077738011
0.00072308442
0.00066813279
0.00061264588
0.00055678559
0.0005008558
0.00044497219
0.00039077058
0.00033630949
0.00029583184
0.00023554913
0.00033458617
-0.00015168521
0.0047515368
0.0047782055
0.0048051528
0.0048325212
0.0048604093
0.004889131
0.0049189512
0.0049497818
0.0049810388
0.0050115323
0.0050392535
0.0050611046
0.005072779
0.0050690528
0.0050447174
0.0049961716
0.0049231125
0.004829052
0.0047198188
0.0046010855
0.0044769681
0.004350293
0.0042233366
0.0040980375
0.003975851
0.0038577456
0.0037444067
0.0036364104
0.0035342284
0.0034381625
0.0033483693
0.0032649735
0.0031880978
0.003117728
0.0030535837
0.0029951479
0.0029417886
0.0028928539
0.0028477191
0.0028057965
0.0027665129
0.0027293081
0.0026936565
0.002659073
0.0026251263
0.0025914629
0.002557811
0.00252395
0.0024896703
0.0024547581
0.0024190123
0.0023822938
0.002344567
0.0023059128
0.0022664901
0.0022264666
0.0021860144
0.0021452631
0.0021042938
0.0020631363
0.0020217551
0.0019801527
0.0019383761
0.0018965115
0.0018545689
0.0018124662
0.0017701825
0.0017277762
0.0016851588
0.001642141
0.0015986717
0.0015548361
0.0015105965
0.0014658735
0.001420712
0.0013751183
0.0013289854
0.0012822146
0.0012348088
0.001186768
0.0011380849
0.0010887407
0.0010387434
0.00098805722
0.00093656709
0.00088433202
0.00083139381
0.00077773593
0.00072342282
0.00066845518
0.00061295013
0.00055707076
0.00050111731
0.00044520976
0.00039095728
0.00033643792
0.00029553966
0.00023675061
0.00032583235
-0.00013878647
0.0047305426
0.0047563301
0.0047824251
0.0048088746
0.0048356808
0.0048630347
0.0048910812
0.0049196464
0.0049481047
0.0049752812
0.004999285
0.0050173093
0.0050255658
0.0050195587
0.0049948607
0.0049483772
0.0048796705
0.0047914337
0.0046884542
0.0045757008
0.0044570481
0.0043352845
0.0042126474
0.0040910455
0.003971969
0.0038564681
0.0037453008
0.0036390831
0.0035383144
0.0034433364
0.0033543502
0.003271505
0.0031949263
0.0031246131
0.003060326
0.0030016017
0.0029478569
0.0028984771
0.002852864
0.0028104475
0.0027706711
0.0027329898
0.0026968893
0.0026618943
0.0026275804
0.0025935957
0.0025596643
0.0025255608
0.0024910738
0.0024559918
0.002420118
0.0023833148
0.0023455427
0.0023068719
0.0022674491
0.0022274338
0.0021869889
0.0021462403
0.002105267
0.0020640996
0.0020227098
0.0019811
0.0019393146
0.0018974325
0.0018554658
0.0018133402
0.0017710327
0.0017285924
0.0016859382
0.0016428925
0.0015994008
0.0015555383
0.0015112727
0.0014665285
0.0014213425
0.0013757207
0.0013295619
0.0012827699
0.0012353436
0.0011872829
0.0011385803
0.001089217
0.0010391986
0.00098849075
0.00093698474
0.00088473269
0.00083177674
0.00077810212
0.00072377095
0.00066878674
0.00061326296
0.00055736332
0.0005013855
0.00044545331
0.0003911448
0.00033656915
0.00029528961
0.00023800821
0.00031714396
-0.00012612576
0.0047091109
0.004733957
0.0047591124
0.0047845462
0.0048101832
0.0048361123
0.0048623758
0.0048887278
0.0049145139
0.0049385888
0.0049591862
0.0049737731
0.0049790219
0.0049710611
0.0049461182
0.0049015252
0.0048367605
0.0047538714
0.0046567679
0.0045497612
0.0044364438
0.0043195272
0.0042012
0.0040833326
0.0039674306
0.0038546059
0.0037456797
0.003641308
0.0035420192
0.0034481919
0.0033600684
0.0032778232
0.0032015891
0.003131379
0.0030669914
0.0030080145
0.0029539128
0.0029041097
0.002858034
0.0028151351
0.0027748737
0.0027367207
0.0027001737
0.0026647673
0.0026300848
0.0025957761
0.0025615621
0.0025272131
0.0024925163
0.0024572621
0.0024212578
0.0023843672
0.002346547
0.0023078573
0.0022684326
0.0022284242
0.0021879861
0.0021472399
0.0021062627
0.0020650858
0.0020236874
0.00198207
0.0019402755
0.0018983761
0.0018563852
0.0018142363
0.0017719045
0.0017294302
0.0016867389
0.0016436645
0.0016001498
0.0015562601
0.0015119679
0.0014672017
0.0014219907
0.0013763403
0.0013301551
0.0012833412
0.0012358938
0.0011878129
0.0011390901
0.001089707
0.0010396671
0.00098893714
0.00093741458
0.00088514507
0.00083217084
0.00077847889
0.00072412907
0.00066912762
0.0006135844
0.00055766358
0.00050166036
0.00044570167
0.00039133472
0.0003367008
0.00029505797
0.00023910361
0.00030873667
-0.00011391893
0.0046872192
0.0047110725
0.0047352162
0.004759556
0.0047839545
0.0048084169
0.0048329002
0.0048570999
0.0048803444
0.0049015286
0.004919013
0.0049305193
0.0049331278
0.004923502
0.004898419
0.0048555713
0.00479439
0.0047164144
0.0046248207
0.0045233179
0.0044151928
0.0043030466
0.0041890067
0.0040748973
0.0039622235
0.0038521402
0.0037455216
0.0036430618
0.0035453186
0.0034527048
0.0033655008
0.0032839068
0.0032080661
0.0031380068
0.0030735629
0.0030143713
0.0029599435
0.0029097407
0.0028632202
0.0028198522
0.0027791152
0.0027404964
0.0027035062
0.0026676898
0.0026326379
0.0025980029
0.0025635037
0.0025289066
0.0024939975
0.0024585689
0.0024224318
0.0023854513
0.0023475803
0.0023088693
0.002269441
0.0022294381
0.0021890061
0.002148262
0.002107281
0.002066095
0.002024688
0.0019830629
0.0019412589
0.0018993423
0.0018573274
0.0018151547
0.0017727981
0.0017302897
0.0016875614
0.0016444575
0.0016009189
0.0015570017
0.0015126825
0.0014678935
0.001422657
0.0013769776
0.0013307654
0.0012839288
0.0012364599
0.001188358
0.0011396146
0.0010902113
0.0010401492
0.00098939673
0.00093785692
0.00088556947
0.00083257639
0.00077886652
0.00072449742
0.00066947801
0.00061391465
0.00055797174
0.00050194181
0.00044595515
0.0003915261
0.00033683905
0.00029483118
0.0002400263
0.00030059152
-0.00010215173
0.0046648506
0.0046876681
0.0047107418
0.0047339262
0.004757034
0.0047800024
0.0048027196
0.0048248351
0.0048456709
0.0048641692
0.0048788161
0.0048875679
0.004887865
0.0048768288
0.0048516989
0.0048104734
0.0047525616
0.0046791048
0.0045926692
0.004496422
0.0043933343
0.0042858703
0.0041760823
0.0040657416
0.0039563384
0.0038490545
0.0037448058
0.0036443219
0.0035481885
0.0034568508
0.003370624
0.0032897336
0.0032143366
0.0031444772
0.0030800227
0.0030206563
0.002965935
0.0029153585
0.0028684132
0.0028245909
0.0027833891
0.0027443119
0.0027068832
0.0026706588
0.0026352375
0.0026002749
0.0025654882
0.0025306407
0.0024955173
0.0024599122
0.0024236401
0.0023865672
0.0023486427
0.002309908
0.0022704743
0.0022304756
0.0021900489
0.0021493067
0.002108322
0.0020671273
0.0020257118
0.0019840787
0.0019422651
0.0019003314
0.0018582926
0.0018160956
0.0017737137
0.0017311714
0.0016884058
0.0016452718
0.0016017086
0.0015577636
0.0015134168
0.0014686043
0.0014233418
0.0013776329
0.0013313931
0.0012845333
0.0012370422
0.0011889189
0.0011401542
0.00109073
0.0010406454
0.00098986982
0.00093831206
0.00088600615
0.00083299365
0.00077926524
0.00072487624
0.00066983808
0.00061425388
0.00055828788
0.00050222994
0.00044621364
0.00039171948
0.00033698203
0.0002945946
0.00024081123
0.00029262816
-9.0798587e-05
0.0046419934
0.0046637404
0.0046856988
0.0047076817
0.004729462
0.004750923
0.0047718984
0.0047920043
0.0048105651
0.0048265749
0.0048386417
0.0048449364
0.0048432159
0.0048309938
0.0048058998
0.0047661912
0.004711274
0.0046419782
0.0045603662
0.0044691237
0.0043709086
0.0042680272
0.0041624441
0.0040558699
0.0039497687
0.0038453341
0.0037435134
0.0036450663
0.0035506057
0.0034606058
0.0033754141
0.0032952813
0.0032203794
0.0031507701
0.0030863522
0.0030268526
0.0029718729
0.0029209507
0.0028736023
0.0028293426
0.0027876886
0.0027481618
0.0027103002
0.002673671
0.0026378812
0.0026025902
0.0025675143
0.0025324146
0.0024970751
0.0024612918
0.0024248826
0.0023877149
0.0023497343
0.0023109735
0.0022715326
0.0022315367
0.0021911147
0.0021503741
0.0021093859
0.0020681828
0.0020267588
0.0019851177
0.0019432941
0.0019013435
0.0018592809
0.0018170594
0.0017746516
0.0017320754
0.0016892725
0.0016461078
0.0016025193
0.0015585461
0.0015141712
0.0014693343
0.0014240454
0.0013783066
0.0013320386
0.0012851549
0.0012376411
0.0011894957
0.0011407092
0.0010912635
0.0010411559
0.00099035673
0.0009387803
0.00088645541
0.00083342289
0.00077967531
0.00072526574
0.00067020804
0.00061460223
0.00055861211
0.00050252476
0.00044647715
0.00039191444
0.00033713116
0.00029435041
0.00024147199
0.00028482504
-7.9861744e-05
0.0046186409
0.0046392908
0.0046601004
0.0046808495
0.0047012799
0.0047212326
0.0047405003
0.0047586763
0.004775095
0.0047888053
0.0047985317
0.0048026398
0.0047991641
0.0047859541
0.0047609688
0.0047226866
0.0046705226
0.0046050643
0.0045279598
0.0044414722
0.0043479567
0.0042495481
0.0041481114
0.0040452896
0.0039425106
0.0038409671
0.0037416267
0.0036452744
0.0035525471
0.003463946
0.0033798475
0.0033005268
0.0032261728
0.003156865
0.0030925324
0.0030329431
0.0029777418
0.002926504
0.0028787765
0.0028340981
0.0027920061
0.0027520399
0.0027137525
0.0026767228
0.0026405663
0.0026049468
0.0025695808
0.0025342275
0.0024986703
0.0024627073
0.0024261592
0.0023888944
0.0023508551
0.0023120658
0.0022726159
0.0022326214
0.0021922033
0.0021514641
0.0021104724
0.0020692615
0.002027829
0.0019861799
0.0019443463
0.0019023787
0.0018602925
0.0018180463
0.0017756122
0.001733002
0.0016901618
0.0016469657
0.0016033511
0.0015593495
0.001514946
0.001470084
0.0014247682
0.0013789991
0.0013327023
0.0012857939
0.0012382569
0.0011900888
0.00114128
0.0010918122
0.001041681
0.00099085775
0.00093926194
0.0008869175
0.00083386438
0.00078009696
0.00072566613
0.00067058808
0.00061495986
0.00055894455
0.00050282634
0.00044674561
0.00039211101
0.00033728646
0.00029411183
0.00024201203
0.0002771725
-6.9357002e-05
0.0045947909
0.004614325
0.0046339631
0.0046534587
0.0046725296
0.0046909849
0.0047085872
0.0047249171
0.004739325
0.0047509158
0.004758524
0.0047606911
0.0047556942
0.0047416708
0.0047168582
0.0046799239
0.0046303006
0.0045683877
0.0044954938
0.0044135147
0.0043245198
0.004230465
0.0041331058
0.0040340107
0.0039345632
0.0038359436
0.0037391301
0.0036449265
0.0035539907
0.0034668478
0.0033839004
0.0033054472
0.0032316946
0.0031627407
0.0030985433
0.0030389094
0.0029835255
0.0029320043
0.0028839236
0.0028388472
0.0027963332
0.0027559396
0.0027172348
0.0026798099
0.0026432895
0.0026073424
0.0025716858
0.002536078
0.0025003022
0.0024641581
0.0024274694
0.0023901054
0.0023520051
0.002313185
0.0022737241
0.0022337297
0.0021933148
0.0021525766
0.0021115817
0.0020703632
0.0020289225
0.0019872653
0.0019454214
0.0019034372
0.0018613276
0.0018190563
0.0017765955
0.0017339515
0.001691074
0.001647846
0.0016042046
0.0015601742
0.0015157416
0.0014708538
0.0014255105
0.0013797107
0.0013333845
0.0012864508
0.00123889
0.0011906987
0.0011418669
0.0010923763
0.0010422211
0.00099137322
0.00093975728
0.00088739272
0.00083431838
0.00078053044
0.00072607765
0.0006709784
0.00061532692
0.0005592853
0.00050313468
0.00044701901
0.00039230874
0.00033744806
0.00029388012
0.00024243834
0.00026965793
-5.9295779e-05
0.0045704459
0.0045888531
0.0046073068
0.0046255404
0.0046432537
0.0046602326
0.0046762193
0.0046907899
0.0047033156
0.0047129576
0.0047186531
0.0047191014
0.004712792
0.0046981086
0.0046735247
0.0046378698
0.0045905995
0.0045319682
0.0044630073
0.0043852961
0.0043006389
0.0042108109
0.0041174505
0.0040220457
0.0039259283
0.0038302567
0.00373601
0.0036440046
0.0035549154
0.0034692884
0.0033875495
0.0033100193
0.0032369223
0.0031683757
0.0031043645
0.0030447327
0.0029892069
0.0029374367
0.002889031
0.0028435791
0.0028006609
0.0027598533
0.0027207409
0.0026829274
0.0026460471
0.0026097741
0.0025738273
0.0025379647
0.0025019695
0.0024656435
0.0024288127
0.0023913476
0.0023531839
0.0023143308
0.0022748572
0.0022348615
0.0021944489
0.0021537116
0.0021127136
0.002071488
0.0020300393
0.0019883739
0.0019465198
0.0019045189
0.0018623862
0.0018200897
0.0017776018
0.0017349241
0.0016920093
0.0016487488
0.00160508
0.0015610205
0.0015165583
0.0014716439
0.0014262727
0.0013804418
0.0013340857
0.001287126
0.0012395406
0.0011913255
0.0011424701
0.0010929563
0.0010427764
0.00099190343
0.00094026662
0.00088788135
0.00083478515
0.000780976
0.00072650052
0.00067137917
0.00061570355
0.00055963445
0.00050344982
0.00044729712
0.00039250812
0.00033761364
0.00029363738
0.00024276276
0.00026228936
-4.9689627e-05
0.0045456124
0.0045628885
0.0045801543
0.0045971274
0.0046134952
0.0046290275
0.0046434547
0.0046563547
0.0046671235
0.0046749778
0.0046789499
0.0046778805
0.0046704441
0.0046552356
0.0046309291
0.0045964931
0.0045514097
0.0044958218
0.0044305353
0.004356859
0.0042763548
0.0041906197
0.0041011704
0.0040094092
0.0039166104
0.0038239017
0.0037322548
0.0036424921
0.0035553013
0.0034712455
0.0033907715
0.0033142199
0.0032418332
0.0031737478
0.003109975
0.0030503936
0.0029947684
0.0029427855
0.002894085
0.0028482822
0.0028049794
0.0027637731
0.0027242643
0.0026860702
0.0026488348
0.0026122386
0.0025760029
0.0025398857
0.002503671
0.0024671624
0.0024301884
0.0023926204
0.0023543913
0.0023155029
0.0022760148
0.0022360165
0.0021956055
0.0021548688
0.0021138678
0.0020726356
0.0020311791
0.0019895057
0.0019476412
0.001905624
0.0018634684
0.0018211466
0.0017786313
0.00173592
0.0016929679
0.0016496745
0.0016059776
0.0015618886
0.0015173965
0.0014724547
0.001427055
0.0013811927
0.001334806
0.0012878196
0.0012402093
0.0011919697
0.0011430901
0.0010935524
0.0010433473
0.0009924487
0.00094079026
0.00088838365
0.00083526497
0.00078143386
0.00072693494
0.00067179058
0.00061608987
0.00055999208
0.00050377172
0.00044758009
0.00039270768
0.00033778945
0.00029336421
0.00024299249
0.00025506588
-4.0551532e-05
0.0045203007
0.0045364484
0.0045525306
0.0045682537
0.0045832969
0.0045974204
0.0046103489
0.0046216681
0.0046308015
0.0046370196
0.0046394423
0.0046370366
0.0046286382
0.004613023
0.0045890359
0.004555765
0.0045127206
0.0044599609
0.0043981089
0.0043282431
0.0042517069
0.0041699256
0.0040842918
0.0039961182
0.0039066163
0.0038168766
0.0037278553
0.0036403744
0.0035551297
0.0034726981
0.0033935437
0.003318026
0.0032464046
0.003178835
0.0031153535
0.0030558719
0.0030001916
0.0029480343
0.0028990711
0.002852944
0.0028092781
0.00276769
0.0027277977
0.0026892322
0.0026516481
0.0026147324
0.0025782096
0.0025418388
0.002505405
0.0024687135
0.0024315956
0.0023939233
0.0023556267
0.002316701
0.0022771966
0.0022371943
0.0021967843
0.002156048
0.0021150443
0.0020738059
0.0020323419
0.0019906605
0.0019487857
0.0019067522
0.0018645742
0.0018222269
0.0017796841
0.0017369392
0.00169395
0.0016506232
0.0016068976
0.0015627788
0.0015182563
0.0014732866
0.0014278579
0.0013819637
0.001335546
0.0012885322
0.0012408962
0.0011926316
0.0011437272
0.0010941649
0.0010439341
0.00099300933
0.0009413285
0.00088889991
0.00083575808
0.00078190427
0.00072738113
0.00067221281
0.00061648604
0.00056035827
0.00050410045
0.00044786746
0.00039290873
0.00033796823
0.00029305522
0.0002431328
0.000248015
-3.1901297e-05
0.0044945244
0.0045095527
0.004524463
0.0045389544
0.0045527016
0.0045654602
0.0045769551
0.0045867837
0.0045943986
0.0045991224
0.0046001555
0.0045965769
0.0045873629
0.0045714447
0.0045478129
0.0045156589
0.0044745215
0.0044243952
0.0043657552
0.0042994853
0.0042267337
0.004148763
0.004066842
0.0039821914
0.0038959556
0.0038091819
0.0037228045
0.0036376385
0.0035543833
0.0034736257
0.0033958443
0.0033214148
0.0032506137
0.0031836146
0.0031204782
0.0030611469
0.0030054574
0.0029531657
0.002903974
0.0028575513
0.0028135458
0.0027715946
0.0027313333
0.0026924071
0.0026544816
0.0026172512
0.0025804443
0.0025438216
0.0025071695
0.0024702955
0.0024330331
0.0023952552
0.0023568894
0.0023179245
0.0022784022
0.0022383947
0.0021979849
0.0021572488
0.0021162426
0.0020749985
0.0020335274
0.0019918381
0.001949953
0.0019079037
0.0018657035
0.0018233309
0.0017807602
0.001737982
0.0016949558
0.0016515953
0.0016078403
0.0015636914
0.0015191382
0.0014741397
0.0014286816
0.0013827551
0.0013363059
0.001289264
0.0012416018
0.0011933115
0.0011443817
0.0010947942
0.0010445372
0.00099358562
0.00094188163
0.0008894304
0.00083626475
0.00078238747
0.0007278393
0.00067264604
0.00061689215
0.00056073309
0.0005044359
0.00044815943
0.00039310902
0.00033815861
0.00029271512
0.00024317399
0.0002411499
-2.3745779e-05
0.0044683004
0.0044822238
0.0044959806
0.0045092652
0.0045217516
0.0045331946
0.0045433236
0.0045517511
0.0045579599
0.0045613222
0.0045611117
0.0045565073
0.0045466077
0.0045304772
0.004507231
0.0044761498
0.0044368013
0.0043891319
0.0043334981
0.0042706195
0.0042014722
0.0041271664
0.0040488496
0.0039676492
0.0038846398
0.0038008207
0.0037170976
0.0036342738
0.0035530467
0.0034740096
0.0033976521
0.0033243642
0.0032544377
0.0031880642
0.0031253268
0.0030661976
0.0030105461
0.002958162
0.002908778
0.0028620901
0.0028177703
0.0027754765
0.0027348622
0.0026955876
0.0026573295
0.0026197904
0.0025827033
0.0025458312
0.0025089623
0.0024719064
0.0024344995
0.0023966151
0.0023581785
0.0023191727
0.0022796309
0.0022396171
0.0021992068
0.0021584708
0.0021174623
0.002076213
0.0020347352
0.0019930383
0.0019511431
0.0019090782
0.0018668562
0.0018244583
0.0017818597
0.0017390483
0.0016959853
0.0016525909
0.0016088059
0.0015646266
0.0015200422
0.0014750145
0.0014295263
0.0013835673
0.001337086
0.0012900154
0.0012423263
0.0011940097
0.0011450539
0.0010954405
0.0010451567
0.00099417787
0.00094244994
0.00088997539
0.00083678523
0.00078288367
0.00072830966
0.00067309043
0.00061730833
0.00056111658
0.0005047781
0.00044845559
0.00039330946
0.00033834867
0.00029234503
0.00024309792
0.00023445999
-1.6060861e-05
0.004441648
0.0044544865
0.0044671137
0.0044792225
0.0044904885
0.0045006693
0.0045095022
0.004516617
0.004521527
0.0045236514
0.004522331
0.004516833
0.0045063626
0.0044900988
0.0044672636
0.0044372151
0.0043995487
0.0043541761
0.0043013583
0.004241677
0.0041759574
0.0041051694
0.0040303435
0.0039525136
0.0038726827
0.0037917981
0.0037107326
0.0036302714
0.0035511061
0.003473832
0.0033989469
0.0033268524
0.0032578544
0.0031921611
0.0031298773
0.0030710024
0.0030154375
0.0029630044
0.0029134661
0.0028665456
0.0028219388
0.0027793247
0.0027383753
0.0026987659
0.0026601854
0.0026223448
0.0025849823
0.0025478642
0.0025107807
0.0024735442
0.002435993
0.0023980016
0.0023594931
0.0023204448
0.002280882
0.0022408607
0.0022004494
0.0021597133
0.002118703
0.0020774491
0.002035965
0.0019942608
0.0019523557
0.0019102756
0.0018680321
0.0018256092
0.0017829827
0.0017401383
0.0016970387
0.00165361
0.0016097947
0.0015655846
0.0015209688
0.0014759111
0.0014303924
0.0013844005
0.0013378866
0.0012907867
0.0012430701
0.0011947266
0.0011457441
0.0010961042
0.001045793
0.00099478637
0.00094303372
0.00089053514
0.00083731977
0.00078339311
0.00072879239
0.00067354614
0.00061773469
0.00056150879
0.000505127
0.00044875571
0.00039351012
0.00033852865
0.00029195449
0.00024287468
0.00022792062
-8.817706e-06
0.0044145892
0.0044263673
0.0044378938
0.0044488625
0.0044589528
0.0044679281
0.0044755357
0.0044814245
0.004485138
0.0044861396
0.0044838311
0.0044775581
0.0044666185
0.0044502903
0.0044278868
0.0043988337
0.0043627529
0.0043195314
0.0042693534
0.0042126861
0.0041502227
0.0040828053
0.004011353
0.0039368079
0.0038600999
0.003782122
0.0037037093
0.0036256248
0.0035485496
0.0034730769
0.0033997097
0.0033288585
0.0032608417
0.0031958829
0.0031341072
0.0030755395
0.0030201109
0.0029676738
0.0029180209
0.0028709022
0.0028260375
0.0027831274
0.0027418624
0.0027019335
0.0026630422
0.0026249086
0.0025872768
0.0025499168
0.0025126216
0.0024752065
0.0024375118
0.0023994132
0.0023608317
0.0023217396
0.0022821546
0.0022421249
0.002201712
0.0021609759
0.002119964
0.0020787061
0.0020372163
0.0019955052
0.0019535904
0.0019114954
0.0018692311
0.0018267833
0.001784129
0.0017412518
0.001698116
0.0016546529
0.0016108067
0.0015665656
0.001521918
0.0014768298
0.0014312801
0.0013852549
0.0013387081
0.0012915781
0.0012438334
0.0011954624
0.0011464527
0.0010967857
0.0010464465
0.00099541141
0.00094363325
0.00089110991
0.0008378686
0.000783916
0.00072928768
0.00067401332
0.00061817131
0.00056190974
0.00050548254
0.00044905958
0.00039371026
0.00033869526
0.0002915468
0.00024248873
0.00022155412
-2.0081332e-06
0.0043871478
0.004397894
0.0044083531
0.0044182212
0.0044271841
0.0044350127
0.0044414663
0.0044462135
0.0044488274
0.004448813
0.0044456274
0.0044386858
0.0044273668
0.0044110338
0.0043890787
0.004360986
0.0043264032
0.0042851997
0.004237499
0.0041836726
0.0041242994
0.0040601064
0.0039919077
0.0039205561
0.0038469089
0.0037718021
0.0036960303
0.0036203299
0.0035453672
0.00347173
0.0033999227
0.0033303625
0.0032633782
0.0031992075
0.0031379942
0.0030797871
0.0030245452
0.0029721504
0.0029224244
0.0028751436
0.0028300521
0.0027868719
0.0027453126
0.0027050813
0.0026658923
0.0026274754
0.0025895815
0.0025519848
0.0025144818
0.0024768903
0.0024390535
0.0024008479
0.0023621929
0.0023230559
0.0022834476
0.0022434087
0.0022029937
0.0021622576
0.0021212446
0.0020799834
0.0020384886
0.0019967709
0.0019548469
0.0019127375
0.0018704529
0.0018279806
0.0017852985
0.0017423889
0.0016992172
0.0016557196
0.0016118421
0.0015675697
0.00152289
0.0014777708
0.0014321897
0.0013861309
0.0013395506
0.00129239
0.0012446166
0.0011962175
0.0011471799
0.001097485
0.0010471173
0.00099605326
0.0009442488
0.00089169995
0.00083843197
0.00078445256
0.00072979572
0.00067449211
0.00061861828
0.00056231946
0.00050584463
0.00044936695
0.00039390934
0.00033884732
0.00029111995
0.00024195171
0.0002153697
4.3638638e-06
0.0043593492
0.0043690957
0.0043785239
0.0043873344
0.0043952206
0.0044019627
0.0044073332
0.0044110206
0.0044126266
0.0044116952
0.0044077337
0.0044002188
0.0043885995
0.0043723131
0.0043508194
0.0043236543
0.004290489
0.0042511819
0.0042058081
0.0041546595
0.0040982169
0.0040371039
0.003972037
0.0039037835
0.0038331284
0.0037608503
0.0036877002
0.0036143846
0.0035415511
0.0034697786
0.0033995697
0.0033313456
0.0032654433
0.0032021132
0.0031415162
0.003083723
0.003028719
0.0029764141
0.0029266578
0.0028792529
0.0028339674
0.002790545
0.0027487144
0.0027081992
0.0026687271
0.0026300382
0.0025918906
0.0025540635
0.0025163571
0.0024785925
0.0024406155
0.0024023036
0.0023635749
0.0023243923
0.0022847598
0.0022447109
0.0022042936
0.0021635576
0.002122544
0.0020812802
0.002039781
0.0019980574
0.0019561245
0.0019140014
0.0018716971
0.0018292007
0.0017864911
0.0017435494
0.0017003422
0.0016568101
0.001612901
0.001568597
0.001523885
0.0014787343
0.0014331213
0.0013870286
0.0013404144
0.0012932226
0.0012454198
0.0011969921
0.0011479259
0.0010982027
0.0010478058
0.00099671218
0.00094488062
0.00089230551
0.00083901008
0.00078500297
0.00073031667
0.00067498265
0.00061907566
0.00056273792
0.00050621318
0.00044967751
0.00039410685
0.00033898366
0.00029067165
0.00024127626
0.00020937055
1.0297554e-05
0.0043312203
0.0043400019
0.0043484387
0.0043562369
0.0043630991
0.0043688158
0.004373173
0.0043758793
0.004376564
0.0043748073
0.0043701618
0.0043621587
0.0043503089
0.0043341133
0.0043130906
0.0042868218
0.0042550004
0.0042174781
0.0041742918
0.0041256677
0.0040720024
0.0040138276
0.0039517701
0.0038865155
0.0038187788
0.0037492803
0.0036787258
0.003607789
0.0035370956
0.003467212
0.0033986359
0.0033317899
0.0032670171
0.0032045788
0.0031446511
0.0030873252
0.0030326107
0.0029804442
0.0029307019
0.0028832124
0.0028377674
0.0027941324
0.0027520555
0.0027112767
0.0026715378
0.0026325894
0.0025941977
0.0025561475
0.0025182432
0.0024803095
0.0024421948
0.0024037779
0.0023649756
0.0023257469
0.0022860896
0.0022460303
0.0022056105
0.0021648749
0.0021238613
0.0020825956
0.0020410929
0.0019993639
0.0019574228
0.0019152865
0.0018729632
0.0018304433
0.0017877065
0.0017447332
0.0017014909
0.0016579243
0.0016139833
0.0015696477
0.0015249031
0.0014797204
0.0014340751
0.0013879482
0.0013412998
0.0012940762
0.0012462435
0.0011977865
0.0011486911
0.0010989388
0.0010485122
0.00099738844
0.000945529
0.00089292682
0.00083960318
0.00078556745
0.00073085071
0.00067548506
0.00061954353
0.00056316513
0.00050658809
0.00044999097
0.00039430232
0.00033910309
0.00029019991
0.00024047246
0.00020356369
1.5796922e-05
0.0043027885
0.0043106427
0.0043181298
0.004324963
0.0043308549
0.004335607
0.0043390195
0.0043408203
0.0043406652
0.0043381677
0.0043329217
0.0043245067
0.0043124876
0.0042964206
0.0042758757
0.0042504731
0.0042199276
0.0041840874
0.0041429595
0.004096716
0.0040456813
0.0039903062
0.0039311355
0.0038687782
0.0038038812
0.0037371073
0.003669116
0.0036005455
0.0035319971
0.0034640214
0.0033971084
0.0033316791
0.003268081
0.0032065838
0.0031473776
0.0030905719
0.0030361986
0.0029842197
0.002934537
0.0028870038
0.0028414357
0.0027976195
0.0027553226
0.0027143024
0.0026743144
0.0026351207
0.0025964959
0.0025582311
0.0025201353
0.0024820372
0.0024437879
0.0024052678
0.0023663927
0.0023271178
0.0022874354
0.0022473653
0.002206943
0.0021662082
0.0021251952
0.0020839287
0.0020424233
0.0020006897
0.001958741
0.0019165923
0.0018742508
0.0018317079
0.0017889444
0.0017459399
0.001702663
0.0016590622
0.0016150891
0.0015707215
0.0015259443
0.0014807292
0.0014350512
0.0013888899
0.0013422069
0.001294951
0.0012470877
0.0011986008
0.0011494757
0.0010996937
0.0010492367
0.00099808225
0.00094619411
0.00089356407
0.00084021142
0.00078614613
0.00073139794
0.00067599942
0.00062002189
0.00056360102
0.00050696918
0.00045030694
0.00039449515
0.00033920439
0.00028970269
0.00023954856
0.0001979614
2.086651e-05
0.0042740822
0.0042810483
0.004287629
0.0042935456
0.0042985215
0.0043023695
0.0043049038
0.0043058715
0.004304953
0.0043017928
0.004296022
0.0042872632
0.0042751285
0.0042592223
0.0042391591
0.0042145941
0.0041852614
0.0041510083
0.0041118189
0.0040678208
0.0040192769
0.0039665667
0.0039101611
0.0038505976
0.0037884578
0.0037243483
0.0036588815
0.0035926588
0.0035262542
0.0034602002
0.0033949759
0.0033309985
0.0032686172
0.0032081087
0.0031496747
0.0030934413
0.0030394613
0.0029877197
0.0029381429
0.0028906085
0.0028449549
0.0028009905
0.0027585022
0.0027172641
0.0026770465
0.002637623
0.0025987775
0.0025603078
0.002522028
0.002483771
0.0024453911
0.0024067702
0.0023678234
0.0023285027
0.0022887951
0.0022487143
0.0022082897
0.0021675561
0.0021265447
0.0020852783
0.0020437712
0.0020020339
0.0019600784
0.001917918
0.0018755592
0.001832994
0.0017902043
0.0017471694
0.0017038585
0.0016602236
0.0016162182
0.0015718187
0.0015270086
0.0014817609
0.0014360498
0.0013898539
0.001343136
0.0012958471
0.0012479528
0.0011994354
0.00115028
0.0011004676
0.0010499797
0.0009987939
0.00094687627
0.00089421755
0.00084083506
0.00078673926
0.00073195857
0.00067652589
0.00062051085
0.00056404559
0.00050735635
0.00045062515
0.00039468484
0.00033928655
0.00028917786
0.00023851298
0.00019257805
2.5514735e-05
0.00424513
0.0042512487
0.0042569675
0.0042620165
0.0042661306
0.004269134
0.0042708548
0.0042710581
0.0042694477
0.0042656966
0.0042594697
0.0042504278
0.0042382246
0.0042225065
0.0042029267
0.0041791714
0.0041509925
0.004118239
0.0040808767
0.0040389969
0.0039928106
0.0039426349
0.0038888741
0.0038319996
0.0037725316
0.0037110215
0.003648035
0.0035841354
0.0035198677
0.0034557435
0.003392229
0.0033297348
0.0032686096
0.0032091348
0.0031515222
0.0030959124
0.003042377
0.0029909228
0.0029414992
0.0028940071
0.0028483073
0.0028042294
0.0027615794
0.002720149
0.0026797228
0.0026400868
0.0026010343
0.0025623705
0.0025239152
0.0024855058
0.0024469999
0.0024082813
0.0023692646
0.002329899
0.0022901666
0.0022500752
0.0022096487
0.002168917
0.0021279081
0.002086643
0.0020451354
0.0020033953
0.0019614339
0.0019192628
0.0018768876
0.001834301
0.0017914858
0.001748421
0.0017050768
0.0016614081
0.0016173706
0.001572939
0.001528096
0.0014828153
0.0014370709
0.00139084
0.001344087
0.0012967647
0.0012488387
0.0012002904
0.001151104
0.0011012606
0.0010507411
0.00099952347
0.00094757556
0.00089488732
0.00084147417
0.00078734686
0.00073253259
0.00067706441
0.00062101027
0.00056449866
0.00050774932
0.00045094508
0.00039487068
0.00033934843
0.000288623
0.0002373741
0.00018742519
2.9744739e-05
0.0042159604
0.0042212734
0.0042261755
0.0042304061
0.004233712
0.0042359291
0.0042368986
0.0042364027
0.0042341671
0.0042298913
0.0042232706
0.0042139999
0.0042017692
0.004186262
0.0041671652
0.0041441925
0.0041171126
0.004085777
0.0040501382
0.0040102575
0.0039663021
0.0039185349
0.0038673007
0.0038130102
0.0037561259
0.0036971461
0.0036365905
0.0035749839
0.0035128404
0.003450649
0.0033888604
0.0033278765
0.0032680431
0.0032096447
0.0031529007
0.0030979646
0.0030449247
0.0029938079
0.0029445854
0.0028971801
0.0028514747
0.0028073193
0.0027645394
0.0027229435
0.0026823314
0.0026425016
0.0026032573
0.0025644116
0.0025257905
0.0024872361
0.0024486098
0.0024097972
0.002370713
0.0023313038
0.0022915473
0.002251446
0.0022110182
0.0021702893
0.002129284
0.0020880215
0.0020465146
0.002004773
0.0019628066
0.0019206258
0.0018782354
0.0018356284
0.0017927884
0.0017496945
0.0017063177
0.0016626157
0.001618546
0.0015740824
0.0015292065
0.0014838927
0.0014381146
0.0013918487
0.0013450602
0.0012977041
0.0012497459
0.001201166
0.0011519481
0.0011020731
0.0010515216
0.0010002714
0.00094829238
0.00089557377
0.00084212909
0.00078796928
0.00073312032
0.00067761526
0.00062152037
0.00056496033
0.00050814806
0.00045126654
0.00039505221
0.00033938938
0.00028803606
0.00023614026
0.00018253371
3.3561895e-05
0.004186602
0.0041911515
0.0041952822
0.0041987434
0.0042012941
0.0042027814
0.0042030591
0.0042019256
0.004199127
0.0041943873
0.0041874291
0.0041779778
0.0041657556
0.004150478
0.004131862
0.0041096456
0.004083613
0.0040536195
0.0040196074
0.003981614
0.0039397692
0.0038942892
0.0038454657
0.0037936546
0.0037392642
0.0036827424
0.0036245638
0.0035652145
0.0035051771
0.0034449161
0.0033848646
0.0033254138
0.0032669046
0.0032096221
0.0031537917
0.0030995778
0.0030470835
0.002996354
0.0029473806
0.0029001074
0.002854438
0.0028102428
0.0027673659
0.0027256332
0.0026848596
0.0026448562
0.0026054368
0.0025664226
0.0025276465
0.0024889557
0.0024502153
0.0024113133
0.0023721645
0.0023327137
0.0022929343
0.0022528239
0.0022123957
0.0021716708
0.0021306704
0.0020894118
0.002047907
0.0020061651
0.0019641951
0.0019220058
0.0018796012
0.0018369749
0.001794111
0.0017509889
0.0017075804
0.0016638457
0.001619744
0.0015752484
0.0015303396
0.0014849925
0.0014391806
0.0013928795
0.0013460554
0.0012986651
0.0012506742
0.0012020622
0.0011528122
0.001102905
0.0010523207
0.0010010374
0.00094902655
0.00089627671
0.00084279963
0.00078860628
0.00073372148
0.00067817813
0.00062204076
0.00056543014
0.00050855203
0.00045158876
0.0003952285
0.00033940817
0.00028741681
0.00023482088
0.00017788583
3.6965054e-05
0.0041570825
0.0041609109
0.0041643153
0.0041670557
0.004168903
0.0041697152
0.0041693579
0.0041676448
0.0041643413
0.0041591933
0.0041519486
0.0041423597
0.004130177
0.0041151445
0.0040970057
0.0040755199
0.0040504861
0.0040217637
0.0039892881
0.0039530767
0.0039132285
0.0038699192
0.0038233936
0.0037739579
0.0037219704
0.0036678314
0.0036119719
0.0035548395
0.0034968848
0.0034385465
0.0033802385
0.0033223391
0.0032651824
0.0032090523
0.0031541782
0.0031007331
0.0030488333
0.0029985404
0.0029498644
0.0029027691
0.0028571784
0.0028129821
0.0027700428
0.0027282036
0.0026872943
0.0026471391
0.0026075626
0.002568395
0.0025294759
0.0024906581
0.002451811
0.002412825
0.0023736154
0.0023341253
0.0022943247
0.0022542066
0.0022137793
0.0021730597
0.0021320657
0.0020908127
0.0020493116
0.0020075708
0.0019655984
0.001923402
0.0018809847
0.0018383402
0.0017954535
0.0017523042
0.0017088649
0.001665098
0.0016209646
0.0015764373
0.0015314957
0.0014861153
0.0014402694
0.0013939331
0.0013470731
0.0012996482
0.0012516241
0.0012029795
0.0011536969
0.0011037569
0.0010531393
0.0010018223
0.00094977879
0.00089699684
0.00084348647
0.00078925852
0.00073433669
0.00067875359
0.00062257195
0.00056590849
0.0005089615
0.00045191182
0.00039539942
0.00033940445
0.00028676718
0.00023342617
0.00017355461
3.9951236e-05
0.0041274297
0.0041305789
0.0041333018
0.0041353688
0.0041365629
0.0041367524
0.0041358143
0.0041335763
0.0041298214
0.0041243163
0.0041168311
0.0041071426
0.0040950264
0.0040802515
0.0040625845
0.0040418044
0.0040177234
0.0039902059
0.0039591823
0.0039246541
0.0038866944
0.003845444
0.0038011067
0.0037539438
0.0037042678
0.0036524343
0.0035988324
0.0035438723
0.003487972
0.0034315436
0.0033749804
0.0033186463
0.0032628666
0.0032079219
0.0031540437
0.003101412
0.0030501543
0.0030003465
0.0029520159
0.0029051448
0.0028596761
0.0028155184
0.0027725527
0.0027306384
0.0026896208
0.0026493372
0.0026096233
0.0025703184
0.0025312695
0.0024923354
0.0024533898
0.0024143259
0.00237506
0.0023355338
0.0022957143
0.0022555901
0.0022151654
0.0021744526
0.0021334667
0.0020922211
0.0020507255
0.0020089875
0.0019670143
0.0019248122
0.0018823835
0.0018397223
0.001796814
0.0017536386
0.0017101695
0.0016663713
0.0016222066
0.0015776477
0.0015326735
0.0014872598
0.0014413799
0.0013950082
0.0013481123
0.0013006525
0.0012525948
0.0012039171
0.0011546014
0.001104628
0.0010539766
0.0010026253
0.0009505483
0.00089773337
0.00084418879
0.00078992518
0.00073496511
0.00067934074
0.00062311299
0.00056639434
0.00050937533
0.00045223441
0.00039556352
0.00033937679
0.00028608791
0.00023196406
0.00016945058
4.2536682e-05
0.0040976699
0.0041001819
0.0041022673
0.0041037073
0.0041042967
0.0041039139
0.004102446
0.0040997343
0.004095578
0.0040897625
0.0040820784
0.0040723242
0.0040602977
0.0040457901
0.0040285887
0.0040084899
0.0039853182
0.0039589435
0.0039292926
0.0038963547
0.003860181
0.0038208826
0.0037786273
0.0037336364
0.0036861804
0.0036365735
0.0035851649
0.0035323283
0.0034784494
0.0034239133
0.0033690916
0.003314332
0.0032599494
0.0032062196
0.0031533742
0.0031015982
0.0030510283
0.0030017532
0.0029538156
0.0029072151
0.0028619123
0.0028178342
0.0027748789
0.0027329227
0.0026918257
0.0026514385
0.0026116082
0.0025721836
0.0025330195
0.0024939809
0.0024549462
0.0024158116
0.0023764946
0.0023369361
0.0022971004
0.0022569725
0.0022165522
0.0021758483
0.0021348726
0.0020936363
0.0020521481
0.0020104148
0.0019684424
0.0019262363
0.0018837979
0.0018411215
0.0017981929
0.0017549927
0.0017114951
0.0016676663
0.0016234708
0.0015788807
0.0015338743
0.0014884273
0.0014425134
0.0013961064
0.0013491745
0.0013016794
0.0012535878
0.0012048766
0.0011555273
0.00110552
0.0010548341
0.0010034478
0.00095133663
0.00089848783
0.0008449081
0.00079060773
0.00073560816
0.00067994096
0.00062366514
0.00056688888
0.00050979456
0.00045255737
0.00039572146
0.000339326
0.0002853818
0.00023044401
0.00016571671
4.4726203e-05
0.0040678276
0.0040697435
0.0040712347
0.0040720926
0.004072124
0.0040712167
0.0040692676
0.0040661301
0.0040616184
0.0040555352
0.0040476896
0.0040378995
0.0040259827
0.0040117498
0.0039950066
0.0039755653
0.0039532617
0.0039279712
0.0038996189
0.0038681839
0.0038336994
0.003796251
0.0037559751
0.0037130575
0.0036677308
0.0036202706
0.0035709885
0.0035202232
0.0034683287
0.0034156625
0.003362574
0.0033093934
0.003256424
0.0032039346
0.0031521556
0.0031012747
0.0030514363
0.0030027399
0.0029552422
0.0029089582
0.0028638657
0.0028199085
0.0027770018
0.0027350378
0.0026938916
0.0026534271
0.0026135029
0.0025739776
0.0025347141
0.0024955838
0.0024564703
0.0024172731
0.0023779112
0.0023383249
0.0022984765
0.0022583476
0.0022179342
0.0021772413
0.002136278
0.0020950534
0.0020535748
0.0020118481
0.0019698785
0.0019276702
0.001885224
0.0018425339
0.0017995866
0.001756363
0.001712838
0.0016689798
0.0016247542
0.0015801334
0.001535095
0.0014896151
0.0014436672
0.0013972249
0.0013502571
0.0013027266
0.0012546006
0.0012058555
0.0011564721
0.0011064303
0.0010557094
0.0010042877
0.00095214156
0.00089925799
0.00084564219
0.00079130394
0.0007362636
0.00068055199
0.00062422613
0.00056738973
0.00051021675
0.00045287812
0.00039587057
0.00033924977
0.00028464842
0.00022887091
0.00016220833
4.6564815e-05
0.0036515833
0.0037359519
0.0038902889
0.0040545118
0.0042225118
0.0043950876
0.0045695355
0.004747013
0.0049352311
0.0051761681
0.0036515768
0.0037359407
0.0038902694
0.0040544783
0.0042224517
0.0043949779
0.0045693044
0.0047463713
0.0049321725
0.005149245
0.0036515634
0.0037359175
0.0038902289
0.0040544081
0.0042223262
0.004394746
0.004568825
0.0047450075
0.0049266818
0.0051200221
0.0036515422
0.0037358811
0.0038901649
0.0040542972
0.0042221285
0.0043943794
0.0045680719
0.0047429115
0.0049196113
0.0050943422
0.0036515124
0.0037358303
0.0038900751
0.0040541419
0.0042218517
0.0043938667
0.0045670158
0.0047401605
0.0049112494
0.0050709061
0.0036514731
0.0037357636
0.0038899571
0.0040539377
0.0042214885
0.0043931934
0.0045656414
0.0047367557
0.0049019921
0.0050489032
0.0036514236
0.0037356798
0.0038898084
0.0040536803
0.0042210311
0.0043923463
0.0045639318
0.0047327138
0.0048921203
0.005027927
0.0036513627
0.0037355773
0.003889626
0.0040533649
0.004220471
0.0043913117
0.004561869
0.0047280646
0.00488169
0.0050077604
0.0036512895
0.0037354543
0.003889407
0.0040529862
0.0042197996
0.0043900751
0.0045594379
0.004722824
0.004870754
0.0049882762
0.0036512028
0.0037353091
0.003889148
0.0040525388
0.0042190075
0.004388622
0.0045566239
0.0047170063
0.004859362
0.0049693556
0.0036511014
0.0037351398
0.0038888457
0.0040520167
0.0042180849
0.0043869378
0.0045534132
0.0047106249
0.0048475524
0.0049508876
0.003650984
0.0037349444
0.0038884963
0.0040514137
0.0042170216
0.0043850073
0.0045497925
0.0047036915
0.0048353537
0.0049327719
0.0036508493
0.0037347205
0.0038880957
0.0040507232
0.0042158066
0.0043828153
0.0045457494
0.0046962163
0.0048227861
0.0049149177
0.0036506956
0.003734466
0.0038876399
0.004049938
0.0042144289
0.0043803466
0.0045412718
0.0046882075
0.0048098624
0.004897242
0.0036505215
0.0037341781
0.0038871241
0.0040490507
0.0042128765
0.0043775854
0.0045363485
0.0046796718
0.0047965892
0.0048796686
0.0036503251
0.0037338543
0.0038865436
0.0040480534
0.0042111374
0.0043745164
0.0045309684
0.0046706141
0.0047829678
0.0048621273
0.0036501047
0.0037334916
0.0038858932
0.0040469376
0.0042091988
0.0043711238
0.0045251208
0.0046610375
0.0047689948
0.004844553
0.0036498582
0.003733087
0.0038851675
0.0040456946
0.0042070476
0.0043673918
0.0045187955
0.0046509436
0.0047546633
0.004826886
0.0036495835
0.0037326371
0.0038843606
0.0040443151
0.0042046704
0.0043633049
0.0045119825
0.0046403326
0.0047399631
0.0048090707
0.0036492783
0.0037321385
0.0038834663
0.0040427893
0.0042020531
0.0043588473
0.0045046719
0.0046292032
0.0047248818
0.0047910562
0.0036489402
0.0037315873
0.0038824781
0.004041107
0.0041991816
0.0043540036
0.0044968542
0.0046175528
0.0047094054
0.0047727955
0.0036485665
0.0037309795
0.003881389
0.0040392574
0.0041960411
0.0043487583
0.00448852
0.004605378
0.0046935188
0.0047542458
0.0036481545
0.003730311
0.0038801917
0.0040372295
0.0041926168
0.004343096
0.0044796603
0.0045926744
0.0046772064
0.0047353683
0.0036477011
0.0037295771
0.0038788784
0.0040350116
0.0041888935
0.0043370019
0.0044702661
0.004579437
0.0046604523
0.0047161283
0.0036472032
0.003728773
0.003877441
0.0040325916
0.0041848558
0.0043304612
0.0044603289
0.0045656604
0.0046432414
0.0046964949
0.0036466573
0.0037278937
0.0038758708
0.0040299569
0.004180488
0.0043234594
0.0044498406
0.0045513391
0.0046255594
0.0046764417
0.0036460597
0.0037269336
0.0038741588
0.0040270946
0.0041757746
0.0043159825
0.0044387933
0.0045364677
0.0046073931
0.0046559459
0.0036454067
0.003725887
0.0038722956
0.0040239913
0.0041706999
0.004308017
0.0044271798
0.0045210411
0.0045887311
0.0046349892
0.003644694
0.0037247478
0.0038702711
0.0040206333
0.004165248
0.0042995498
0.0044149935
0.0045050547
0.0045695637
0.0046135572
0.0036439171
0.0037235096
0.003868075
0.0040170063
0.0041594033
0.0042905687
0.0044022284
0.0044885051
0.0045498834
0.0045916396
0.0036430715
0.0037221656
0.0038656964
0.0040130961
0.0041531504
0.0042810619
0.0043888796
0.0044713897
0.0045296852
0.0045692301
0.0036421519
0.0037207085
0.003863124
0.0040088878
0.004146474
0.0042710184
0.004374943
0.0044537072
0.0045089663
0.0045463263
0.0036411532
0.0037191307
0.0038603461
0.0040043666
0.0041393591
0.0042604285
0.0043604156
0.0044354579
0.0044877268
0.0045229297
0.0036400696
0.0037174243
0.0038573505
0.0039995172
0.0041317912
0.0042492829
0.0043452955
0.0044166436
0.0044659692
0.0044990453
0.003638895
0.003715581
0.0038541247
0.0039943245
0.0041237563
0.0042375738
0.0043295824
0.0043972679
0.004443699
0.0044746814
0.0036376231
0.0037135919
0.0038506555
0.0039887731
0.0041152409
0.0042252944
0.0043132773
0.0043773364
0.004420924
0.0044498496
0.003636247
0.0037114478
0.0038469298
0.0039828478
0.0041062323
0.0042124392
0.0042963827
0.0043568566
0.0043976547
0.0044245646
0.0036347596
0.003709139
0.0038429337
0.0039765333
0.0040967185
0.0041990041
0.0042789027
0.0043358379
0.0043739043
0.0043988434
0.0036331531
0.0037066556
0.0038386532
0.0039698145
0.0040866884
0.0041849863
0.0042608432
0.0043142918
0.0043496881
0.0043727056
0.0036314196
0.003703987
0.003834074
0.0039626768
0.0040761319
0.0041703847
0.0042422118
0.0042922316
0.0043250236
0.0043461727
0.0036295505
0.0037011224
0.0038291815
0.0039551057
0.0040650402
0.0041551996
0.0042230178
0.0042696729
0.0042999303
0.0043192681
0.0036275367
0.0036980504
0.003823961
0.0039470871
0.0040534053
0.0041394331
0.0042032723
0.0042466326
0.0042744294
0.0042920164
0.0036253687
0.0036947593
0.0038183977
0.0039386077
0.0040412209
0.0041230889
0.0041829881
0.0042231295
0.0042485437
0.0042644437
0.0036230367
0.003691237
0.0038124765
0.0039296547
0.0040284816
0.0041061724
0.0041621798
0.004199184
0.0042222971
0.0042365764
0.0036205299
0.0036874711
0.0038061824
0.0039202162
0.004015184
0.0040886907
0.0041408635
0.0041748179
0.0041957148
0.0042084419
0.0036178374
0.0036834487
0.0037995006
0.003910281
0.0040013257
0.0040706526
0.0041190568
0.0041500542
0.0041688224
0.0041800676
0.0036149475
0.0036791567
0.0037924161
0.003899839
0.0039869061
0.0040520687
0.0040967789
0.0041249166
0.0041416462
0.0041514808
0.0036118481
0.0036745816
0.0037849144
0.0038888815
0.0039719263
0.004032951
0.0040740502
0.0040994301
0.0041142129
0.0041227091
0.0036085264
0.0036697097
0.0037769808
0.0038774008
0.0039563888
0.0040133133
0.0040508921
0.0040736197
0.0040865487
0.0040937789
0.0036049691
0.0036645274
0.0037686014
0.0038653905
0.0039402981
0.0039931709
0.0040273276
0.0040475114
0.0040586801
0.0040647156
0.0036010035
0.0036587922
0.0037593955
0.0038523235
0.0039229681
0.0039716826
0.0040023847
0.0040200356
0.0040294687
0.0040343342
0.0035961307
0.0036518052
0.0037482751
0.0038367021
0.0039024751
0.0039465292
0.0039734282
0.0039883327
0.0039959048
0.0039995246
0.0035898018
0.0036428349
0.003734158
0.0038171049
0.0038770992
0.0039157562
0.0039383444
0.003950192
0.0039557209
0.0039579853
0.0035815156
0.0036312745
0.0037162438
0.003792554
0.0038457887
0.0038783224
0.0038961426
0.0039046802
0.0039080322
0.0039088668
0.0035705703
0.0036163169
0.0036935803
0.0037619121
0.0038073708
0.0038331325
0.0038458373
0.0038509079
0.0038520217
0.003851407
0.0035559947
0.0035968805
0.003665033
0.003723906
0.0037606137
0.0037791256
0.0037865525
0.0037881415
0.0037870472
0.0037850163
0.0035365238
0.0035716536
0.0036292209
0.0036771424
0.0037042953
0.0037153558
0.0037175931
0.0037158721
0.0037127429
0.0037094405
0.0035105171
0.0035389897
0.0035845383
0.0036202395
0.0036373898
0.0036411788
0.003638592
0.0036338564
0.003628879
0.0036244341
0.0034759197
0.0034969355
0.0035293121
0.0035520296
0.0035592506
0.0035563899
0.0035497283
0.0035426355
0.0035363034
0.0035310419
0.0034303025
0.0034433384
0.003461982
0.0034717325
0.0034697254
0.0034610902
0.0034509433
0.0034417692
0.003434235
0.0034283102
0.0033710509
0.003376073
0.0033813435
0.0033791098
0.0033694046
0.0033567782
0.0033448065
0.0033347966
0.0033268233
0.0033206363
0.0032957887
0.0032934165
0.0032868748
0.0032744941
0.0032583067
0.0032419343
0.0032278335
0.0032167112
0.0032082706
0.0032019613
0.0032029525
0.0031946886
0.0031790423
0.003160128
0.0031416316
0.0031254903
0.0031122191
0.0031016893
0.0030935644
0.0030874387
0.0030928615
0.0030807458
0.0030584542
0.003033157
0.0030099474
0.0029909975
0.0029765094
0.002965768
0.0029578871
0.0029521303
0.0029682453
0.0029553323
0.0029339916
0.0029130556
0.0028956561
0.0028814298
0.0028697904
0.0028604995
0.0028533523
0.002848008
0.0028351041
0.0028188316
0.0027897282
0.0027600685
0.0027368515
0.0027205306
0.0027089693
0.0027005028
0.0026942748
0.0026897539
0.0027057017
0.0027040729
0.0026969999
0.0026876291
0.0026771965
0.0026667161
0.0026573485
0.0026497657
0.0026439602
0.0026396144
0.0025708876
0.0025333683
0.0024931299
0.0024652103
0.0024468448
0.0024334766
0.0024234345
0.0024161298
0.0024109389
0.0024072365
0.0040366867
0.0040380238
0.0040389395
0.0040392365
0.0040387333
0.0040373271
0.0040349241
0.0040313894
0.0040265519
0.0040202305
0.004012252
0.0040024522
0.0039906672
0.0039767261
0.0039604515
0.0039416705
0.0039202302
0.0038960116
0.003868939
0.0038389835
0.0038061626
0.0037705394
0.0037322221
0.0036913637
0.003648161
0.0036028529
0.0035557145
0.0035070492
0.003457179
0.0034064331
0.0033551366
0.0033036011
0.0032521158
0.0032009414
0.0031503044
0.0031003944
0.0030513612
0.0030033142
0.0029563224
0.002910416
0.0028655886
0.0028218011
0.0027789855
0.0027370504
0.0026958858
0.0026553696
0.0026153725
0.0025757635
0.0025364143
0.0024972033
0.0024580197
0.0024187668
0.0023793652
0.0023397556
0.0022998983
0.0022597718
0.0022193685
0.0021786899
0.0021377422
0.0020965324
0.0020550664
0.002013349
0.0019713845
0.001929176
0.0018867236
0.0018440214
0.0018010563
0.0017578099
0.001714258
0.0016703703
0.0016261142
0.001581462
0.0015363908
0.0014908768
0.0014448937
0.0013984149
0.0013514095
0.0013038421
0.00125568
0.0012068991
0.0011574797
0.0011074016
0.0010566437
0.0010051844
0.000953001
0.00090008028
0.00084642588
0.00079204698
0.00073696276
0.00068120316
0.00062482299
0.00056792119
0.00051066264
0.00045321274
0.00039601939
0.00033914706
0.00028386101
0.0002271866
0.00015884019
4.814198e-05
0.0040010729
0.0040017994
0.0040021107
0.0040018215
0.0040007634
0.0039988434
0.0039959773
0.0039920427
0.0039868839
0.0039803366
0.0039722458
0.0039624654
0.0039508501
0.003937247
0.0039214963
0.0039034404
0.0038829379
0.0038598764
0.0038341806
0.0038058143
0.0037747809
0.0037411221
0.0037049183
0.00366629
0.0036253982
0.0035824434
0.0035376622
0.0034913204
0.0034437046
0.0033951118
0.0033458397
0.0032961773
0.0032463966
0.0031967468
0.0031474487
0.003098691
0.003050628
0.0030033778
0.0029570217
0.0029116047
0.0028671375
0.0028235986
0.0027809383
0.002739083
0.0026979398
0.002657402
0.0026173543
0.0025776778
0.0025382544
0.0024989712
0.0024597237
0.0024204201
0.0023809836
0.0023413553
0.002301494
0.0022613752
0.0022209877
0.0021803295
0.0021394034
0.0020982141
0.0020567658
0.0020150623
0.0019731067
0.0019309009
0.0018884443
0.0018457308
0.0018027478
0.0017594777
0.0017158971
0.0016719774
0.0016276877
0.0015830005
0.0015378926
0.0014923402
0.0014463173
0.001399797
0.0013527491
0.0013051393
0.0012569357
0.0012081136
0.0011586527
0.0011085324
0.0010577316
0.0010062287
0.00095400181
0.00090103753
0.00084733783
0.00079291104
0.00073777499
0.00068195843
0.00062551353
0.00056853357
0.00051117267
0.00045358868
0.00039617437
0.00033899495
0.00028292845
0.00022520745
0.00015533946
4.9593826e-05
0.0039586634
0.0039587323
0.0039583955
0.0039574823
0.0039558385
0.0039533814
0.0039500373
0.0039456972
0.0039402216
0.0039334648
0.0039252901
0.0039155705
0.0039041793
0.0038909827
0.0038758386
0.0038586055
0.0038391548
0.0038173818
0.0037932124
0.0037666048
0.0037375493
0.0037060671
0.0036722118
0.0036360714
0.0035977701
0.0035574685
0.0035153618
0.0034716747
0.0034266538
0.0033805595
0.0033336567
0.0032862066
0.0032384595
0.0031906487
0.0031429854
0.0030956547
0.0030488131
0.0030025859
0.0029570657
0.0029123128
0.0028683552
0.0028251908
0.0027827899
0.0027410986
0.0027000437
0.0026595364
0.002619478
0.0025797641
0.0025402893
0.0025009511
0.0024616533
0.0024223103
0.002382849
0.0023432115
0.0023033559
0.002263255
0.0022228938
0.0021822663
0.0021413722
0.0021002132
0.0020587917
0.0020171099
0.0019751697
0.0019329718
0.0018905146
0.0018477918
0.0018047915
0.0017614966
0.001717885
0.0016739299
0.0016296022
0.001584875
0.0015397247
0.0014941276
0.001448058
0.0014014888
0.0013543906
0.0013067303
0.0012584769
0.0012096052
0.0011600941
0.0011099228
0.00105907
0.0010075141
0.00095523406
0.0009022162
0.00084846066
0.00079397462
0.00073877424
0.00068288658
0.00062636044
0.00056928216
0.0005117925
0.00045403845
0.00039634855
0.00033877639
0.00028178894
0.00022279574
0.0001511595
5.0996296e-05
0.0039086323
0.0039080146
0.0039070056
0.0039054505
0.0039032108
0.0039002141
0.0038963974
0.0038916655
0.0038858964
0.003878963
0.0038707477
0.0038611423
0.0038500387
0.0038373215
0.0038228671
0.0038065506
0.0037882566
0.0037678893
0.0037453772
0.0037206747
0.0036937606
0.0036646381
0.0036333359
0.0035999111
0.0035644518
0.0035270791
0.0034879456
0.0034472322
0.0034051427
0.0033618963
0.0033177203
0.0032728433
0.0032274882
0.0031818674
0.0031361778
0.0030905967
0.0030452792
0.0030003547
0.0029559256
0.0029120658
0.0028688205
0.0028262071
0.002784217
0.0027428181
0.0027019583
0.0026615695
0.0026215721
0.0025818788
0.0025423994
0.002503044
0.0024637272
0.0024243708
0.0023849072
0.0023452809
0.0023054498
0.0022653844
0.0022250667
0.0021844869
0.0021436407
0.0021025271
0.0020611463
0.0020194987
0.0019775846
0.0019354034
0.0018929526
0.0018502256
0.0018072111
0.0017638928
0.0017202499
0.0016762577
0.0016318888
0.0015871172
0.0015419193
0.0014962714
0.001450148
0.0014035224
0.0013563657
0.0013086464
0.0012603342
0.0012114035
0.0011618326
0.0011116003
0.001060685
0.0010090653
0.00095672082
0.00090363757
0.00084981365
0.00079525468
0.00073997476
0.00068399863
0.00062737077
0.00057016892
0.00051251743
0.0004545479
0.00039651518
0.00033844554
0.00028038261
0.00021993037
0.00014673539
5.2185672e-05
0.0038502577
0.0038489563
0.0038472818
0.0038450976
0.0038422817
0.0038387723
0.0038345165
0.0038294332
0.0038234178
0.0038163623
0.0038081679
0.0037987441
0.0037880005
0.0037758399
0.0037621563
0.0037468415
0.0037297942
0.003710928
0.0036901757
0.0036674894
0.0036428395
0.0036162141
0.0035876202
0.0035570875
0.003524671
0.0034904538
0.0034545472
0.0034170884
0.0033782364
0.0033381665
0.0032970649
0.0032551226
0.0032125303
0.0031694739
0.0031261304
0.0030826641
0.0030392233
0.0029959377
0.0029529153
0.0029102408
0.0028679746
0.0028261526
0.0027847869
0.0027438675
0.0027033651
0.0026632339
0.0026234156
0.0025838426
0.0025444423
0.0025051401
0.0024658633
0.0024265439
0.0023871212
0.0023475438
0.0023077708
0.0022677719
0.0022275262
0.0021870205
0.0021462474
0.0021052025
0.0020638837
0.0020222895
0.0019804184
0.0019382687
0.0018958365
0.0018531151
0.0018100936
0.0017667568
0.0017230855
0.0016790568
0.0016346455
0.0015898267
0.0015445769
0.0014988726
0.0014526889
0.0014059992
0.0013587756
0.0013109879
0.0012626069
0.0012136066
0.0011639648
0.0011136597
0.0010626697
0.0010109733
0.00095855072
0.00090538753
0.00085147968
0.00079683072
0.00074145212
0.00068536547
0.00062860969
0.00057125194
0.00051339657
0.00045515394
0.0003966958
0.00033800472
0.00027870324
0.00021668631
0.00014169473
5.3115906e-05
0.0037829801
0.0037810243
0.0037787202
0.0037759489
0.0037726046
0.0037686354
0.003763998
0.0037586252
0.0037524296
0.003745322
0.0037372209
0.0037280523
0.0037177421
0.0037062095
0.0036933657
0.0036791188
0.0036633814
0.0036460775
0.0036271452
0.0036065366
0.0035842164
0.0035601613
0.0035343612
0.003506823
0.0034775733
0.0034466616
0.0034141611
0.0033801674
0.0033447956
0.0033081772
0.0032704548
0.003231779
0.0031923041
0.0031521844
0.0031115713
0.0030706102
0.0030294367
0.0029881745
0.0029469319
0.0029057995
0.0028648489
0.002824131
0.0027836768
0.0027434973
0.0027035855
0.0026639187
0.002624461
0.0025851664
0.002545982
0.0025068511
0.0024677162
0.0024285214
0.0023892154
0.002349753
0.0023100964
0.0022702159
0.0022300895
0.0021897014
0.0021490412
0.0021081021
0.0020668792
0.0020253692
0.0019835689
0.0019414751
0.001899083
0.0018563856
0.0018133725
0.0017700295
0.0017263392
0.0016822806
0.0016378308
0.0015929664
0.0015476642
0.0015019013
0.0014556532
0.0014088942
0.001361597
0.0013137331
0.0012652741
0.0012161944
0.0011664707
0.0011160812
0.0010650038
0.0010132172
0.00096070173
0.00090744255
0.00085343322
0.00079867461
0.00074317493
0.00068695149
0.00063003605
0.00057248285
0.0005143721
0.00045578579
0.00039680527
0.00033735126
0.00027666963
0.00021301091
0.00013645516
5.3526908e-05
0.0037066188
0.0037040817
0.0037012225
0.0036979446
0.0036941579
0.0036898182
0.0036848896
0.0036793176
0.003673032
0.0036659608
0.003658039
0.003649207
0.003639405
0.0036285669
0.0036166197
0.0036034867
0.0035890945
0.0035733775
0.0035562801
0.0035377566
0.0035177686
0.0034962856
0.0034732854
0.0034487574
0.0034227062
0.0033951536
0.0033661401
0.0033357245
0.0033039821
0.0032710023
0.0032368856
0.0032017415
0.0031656855
0.0031288372
0.0030913179
0.0030532479
0.0030147441
0.0029759173
0.0029368692
0.0028976898
0.0028584554
0.0028192269
0.0027800494
0.0027409513
0.0027019458
0.0026630317
0.0026241954
0.0025854128
0.0025466521
0.0025078758
0.0024690437
0.0024301143
0.0023910481
0.0023518083
0.0023123628
0.0022726847
0.0022327525
0.0021925498
0.0021520644
0.0021112872
0.0020702116
0.0020288325
0.0019871451
0.001945145
0.0019028266
0.0018601825
0.001817203
0.0017738752
0.0017301832
0.0016861084
0.00164163
0.0015967264
0.0015513755
0.0015055549
0.001459241
0.001412409
0.0013650327
0.0013170851
0.001268539
0.0012193688
0.0011695512
0.0011190635
0.0010678838
0.0010159905
0.00096336408
0.00090998876
0.0008558556
0.00080096219
0.00074531252
0.0006889183
0.00063180214
0.00057400256
0.00051557135
0.00045655436
0.00039693815
0.00033657104
0.00027439348
0.00020910069
0.00013130153
5.3270178e-05
0.0036209308
0.0036179143
0.0036146068
0.0036109261
0.0036067996
0.0036021924
0.003597076
0.0035914064
0.0035851281
0.003578185
0.0035705259
0.0035621038
0.0035528709
0.0035427741
0.0035317544
0.0035197496
0.0035066991
0.0034925477
0.0034772469
0.003460754
0.0034430307
0.0034240427
0.0034037606
0.0033821626
0.0033592373
0.0033349861
0.003309424
0.0032825797
0.0032544948
0.0032252218
0.0031948233
0.0031633699
0.0031309396
0.0030976162
0.0030634885
0.003028648
0.0029931874
0.0029571982
0.0029207683
0.0028839794
0.002846905
0.0028096086
0.0027721423
0.0027345464
0.0026968489
0.0026590663
0.0026212043
0.0025832594
0.0025452198
0.0025070676
0.0024687805
0.0024303332
0.0023916996
0.0023528539
0.0023137718
0.0022744321
0.0022348161
0.0021949088
0.002154698
0.002114174
0.0020733292
0.0020321572
0.0019906525
0.0019488096
0.0019066226
0.0018640841
0.0018211851
0.0017779139
0.0017342566
0.0016901967
0.001645716
0.0016007947
0.0015554122
0.0015095472
0.0014631775
0.0014162792
0.0013688277
0.0013207973
0.0012721623
0.0012228975
0.0011729793
0.0011223849
0.0010710921
0.0010190792
0.00096632614
0.0009128162
0.00085853754
0.00080348376
0.00074765357
0.00069105141
0.00063368847
0.00057558448
0.00051675876
0.00045721393
0.00039684352
0.00033542323
0.00027169242
0.00020484566
0.00012617562
5.2175628e-05
0.0035270435
0.0035236667
0.0035200331
0.0035160807
0.0035117452
0.0035069951
0.0035018081
0.0034961522
0.0034899859
0.0034832663
0.0034759533
0.0034680095
0.0034593963
0.0034500717
0.003439989
0.0034290992
0.0034173536
0.003404707
0.0033911179
0.0033765479
0.0033609605
0.0033443209
0.0033265966
0.00330776
0.0032877902
0.0032666749
0.0032444113
0.003221006
0.0031964743
0.0031708397
0.0031441328
0.0031163914
0.0030876599
0.0030579891
0.0030274358
0.0029960618
0.0029639326
0.0029311163
0.0028976808
0.0028636928
0.0028292151
0.0027943055
0.0027590153
0.0027233882
0.0026874601
0.0026512585
0.002614803
0.0025781059
0.0025411724
0.0025040018
0.0024665887
0.0024289236
0.0023909946
0.0023527881
0.0023142898
0.0022754861
0.0022363641
0.0021969123
0.0021571208
0.0021169812
0.0020764864
0.0020356302
0.0019944069
0.0019528113
0.0019108373
0.0018684783
0.0018257262
0.0017825709
0.0017390005
0.0016950009
0.0016505564
0.0016056496
0.0015602618
0.0015143735
0.0014679637
0.0014210106
0.0013734909
0.0013253806
0.0012766555
0.0012272912
0.0011772643
0.0011265518
0.0010751312
0.0010229806
0.00097007936
0.00091640897
0.0008619545
0.00080670477
0.00075065198
0.00069379148
0.00063612064
0.00057763744
0.00051832586
0.00045814115
0.00039689399
0.00033430262
0.00026902664
0.00020076759
0.00012162748
5.076634e-05
0.0034239716
0.0034203877
0.0034165746
0.0034124824
0.0034080651
0.0034032975
0.00339816
0.0033926274
0.0033866699
0.0033802571
0.0033733591
0.0033659459
0.0033579861
0.003349446
0.003340289
0.0033304771
0.0033199724
0.0033087385
0.0032967409
0.0032839462
0.003270321
0.0032558325
0.0032404487
0.00322414
0.0032068815
0.0031886534
0.003169442
0.0031492392
0.0031280424
0.0031058538
0.0030826806
0.0030585352
0.003033435
0.0030074034
0.0029804693
0.0029526671
0.0029240359
0.0028946188
0.0028644613
0.0028336099
0.0028021113
0.0027700104
0.0027373496
0.0027041681
0.0026705009
0.0026363785
0.0026018266
0.0025668663
0.0025315136
0.0024957803
0.0024596738
0.0024231978
0.002386353
0.0023491373
0.0023115471
0.0022735774
0.0022352226
0.002196477
0.0021573349
0.0021177914
0.0020778415
0.002037481
0.0019967055
0.0019555108
0.0019138922
0.0018718443
0.0018293603
0.0017864324
0.0017430509
0.0016992044
0.0016548797
0.0016100622
0.0015647357
0.0015188828
0.0014724847
0.0014255216
0.0013779722
0.0013298145
0.0012810258
0.0012315829
0.001181463
0.0011306431
0.0010791007
0.0010268133
0.00097375921
0.00091991805
0.00086527118
0.00080980191
0.00075349472
0.00069633409
0.00063830148
0.00057937112
0.00051949131
0.00045857142
0.00039635941
0.00033254618
0.00026582821
0.00019637614
0.0001171566
4.8701465e-05
0.003316148
0.0033124636
0.0033085841
0.0033044728
0.0033000869
0.0032954047
0.0032904121
0.0032850912
0.0032794198
0.0032733745
0.0032669321
0.0032600694
0.003252762
0.0032449838
0.0032367072
0.0032279026
0.0032185406
0.0032085917
0.0031980273
0.0031868188
0.0031749372
0.003162353
0.0031490371
0.0031349617
0.0031201013
0.0031044335
0.0030879391
0.0030706019
0.0030524083
0.0030333473
0.0030134105
0.0029925929
0.0029708932
0.0029483142
0.0029248634
0.0029005531
0.0028753998
0.0028494239
0.0028226491
0.0027951012
0.0027668077
0.0027377966
0.0027080964
0.0026777348
0.0026467387
0.0026151337
0.0025829435
0.0025501896
0.0025168915
0.0024830659
0.0024487271
0.0024138864
0.0023785529
0.0023427332
0.002306432
0.0022696522
0.0022323953
0.0021946619
0.002156452
0.0021177651
0.0020786002
0.0020389562
0.001998832
0.0019582255
0.0019171346
0.0018755561
0.0018334858
0.0017909182
0.0017478465
0.0017042623
0.0016601554
0.0016155141
0.0015703254
0.0015245744
0.0014782451
0.00143132
0.0013837804
0.0013356063
0.0012867769
0.0012372705
0.0011870652
0.0011361385
0.0010844677
0.0010320298
0.00097880172
0.00092476069
0.00086988396
0.00081414869
0.00075753066
0.0007000023
0.00064152813
0.00058205881
0.0005215106
0.00045975622
0.00039650924
0.00033147282
0.00026346665
0.00019307244
0.00011403622
4.7290631e-05
0.0031974959
0.0031938864
0.0031901033
0.0031861146
0.0031818915
0.0031774179
0.0031726832
0.0031676759
0.0031623822
0.0031567852
0.0031508649
0.0031446004
0.0031379715
0.0031309583
0.0031235412
0.0031156993
0.0031074101
0.0030986503
0.0030893958
0.003079622
0.0030693038
0.0030584155
0.0030469319
0.0030348284
0.0030220818
0.0030086703
0.0029945733
0.0029797712
0.0029642453
0.0029479775
0.0029309511
0.0029131507
0.0028945636
0.0028751796
0.0028549918
0.0028339969
0.0028121945
0.0027895875
0.0027661812
0.0027419832
0.002717003
0.0026912517
0.0026647418
0.0026374866
0.0026095006
0.0025807987
0.0025513962
0.0025213085
0.0024905507
0.0024591372
0.0024270816
0.0023943964
0.0023610927
0.0023271804
0.0022926679
0.0022575625
0.0022218703
0.0021855964
0.0021487452
0.0021113203
0.0020733249
0.0020347616
0.0019956325
0.0019559392
0.0019156824
0.0018748621
0.0018334774
0.001791526
0.0017490042
0.0017059071
0.0016622281
0.0016179588
0.0015730895
0.0015276089
0.0014815039
0.0014347602
0.0013873617
0.0013392913
0.0012905301
0.0012410586
0.001190856
0.0011399004
0.0010881694
0.0010356394
0.00098228586
0.00092808328
0.00087300464
0.00081702065
0.00076009816
0.00070219751
0.00064326731
0.00058323801
0.00052200248
0.00045941282
0.00039518017
0.00032905553
0.00026002744
0.00018898946
0.00011037485
4.5120915e-05
0.0030830965
0.0030795788
0.0030759147
0.0030720865
0.0030680653
0.0030638325
0.0030593774
0.0030546915
0.0030497657
0.0030445891
0.0030391479
0.0030334255
0.0030274047
0.0030210688
0.0030144019
0.0030073879
0.0030000101
0.0029922505
0.00298409
0.0029755085
0.0029664849
0.0029569976
0.002947025
0.0029365461
0.0029255401
0.0029139872
0.0029018676
0.0028891615
0.0028758487
0.0028619089
0.002847322
0.0028320684
0.0028161298
0.0027994894
0.0027821323
0.0027640456
0.0027452183
0.0027256414
0.0027053073
0.00268421
0.002662345
0.002639709
0.0026163003
0.0025921188
0.0025671656
0.0025414434
0.0025149562
0.0024877092
0.0024597084
0.0024309606
0.0024014728
0.0023712525
0.002340307
0.0023086434
0.0022762686
0.0022431894
0.0022094121
0.002174943
0.002139788
0.0021039531
0.0020674439
0.0020302656
0.0019924234
0.0019539217
0.0019147643
0.0018749541
0.001834493
0.0017933816
0.0017516196
0.0017092049
0.0016661343
0.0016224028
0.0015780039
0.0015329294
0.0014871696
0.0014407131
0.0013935469
0.0013456564
0.0012970255
0.0012476365
0.00119747
0.0011465056
0.0010947208
0.0010420917
0.00098859255
0.00093419523
0.00087886866
0.00082257776
0.00076528157
0.00070693045
0.00064746097
0.00058679057
0.00052480134
0.00046134431
0.00039615487
0.00032905715
0.0002592051
0.00018773479
0.00010943077
4.4848626e-05
0.0029481318
0.0029449407
0.0029416142
0.0029381284
0.0029344721
0.0029306407
0.0029266292
0.0029224295
0.0029180313
0.0029134226
0.0029085906
0.0029035229
0.0028982081
0.0028926357
0.0028867943
0.0028806712
0.0028742514
0.0028675189
0.0028604569
0.0028530487
0.0028452774
0.0028371263
0.0028285783
0.0028196161
0.0028102225
0.0028003796
0.0027900691
0.0027792718
0.0027679681
0.0027561376
0.0027437598
0.0027308144
0.0027172816
0.0027031424
0.0026883787
0.0026729733
0.0026569097
0.0026401721
0.0026227453
0.0026046146
0.0025857659
0.0025661862
0.0025458632
0.0025247857
0.0025029442
0.0024803301
0.0024569364
0.0024327575
0.0024077889
0.002382027
0.0023554694
0.0023281145
0.0022999611
0.0022710088
0.0022412579
0.0022107091
0.0021793637
0.002147224
0.0021142931
0.002080575
0.0020460748
0.0020107984
0.0019747518
0.0019379418
0.0019003749
0.0018620566
0.0018229917
0.0017831832
0.0017426333
0.0017013428
0.001659311
0.0016165358
0.0015730137
0.0015287391
0.0014837052
0.0014379032
0.0013913226
0.0013439512
0.001295775
0.0012467782
0.001196943
0.0011462497
0.0010946763
0.0010421986
0.00098878946
0.00093441863
0.00087905178
0.00082264952
0.00076516553
0.00070654401
0.00064671559
0.00058559389
0.00052306326
0.00045898938
0.00039314725
0.00032543315
0.00025514643
0.00018357186
0.00010596978
4.2738585e-05
0.002844246
0.0028412094
0.0028380657
0.0028348039
0.0028313959
0.002827824
0.0028240841
0.0028201778
0.0028161043
0.0028118562
0.0028074202
0.0028027806
0.0027979241
0.0027928411
0.0027875248
0.0027819685
0.0027761629
0.0027700959
0.0027637527
0.0027571177
0.0027501748
0.0027429088
0.0027353053
0.0027273505
0.0027190308
0.002710332
0.0027012386
0.0026917342
0.0026818006
0.0026714188
0.0026605692
0.0026492321
0.002637388
0.0026250182
0.0026121043
0.0025986283
0.0025845727
0.0025699196
0.0025546504
0.002538746
0.0025221872
0.0025049554
0.0024870321
0.0024683992
0.0024490397
0.0024289371
0.0024080763
0.0023864429
0.0023640238
0.0023408065
0.0023167798
0.0022919333
0.0022662575
0.0022397441
0.0022123859
0.0021841772
0.002155114
0.0021251944
0.0020944181
0.0020627863
0.0020303009
0.0019969653
0.0019627831
0.001927758
0.0018918927
0.0018551892
0.0018176496
0.0017792764
0.0017400714
0.0017000348
0.0016591656
0.0016174619
0.0015749206
0.0015315377
0.0014873072
0.001442222
0.0013962729
0.0013494495
0.0013017393
0.0012531282
0.0012035998
0.0011531357
0.0011017149
0.0010493136
0.0009959048
0.00094145787
0.00088593765
0.00082930356
0.000771508
0.00071249466
0.00065219561
0.00059052989
0.00052739444
0.00046267907
0.00039619939
0.00032791318
0.00025718936
0.00018537015
0.00010755951
4.382558e-05
0.0026866443
0.0026841766
0.002681603
0.0026789109
0.0026760995
0.0026731639
0.0026700932
0.0026668785
0.0026635158
0.0026600033
0.0026563362
0.0026525054
0.0026484993
0.0026443067
0.002639918
0.0026353251
0.0026305202
0.0026254949
0.0026202394
0.0026147425
0.0026089915
0.002602973
0.0025966737
0.0025900803
0.0025831797
0.002575959
0.0025684046
0.0025605021
0.0025522359
0.0025435893
0.0025345448
0.0025250843
0.0025151895
0.0025048421
0.0024940235
0.0024827152
0.0024708982
0.0024585533
0.0024456606
0.0024321992
0.0024181481
0.0024034855
0.0023881896
0.0023722383
0.0023556095
0.0023382814
0.002320232
0.0023014396
0.0022818823
0.0022615383
0.0022403855
0.0022184014
0.0021955631
0.0021718469
0.0021472285
0.002121679
0.0020951675
0.0020676866
0.0020392482
0.0020098677
0.0019795609
0.0019483474
0.0019162598
0.0018833407
0.001849601
0.0018150242
0.0017795937
0.0017433014
0.0017061421
0.0016681088
0.0016291922
0.0015893827
0.0015486711
0.0015070478
0.0014645027
0.0014210245
0.0013766009
0.0013312182
0.0012848618
0.0012375153
0.0011891609
0.001139779
0.0010893474
0.0010378418
0.00098523472
0.00093149519
0.00087658817
0.00082047372
0.00076310607
0.00070443259
0.00064439202
0.00058291462
0.00051991557
0.00045531242
0.00038896492
0.0003208895
0.00025057126
0.00017945224
0.00010313936
4.1421571e-05
0.0026365412
0.0026340497
0.0026314752
0.0026288077
0.0026260193
0.0026231004
0.0026200573
0.0026168954
0.0026136099
0.0026101878
0.0026066148
0.0026028798
0.0025989768
0.0025949027
0.0025906541
0.0025862246
0.0025816043
0.0025767812
0.0025717426
0.0025664764
0.0025609718
0.002555219
0.002549208
0.0025429286
0.0025363689
0.0025295159
0.0025223551
0.002514871
0.0025070474
0.0024988676
0.0024903151
0.002481373
0.0024720245
0.0024622524
0.0024520392
0.0024413662
0.0024302143
0.0024185632
0.0024063923
0.0023936809
0.0023804074
0.0023665499
0.0023520864
0.0023369947
0.0023212529
0.0023048393
0.002287732
0.0022699094
0.0022513499
0.0022320321
0.002211935
0.0021910374
0.002169319
0.0021467599
0.0021233407
0.0020990427
0.0020738478
0.0020477441
0.0020207252
0.0019927875
0.0019639298
0.0019341546
0.0019034695
0.0018718879
0.0018394206
0.0018060819
0.0017718913
0.0017368395
0.0017009019
0.0016640574
0.001626291
0.0015875894
0.001547938
0.0015073205
0.0014657209
0.0014231235
0.0013795124
0.001334871
0.0012891817
0.0012424262
0.0011945847
0.0011456364
0.0010955588
0.0010443274
0.00099191562
0.0009382938
0.00088342918
0.00082728511
0.00076982044
0.00071098879
0.00065073716
0.00058900636
0.00052572417
0.00046082196
0.00039416945
0.00032578543
0.0002551118
0.00018352387
0.00010624879
4.3112279e-05
0.002404686
0.0024026587
0.0024005548
0.0023983653
0.0023960807
0.0023936909
0.0023911902
0.0023885788
0.002385858
0.0023830248
0.0023800708
0.002376985
0.0023737576
0.0023703822
0.0023668549
0.0023631719
0.0023593277
0.0023553138
0.0023511197
0.0023467342
0.0023421463
0.0023373459
0.0023323241
0.0023270722
0.0023215812
0.0023158412
0.0023098405
0.0023035664
0.0022970047
0.0022901411
0.0022829606
0.0022754486
0.0022675906
0.0022593722
0.0022507788
0.0022417953
0.0022324059
0.0022225942
0.0022123429
0.0022016342
0.0021904496
0.0021787706
0.0021665785
0.0021538548
0.0021405813
0.00212674
0.0021123134
0.0020972841
0.0020816355
0.0020653512
0.0020484155
0.0020308136
0.0020125319
0.0019935581
0.0019738817
0.0019534967
0.0019324004
0.0019105717
0.0018879761
0.0018645786
0.0018403471
0.0018152493
0.0017892464
0.0017622963
0.0017343875
0.0017055408
0.0016757803
0.0016450908
0.0016134379
0.0015807936
0.0015471389
0.0015124558
0.0014767239
0.0014399208
0.0014020247
0.0013630149
0.0013228711
0.0012815727
0.0012390982
0.0011954256
0.0011505322
0.0011043949
0.0010569896
0.0010082913
0.00095827393
0.00090690973
0.00085416945
0.00080002198
0.0007444343
0.00068737156
0.00062879675
0.00056867254
0.00050695676
0.00044362099
0.00037859333
0.000311964
0.00024331339
0.00017409641
0.00010006676
4.022478e-05
)
;

boundaryField
{
    inlet
    {
        type            zeroGradient;
    }
    top
    {
        type            zeroGradient;
    }
    outlet
    {
        type            fixedValue;
        value           uniform 0;
    }
    slipsurface
    {
        type            slip;
    }
    bottom
    {
        type            zeroGradient;
    }
    frontandback
    {
        type            empty;
    }
}


// ************************************************************************* //
