/*--------------------------------*- C++ -*----------------------------------*\
  =========                 |
  \\      /  F ield         | OpenFOAM: The Open Source CFD Toolbox
   \\    /   O peration     | Website:  https://openfoam.org
    \\  /    A nd           | Version:  12
     \\/     M anipulation  |
\*---------------------------------------------------------------------------*/
FoamFile
{
    format      ascii;
    class       volScalarField;
    location    "600";
    object      p;
}
// * * * * * * * * * * * * * * * * * * * * * * * * * * * * * * * * * * * * * //

dimensions      [0 2 -2 0 0 0 0];

internalField   nonuniform List<scalar> 
7480
(
0.0087427037
0.0076963438
0.006572338
0.0060500739
0.0057144203
0.0054562522
0.0052490434
0.005060741
0.0048993136
0.0047655853
0.0046500582
0.0045323111
0.0044088939
0.0042835904
0.0041586616
0.0040352749
0.0039155696
0.0038075428
0.0037076056
0.0036024292
0.0034954091
0.0033972602
0.0033107784
0.0032353115
0.003173005
0.0031191063
0.0030658478
0.003017765
0.0029782887
0.0029457195
0.0029185091
0.0028975468
0.002881497
0.0028625269
0.0028395998
0.0028171921
0.0027964007
0.0027773534
0.0027616332
0.0027416843
0.0027127456
0.0026816077
0.002652572
0.0026255369
0.0025988785
0.0025674734
0.0025306894
0.0024934989
0.00245832
0.0024245367
0.0023863451
0.0023428237
0.002299687
0.002261268
0.002224159
0.0021827537
0.0021392486
0.002098091
0.0020594955
0.0020187402
0.001974694
0.001932611
0.001892816
0.0018514031
0.0018078958
0.0017668459
0.0017264877
0.0016829238
0.0016391735
0.0015971779
0.0015539145
0.0015081763
0.0014648758
0.0014215867
0.001374575
0.0013293031
0.0012847155
0.0012363769
0.0011890764
0.0011426154
0.0010929506
0.001044385
0.00099610383
0.00094447961
0.00089378873
0.00084301082
0.00079036101
0.00073808745
0.00068450772
0.00063106787
0.00057713939
0.00052177311
0.00046770874
0.0004128744
0.00036078071
0.00030626449
0.00027364053
0.00016247295
0.00035966561
-0.00031292135
0.0082292821
0.0073038692
0.006422192
0.0060055999
0.0057875614
0.0055880566
0.0053895373
0.0051954073
0.0050227932
0.004868156
0.0047279599
0.0045924316
0.0044570793
0.0043238652
0.0041938208
0.0040679696
0.0039488425
0.0038387898
0.0037361698
0.0036311007
0.0035240284
0.0034256225
0.003338766
0.003262796
0.0032000884
0.0031455757
0.0030913325
0.0030421415
0.0030013674
0.0029673756
0.0029387081
0.0029163463
0.0028989801
0.002878777
0.0028547525
0.0028312024
0.0028092184
0.0027891133
0.0027725443
0.0027517265
0.002721939
0.0026900955
0.0026604454
0.0026328841
0.0026057643
0.0025738962
0.0025367009
0.0024992259
0.002463842
0.0024298498
0.0023914137
0.0023476591
0.0023043324
0.0022657512
0.0022284734
0.0021868977
0.0021432438
0.0021019476
0.0020632105
0.0020222993
0.0019780997
0.0019358802
0.001895947
0.0018543889
0.0018107426
0.0017695692
0.0017290872
0.0016854007
0.0016415419
0.0015994435
0.0015560754
0.0015102377
0.0014668471
0.0014234646
0.0013763629
0.001331013
0.0012863477
0.0012379336
0.0011905661
0.0011440377
0.0010943064
0.001045681
0.00099734078
0.0009456603
0.00089491878
0.00084409071
0.00079139245
0.00073907328
0.00068544979
0.00063196928
0.00057800152
0.0005225978
0.00046849834
0.00041362942
0.00036150683
0.00030695526
0.00027426644
0.0001637569
0.00036269723
-0.00031040251
0.0079241967
0.0072674157
0.0065390383
0.0061019738
0.0058531895
0.005610933
0.005377452
0.0051653061
0.004983961
0.0048273958
0.0046877882
0.0045578063
0.0044298364
0.0043041373
0.0041809222
0.0040613931
0.0039484196
0.0038414466
0.0037399492
0.0036380656
0.0035349135
0.0034397468
0.0033556469
0.0032818053
0.0032206294
0.0031663816
0.0031117289
0.0030621364
0.0030208457
0.0029862547
0.0029570049
0.0029342654
0.0029158532
0.0028939657
0.0028687982
0.0028443359
0.0028214118
0.0028005095
0.0027834908
0.0027621514
0.0027317104
0.0026993131
0.0026691015
0.0026410643
0.0026135493
0.0025812223
0.0025433248
0.002505153
0.0024694051
0.0024351906
0.0023965057
0.0023525205
0.0023090318
0.0022703386
0.0022329252
0.0021911772
0.0021473777
0.0021059592
0.002067098
0.0020260369
0.0019816873
0.0019393488
0.0018992941
0.0018575992
0.00181382
0.0017725401
0.0017319442
0.0016881333
0.0016441678
0.0016019705
0.0015584964
0.0015125556
0.0014690785
0.0014256015
0.001378404
0.0013329763
0.0012882305
0.0012397342
0.001192298
0.0011456991
0.0010958948
0.0010472065
0.00099880263
0.00094705922
0.00089626349
0.0008453805
0.00079262837
0.00074025897
0.00068658598
0.0006330602
0.00057904822
0.00052360179
0.00046946279
0.00041455375
0.00036239797
0.000307805
0.00027505116
0.00016592588
0.00036811397
-0.0003062926
0.0077049839
0.0071862222
0.0065144592
0.0060621204
0.0058043475
0.0055740468
0.0053526258
0.0051569731
0.0049881827
0.0048408202
0.0047040075
0.0045750675
0.0044470024
0.0043198776
0.0041955844
0.0040750327
0.0039599519
0.0038503531
0.0037466574
0.0036444505
0.0035420236
0.0034470444
0.0033629328
0.0032889391
0.0032262991
0.0031699648
0.003114939
0.0030658695
0.0030252165
0.0029916112
0.0029636378
0.0029424466
0.0029247577
0.0029027953
0.0028779
0.0028538649
0.0028312414
0.0028098022
0.0027919833
0.002770088
0.0027390766
0.0027063753
0.0026758856
0.0026476665
0.0026200884
0.0025875183
0.0025490162
0.0025102572
0.0024742894
0.00244003
0.0024012074
0.0023570398
0.0023134273
0.0022746778
0.0022371117
0.002195034
0.0021509833
0.0021094692
0.0020705477
0.002029387
0.0019849257
0.0019425171
0.001902389
0.0018605934
0.0018167077
0.0017753441
0.0017346466
0.0016907217
0.0016466626
0.0016043824
0.0015608131
0.0015147768
0.0014712277
0.0014276679
0.0013803809
0.001334885
0.0012900652
0.0012414884
0.0011939897
0.0011473253
0.0010974501
0.0010487043
0.0010002406
0.00094843533
0.00089758866
0.00084665311
0.00079384868
0.00074143113
0.0006877096
0.0006341403
0.00058008529
0.00052459686
0.00047041926
0.00041547044
0.00036328076
0.00030865091
0.00027583594
0.00016870046
0.00037508999
-0.00030142136
0.0074985819
0.0070678872
0.0064751482
0.0060525057
0.0058032602
0.005588094
0.0053710189
0.0051757905
0.0050042355
0.0048518894
0.0047100513
0.0045769393
0.0044467231
0.0043185034
0.0041949181
0.0040758276
0.0039615881
0.0038527912
0.003749874
0.0036492765
0.003548934
0.0034550345
0.0033712455
0.0032971397
0.0032332011
0.0031757696
0.0031211002
0.0030722554
0.0030311539
0.0029969436
0.0029683057
0.0029458854
0.0029262346
0.0029033871
0.0028786275
0.0028551806
0.0028334499
0.0028126502
0.0027955023
0.0027745272
0.0027440804
0.0027120406
0.0026816427
0.0026528599
0.0026249422
0.0025921207
0.0025533363
0.0025145302
0.0024786603
0.0024445342
0.0024056693
0.002361291
0.0023175128
0.0022787284
0.0022410646
0.0021986868
0.0021544034
0.0021128101
0.0020738543
0.0020326188
0.0019880652
0.0019456248
0.0019054638
0.001863591
0.0018195982
0.0017780954
0.0017372486
0.0016932251
0.0016491002
0.001606766
0.0015631229
0.0015170078
0.0014734084
0.0014297755
0.0013823955
0.001336837
0.0012919476
0.0012432901
0.0011957324
0.0011490051
0.0010990595
0.0010502599
0.0010017374
0.00094986799
0.00089897004
0.00084798091
0.00079512295
0.00074265701
0.00068888557
0.0006352718
0.00058117226
0.00052563989
0.00047142222
0.00041643188
0.00036420536
0.00030954188
0.0002766501
0.00017188028
0.00038292901
-0.00029605937
0.0073075607
0.0069494982
0.0064389003
0.0060463022
0.0057958017
0.0055815472
0.0053655786
0.0051700717
0.004998956
0.0048469517
0.0047067472
0.0045751724
0.0044470227
0.0043211955
0.0041996177
0.0040820236
0.0039687476
0.0038606128
0.0037578467
0.0036576144
0.0035582036
0.0034647178
0.0033808694
0.0033065168
0.0032418221
0.0031838408
0.0031292458
0.0030801722
0.0030383717
0.0030033007
0.0029737502
0.0029499812
0.0029287498
0.0029054927
0.0028807319
0.0028570615
0.0028349249
0.0028137691
0.0027955847
0.0027739575
0.0027437771
0.002712347
0.0026824448
0.0026541243
0.0026270906
0.0025951482
0.0025569467
0.0025187082
0.0024826685
0.002448048
0.0024090035
0.002364491
0.0023207343
0.0022821327
0.0022445772
0.0022021563
0.0021577735
0.0021160792
0.002077087
0.0020358085
0.0019911697
0.0019486878
0.0019084748
0.001866509
0.0018224077
0.0017807796
0.0017398101
0.0016957027
0.0016515256
0.0016091575
0.0015654636
0.0015192895
0.0014756624
0.0014319315
0.0013844123
0.0013387946
0.0012938537
0.0012451282
0.0011975265
0.0011507491
0.001100737
0.001051884
0.0010033038
0.00095136984
0.0009004223
0.00084938029
0.00079646935
0.00074395624
0.00069013399
0.00063647464
0.00058232884
0.00052675057
0.00047249167
0.00041745834
0.00036519179
0.00031049754
0.00027750353
0.00017535364
0.00039111309
-0.00029018629
0.0071329126
0.0068332691
0.0063941774
0.006030007
0.0057802715
0.005569864
0.0053616677
0.0051705576
0.0050024383
0.0048516166
0.0047122658
0.0045803498
0.0044524479
0.0043270558
0.0042055648
0.0040879954
0.0039748545
0.0038668103
0.0037638919
0.0036639235
0.0035655429
0.0034728125
0.0033892388
0.0033149136
0.0032497339
0.0031912763
0.0031366075
0.0030872416
0.0030448965
0.0030092306
0.002979077
0.0029543703
0.0029322972
0.0029088226
0.0028839361
0.0028598718
0.0028372489
0.0028155714
0.0027961913
0.002773924
0.0027440427
0.0027126799
0.0026826418
0.0026541877
0.002626756
0.00259469
0.0025568882
0.0025193265
0.0024836773
0.0024494814
0.0024111348
0.0023671866
0.002324013
0.0022854948
0.0022474383
0.0022046847
0.0021602561
0.0021186611
0.0020798587
0.002038661
0.0019940062
0.0019514803
0.0019111931
0.0018691636
0.0018250215
0.0017833786
0.0017423524
0.0016981461
0.0016539154
0.0016115186
0.0015677773
0.0015215394
0.0014778857
0.0014340556
0.0013864066
0.0013407498
0.0012957712
0.0012469867
0.0011993576
0.0011525471
0.0011024514
0.0010535167
0.0010048793
0.00095289161
0.00090190691
0.00085082196
0.00079786308
0.00074530282
0.00069142958
0.00063772627
0.00058353509
0.00052791143
0.00047361253
0.00041853622
0.0003662272
0.00031150585
0.00027838454
0.00017905322
0.00039924653
-0.00028373142
0.0069728949
0.0067193135
0.0063416736
0.0060076139
0.0057633956
0.0055581552
0.0053574323
0.0051698927
0.0050028686
0.004852304
0.0047128406
0.0045804693
0.0044529644
0.004328708
0.0042081724
0.0040915541
0.003979394
0.0038721295
0.003769694
0.0036704473
0.0035733095
0.0034814897
0.0033982451
0.0033239121
0.0032582482
0.0031992591
0.0031444201
0.0030947853
0.003051944
0.0030156655
0.0029848282
0.0029591314
0.0029361273
0.0029121602
0.0028869372
0.0028624641
0.0028394575
0.0028174287
0.0027973166
0.0027747101
0.0027451786
0.0027138872
0.0026836992
0.0026548869
0.0026267817
0.0025944513
0.0025568576
0.0025193637
0.0024836442
0.0024491623
0.0024108142
0.002367378
0.0023249853
0.0022869577
0.0022490663
0.0022065237
0.0021625222
0.0021214279
0.0020826013
0.0020408388
0.0019959621
0.0019535087
0.001913365
0.0018714501
0.0018273522
0.0017857569
0.0017446627
0.0017003813
0.0016561744
0.0016137841
0.0015699747
0.001523646
0.0014799751
0.0014360976
0.0013883828
0.0013427062
0.0012976839
0.0012488345
0.0012011843
0.001154344
0.0011041588
0.0010551493
0.0010064662
0.00095443334
0.00090342169
0.00085230462
0.00079928847
0.00074665983
0.00069273303
0.00063899569
0.00058476803
0.00052910487
0.00047476738
0.00041964679
0.00036729467
0.0003125519
0.00027928202
0.0001829309
0.00040699896
-0.00027664172
0.0068257675
0.0066087658
0.006283859
0.0059802974
0.0057443015
0.0055439612
0.0053499124
0.0051664611
0.0050013212
0.0048520004
0.0047133921
0.0045818379
0.0044551951
0.0043321823
0.004212603
0.0040968786
0.0039854853
0.0038787362
0.0037765684
0.0036777731
0.0035815278
0.003490388
0.0034073312
0.0033328892
0.0032667461
0.0032072352
0.0031521926
0.0031022973
0.0030589562
0.0030220343
0.0029904839
0.0029638316
0.002939914
0.0029154405
0.0028899355
0.0028651395
0.0028417809
0.0028193908
0.002798563
0.0027755172
0.0027462031
0.0027149366
0.0026846459
0.0026556161
0.0026271247
0.0025947888
0.0025575235
0.0025200939
0.0024842152
0.0024492645
0.0024107611
0.0023675802
0.0023253591
0.0022870358
0.0022488441
0.0022064795
0.0021631031
0.0021228152
0.0020843008
0.002042337
0.0019976485
0.0019556055
0.0019157389
0.0018734978
0.0018289654
0.0017874095
0.0017464168
0.0017022459
0.0016581565
0.0016158315
0.001571944
0.0015255528
0.0014819468
0.0014380638
0.0013902726
0.0013445722
0.0012995224
0.0012506153
0.0012029467
0.0011560693
0.0011058172
0.0010567839
0.0010080723
0.00095598792
0.00090494694
0.00085379921
0.00080072415
0.0007480289
0.00069405392
0.00064029098
0.00058603474
0.00053033228
0.00047593981
0.00042076456
0.00036837465
0.00031362289
0.00028018935
0.00018694391
0.00041406276
-0.00026887826
0.0066897836
0.0065022195
0.006222193
0.0059480894
0.0057222712
0.0055272711
0.0053399373
0.0051614941
0.0049989781
0.0048511968
0.0047135812
0.0045827639
0.0044568374
0.004334657
0.0042159278
0.0041010538
0.0039904176
0.0038842613
0.0037825284
0.0036843244
0.0035890394
0.0034987131
0.0034160082
0.0033415909
0.0032751238
0.0032151993
0.0031599745
0.0031098456
0.003066032
0.0030284845
0.0029962363
0.0029686782
0.0029438764
0.0029188838
0.0028930829
0.0028679424
0.002844186
0.0028213875
0.0027998593
0.0027763604
0.0027472258
0.0027160174
0.0026856458
0.0026564124
0.0026275465
0.0025951718
0.0025581736
0.0025207901
0.0024847972
0.0024495926
0.0024111693
0.0023683298
0.0023262044
0.002287543
0.0022490264
0.002206749
0.0021635622
0.0021232098
0.0020842447
0.0020421712
0.0019980483
0.0019567642
0.0019174658
0.0018750221
0.0018303509
0.001789095
0.0017484003
0.0017040086
0.0016595246
0.0016172176
0.0015734131
0.0015271426
0.001483688
0.0014398341
0.001391951
0.0013462764
0.0013012715
0.0012523204
0.0012046228
0.0011577124
0.001107415
0.001058378
0.0010096401
0.00095749971
0.00090643423
0.00085525774
0.00080213954
0.00074940957
0.00069539886
0.00064160909
0.00058732079
0.00053157647
0.0004771281
0.00042190173
0.00036947658
0.00031472854
0.00028110931
0.00019104294
0.00042011998
-0.00026040089
0.0065634999
0.0063999484
0.0061578964
0.0059114759
0.0056973722
0.0055084713
0.0053278562
0.0051548409
0.0049953322
0.0048492495
0.004712799
0.0045829202
0.0044579051
0.0043367437
0.0042191053
0.0041052619
0.0039955224
0.0038900885
0.0037889131
0.0036913463
0.0035969656
0.0035074159
0.0034250489
0.0033506242
0.003283831
0.0032234767
0.003168002
0.0031175958
0.0030732914
0.0030350999
0.0030021316
0.0029736763
0.0029479904
0.0029224411
0.0028963058
0.0028708003
0.0028466302
0.0028234127
0.0028012285
0.0027772879
0.0027482931
0.0027171473
0.0026866814
0.0026572302
0.0026279979
0.0025955621
0.0025588032
0.0025214764
0.0024853899
0.0024499655
0.0024115832
0.0023690609
0.002327028
0.002288165
0.0022495455
0.0022074687
0.0021644033
0.0021238702
0.0020845108
0.0020424313
0.0019985389
0.0019572332
0.0019175834
0.0018748954
0.001830706
0.0017901791
0.0017500053
0.0017054324
0.0016607451
0.0016186459
0.0015750607
0.0015286333
0.0014849005
0.0014410419
0.0013932105
0.0013477194
0.0013028098
0.0012538285
0.0012061283
0.0011592517
0.0011089473
0.0010598983
0.0010111284
0.00095894953
0.00090787698
0.0008566716
0.00080351397
0.00075076476
0.00069672726
0.00064290997
0.00058858667
0.00053280668
0.00047832663
0.00042306571
0.00037060008
0.00031585953
0.00028203109
0.00019518079
0.00042487714
-0.00025114588
0.0064457286
0.0063019957
0.0060919844
0.0058710692
0.0056696732
0.0054876114
0.0053136704
0.0051463187
0.0049902501
0.004846198
0.0047112091
0.0045825324
0.0044586166
0.004338576
0.0042220649
0.0041092467
0.0040003908
0.0038956804
0.0037950873
0.0036981557
0.0036046219
0.0035158269
0.0034338249
0.0033594268
0.0032923728
0.0032316476
0.0031759334
0.0031252691
0.0030805072
0.0030416963
0.003008022
0.0029787068
0.0029521663
0.0029260514
0.0028995681
0.0028736999
0.0028491165
0.0028254737
0.0028026675
0.0027782862
0.0027493812
0.0027182922
0.002687724
0.0026580551
0.0026284811
0.0025959788
0.0025594438
0.0025221851
0.0024860091
0.0024503709
0.0024120107
0.0023697847
0.0023278499
0.0022888143
0.0022500793
0.0022081658
0.0021652173
0.0021245591
0.0020850576
0.0020431117
0.001999363
0.0019578898
0.0019178861
0.0018751589
0.0018312101
0.0017905884
0.0017500549
0.0017053992
0.0016612115
0.0016197811
0.0015765136
0.0015299349
0.0014860533
0.0014423094
0.0013945684
0.0013489769
0.0013038468
0.0012548752
0.0012073334
0.0011605839
0.0011102929
0.0010612439
0.0010124897
0.00096032722
0.00090925797
0.00085801606
0.00080483507
0.00075208099
0.00069801596
0.00064417343
0.00058982312
0.00053401494
0.00047951131
0.00042422148
0.00037171492
0.00031698443
0.00028293151
0.00019930144
0.00042801201
-0.00024113252
0.0063354585
0.0062082546
0.0060252619
0.0058274897
0.005639279
0.0054647231
0.0052974752
0.0051359573
0.0049837442
0.0048420634
0.0047087834
0.0045815046
0.0044588258
0.0043399823
0.0042246447
0.0041129057
0.0040049992
0.0039010925
0.0038011768
0.0037049464
0.003612265
0.0035242389
0.0034426475
0.0033683188
0.0033010579
0.0032400014
0.0031840385
0.0031331053
0.0030878883
0.0030484556
0.0030140666
0.0029839048
0.0029565193
0.0029298141
0.0029029525
0.0028767063
0.002851694
0.0028276067
0.0028041986
0.0027793742
0.0027505122
0.002719473
0.0026887991
0.0026589132
0.0026290165
0.0025964362
0.0025601011
0.0025229108
0.0024866439
0.0024508031
0.0024124608
0.0023705174
0.0023286892
0.0022894929
0.0022506352
0.0022088688
0.0021660382
0.002125276
0.0020856406
0.0020437739
0.0020001534
0.0019585692
0.0019184202
0.001875826
0.0018319931
0.0017911058
0.0017502615
0.0017056855
0.0016616475
0.0016200939
0.0015765244
0.0015301048
0.0014867779
0.0014434676
0.0013958649
0.0013501467
0.0013048739
0.0012559979
0.0012085157
0.0011615919
0.0011112016
0.0010622702
0.0010136488
0.00096152763
0.0009104716
0.00085923407
0.00080608942
0.00075334094
0.00069923551
0.00064538674
0.00059102754
0.00053519129
0.00048066388
0.00042535079
0.00037280788
0.00031809357
0.00028379729
0.00020333863
0.00042916664
-0.00023051094
0.0062318227
0.0061185378
0.005958351
0.0057813389
0.005606365
0.0054398629
0.005279377
0.0051237934
0.0049757726
0.0048367832
0.0047054476
0.0045797636
0.0044584816
0.0043409462
0.0042268621
0.0041162752
0.0040093835
0.0039063426
0.0038071676
0.0037116723
0.0036198237
0.0035325498
0.0034513855
0.0033771498
0.0033097185
0.0032483618
0.0031921452
0.0031409372
0.0030952754
0.0030552316
0.0030201344
0.00298915
0.0029609411
0.0029336356
0.0029063769
0.0028797466
0.002854301
0.0028297622
0.0028057785
0.0027805185
0.0027516624
0.002720667
0.0026898869
0.0026597853
0.0026295831
0.0025969164
0.0025607603
0.0025236412
0.0024872881
0.0024512605
0.0024129328
0.0023712551
0.0023295367
0.0022901908
0.0022512129
0.0022095845
0.0021668743
0.0021260175
0.0020862429
0.0020444389
0.0020009495
0.0019592769
0.0019189924
0.0018764892
0.0018327428
0.0017916605
0.001750726
0.0017063322
0.0016622844
0.0016204633
0.0015767072
0.0015304604
0.0014871072
0.0014435663
0.0013960207
0.001350636
0.0013057791
0.0012571324
0.001209675
0.0011625688
0.001112134
0.001063342
0.0010146256
0.00096233901
0.00091137008
0.00086026278
0.000807182
0.00075444346
0.00070033179
0.00064653556
0.00059218017
0.00053630774
0.00048177196
0.00042644626
0.00037386609
0.00031917733
0.00028461778
0.00020723619
0.00042811045
-0.00021943035
0.0061340775
0.0060326176
0.0058917191
0.0057331746
0.0055711579
0.0054131008
0.0052594653
0.0051098681
0.0049663069
0.0048303172
0.0047011679
0.0045772769
0.0044575535
0.0043414398
0.0042286866
0.0041193154
0.0040134955
0.0039113778
0.0038130051
0.0037182865
0.0036272707
0.0035407496
0.003460043
0.0033859414
0.0033183893
0.0032567758
0.0032003152
0.0031488349
0.0031027422
0.003062101
0.0030263031
0.0029945162
0.002965501
0.0029375836
0.0029099051
0.0028828789
0.002856991
0.0028319902
0.0028074488
0.0027817557
0.0027528664
0.0027219009
0.0026910105
0.0026606921
0.0026301984
0.0025974372
0.0025614384
0.0025243906
0.0024879551
0.0024517528
0.0024134339
0.0023720032
0.0023303964
0.0022909136
0.002251819
0.0022103169
0.0021677244
0.0021267795
0.0020868688
0.0020451234
0.0020017644
0.0019600114
0.0019195856
0.0018771533
0.0018334948
0.0017922486
0.0017512238
0.001706976
0.0016629068
0.0016209076
0.0015771884
0.001531091
0.001487531
0.0014437663
0.0013963179
0.0013509115
0.0013059248
0.0012572943
0.0012101093
0.0011633298
0.0011131005
0.0010644506
0.0010155661
0.00096314468
0.00091233432
0.00086117732
0.00080792816
0.00075525074
0.00070125318
0.00064753416
0.00059318695
0.00053731479
0.00048281986
0.00042748751
0.00037486649
0.00032022412
0.00028537992
0.00021093492
0.00042480862
-0.00020799086
0.0060415827
0.005950249
0.0058257078
0.0056834958
0.0055339163
0.0053845258
0.0052378248
0.0050942379
0.0049553422
0.004822637
0.0046959117
0.0045740038
0.0044559947
0.0043414181
0.0042300782
0.0041219915
0.004017308
0.0039161783
0.0038186729
0.0037247764
0.0036346011
0.0035488344
0.0034686113
0.0033946805
0.0033270496
0.003265215
0.0032085177
0.0031567632
0.0031102485
0.0030690208
0.0030325293
0.0029999576
0.0029701531
0.0029416152
0.0029134968
0.002886064
0.002859728
0.0028342585
0.0028091765
0.0027830561
0.0027541
0.0027231511
0.0026921496
0.0026616164
0.0026308459
0.002597985
0.0025621237
0.0025251471
0.0024886341
0.0024522697
0.0024139558
0.0023727556
0.002331263
0.0022916567
0.0022524493
0.0022110615
0.0021685845
0.0021275603
0.0020875191
0.0020458257
0.002002591
0.0019607636
0.0019201992
0.0018778319
0.0018342645
0.0017928648
0.0017517371
0.0017076156
0.0016635348
0.0016213845
0.001577696
0.0015317157
0.0014879884
0.0014441581
0.0013968656
0.0013513284
0.0013061567
0.0012575611
0.0012103502
0.0011634691
0.0011132859
0.0010648967
0.0010162375
0.00096400021
0.00091336805
0.00086204867
0.00080865612
0.0007561171
0.00070207719
0.00064822297
0.00059393188
0.00053816445
0.00048372712
0.00042839649
0.00037577272
0.00032121404
0.0002860581
0.00021437352
0.00041939583
-0.00019626549
0.0059537847
0.0058711853
0.0057605602
0.0056327369
0.0054949145
0.0053542479
0.0052145396
0.0050769679
0.004942889
0.0048137194
0.0046896462
0.0045699052
0.004453763
0.0043408427
0.0042310049
0.0041242763
0.004020797
0.0039207203
0.0038241437
0.0037311132
0.0036417904
0.0035567823
0.0034770675
0.0034033457
0.0033356793
0.0032736616
0.0032167418
0.0031647175
0.0031177934
0.0030759953
0.0030388228
0.0030054863
0.0029749113
0.0029457486
0.0029171725
0.0028893228
0.0028625333
0.0028365893
0.0028109811
0.0027844384
0.0027553846
0.002724436
0.0026933211
0.0026625738
0.0026315386
0.0025985722
0.0025628283
0.0025259205
0.0024893346
0.002452819
0.0024145063
0.0023735197
0.0023321421
0.0022924247
0.0022531081
0.0022118229
0.0021694585
0.0021283632
0.0020881965
0.0020465472
0.0020034306
0.0019615366
0.0019208386
0.0018785283
0.0018350481
0.0017935022
0.0017522685
0.0017082668
0.0016641848
0.0016218877
0.0015782112
0.0015323355
0.0014884644
0.0014445729
0.0013974271
0.0013517745
0.0013065158
0.0012580372
0.0012107322
0.0011637027
0.0011135546
0.0010651005
0.0010163317
0.00096422016
0.00091385425
0.0008626679
0.00080945481
0.00075706516
0.00070285535
0.00064889566
0.00059471325
0.00053890248
0.00048435911
0.00042908706
0.00037653634
0.0003220696
0.00028659565
0.00021750582
0.00041207094
-0.00018430566
0.005870204
0.0057951869
0.0056964432
0.0055812675
0.0054544277
0.0053223968
0.005189697
0.0050581285
0.0049289709
0.0048035505
0.0046823441
0.0045649473
0.0044508204
0.0043396765
0.0042314333
0.004126139
0.004023933
0.0039249748
0.0038293881
0.003737269
0.0036488168
0.0035645769
0.0034853965
0.0034119231
0.0033442649
0.0032821022
0.0032249771
0.0031726893
0.0031253682
0.0030830156
0.0030451755
0.0030110925
0.0029797643
0.0029499735
0.0029209229
0.0028926448
0.0028653966
0.0028389735
0.002812851
0.002785891
0.0027567114
0.0027257456
0.0026945151
0.0026635557
0.0026322667
0.002599191
0.0025635456
0.0025267037
0.0024900503
0.0024533947
0.0024150802
0.0023742915
0.002333029
0.0022932131
0.0022537916
0.0022125985
0.0021703437
0.0021291856
0.0020888986
0.0020472865
0.0020042823
0.0019623295
0.0019215027
0.0018792405
0.0018358432
0.0017941608
0.0017528213
0.0017089308
0.0016648511
0.0016224097
0.0015787381
0.001532967
0.0014889649
0.0014450034
0.0013979874
0.0013522293
0.001306891
0.0012585363
0.0012111478
0.0011640443
0.0011139929
0.0010654197
0.0010165318
0.00096447273
0.0009140391
0.00086275913
0.00080972895
0.00075758336
0.00070344451
0.00064965838
0.00059556188
0.00053959798
0.00048498579
0.00042977832
0.00037715151
0.00032268852
0.00028694519
0.00022030227
0.00040296652
-0.00017210053
0.0057904239
0.0057220272
0.0056334658
0.0055293961
0.0054127221
0.0052891172
0.0051633893
0.0050377939
0.0049136228
0.0047921266
0.0046739837
0.0045591001
0.0044471315
0.0043378831
0.0042313295
0.0041275483
0.0040266866
0.0039289136
0.0038343779
0.0037432166
0.0036556585
0.0035722002
0.0034935805
0.0034203949
0.0033527881
0.0032905184
0.0032332083
0.0031806661
0.0031329617
0.0030900723
0.0030515805
0.0030167706
0.0029847073
0.0029542882
0.002924749
0.0028960325
0.0028683214
0.0028414164
0.0028147904
0.0027874182
0.0027580879
0.0027270867
0.002695738
0.0026645685
0.0026330357
0.0025998471
0.0025642821
0.0025275021
0.0024907862
0.0024540007
0.0024156819
0.0023750754
0.0023339271
0.0022940247
0.002254503
0.0022133915
0.0021712426
0.0021300295
0.0020896276
0.0020480459
0.0020051478
0.0019631436
0.0019221924
0.0018799698
0.0018366515
0.0017948424
0.0017533968
0.0017096072
0.0016655328
0.0016229525
0.001579281
0.0015336106
0.0014894848
0.0014454485
0.0013985555
0.0013527036
0.0013072837
0.0012590383
0.0012115689
0.0011643966
0.0011144549
0.0010657829
0.0010168432
0.00096486851
0.0009143116
0.00086295524
0.00080994443
0.0007577303
0.0007035677
0.00065000976
0.0005960819
0.00054019195
0.00048570313
0.00043049766
0.00037772744
0.00032332791
0.00028723124
0.00022274136
0.00039219781
-0.00015952488
0.0057140811
0.0056514947
0.0055716937
0.0054773765
0.0053700469
0.0052545639
0.0051357151
0.0050160418
0.0048968893
0.0047794541
0.0046645494
0.0045523381
0.0044426642
0.0043354279
0.0042306603
0.0041284731
0.0040290284
0.0039325081
0.0038390841
0.0037489281
0.0036622911
0.0035796321
0.0035016005
0.0034287424
0.0033612307
0.0032988925
0.0032414208
0.0031886367
0.003140564
0.0030971571
0.0030580318
0.0030225149
0.0029897345
0.0029586889
0.002928649
0.002899484
0.0028713061
0.0028439172
0.0028167968
0.0027890168
0.0027595134
0.0027284578
0.0026969875
0.0026656104
0.0026338425
0.0026005379
0.0025650363
0.0025283132
0.0024915398
0.0024546342
0.002416309
0.0023758699
0.0023348344
0.0022948572
0.0022552404
0.0022142007
0.0021721536
0.0021308932
0.0020903821
0.0020488246
0.0020060266
0.0019639775
0.0019229072
0.0018807161
0.0018374727
0.0017955463
0.0017539945
0.0017102959
0.00166623
0.001623517
0.0015798401
0.0015342647
0.0014900232
0.0014459099
0.001399133
0.0013531954
0.0013076911
0.0012595474
0.0012120058
0.0011647648
0.0011149215
0.0010661524
0.0010171623
0.0009652864
0.00091463936
0.00086326371
0.0008102753
0.00075795368
0.00070377087
0.00065017363
0.00059616784
0.0005403985
0.00048612
0.00043099602
0.00037828007
0.0003240331
0.00028746642
0.00022496709
0.00038036671
-0.00014650311
0.0056408587
0.0055833948
0.005511161
0.0054254144
0.0053266296
0.0052188961
0.0051067793
0.0049929532
0.0048788222
0.0047655489
0.0046540325
0.0045446402
0.0044373902
0.004332279
0.0042293936
0.0041288826
0.0040309284
0.0039357284
0.003843477
0.0037543747
0.0036686899
0.0035868518
0.0035094371
0.0034369465
0.0033695737
0.0033072063
0.0032495986
0.0031965882
0.003148164
0.00310426
0.0030645211
0.003028318
0.002994839
0.0029631705
0.0029326201
0.0029029977
0.0028743499
0.0028464764
0.0028188696
0.0027906863
0.0027609898
0.0027298611
0.0026982653
0.002666683
0.0026346881
0.0026012651
0.0025658108
0.002529139
0.002492313
0.0024552966
0.0024169631
0.0023766773
0.0023357522
0.0022957114
0.0022560048
0.0022150279
0.0021730781
0.0021317776
0.0020911632
0.0020496239
0.0020069196
0.0019648321
0.0019236478
0.0018814808
0.0018383077
0.001796273
0.0017546153
0.0017109979
0.0016669432
0.0016241036
0.0015804157
0.0015349297
0.001490581
0.0014463891
0.0013997199
0.001353704
0.0013081141
0.0012600655
0.0012124585
0.0011651469
0.0011153951
0.001066536
0.0010174943
0.00096570959
0.00091497336
0.00086358764
0.00081063105
0.00075823773
0.00070408306
0.00065041813
0.00059633839
0.00054058041
0.00048623764
0.00043109959
0.00037853771
0.00032448475
0.00028754582
0.0002269957
0.00036824384
-0.0001335368
0.0055704786
0.0055175492
0.0054518781
0.0053736741
0.005282674
0.0051822727
0.0050766922
0.0049686125
0.0048594797
0.0047504358
0.0046424318
0.0045359904
0.004431285
0.0043284069
0.0042274985
0.0041287462
0.0040323564
0.0039385448
0.0038475268
0.0037595276
0.0036748291
0.0035938372
0.0035170699
0.003444987
0.0033777973
0.0033154403
0.003257725
0.0032045067
0.0031557496
0.0031113707
0.0030710399
0.0030341724
0.0030000136
0.0029677281
0.0029366598
0.0029065719
0.0028774517
0.0028490937
0.0028210079
0.002792425
0.002762518
0.0027312974
0.0026995715
0.0026677867
0.0026355718
0.0026020281
0.0025666062
0.0025299794
0.0024931053
0.0024559868
0.0024176436
0.0023774976
0.0023366802
0.0022965863
0.0022567956
0.0022158728
0.0021740157
0.0021326819
0.0020919702
0.0020504439
0.0020078268
0.0019657068
0.0019244141
0.0018822638
0.0018391562
0.0017970219
0.0017552595
0.0017117136
0.0016676724
0.0016247123
0.0015810081
0.0015356059
0.0014911583
0.0014468862
0.0014003162
0.0013542294
0.0013085534
0.0012605929
0.0012129263
0.001165543
0.0011158767
0.0010669343
0.0010178386
0.00096613995
0.00091532046
0.0008639208
0.00081099029
0.00075852732
0.00070441749
0.00065070244
0.00059658686
0.00054085469
0.00048641816
0.0004312485
0.00037861383
0.00032457875
0.00028728694
0.00022860945
0.00035631425
-0.00012141073
0.0055026969
0.005453796
0.0053938393
0.0053222858
0.0052383596
0.0051448481
0.0050455674
0.0049431069
0.0048389248
0.0047341476
0.0046297532
0.0045263783
0.0044243284
0.0043237855
0.0042249461
0.0041280342
0.0040332829
0.0039409274
0.0038512034
0.0037643574
0.0036806824
0.0036005655
0.0035244776
0.003452843
0.0033858806
0.0033235747
0.0032657823
0.0032123776
0.0031633081
0.0031184777
0.0030775787
0.0030400695
0.0030052505
0.0029723556
0.0029407644
0.0029102043
0.0028806098
0.0028517685
0.0028232103
0.0027942315
0.0027640985
0.0027327678
0.0027009066
0.002668922
0.0026364935
0.0026028273
0.0025674237
0.0025308352
0.0024939171
0.0024567049
0.0024183509
0.0023783319
0.0023376187
0.0022974817
0.0022576128
0.0022167366
0.002174967
0.0021336063
0.0020928036
0.0020512851
0.0020087489
0.0019666018
0.0019252063
0.0018830661
0.001840019
0.0017977934
0.0017559276
0.0017124437
0.0016684176
0.0016253434
0.0015816182
0.0015362938
0.0014917551
0.0014474018
0.0014009225
0.0013547718
0.0013090098
0.0012611298
0.0012134092
0.0011659539
0.0011163671
0.001067347
0.0010181952
0.00096657816
0.00091568092
0.00086426351
0.00081135782
0.00075882916
0.00070475817
0.00065098927
0.00059684548
0.00054115182
0.00048664915
0.00043148027
0.00037874965
0.00032473612
0.00028687867
0.00022981537
0.00034471438
-0.00011051171
0.0054372986
0.005391988
0.005337027
0.0052713508
0.0051938423
0.0051067689
0.00501352
0.0049165264
0.0048172248
0.0047167235
0.00461601
0.0045157992
0.0044165046
0.0043183917
0.0042217095
0.0041267183
0.0040336784
0.0039428462
0.0038544767
0.0037688348
0.0036862226
0.0036070126
0.003531638
0.0034604927
0.0033938023
0.0033315889
0.0032737519
0.0032201851
0.003170826
0.0031255691
0.0030841272
0.0030460003
0.0030105413
0.0029770464
0.0029449296
0.0029138921
0.0028838224
0.0028544998
0.0028254754
0.002796104
0.0027657313
0.0027342733
0.0027022711
0.0026700891
0.0026374529
0.0026036625
0.0025682642
0.002531707
0.0024947485
0.0024574504
0.0024190847
0.0023791809
0.002338568
0.002298397
0.0022584561
0.0022176192
0.0021759321
0.0021345504
0.002093663
0.0020521479
0.0020096862
0.0019675169
0.0019260242
0.001883888
0.0018408963
0.0017985871
0.0017566199
0.0017131889
0.0016691791
0.001625997
0.0015822463
0.0015369938
0.0014923715
0.0014479363
0.0014015391
0.0013553313
0.0013094834
0.0012616765
0.0012139074
0.0011663799
0.0011168662
0.001067774
0.0010185645
0.0009670246
0.00091605457
0.0008646161
0.00081173437
0.00075914247
0.00070510537
0.00065128522
0.00059711271
0.00054145197
0.00048688293
0.0004317285
0.00037892354
0.00032493364
0.00028652108
0.00023100236
0.00033391601
-0.00010081447
0.0053740939
0.0053319924
0.0052814159
0.0052209469
0.0051492557
0.0050681721
0.0049806647
0.0048889627
0.0047944499
0.0046982092
0.0046012223
0.0045042542
0.0044078025
0.0043122064
0.0042177643
0.0041247712
0.0040335146
0.0039442718
0.0038573167
0.0037729303
0.0036914222
0.0036131537
0.003538528
0.0034679136
0.0034015402
0.0033394616
0.0032816146
0.0032279125
0.0031782887
0.0031326319
0.003090674
0.0030519547
0.003015877
0.0029817933
0.0029491507
0.0029176322
0.002887087
0.002857286
0.0028278014
0.0027980404
0.0027674165
0.0027358145
0.0027036654
0.0026712882
0.0026384495
0.0026045335
0.0025691286
0.0025325954
0.0024955997
0.0024582231
0.002419845
0.0023800451
0.0023395284
0.002299332
0.0022593253
0.0022185213
0.0021769113
0.0021355142
0.0020945483
0.0020530327
0.002010639
0.001968452
0.0019268681
0.00188473
0.0018417884
0.0017994031
0.0017573367
0.0017139497
0.0016699569
0.0016266732
0.0015828931
0.0015377061
0.0014930075
0.0014484902
0.0014021667
0.0013559079
0.0013099748
0.0012622335
0.0012144209
0.0011668215
0.0011173745
0.0010682157
0.0010189471
0.00096747948
0.00091644152
0.00086497904
0.00081212001
0.00075946697
0.00070545989
0.00065159117
0.00059738817
0.00054175764
0.00048712462
0.0004319801
0.0003790955
0.00032512731
0.00028620249
0.00023219197
0.00032407283
-9.2075633e-05
0.0053129144
0.005273689
0.0052269756
0.0051711328
0.0051047136
0.0050291834
0.0049471132
0.0048605083
0.0047706735
0.0046786547
0.0045854166
0.0044917504
0.0043982157
0.0043052141
0.004213089
0.004122168
0.0040327639
0.0039451755
0.0038596938
0.0037766145
0.0036962535
0.0036189635
0.0035451241
0.0034750827
0.0034090715
0.0033471707
0.00328935
0.0032355422
0.0031856808
0.0031396526
0.0030972071
0.003057922
0.0030212479
0.0029865882
0.0029534221
0.0029214207
0.0028904008
0.002860125
0.0028301863
0.0028000387
0.0027691533
0.0027373921
0.0027050896
0.0026725193
0.002639483
0.0026054401
0.0025700176
0.0025335011
0.0024964707
0.0024590225
0.0024206317
0.0023809252
0.0023405
0.002300286
0.0022602198
0.0022194432
0.0021779049
0.0021364973
0.0020954593
0.0020539397
0.0020116079
0.001969407
0.0019277377
0.0018855927
0.0018426959
0.0018002412
0.0017580784
0.0017147268
0.0016707511
0.0016273723
0.0015835591
0.0015384313
0.001493663
0.001449064
0.0014028057
0.0013565016
0.0013104844
0.0012628012
0.0012149499
0.001167279
0.0011178923
0.0010686719
0.0010193434
0.00096794302
0.0009168419
0.00086535272
0.00081251484
0.00075980295
0.00070582213
0.00065190689
0.00059767173
0.00054206947
0.00048737404
0.00043223559
0.00037926843
0.00032532789
0.00028588697
0.00023331697
0.00031471456
-8.4131775e-05
0.0052536106
0.0052169691
0.0051736726
0.0051219516
0.0050603115
0.0049899168
0.0049129734
0.0048312558
0.0047459703
0.0046581146
0.004568625
0.0044783007
0.0043877428
0.0042974033
0.0042076652
0.0041188854
0.0040314006
0.0039455292
0.003861579
0.0037798582
0.0037006885
0.0036244159
0.0035514017
0.0034819762
0.0034163727
0.0033546936
0.0032969373
0.0032430559
0.0031929863
0.0031466164
0.0031037134
0.0030638905
0.0030266433
0.0029914224
0.0029577374
0.0029252532
0.0028937605
0.0028630144
0.0028326275
0.0028020964
0.002770941
0.0027390064
0.0027065439
0.0026737824
0.0026405529
0.0026063818
0.0025709317
0.0025344245
0.0024973616
0.0024598481
0.0024214444
0.0023818216
0.0023414832
0.0023012586
0.0022611392
0.002220385
0.0021789131
0.0021374996
0.0020963957
0.0020548691
0.002012593
0.0019703818
0.0019286329
0.0018864765
0.001843619
0.0018011014
0.001758845
0.0017155208
0.0016715619
0.0016280941
0.0015842447
0.0015391699
0.0014943382
0.0014496581
0.0014034566
0.0013571124
0.0013110126
0.0012633802
0.0012154945
0.0011677529
0.0011184199
0.001069143
0.0010197538
0.00096841549
0.00091725587
0.00086573747
0.00081291904
0.00076015064
0.00070619232
0.00065223243
0.00059796369
0.00054238758
0.00048763096
0.00043249471
0.00037944543
0.00032552501
0.00028558582
0.00023427019
0.00030548777
-7.6727638e-05
0.005196049
0.0051617347
0.0051214716
0.0050734342
0.0050161291
0.0049504742
0.0048783473
0.0048012963
0.0047204163
0.0046366462
0.0045508847
0.0044639232
0.0043763875
0.0042887669
0.004201478
0.0041149031
0.0040294004
0.0039453064
0.003862944
0.0037826327
0.0037046993
0.0036294848
0.003557336
0.0034885696
0.0034234197
0.0033620069
0.0033043548
0.003250434
0.0032001878
0.0031535081
0.0031101792
0.0030698479
0.0030320523
0.0029962866
0.0029620895
0.0029291246
0.0028971621
0.002865951
0.0028351224
0.0028042108
0.0027727781
0.0027406572
0.0027080284
0.0026750771
0.0026416583
0.0026073582
0.0025718714
0.0025353662
0.0024982724
0.0024606995
0.0024222827
0.0023827348
0.0023424783
0.0023022494
0.002262083
0.002221347
0.0021799363
0.0021385207
0.0020973572
0.0020558212
0.0020135949
0.0019713763
0.0019295535
0.0018873817
0.0018445581
0.0018019835
0.0017596368
0.0017163324
0.0016723896
0.0016288388
0.0015849503
0.0015399221
0.0014950329
0.0014502728
0.00140412
0.0013577403
0.0013115596
0.0012639708
0.0012160545
0.0011682435
0.0011189578
0.0010696288
0.0010201787
0.00096889719
0.00091768353
0.00086613366
0.00081333281
0.00076051021
0.00070657065
0.0006525679
0.00059826432
0.00054271202
0.00048789529
0.0004327581
0.00037962398
0.0003257267
0.00028531485
0.00023500479
0.00029628513
-6.9714305e-05
0.0051401104
0.0051078969
0.0050703369
0.0050256014
0.0049722323
0.0049109464
0.0048433308
0.0047707185
0.0046940879
0.0046143098
0.0045322371
0.0044486414
0.004364158
0.0042793019
0.0041945157
0.0041102033
0.004026741
0.0039444816
0.0038637615
0.00378491
0.0037082583
0.0036341435
0.0035629015
0.0034948383
0.0034301882
0.0033690869
0.0033115803
0.0032576565
0.0032072673
0.0031603113
0.0031165895
0.0030757806
0.0030374627
0.0030011704
0.0029664706
0.0029330291
0.0029006013
0.0028689313
0.0028376675
0.0028063788
0.002774663
0.0027423444
0.0027095428
0.0026764029
0.0026427986
0.0026083686
0.0025728367
0.0025363266
0.002499203
0.002461576
0.0024231463
0.002383665
0.0023434854
0.0023032576
0.0022630505
0.0022223292
0.0021809745
0.0021395603
0.0020983433
0.002056796
0.0020146139
0.0019723903
0.0019304994
0.0018883086
0.0018455138
0.0018028873
0.0017604539
0.001717162
0.0016732342
0.0016296064
0.0015856766
0.0015406886
0.0014957472
0.0014509084
0.0014047965
0.0013583854
0.001312126
0.0012645736
0.0012166303
0.001168751
0.0011195064
0.0010701297
0.0010206184
0.00096938842
0.00091812498
0.00086654164
0.00081375633
0.00076088186
0.00070695738
0.00065291343
0.00059857381
0.00054304282
0.00048816719
0.00043302517
0.00037980636
0.00032592111
0.00028507597
0.00023562778
0.00028694992
-6.3219957e-05
0.0050856879
0.005055375
0.0050202327
0.0049784661
0.004928675
0.0048714129
0.0048080123
0.004739608
0.0046670607
0.0045911671
0.0045127272
0.0044324832
0.0043510677
0.0042690097
0.0041867705
0.004104771
0.0040234026
0.0039430314
0.0038640056
0.0037866629
0.0037113381
0.0036383655
0.0035680726
0.0035007569
0.0034366531
0.0033759093
0.0033185907
0.0032647023
0.0032142061
0.0031670088
0.0031229289
0.0030816746
0.0030428618
0.003006063
0.002970872
0.0029369602
0.0029040729
0.0028719509
0.0028402591
0.0028085971
0.0027765936
0.0027440672
0.0027110868
0.0026777592
0.0026439728
0.0026094123
0.0025738278
0.002537306
0.0025001531
0.002462477
0.0024240346
0.0023846123
0.0023445047
0.002304283
0.0022640411
0.0022233315
0.002182028
0.0021406183
0.0020993535
0.0020577934
0.0020156502
0.0019734238
0.0019314701
0.0018892575
0.0018464863
0.0018038128
0.0017612963
0.0017180104
0.001674096
0.0016303967
0.0015864237
0.0015414697
0.001496481
0.0014515653
0.0014054865
0.0013590477
0.0013127118
0.0012651891
0.0012172217
0.0011692759
0.0011200661
0.0010706455
0.0010210733
0.00096988951
0.00091858031
0.00086696175
0.00081418981
0.00076126572
0.00070735274
0.00065326913
0.00059889234
0.00054338005
0.00048844656
0.00043329644
0.00037998985
0.00032612081
0.00028483523
0.00023609908
0.00027782315
-5.707437e-05
0.0050326853
0.005004096
0.0049711238
0.0049320349
0.0048855012
0.0048319432
0.0047724731
0.0047080464
0.0046394091
0.0045672806
0.0044924028
0.0044154809
0.0043371341
0.0042578958
0.0041782384
0.0040985948
0.0040193677
0.0039409342
0.0038636518
0.0037878652
0.003713912
0.0036421246
0.0035728237
0.0035063002
0.0034427892
0.0033824494
0.0033253626
0.0032715499
0.0032209842
0.0031735828
0.0031291808
0.0030875148
0.003048236
0.0030109525
0.0029752842
0.0029409105
0.002907571
0.0028750053
0.002842893
0.0028108618
0.0027785674
0.0027458245
0.0027126596
0.0026791451
0.0026451798
0.0026104883
0.0025748445
0.0025383046
0.0025011227
0.0024634018
0.002424947
0.0023855769
0.0023455363
0.0023053248
0.0022650539
0.0022243538
0.0021830969
0.0021416941
0.0021003875
0.0020588135
0.002016704
0.0019744766
0.0019324655
0.0018902287
0.001847476
0.0018047597
0.001762164
0.001718878
0.0016749752
0.0016312099
0.0015871922
0.0015422661
0.0014972343
0.0014522438
0.0014061907
0.0013597272
0.0013133175
0.0012658179
0.0012178289
0.0011698184
0.0011206373
0.0010711764
0.0010215437
0.0009704008
0.00091904961
0.00086739434
0.00081463348
0.00076166197
0.00070775699
0.00065363509
0.0005992201
0.00054372378
0.00048873349
0.00043357132
0.00038017635
0.00032631779
0.00028454588
0.00023642249
0.00026911817
-5.1070088e-05
0.0049810159
0.0049539932
0.0049229761
0.0048863096
0.0048427456
0.0047925973
0.004736787
0.0046761107
0.0046112058
0.0045427133
0.0044713139
0.00439767
0.0043223791
0.0042459699
0.0041689191
0.0040916663
0.0040146218
0.0039381706
0.0038626773
0.003788492
0.0037159544
0.0036453948
0.0035771288
0.0035114425
0.0034485711
0.003388682
0.0033318719
0.0032781767
0.0032275814
0.0031800142
0.0031353277
0.0030932852
0.003053571
0.0030158264
0.0029796969
0.002944872
0.0029110892
0.0028780887
0.0028455643
0.0028131687
0.0027805813
0.0027476147
0.0027142603
0.0026805595
0.0026464182
0.0026115954
0.0025758865
0.0025393223
0.0025021114
0.0024643494
0.0024258827
0.0023865587
0.0023465803
0.0023063824
0.0022660881
0.002225396
0.0021841813
0.0021427876
0.0021014444
0.0020598561
0.0020177757
0.0019755484
0.0019334849
0.0018912221
0.0018484833
0.0018057279
0.0017630568
0.0017197652
0.0016758719
0.0016320456
0.0015879822
0.0015430781
0.0014980071
0.0014529439
0.0014069097
0.001360424
0.0013139431
0.0012664603
0.001218452
0.0011703787
0.0011212205
0.0010717225
0.00102203
0.00097092264
0.00091953295
0.00086783971
0.00081508752
0.00076207073
0.00070817037
0.00065401139
0.00059955725
0.00054407407
0.00048902783
0.0004338503
0.00038036336
0.00032652101
0.00028422663
0.00023671032
0.00026059878
-4.5419521e-05
0.0049306012
0.0049050058
0.0048757563
0.0048412879
0.004800436
0.0047534269
0.0047010206
0.0046438727
0.0045825205
0.0045175278
0.0044495122
0.0043790891
0.0043068281
0.0042332457
0.004158816
0.0040839805
0.0040091531
0.0039347236
0.0038610614
0.00378852
0.0037174402
0.0036481507
0.0035809627
0.0035161583
0.0034539731
0.0033945821
0.0033380944
0.0032845601
0.0032339763
0.0031862836
0.0031413517
0.0030989691
0.0030588514
0.0030206713
0.0029840989
0.0029488356
0.0029146202
0.0028811951
0.0028482677
0.0028155133
0.002782632
0.0027494359
0.0027158877
0.0026820011
0.0026476866
0.0026127324
0.0025769532
0.0025403592
0.0025031187
0.0024653192
0.002426841
0.0023875575
0.0023476367
0.0023074554
0.0022671429
0.0022264575
0.002185281
0.0021438982
0.0021025238
0.002060921
0.0020188653
0.0019766391
0.0019345282
0.001892238
0.0018495086
0.0018067173
0.0017639748
0.0017206727
0.0016767866
0.001632904
0.0015887941
0.0015439063
0.0014987994
0.0014536659
0.001407644
0.001361138
0.001314589
0.0012671171
0.0012190911
0.001170957
0.0011218162
0.0010722839
0.0010225324
0.00097145539
0.00092003041
0.00086829821
0.0008155522
0.00076249214
0.00070859314
0.00065439814
0.00059990398
0.00054443097
0.00048932967
0.00043413263
0.00038055357
0.00032671652
0.00028389661
0.00023690465
0.00025220346
-4.0181132e-05
0.0048813702
0.0048570783
0.0048294324
0.0047969646
0.0047585938
0.004714476
0.0046652332
0.0046113993
0.0045534201
0.0044917855
0.0044270499
0.0043597792
0.00429051
0.0042197405
0.0041479364
0.004075536
0.0040029531
0.003930579
0.0038587854
0.0037879274
0.0037183461
0.0036503678
0.0035843003
0.0035204223
0.0034589699
0.0034001241
0.0033440053
0.0032906764
0.003240147
0.0031923705
0.0031472336
0.0031045489
0.0030640612
0.003025473
0.0029884781
0.0029527915
0.0029181557
0.0028843176
0.0028509971
0.0028178902
0.0027847154
0.0027512855
0.0027175398
0.002683468
0.0026489831
0.0026138977
0.0025780436
0.0025414146
0.002504144
0.0024663098
0.0024278207
0.0023885728
0.0023487051
0.0023085429
0.0022682172
0.0022275379
0.002186396
0.0021450255
0.0021036248
0.0020620077
0.0020199728
0.0019777485
0.0019355947
0.0018932761
0.0018505519
0.0018077276
0.0017649175
0.0017216006
0.0016777192
0.0016337847
0.001589628
0.0015447511
0.001499611
0.0014544099
0.0014083941
0.0013618695
0.0013152551
0.0012677885
0.0012197462
0.0011715536
0.0011224247
0.0010728606
0.0010230513
0.00097199942
0.00092054202
0.00086877011
0.00081602772
0.0007629263
0.00070902553
0.0006547954
0.0006002604
0.00054479457
0.00048963878
0.00043441894
0.00038074343
0.00032691849
0.00028356931
0.00023695404
0.00024390383
-3.5383864e-05
0.0048332583
0.0048101597
0.0047839738
0.004753332
0.0047172349
0.0046757819
0.0046294778
0.0045787517
0.0045239678
0.0044655463
0.0044039797
0.004339783
0.0042734565
0.0042054752
0.0041362911
0.0040663348
0.0039960163
0.0039257252
0.003855833
0.0037866946
0.0037186498
0.0036520227
0.0035871173
0.0035242096
0.0034635361
0.0034052828
0.0033495799
0.0032965021
0.0032460713
0.003198254
0.003152954
0.0031100064
0.0030691837
0.0030302165
0.0029928219
0.0029567291
0.0029216873
0.0028874487
0.0028537461
0.0028202938
0.0027868274
0.0027531608
0.0027192149
0.0026849586
0.0026503059
0.0026150897
0.002579157
0.0025424884
0.0025051869
0.0024673206
0.0024288209
0.0023896043
0.0023497856
0.0023096443
0.00226931
0.0022286368
0.0021875263
0.0021461692
0.0021047468
0.002063116
0.0020210983
0.0019788764
0.001936684
0.0018943366
0.0018516137
0.0018087587
0.001765885
0.0017225495
0.0016786702
0.0016346877
0.0015904843
0.0015456129
0.0015004422
0.0014551761
0.0014091607
0.0013626184
0.0013159417
0.0012684753
0.0012204174
0.0011721686
0.0011230465
0.0010734526
0.0010235868
0.00097255512
0.00092106789
0.00086925571
0.00081651434
0.00076337334
0.0007094678
0.00065520325
0.00060062669
0.00054516489
0.00048995526
0.00043470834
0.0003809359
0.00032711309
0.00028323519
0.00023687759
0.0002357004
-3.1044086e-05
0.0047862066
0.0047642032
0.004739351
0.0047103806
0.0046763709
0.0046373756
0.0045938008
0.0045459859
0.0044942231
0.0044388682
0.0043803538
0.0043191444
0.0042557017
0.0041904736
0.0041238941
0.0040563822
0.0039883403
0.0039201536
0.0038521905
0.0037848038
0.0037183309
0.0036530927
0.0035893899
0.0035274957
0.0034676465
0.0034100327
0.0033547929
0.0033020127
0.0032517258
0.003203912
0.0031584918
0.0031153219
0.0030742009
0.0030348856
0.002997116
0.0029606365
0.0029252045
0.0028905797
0.0028565068
0.0028227175
0.0027889623
0.0027550577
0.0027209098
0.0026864701
0.0026516522
0.0026163059
0.0025802916
0.0025435792
0.0025062458
0.0024683497
0.0024298402
0.0023906511
0.0023508775
0.0023107586
0.00227042
0.0022297531
0.0021886711
0.0021473284
0.0021058887
0.0020642451
0.0020222416
0.0019800222
0.0019377953
0.0018954191
0.0018526939
0.0018098103
0.0017668768
0.0017235193
0.0016796395
0.0016356127
0.0015913627
0.0015464923
0.0015012926
0.0014559643
0.0014099441
0.0013633848
0.0013166487
0.0012691777
0.0012211048
0.0011728022
0.0011236821
0.0010740602
0.0010241391
0.00097312283
0.00092160802
0.00086975524
0.00081701225
0.0007638333
0.00070992016
0.00065562175
0.00060100293
0.00054554199
0.00049027882
0.00043500141
0.00038112709
0.00032731505
0.00028288752
0.00023661365
0.00022759502
-2.7020619e-05
0.0047401612
0.0047191655
0.0046955357
0.0046680995
0.0046360097
0.0045992833
0.004558243
0.0045131526
0.0044642415
0.0044118065
0.0043562237
0.0042979081
0.0042372815
0.0041747623
0.0041107629
0.004045687
0.0039799264
0.0039138587
0.003847847
0.0037822399
0.0037173711
0.0036535576
0.0035910962
0.0035302574
0.0034712772
0.0034143496
0.0033596201
0.0033071846
0.003257088
0.0032093232
0.0031638269
0.0031204766
0.0030790952
0.0030394646
0.0030013467
0.0029645019
0.0029286977
0.0028937021
0.002859272
0.002825155
0.0027911154
0.0027569729
0.0027226223
0.0026880005
0.0026530201
0.0026175448
0.0025814464
0.0025446866
0.0025073205
0.0024693963
0.0024308776
0.0023917127
0.0023519806
0.0023118853
0.0022715464
0.0022308863
0.0021898304
0.0021485028
0.0021070499
0.0020653947
0.0020234027
0.0019811859
0.0019389283
0.0018965234
0.0018537929
0.0018108822
0.0017678926
0.0017245106
0.0016806275
0.0016365596
0.0015922637
0.0015473895
0.0015021625
0.0014567746
0.0014107449
0.0013641688
0.0013173763
0.0012698963
0.0012218087
0.0011734544
0.0011243319
0.0010746833
0.0010247086
0.00097370299
0.00092216252
0.00087026899
0.00081752176
0.00076430633
0.00071038286
0.00065605097
0.00060138926
0.00054592592
0.00049060947
0.00043529745
0.00038131917
0.00032750749
0.0002825016
0.00023611959
0.00021982707
-2.2746482e-05
0.0046950728
0.0046750067
0.0046525008
0.0046264767
0.0045961558
0.0045615259
0.0045228399
0.0044802977
0.0044340745
0.004384414
0.0043316398
0.0042761189
0.0042182333
0.00415837
0.0040969173
0.0040342607
0.0039707782
0.0039068373
0.0038427935
0.0037789893
0.0037157531
0.0036533971
0.0035922138
0.0035324707
0.0034744031
0.0034182075
0.0033640356
0.003311992
0.0032621327
0.0032144633
0.0031689362
0.0031254485
0.0030838459
0.0030439344
0.003005497
0.0029683107
0.002932154
0.0028968048
0.0028620318
0.0028275976
0.0027932793
0.0027589005
0.0027243476
0.0026895455
0.0026544057
0.0026188028
0.0025826184
0.0025458084
0.0025084088
0.0024704582
0.0024319309
0.0023927874
0.0023530936
0.0023130227
0.0022726873
0.0022320348
0.0021910032
0.0021496914
0.0021082289
0.0020665635
0.0020245808
0.0019823667
0.0019400819
0.0018976489
0.0018549103
0.001811974
0.0017689318
0.0017255231
0.0016816342
0.001637528
0.0015931869
0.0015483049
0.0015030517
0.0014576069
0.0014115634
0.0013649705
0.0013181244
0.0012706316
0.0012225289
0.0011741253
0.0011249964
0.0010753221
0.0010252952
0.00097429592
0.00092273139
0.00087079714
0.00081804306
0.00076479245
0.0007108561
0.00065649096
0.00060178575
0.0005463167
0.00049094701
0.00043559642
0.00038151126
0.00032768512
0.00028207995
0.00023543496
0.00021274334
-1.7895332e-05
0.0046508961
0.0046316897
0.0046102205
0.0045854992
0.0045568111
0.0045241204
0.0044876219
0.0044474618
0.0044037691
0.0043567404
0.0043066507
0.0042538216
0.0041985959
0.0041413283
0.004082381
0.004022119
0.0039609042
0.0038990914
0.0038370263
0.0037750434
0.0037134645
0.0036525959
0.0035927253
0.0035341164
0.0034770036
0.0034215849
0.0033680173
0.0033164131
0.0032668386
0.0032193117
0.0031737998
0.0031302187
0.0030884357
0.0030482792
0.003009553
0.0029720506
0.0029355631
0.0028998787
0.0028647784
0.0028300387
0.0027954489
0.0027608368
0.0027260829
0.0026911031
0.0026558069
0.0026200781
0.0025838068
0.002546944
0.0025095101
0.0024715345
0.0024329993
0.0023938749
0.0023542164
0.0023141707
0.0022738419
0.0022331983
0.0021921894
0.0021508938
0.0021094253
0.0020677512
0.0020257761
0.0019835646
0.0019412557
0.0018987955
0.0018560465
0.0018130857
0.0017699942
0.0017265571
0.0016826598
0.0016385178
0.0015941325
0.0015492389
0.0015039601
0.0014584612
0.0014124001
0.00136579
0.001318893
0.0012713838
0.0012232658
0.0011748149
0.0011256758
0.0010759766
0.0010258992
0.00097490199
0.00092331469
0.00087133988
0.00081857638
0.00076529172
0.00071134008
0.00065694175
0.00060219245
0.00054671436
0.00049129129
0.00043589805
0.00038170267
0.0003278458
0.00028163605
0.00023461349
0.00020596321
-1.2665074e-05
0.004607589
0.0045891799
0.0045686699
0.004545154
0.0045179757
0.0044870807
0.0044526152
0.0044146812
0.0043733683
0.0043288316
0.004281302
0.0042310585
0.0041784061
0.004123667
0.0040671763
0.0040092765
0.0039503113
0.0038906208
0.003830539
0.0037703906
0.0037104893
0.0036511346
0.0035926082
0.0035351701
0.0034790525
0.0034244546
0.0033715373
0.00332042
0.0032711781
0.0032238414
0.0031783917
0.0031347622
0.0030928407
0.0030524768
0.0030134944
0.0029757036
0.0029389088
0.0029029096
0.0028674991
0.002832467
0.0027976142
0.0027627735
0.0027278216
0.0026926671
0.0026572182
0.0026213657
0.0025850072
0.00254809
0.0025106213
0.0024726221
0.0024340797
0.0023949727
0.0023553471
0.002315327
0.0022750081
0.0022343747
0.0021933874
0.0021521086
0.0021106374
0.0020689565
0.0020269876
0.0019847786
0.0019424486
0.0018999623
0.001857201
0.0018142166
0.0017710791
0.0017276124
0.0016837043
0.0016395286
0.0015951003
0.0015501917
0.0015048879
0.0014593373
0.0014132554
0.0013666273
0.0013196821
0.0012721533
0.0012240193
0.0011755233
0.0011263706
0.0010766469
0.0010265207
0.00097552157
0.00092391248
0.00087189742
0.00081912198
0.00076580421
0.000711835
0.00065740339
0.00060260944
0.00054711891
0.00049164211
0.00043620212
0.00038189277
0.00032798913
0.00028117061
0.00023366816
0.0001995583
-7.1858845e-06
0.0045651129
0.0045474444
0.0045278243
0.004505426
0.0044796465
0.0044504168
0.0044178426
0.0043819894
0.0043429136
0.004300734
0.004255642
0.0042078771
0.0041577082
0.0041054255
0.0040513363
0.0039957596
0.0039390191
0.0038814389
0.003823339
0.0037650331
0.0037068251
0.0036490067
0.0035918532
0.0035356196
0.0034805356
0.0034268005
0.0033745784
0.0033239946
0.003275133
0.0032280343
0.0031826939
0.0031390617
0.0030970444
0.0030565119
0.0030173073
0.0029792576
0.0029421807
0.0029058883
0.0028701857
0.0028348756
0.0027997698
0.0027647064
0.0027295604
0.0026942349
0.0026586372
0.0026226637
0.0025862181
0.0025492453
0.0025117415
0.0024737199
0.0024351711
0.0023960798
0.0023564849
0.0023164909
0.0022761846
0.002235563
0.0021945965
0.0021533349
0.002111864
0.0020701782
0.0020282146
0.0019860081
0.0019436599
0.0019011488
0.0018583736
0.0018153663
0.001772186
0.0017286888
0.0016847677
0.0016405602
0.0015960899
0.0015511635
0.0015058347
0.001460235
0.0014141293
0.0013674826
0.0013204914
0.0012729405
0.0012247897
0.0011762505
0.0011270811
0.0010773331
0.0010271596
0.00097615498
0.00092452479
0.00087246986
0.00081968005
0.00076632992
0.00071234101
0.00065787588
0.00060303671
0.00054753035
0.00049199927
0.0004365083
0.00038208097
0.00032811421
0.00028068163
0.00023261253
0.00019344858
-1.5265619e-06
0.0045234343
0.0045064557
0.0044876624
0.0044663013
0.0044418183
0.0044141328
0.0043833175
0.0043494076
0.0043124321
0.0042724784
0.0042297024
0.0041843078
0.0041365291
0.0040866257
0.0040348772
0.0039815781
0.0039270312
0.0038715428
0.0038154178
0.0037589571
0.003702454
0.0036461909
0.0035904358
0.0035354382
0.0034814244
0.003428593
0.0033771102
0.0033271063
0.0032786728
0.0032318605
0.0031866775
0.0031430893
0.0031010204
0.0030603598
0.0030209691
0.0029826919
0.0029453602
0.0029087983
0.0028728237
0.0028372516
0.0028019044
0.0027666261
0.0027312915
0.0026958
0.002660058
0.0026239669
0.0025874353
0.0025504064
0.0025128677
0.0024748249
0.0024362706
0.0023971941
0.0023576282
0.0023176606
0.0022773695
0.0022367614
0.0021958155
0.0021545718
0.002113104
0.0020714152
0.0020294564
0.0019872525
0.0019448884
0.001902354
0.0018595639
0.0018165345
0.0017733141
0.001729786
0.0016858499
0.0016416121
0.0015971012
0.0015521543
0.0015068007
0.0014611541
0.0014150223
0.0013683558
0.001321321
0.0012737456
0.0012255769
0.0011769964
0.0011278076
0.0010780354
0.0010278162
0.00097680256
0.00092515169
0.00087305737
0.00082025084
0.00076686892
0.0007128583
0.00065835929
0.0006034743
0.00054794869
0.00049236256
0.00043681632
0.00038226673
0.00032821998
0.00028016737
0.00023146206
0.00018767733
4.1967176e-06
0.0044825144
0.0044661834
0.0044481651
0.0044277729
0.0044044969
0.0043782483
0.0043490719
0.004316979
0.0042819756
0.0042441225
0.0042035442
0.0041604118
0.0041149282
0.004067323
0.0040178487
0.0039667752
0.0039143838
0.0038609617
0.0038067977
0.0037521787
0.003697386
0.0036426919
0.0035883562
0.0035346219
0.0034817114
0.0034298216
0.0033791198
0.0033297403
0.0032817813
0.0032353028
0.0031903248
0.0031468271
0.003104751
0.0030640034
0.0030244637
0.0029859917
0.0029484339
0.0029116273
0.002875402
0.0028395851
0.0028040095
0.0027685256
0.0027330089
0.002697357
0.002661476
0.0026252711
0.0025886552
0.0025515705
0.0025139972
0.0024759346
0.0024373759
0.0023983136
0.0023587753
0.0023188346
0.0022785611
0.0022379683
0.002197043
0.0021558178
0.0021143557
0.0020726663
0.002030712
0.0019885108
0.0019461333
0.0019035772
0.0018607713
0.0018177205
0.0017744627
0.0017309037
0.0016869507
0.0016426839
0.0015981337
0.0015531641
0.0015077854
0.0014620942
0.0014159342
0.0013692469
0.0013221705
0.0012745686
0.0012263811
0.0011777609
0.0011285502
0.0010787535
0.0010284902
0.00097746446
0.0009257931
0.0008736599
0.00082083442
0.00076742111
0.00071338691
0.0006588535
0.00060392211
0.00054837382
0.00049273164
0.00043712578
0.00038244934
0.00032830543
0.0002796259
0.00023023217
0.00018241385
9.824774e-06
0.0044423163
0.0044265845
0.0044092855
0.0043897942
0.0043676403
0.0043427277
0.0043150788
0.0042846849
0.0042515336
0.0042156622
0.0041771682
0.004136193
0.0040929103
0.0040475219
0.0040002536
0.0039513511
0.0039010736
0.0038496888
0.0037974682
0.0037446838
0.0036916039
0.0036384897
0.003585592
0.0035331465
0.0034813708
0.0034304592
0.0033805793
0.0033318685
0.0032844304
0.0032383334
0.0031936084
0.0031502487
0.0031082108
0.0030674187
0.0030277688
0.0029891367
0.0029513834
0.0029143589
0.0028779057
0.0028418629
0.0028060736
0.0027703948
0.0027347042
0.0026988987
0.0026628846
0.0026265704
0.0025898729
0.0025527334
0.0025151264
0.0024770456
0.0024384838
0.0023994355
0.002359924
0.0023200106
0.0022797572
0.0022391817
0.0021982776
0.0021570718
0.0021156179
0.00207393
0.0020319805
0.0019897823
0.0019473937
0.0019048178
0.0018619958
0.0018189242
0.0017756314
0.0017320417
0.0016880704
0.0016437756
0.0015991875
0.0015541933
0.0015087893
0.0014630554
0.0014168656
0.0013701564
0.0013230401
0.0012754102
0.0012272025
0.0011785441
0.0011293096
0.001079488
0.001029182
0.00097814124
0.0009264493
0.00087427777
0.00082143121
0.0007679867
0.00071392714
0.0006593587
0.00060438025
0.00054880585
0.00049310638
0.00043743643
0.00038262827
0.0003283698
0.00027905564
0.00022893352
0.00017747322
1.5280463e-05
0.0044028705
0.0043877053
0.0043710796
0.004352428
0.0043313165
0.0043076445
0.0042814161
0.0042526069
0.0042211894
0.0041871818
0.0041506573
0.0041117313
0.0040705511
0.0040272918
0.0039821543
0.0039353603
0.0038871471
0.0038377622
0.0037874595
0.0037364951
0.0036851234
0.0036335939
0.0035821471
0.003531011
0.0034803972
0.0034304969
0.0033814769
0.0033334764
0.0032866039
0.0032409349
0.0031965102
0.0031533352
0.0031113812
0.0030705875
0.0030308669
0.0029921105
0.0029541934
0.0029169789
0.0028803219
0.0028440733
0.0028080862
0.0027722246
0.0027363694
0.002700418
0.0026642774
0.002627859
0.0025910829
0.0025538903
0.0025162509
0.0024781535
0.0024395899
0.0024005559
0.0023610707
0.0023211853
0.0022809541
0.002240398
0.0021995159
0.0021583304
0.0021168873
0.0020752032
0.0020332593
0.0019910646
0.001948667
0.0019060731
0.0018632351
0.0018201434
0.0017768182
0.0017331982
0.0016892073
0.0016448856
0.001600261
0.0015552409
0.0015098112
0.0014640364
0.0014178157
0.0013710834
0.0013239288
0.0012762696
0.0012280407
0.0011793454
0.0011300852
0.0010802384
0.0010298909
0.00097883262
0.00092711986
0.00087491059
0.00082204096
0.00076856531
0.00071447874
0.00065987456
0.00060484838
0.00054924445
0.00049348626
0.00043774768
0.00038280267
0.00032841228
0.0002784548
0.00022757286
0.00017287329
2.0410228e-05
0.0043639843
0.0043493606
0.0043333813
0.0043155278
0.0042953994
0.004272893
0.0042479981
0.004220678
0.0041908932
0.0041586456
0.0041239881
0.0040870128
0.004047843
0.0040066298
0.0039635501
0.0039188026
0.003872603
0.0038251791
0.0037767663
0.0037276046
0.0036779338
0.0036279908
0.0035780054
0.003528197
0.0034787704
0.0034299128
0.0033817894
0.0033345402
0.0032882775
0.003243083
0.003199006
0.0031560635
0.0031142396
0.0030734887
0.0030337385
0.0029948953
0.0029568482
0.0029194737
0.0028826389
0.0028462063
0.0028100392
0.0027740088
0.0027379999
0.0027019115
0.0026656519
0.0026291352
0.0025922844
0.002555041
0.002517371
0.0024792589
0.0024406952
0.0024016759
0.0023622166
0.0023223599
0.002282153
0.0022416184
0.0022007592
0.0021595951
0.0021181651
0.0020764871
0.0020345494
0.0019923589
0.0019499543
0.0019073444
0.0018644906
0.0018213795
0.0017780241
0.0017343745
0.001690363
0.001646015
0.0016013552
0.0015563081
0.0015108523
0.0014650383
0.0014187855
0.001372029
0.0013248375
0.0012771478
0.0012288964
0.0011801654
0.0011308781
0.0010810053
0.0010306177
0.00097953944
0.0009278054
0.00087555889
0.0008226643
0.00076915737
0.00071504219
0.0006604014
0.00060532674
0.00054968985
0.00049387122
0.00043805936
0.00038297208
0.00032843234
0.000277824
0.00022615774
0.00016853242
2.4988485e-05
0.0043259051
0.0043117658
0.0042963669
0.0042792418
0.0042600171
0.0042385864
0.004214927
0.0041889921
0.0041607323
0.0041301359
0.0040972376
0.0040621093
0.0040248524
0.0039855957
0.0039444938
0.0039017235
0.0038574794
0.0038119693
0.0037654107
0.0037180266
0.0036700421
0.0036216807
0.003573161
0.0035246927
0.0034764737
0.0034286858
0.0033814918
0.0033350318
0.0032894206
0.0032447449
0.0032010621
0.0031583987
0.0031167514
0.0030760878
0.0030363501
0.0029974589
0.002959317
0.002921814
0.0028848292
0.0028482364
0.0028119089
0.0027757256
0.0027395759
0.002703361
0.0026669912
0.0026303835
0.0025934633
0.0025561727
0.0025184749
0.0024803507
0.002441789
0.0024027856
0.002363353
0.0023235261
0.0022833459
0.0022428352
0.0022020005
0.0021608593
0.0021194448
0.0020777757
0.0020358456
0.0019936601
0.0019512507
0.001908627
0.0018657582
0.0018226287
0.0017792454
0.0017355673
0.0016915346
0.0016471611
0.0016024676
0.0015573926
0.0015119104
0.0014660587
0.0014197734
0.0013729916
0.0013257645
0.0012780437
0.0012297687
0.001181003
0.0011316873
0.0010817879
0.0010313613
0.0009802611
0.00092850523
0.00087622202
0.00082330077
0.00076976231
0.00071561704
0.00066093873
0.00060581483
0.00055014159
0.00049426063
0.00043837078
0.00038313564
0.00032842914
0.00027716476
0.00022469525
0.00016458127
2.8958592e-05
0.0042883434
0.0042746893
0.0042598627
0.0042434389
0.0042250727
0.0042046573
0.0041821609
0.0041575295
0.0041307061
0.0041016678
0.0040704342
0.0040370593
0.0040016254
0.0039642409
0.0039250398
0.0038841783
0.0038418306
0.0037981856
0.0037534424
0.0037078074
0.0036614905
0.0036147015
0.0035676471
0.0035205271
0.0034735315
0.0034268362
0.0033806007
0.0033349641
0.0032900428
0.0032459278
0.0032026828
0.0031603435
0.0031189173
0.0030783846
0.0030387008
0.0029998
0.0029615987
0.0029239988
0.002886892
0.0028501633
0.0028136957
0.0027773761
0.0027410989
0.0027047687
0.0026682982
0.0026316068
0.0025946228
0.0025572888
0.0025195661
0.0024814324
0.002442875
0.0024038888
0.0023644834
0.0023246874
0.0022845359
0.0022440514
0.0022032428
0.0021621259
0.0021207292
0.0020790713
0.0020371501
0.0019949707
0.0019525584
0.0019099229
0.00186704
0.0018238931
0.0017804838
0.0017367782
0.0016927239
0.0016483254
0.0016035995
0.0015584961
0.0015129871
0.0014670991
0.0014207806
0.0013739727
0.0013267109
0.0012789584
0.0012306586
0.0011818589
0.0011325137
0.0010825871
0.0010321225
0.00098099842
0.00092921997
0.00087690051
0.00082395096
0.00077038054
0.00071620371
0.00066148685
0.0006063128
0.0005505998
0.00049465435
0.00043868166
0.00038329283
0.00032840242
0.00027647884
0.00022319128
0.00016085896
3.2392981e-05
0.0042512846
0.0042380805
0.0042237932
0.0042080298
0.0041904698
0.0041710072
0.0041496029
0.004126197
0.0041007264
0.0040731591
0.0040435017
0.0040117925
0.0039780967
0.0039425045
0.0039051307
0.0038661122
0.003825604
0.0037837763
0.0037408105
0.0036968963
0.0036522283
0.0036070024
0.003561413
0.0035156494
0.0034698929
0.0034243132
0.0033790653
0.0033342866
0.0032900942
0.0032465822
0.0032038197
0.0031618504
0.0031206915
0.0030803346
0.0030407478
0.0030018781
0.0029636547
0.0029259921
0.0028887937
0.0028519556
0.0028153706
0.0027789335
0.0027425447
0.0027061123
0.0026695519
0.0026327861
0.0025957453
0.0025583732
0.0025206299
0.0024824904
0.0024439403
0.0024049735
0.0023655969
0.0023258335
0.0022857135
0.002245258
0.0022044777
0.0021633871
0.0021220109
0.0020803669
0.0020384566
0.0019962848
0.0019538718
0.001911227
0.0018683314
0.0018251682
0.0017817351
0.0017380036
0.0016939275
0.0016495049
0.0016047479
0.001559616
0.00151408
0.001468157
0.0014218054
0.0013749704
0.0013276749
0.0012798904
0.0012315648
0.001182732
0.0011333565
0.0010834021
0.0010329004
0.00098175082
0.00092994904
0.00087759377
0.00082461447
0.00077101159
0.00071680186
0.00066204539
0.00060682028
0.00055106417
0.00049505188
0.00043899144
0.00038344298
0.00032835192
0.00027576788
0.00022165123
0.00015743684
3.5366364e-05
0.004215144
0.0042023314
0.0041885089
0.004173333
0.0041565021
0.0041379081
0.0041175055
0.0040952297
0.0040710128
0.0040448149
0.0040166314
0.0039864871
0.0039544318
0.0039205394
0.0038849071
0.0038476536
0.003808916
0.0037688465
0.003727609
0.003685377
0.0036423293
0.003598648
0.0035545146
0.0035101075
0.0034655987
0.0034211508
0.0033769137
0.0033330223
0.0032895931
0.0032467223
0.0032044836
0.0031629273
0.0031220792
0.0030819414
0.0030424934
0.0030036945
0.0029654859
0.0029277943
0.0028905347
0.0028536138
0.0028169345
0.0027803993
0.0027439149
0.0027073938
0.002670755
0.0026339239
0.0025968337
0.0025594291
0.0025216694
0.0024835277
0.0024449879
0.0024060427
0.0023666965
0.0023269676
0.0022868812
0.0022464574
0.0022057075
0.0021646452
0.0021232918
0.0020816644
0.0020397669
0.0019976042
0.0019551925
0.0019125406
0.0018696337
0.0018264556
0.0017830007
0.0017392445
0.0016951468
0.0016507006
0.0016059139
0.0015607535
0.0015151902
0.0014692333
0.0014228486
0.0013759857
0.0013286571
0.0012808403
0.001232488
0.0011836225
0.0011342162
0.0010842332
0.0010336951
0.00098251864
0.00093069263
0.00087830186
0.00082529144
0.00077165544
0.00071741144
0.00066261417
0.00060733696
0.00055153434
0.00049545263
0.00043929941
0.00038358519
0.00032827724
0.0002750332
0.00022007912
0.00015413286
3.7955335e-05
0.0039388438
0.0041014437
0.0043104393
0.0045499647
0.0048446909
0.0052041602
0.0056409641
0.0062065195
0.0069808144
0.0083413702
0.0039388352
0.0041014173
0.0043103999
0.0045498897
0.0048445207
0.0052037492
0.0056398736
0.0062016685
0.0069593231
0.0080860347
0.0039388176
0.0041013633
0.004310317
0.004549732
0.0048441646
0.0052028878
0.0056375065
0.0061921232
0.0069177334
0.0078261234
0.0039387898
0.0041012786
0.0043101857
0.0045494829
0.0048436046
0.0052015252
0.005633744
0.0061779719
0.0068620795
0.0076107674
0.0039387509
0.0041011602
0.0043100014
0.004549134
0.0048428214
0.0051996171
0.0056284781
0.0061596189
0.0067963238
0.0074249221
0.0039387
0.004101005
0.004309759
0.0045486761
0.0048417944
0.0051971161
0.005621644
0.0061374779
0.0067257812
0.0072572699
0.003938636
0.0041008095
0.0043094532
0.0045480989
0.0048405025
0.0051939728
0.0056132213
0.0061118311
0.0066537127
0.0071027664
0.0039385577
0.0041005701
0.0043090779
0.0045473921
0.0048389225
0.0051901467
0.0056031653
0.0060831372
0.0065804433
0.006959025
0.0039384639
0.0041002829
0.0043086271
0.0045465442
0.0048370314
0.0051855937
0.0055914708
0.0060516739
0.0065063753
0.0068248692
0.0039383533
0.0040999436
0.0043080941
0.0045455433
0.004834805
0.0051802741
0.0055781359
0.0060177019
0.0064319549
0.0066992246
0.0039382244
0.0040995477
0.0043074717
0.0045443769
0.0048322185
0.0051741505
0.0055631676
0.0059814788
0.0063575508
0.0065811152
0.0039380757
0.0040990905
0.0043067523
0.0045430316
0.0048292465
0.005167188
0.0055465836
0.0059432487
0.0062834599
0.006469712
0.0039379055
0.0040985665
0.0043059279
0.0045414935
0.0048258635
0.0051593547
0.0055284107
0.0059032414
0.0062099252
0.0063643097
0.0039377122
0.0040979704
0.0043049898
0.0045397479
0.0048220435
0.0051506222
0.0055086839
0.005861673
0.0061371436
0.0062643016
0.0039374937
0.004097296
0.0043039289
0.0045377795
0.0048177607
0.0051409654
0.0054874458
0.005818746
0.0060652717
0.0061691635
0.003937248
0.004096537
0.0043027355
0.0045355724
0.0048129893
0.005130363
0.0054647455
0.0057746501
0.0059944316
0.0060784406
0.0039369731
0.0040956866
0.0043013994
0.0045331101
0.0048077038
0.0051187976
0.005440638
0.0057295618
0.0059247165
0.0059917367
0.0039366664
0.0040947375
0.0042999098
0.0045303756
0.0048018792
0.0051062556
0.0054151834
0.0056836452
0.0058561946
0.0059087053
0.0039363256
0.0040936818
0.0042982553
0.0045273512
0.0047954911
0.0050927276
0.0053884459
0.0056370519
0.0057889138
0.0058290411
0.003935948
0.0040925111
0.004296424
0.004524019
0.004788516
0.0050782083
0.0053604935
0.0055899217
0.0057229049
0.0057524745
0.0039355307
0.0040912167
0.0042944031
0.0045203606
0.0047809315
0.0050626965
0.0053313966
0.0055423828
0.0056581846
0.005678766
0.0039350707
0.004089789
0.0042921797
0.0045163572
0.0047727165
0.0050461952
0.005301228
0.0054945524
0.005594758
0.0056077017
0.0039345649
0.0040882178
0.0042897399
0.00451199
0.0047638509
0.0050287114
0.0052700618
0.0054465372
0.0055326213
0.00553909
0.0039340097
0.0040864925
0.0042870695
0.0045072397
0.0047543168
0.0050102561
0.0052379726
0.005398434
0.0054717631
0.0054727583
0.0039334015
0.0040846017
0.0042841536
0.0045020873
0.0047440975
0.0049908442
0.0052050355
0.0053503297
0.0054121663
0.0054085509
0.0039327366
0.0040825331
0.004280977
0.0044965138
0.0047331784
0.0049704941
0.0051713251
0.0053023029
0.0053538093
0.0053463267
0.0039320107
0.0040802738
0.0042775238
0.0044905002
0.0047215471
0.0049492279
0.0051369153
0.0052544235
0.0052966672
0.0052859575
0.0039312195
0.0040778101
0.0042737779
0.0044840279
0.004709193
0.0049270709
0.0051018785
0.0052067538
0.0052407125
0.0052273266
0.0039303586
0.0040751276
0.0042697226
0.0044770788
0.0046961082
0.0049040513
0.0050662855
0.0051593488
0.0051859158
0.0051703275
0.003929423
0.0040722109
0.0042653411
0.0044696353
0.0046822867
0.0048802004
0.0050302052
0.0051122569
0.0051322467
0.0051148629
0.0039284076
0.0040690437
0.0042606164
0.0044616803
0.0046677252
0.0048555518
0.004993704
0.0050655204
0.0050796739
0.0050608437
0.0039273072
0.0040656089
0.0042555314
0.0044531976
0.0046524228
0.0048301412
0.0049568461
0.0050191762
0.0050281659
0.0050081883
0.0039261161
0.0040618883
0.004250069
0.0044441721
0.0046363809
0.0048040065
0.0049196926
0.0049732557
0.0049776911
0.0049568216
0.0039248285
0.0040578628
0.0042442123
0.0044345893
0.0046196035
0.004777187
0.0048823019
0.0049277859
0.0049282182
0.0049066747
0.0039234381
0.0040535124
0.0042379449
0.0044244362
0.004602097
0.0047497235
0.0048447295
0.0048827896
0.0048797159
0.0048576839
0.0039219386
0.0040488158
0.0042312509
0.0044137009
0.0045838701
0.0047216577
0.0048070277
0.0048382855
0.0048321539
0.0048097907
0.0039203234
0.0040437511
0.0042241152
0.0044023726
0.004564934
0.0046930321
0.0047692457
0.004794289
0.0047855023
0.0047629411
0.0039185855
0.0040382949
0.0042165237
0.0043904419
0.0045453019
0.0046638897
0.0047314297
0.0047508123
0.004739732
0.0047170848
0.0039167178
0.0040324231
0.004208464
0.0043779008
0.0045249892
0.0046342739
0.0046936228
0.0047078649
0.0046948144
0.0046721755
0.0039147128
0.0040261105
0.0041999251
0.0043647423
0.0045040132
0.0046042278
0.004655865
0.0046654534
0.0046507221
0.0046281699
0.0039125628
0.0040193314
0.0041908986
0.0043509607
0.0044823933
0.0045737944
0.004618193
0.0046235823
0.0046074284
0.0045850283
0.0039102598
0.0040120589
0.0041813785
0.0043365509
0.0044601507
0.0045430167
0.004580641
0.0045822534
0.0045649068
0.0045427139
0.0039077955
0.0040042664
0.0041713622
0.0043215085
0.0044373083
0.0045119367
0.0045432409
0.0045414679
0.0045231303
0.0045011869
0.003905161
0.0039959273
0.0041608511
0.0043058294
0.0044138906
0.0044805938
0.0045060211
0.0045012296
0.0044820831
0.0044604205
0.0039023467
0.0039870164
0.0041498507
0.0042895095
0.0043899279
0.0044490255
0.004468995
0.0044615238
0.0044417415
0.0044204082
0.003899342
0.0039775119
0.0041383703
0.0042725378
0.0043654589
0.0044172938
0.0044321949
0.004422325
0.0044020207
0.0043810103
0.0038961338
0.0039673999
0.0041264321
0.0042548842
0.0043404751
0.0043854503
0.0043957176
0.0043837569
0.0043630747
0.0043424246
0.0038927053
0.0039566701
0.0041140968
0.0042366062
0.0043149097
0.0043533451
0.0043593663
0.0043455868
0.0043246426
0.0043043708
0.003889029
0.0039453015
0.0041012524
0.00421805
0.0042891286
0.0043212524
0.0043233359
0.0043079468
0.0042868063
0.0042668843
0.003885033
0.0039334382
0.0040868334
0.0041988874
0.0042631333
0.0042892643
0.0042877567
0.0042710064
0.0042497937
0.0042302796
0.003880315
0.0039213312
0.0040695122
0.0041776739
0.0042353754
0.0042556224
0.0042506941
0.0042327247
0.004211491
0.0041923647
0.003873829
0.0039094205
0.0040487435
0.0041527422
0.004203483
0.004217403
0.0042089177
0.0041897965
0.004168658
0.0041500321
0.0038647273
0.0038979268
0.0040242903
0.0041223145
0.0041652316
0.004172186
0.004159885
0.0041396186
0.00411865
0.0041005764
0.0038528759
0.003884655
0.0039946849
0.0040840059
0.0041185686
0.0041184751
0.0041024207
0.0040811687
0.0040605339
0.0040431458
0.0038374917
0.0038673025
0.0039593797
0.004036956
0.0040628702
0.0040561889
0.0040367542
0.0040147886
0.0039947092
0.0039781603
0.0038172523
0.0038445927
0.0039190809
0.0039814231
0.0039977751
0.0039849083
0.0039624155
0.0039397668
0.0039201329
0.0039043185
0.0037907791
0.0038148274
0.0038720702
0.0039162747
0.0039221499
0.0039039196
0.0038793013
0.0038565793
0.0038378144
0.0038230385
0.0037566618
0.0037758071
0.0038148368
0.0038399942
0.0038354858
0.0038131048
0.0037873668
0.0037648957
0.0037469179
0.0037330334
0.0037128511
0.0037252121
0.0037460942
0.0037534728
0.0037396221
0.0037142712
0.0036883597
0.0036666596
0.0036496891
0.0036367566
0.0036569492
0.0036612236
0.0036650871
0.0036568185
0.0036348437
0.0036071511
0.0035813289
0.0035603941
0.0035443324
0.0035322935
0.0035866364
0.0035825558
0.0035714857
0.0035505262
0.0035226027
0.0034940466
0.0034693774
0.0034498781
0.0034350291
0.0034239458
0.0035002073
0.0034889018
0.0034659393
0.0034357936
0.0034040392
0.0033751596
0.0033513645
0.0033328756
0.0033189315
0.0033086153
0.0033976658
0.0033811284
0.0033501904
0.0033149602
0.003282407
0.0032551437
0.0032334232
0.0032166339
0.0032039267
0.0031944933
0.0032816709
0.0032622887
0.0032272051
0.0031894776
0.0031565648
0.0031301614
0.0031096852
0.0030941271
0.0030824993
0.0030739492
0.0031582703
0.0031386347
0.0031045184
0.0030698016
0.0030409003
0.0030180975
0.0030001921
0.0029862586
0.0029755985
0.002967591
0.0030371722
0.00301805
0.002985203
0.0029526881
0.0029269285
0.002907813
0.0028937203
0.0028831857
0.0028752725
0.0028692876
0.0029318595
0.002918788
0.0028959985
0.0028742194
0.0028576855
0.0028462374
0.0028387066
0.0028338235
0.0028307632
0.0028288889
0.0028526266
0.0028322059
0.0028083975
0.0027891532
0.0027729472
0.0027586947
0.0027461348
0.0027349407
0.002724744
0.0027153419
0.0041776521
0.0041652921
0.0041520006
0.0041374536
0.0041213742
0.0041036588
0.0040842582
0.0040631049
0.0040401283
0.0040152826
0.0039885544
0.0039599569
0.0039295267
0.0038973227
0.0038634262
0.0038279389
0.0037909805
0.0037526853
0.0037132005
0.0036726824
0.0036312944
0.0035892035
0.003546578
0.0035035843
0.0034603845
0.0034171327
0.0033739732
0.0033310368
0.0032884389
0.0032462768
0.0032046276
0.0031635475
0.0031230702
0.0030832074
0.0030439497
0.0030052681
0.0029671159
0.0029294318
0.0028921425
0.0028551659
0.0028184147
0.0027818002
0.0027452356
0.0027086385
0.0026719319
0.0026350444
0.0025979121
0.0025604812
0.0025227104
0.0024845715
0.0024460467
0.0024071274
0.0023678155
0.0023281251
0.0022880771
0.0022476895
0.0022069742
0.0021659441
0.0021246176
0.0020830106
0.0020411291
0.0019989779
0.0019565702
0.0019139137
0.0018709971
0.0018278051
0.0017843298
0.0017405498
0.0016964302
0.0016519603
0.0016071441
0.0015619543
0.0015163627
0.0014703717
0.0014239528
0.0013770603
0.0013296981
0.0012818477
0.0012334668
0.0011845678
0.0011351289
0.0010851155
0.0010345402
0.00098333454
0.00093148239
0.00087905498
0.00082601091
0.00077233968
0.00071805866
0.00066321767
0.00060788506
0.00055203056
0.00049587366
0.00043961852
0.00038372524
0.00032817513
0.00027424592
0.00021841349
0.00015095901
4.0301146e-05
0.0041358371
0.004123946
0.0041112007
0.0040973136
0.0040820267
0.004065237
0.0040468915
0.0040269211
0.004005253
0.0039818369
0.0039566512
0.0039296987
0.0039010033
0.0038706097
0.0038385829
0.0038050074
0.0037699847
0.0037336306
0.0036960735
0.0036574515
0.00361791
0.0035775996
0.0035366728
0.0034952822
0.0034535776
0.0034117033
0.0033697954
0.0033279797
0.0032863687
0.0032450596
0.0032041324
0.0031636481
0.0031236484
0.0030841544
0.0030451679
0.0030066723
0.0029686338
0.0029310042
0.002893723
0.0028567204
0.0028199202
0.0027832436
0.0027466118
0.0027099486
0.0026731821
0.0026362449
0.0025990765
0.0025616249
0.0025238491
0.0024857197
0.0024472173
0.0024083318
0.0023690625
0.0023294193
0.0022894187
0.0022490764
0.0022084042
0.002167414
0.0021261217
0.0020845419
0.0020426817
0.0020005463
0.0019581461
0.0019154875
0.0018725624
0.0018293567
0.0017858607
0.0017420557
0.0016979119
0.001653416
0.0016085677
0.001563345
0.0015177211
0.0014716924
0.0014252348
0.001378308
0.0013309081
0.0012830194
0.0012346048
0.001185668
0.0011361913
0.0010861424
0.0010355254
0.00098428497
0.0009324017
0.00087993264
0.00082684868
0.00077313614
0.00071881116
0.00066391856
0.00060852113
0.00055260305
0.00049635641
0.0004399782
0.00038387232
0.00032802657
0.00027331967
0.00021647797
0.00014735614
4.2644721e-05
0.0040869223
0.0040755403
0.0040634033
0.0040502547
0.0040358502
0.0040200852
0.0040029032
0.0039842339
0.0039640037
0.0039421586
0.00391867
0.0038935314
0.0038667548
0.0038383711
0.0038084294
0.0037769965
0.0037441547
0.0037100001
0.0036746405
0.0036381934
0.0036007842
0.0035625436
0.0035236062
0.0034841075
0.0034441823
0.003403962
0.0033635725
0.0033231317
0.0032827473
0.003242515
0.0032025158
0.0031628151
0.0031234615
0.0030844858
0.0030459012
0.003007704
0.0029698747
0.0029323793
0.0028951718
0.0028581962
0.0028213896
0.0027846846
0.0027480123
0.0027113045
0.0026744958
0.0026375242
0.0026003334
0.0025628741
0.0025251062
0.0024869996
0.0024485338
0.0024096966
0.0023704848
0.0023309042
0.0022909665
0.002250685
0.0022100704
0.0021691336
0.0021278881
0.0020863468
0.0020445175
0.0020024058
0.0019600195
0.0019173639
0.0018744331
0.0018312149
0.0017876987
0.0017438677
0.0016996972
0.0016551722
0.0016102885
0.001565028
0.0015193664
0.0014732947
0.0014267922
0.0013798242
0.0013323804
0.0012844465
0.001235991
0.0011870098
0.0011374879
0.0010873959
0.00103673
0.00098544677
0.00093352476
0.00088100634
0.00082787315
0.00077410983
0.00071973023
0.00066477375
0.00060929679
0.00055329699
0.00049693764
0.00044040328
0.0003840329
0.00032780953
0.00027218936
0.00021414408
0.0001434231
4.4934931e-05
0.0040301532
0.0040194141
0.0040080129
0.0039957107
0.003982287
0.0039676444
0.003951726
0.0039344621
0.0039157801
0.0038956243
0.0038739616
0.0038507779
0.0038260754
0.0037998723
0.003772203
0.0037431172
0.003712678
0.0036809613
0.0036480531
0.0036140491
0.0035790522
0.0035431716
0.0035065206
0.0034692151
0.0034313718
0.0033931062
0.0033545309
0.0033157532
0.0032768734
0.0032379828
0.0031991618
0.0031604781
0.003121986
0.0030837248
0.0030457188
0.0030079773
0.0029704952
0.0029332538
0.0028962227
0.0028593615
0.0028226217
0.0027859493
0.0027492874
0.0027125776
0.0026757629
0.0026387881
0.0026016023
0.0025641601
0.0025264232
0.0024883619
0.0024499545
0.0024111872
0.0023720543
0.0023325575
0.0022927043
0.0022525043
0.0022119672
0.0021711024
0.0021299211
0.0020884342
0.0020466498
0.0020045735
0.0019622111
0.0019195666
0.0018766361
0.0018334093
0.0017898752
0.0017460193
0.0017018209
0.0016572645
0.0016123428
0.0015670404
0.0015213357
0.0014752157
0.0014286622
0.0013816457
0.0013341512
0.0012861649
0.0012376603
0.0011886272
0.0011390519
0.0010889081
0.0010381854
0.00098685005
0.00093488005
0.00088230336
0.0008291099
0.00077528428
0.00072083701
0.00066580159
0.00061022714
0.00055412246
0.00049762129
0.00044088894
0.00038419038
0.00032748912
0.00027081172
0.00021139736
0.00013920156
4.6933855e-05
0.0039658791
0.0039557395
0.0039450297
0.0039335606
0.0039211261
0.0039076255
0.0038929993
0.0038771797
0.0038600959
0.0038416915
0.0038219293
0.0038007891
0.0037782643
0.0037543623
0.0037291036
0.0037025219
0.0036746622
0.0036455799
0.0036153398
0.0035840145
0.0035516838
0.0035184332
0.0034843532
0.0034495374
0.0034140818
0.0033780831
0.0033416372
0.0033048379
0.0032677746
0.0032305313
0.0031931846
0.003155802
0.003118441
0.0030811472
0.0030439546
0.0030068842
0.0029699448
0.002933133
0.0028964345
0.0028598249
0.0028232718
0.002786736
0.0027501742
0.0027135399
0.0026767863
0.002639867
0.0026027378
0.0025653586
0.0025276944
0.0024897167
0.0024514038
0.0024127408
0.0023737196
0.0023343383
0.0022946003
0.0022545122
0.0022140812
0.0021733153
0.0021322232
0.0020908142
0.0020490955
0.0020070726
0.0019647501
0.0019221306
0.0018792115
0.0018359844
0.0017924391
0.0017485627
0.0017043381
0.0016597506
0.0016147902
0.0015694434
0.0015236912
0.0014775186
0.0014309086
0.0013838364
0.0013362845
0.0012882386
0.0012396763
0.0011905833
0.0011409458
0.0010907405
0.0010399523
0.00098855419
0.00093652508
0.00088387975
0.00083061314
0.00077671112
0.00072218017
0.00066704721
0.00061135312
0.00055511416
0.00049843411
0.00044145116
0.00038434719
0.00032705018
0.00026916951
0.00020830204
0.00013474434
4.8487974e-05
0.0038927292
0.0038832698
0.0038733515
0.0038627974
0.0038514215
0.0038391293
0.0038258611
0.0038115503
0.0037961281
0.0037795386
0.0037617429
0.0037427164
0.0037224463
0.0037009314
0.003678181
0.0036542151
0.0036290627
0.003602761
0.0035753547
0.0035468947
0.0035174382
0.0034870471
0.0034557882
0.003423732
0.0033909518
0.0033575234
0.0033235235
0.0032890289
0.0032541152
0.0032188556
0.0031833191
0.0031475693
0.0031116633
0.0030756503
0.0030395703
0.0030034539
0.0029673219
0.0029311846
0.002895043
0.0028588887
0.0028227054
0.0027864697
0.0027501531
0.0027137227
0.0026771436
0.0026403799
0.0026033962
0.0025661591
0.0025286385
0.0024908089
0.0024526496
0.0024141456
0.0023752871
0.0023360697
0.0022964935
0.0022565616
0.0022162789
0.0021756514
0.0021346858
0.0020933894
0.0020517683
0.0020098274
0.0019675703
0.0019249986
0.0018821105
0.0018388996
0.0017953567
0.0017514706
0.0017072274
0.0016626136
0.001617618
0.001572228
0.0015264273
0.0014802003
0.0014335306
0.0013863976
0.0013387829
0.0012906712
0.0012420433
0.0011928828
0.0011431747
0.0010928982
0.0010420354
0.00099056367
0.000938463
0.00088573725
0.00083238301
0.00077838791
0.00072375402
0.00066850084
0.00061265991
0.0005562499
0.00049934428
0.00044204562
0.00038444507
0.00032641961
0.00026720764
0.00020486024
0.00013008917
4.9406765e-05
0.0038122963
0.0038035387
0.0037943948
0.003784734
0.003774389
0.0037632659
0.003751306
0.0037384476
0.0037246273
0.0037097921
0.0036939035
0.0036769349
0.00365887
0.0036397012
0.0036194298
0.0035980648
0.0035756221
0.0035521237
0.0035275964
0.0035020722
0.0034755872
0.0034481815
0.0034198989
0.0033907868
0.0033608957
0.0033302791
0.0032989926
0.003267094
0.0032346417
0.0032016942
0.0031683093
0.0031345424
0.0031004457
0.0030660672
0.0030314491
0.0029966273
0.0029616307
0.0029264806
0.0028911905
0.0028557662
0.0028202065
0.0027845033
0.002748643
0.0027126072
0.0026763742
0.0026399198
0.0026032191
0.0025662472
0.0025289806
0.0024913986
0.0024534834
0.002415221
0.0023766017
0.0023376194
0.0022982718
0.0022585596
0.0022184853
0.0021780528
0.0021372668
0.0020961327
0.0020546554
0.0020128387
0.0019706855
0.0019281967
0.0018853709
0.0018422032
0.0017986862
0.0017548103
0.0017105644
0.0016659364
0.0016209152
0.0015754892
0.0015296441
0.001483365
0.0014366366
0.0013894411
0.0013417607
0.0012935797
0.0012448807
0.0011956465
0.0011458611
0.001095505
0.0010445593
0.00099300325
0.00094081815
0.00088799934
0.000834542
0.00078043493
0.00072567564
0.00067027533
0.00061425473
0.00055762889
0.00050044024
0.0004427477
0.00038454737
0.00032565519
0.00026501901
0.00020120987
0.00012546681
4.9672798e-05
0.003723065
0.0037150114
0.0037066481
0.0036978635
0.0036885174
0.0036785276
0.0036678382
0.0036563907
0.0036441265
0.0036309961
0.0036169621
0.0036019974
0.0035860831
0.0035692076
0.0035513662
0.0035325598
0.0035127943
0.0034920794
0.0034704283
0.003447857
0.0034243841
0.0034000307
0.0033748206
0.0033487802
0.0033219386
0.0032943276
0.0032659821
0.0032369393
0.003207239
0.0031769228
0.0031460336
0.0031146146
0.0030827089
0.0030503582
0.0030176018
0.002984476
0.0029510129
0.0029172399
0.0028831791
0.0028488468
0.002814254
0.0027794058
0.0027443023
0.0027089388
0.0026733068
0.0026373948
0.0026011891
0.0025646747
0.0025278365
0.0024906603
0.002453133
0.0024152438
0.0023769843
0.0023383488
0.002299334
0.0022599391
0.0022201649
0.0021800136
0.0021394883
0.0020985924
0.0020573296
0.0020157027
0.0019737138
0.0019313635
0.0018886506
0.0018455715
0.0018021204
0.0017582898
0.0017140707
0.0016694532
0.0016244273
0.0015789822
0.0015331059
0.0014867852
0.0014400059
0.0013927528
0.0013450096
0.0012967607
0.0012479897
0.0011986798
0.0011488139
0.0010983735
0.001047339
0.00099569081
0.00094341033
0.00089048676
0.00083691181
0.00078267384
0.00072776554
0.00067218883
0.00061595197
0.00055905986
0.00050152268
0.00044334977
0.00038444369
0.00032455991
0.00026246198
0.00019727137
0.00012087709
4.9122923e-05
0.0036275315
0.0036201017
0.0036124378
0.0036044592
0.0035960411
0.0035871035
0.0035775921
0.0035674525
0.0035566303
0.0035450788
0.003532762
0.0035196528
0.0035057312
0.0034909835
0.0034754015
0.0034589812
0.0034417221
0.0034236259
0.0034046962
0.0033849378
0.0033643565
0.0033429591
0.0033207535
0.0032977491
0.0032739569
0.0032493903
0.0032240648
0.0031979987
0.0031712131
0.0031437319
0.0031155812
0.0030867897
0.0030573876
0.0030274061
0.0029968767
0.0029658305
0.0029342973
0.0029023049
0.0028698784
0.0028370397
0.002803807
0.0027701946
0.002736213
0.0027018687
0.0026671646
0.0026321007
0.0025966741
0.0025608802
0.0025247129
0.0024881655
0.0024512315
0.0024139046
0.0023761799
0.0023380534
0.0022995227
0.0022605869
0.002221246
0.0021815013
0.0021413545
0.0021008079
0.0020598638
0.0020185242
0.0019767903
0.0019346624
0.0018921396
0.0018492192
0.0018058972
0.0017621678
0.0017180243
0.0016734591
0.0016284638
0.0015830296
0.0015371465
0.0014908037
0.001443989
0.0013966894
0.0013488906
0.001300578
0.0012517362
0.0012023488
0.0011523986
0.0011018671
0.001050735
0.00099898227
0.00094658997
0.00089354271
0.00083982758
0.00078543045
0.00073033853
0.0006745436
0.00061803959
0.00056081541
0.00050284782
0.00044409461
0.0003843751
0.00032339871
0.00025986305
0.00019342913
0.00011672635
4.8115298e-05
0.0035238178
0.003517055
0.0035101214
0.0035029507
0.0034954398
0.0034875173
0.0034791291
0.003470222
0.0034607445
0.003450653
0.0034399141
0.0034285019
0.0034163972
0.003403586
0.0033900591
0.0033758109
0.0033608381
0.0033451385
0.0033287104
0.0033115522
0.0032936617
0.0032750363
0.0032556732
0.0032355696
0.0032147232
0.0031931327
0.0031707983
0.0031477221
0.0031239088
0.0030993656
0.0030741027
0.0030481332
0.0030214728
0.0029941396
0.0029661538
0.0029375371
0.002908312
0.0028785013
0.0028481273
0.0028172115
0.0027857739
0.0027538324
0.0027214029
0.0026884986
0.0026551304
0.0026213065
0.0025870331
0.0025523141
0.0025171518
0.0024815473
0.0024455007
0.0024090116
0.0023720795
0.0023347039
0.0022968847
0.0022586224
0.0022199176
0.0021807715
0.0021411857
0.0021011617
0.0020607009
0.0020198047
0.0019784737
0.0019367081
0.0018945072
0.0018518691
0.0018087912
0.0017652697
0.0017213
0.0016768769
0.0016319945
0.0015866462
0.0015408248
0.001494522
0.0014477283
0.0014004331
0.0013526243
0.0013042888
0.0012554121
0.0012059785
0.0011559708
0.0011053704
0.0010541574
0.0010023114
0.00094981171
0.00089663918
0.0008427758
0.00078820292
0.00073290119
0.00067685143
0.00062003173
0.00056241093
0.00050393273
0.00044450742
0.00038389153
0.00032177626
0.00025690398
0.00018942061
0.00011272451
4.6481445e-05
0.0034161728
0.003409994
0.003403705
0.0033972551
0.0033905492
0.0033835181
0.0033761095
0.0033682727
0.0033599603
0.003351133
0.0033417587
0.0033318123
0.0033212758
0.0033101368
0.0032983872
0.0032860215
0.0032730357
0.0032594263
0.0032451898
0.0032303214
0.003214815
0.003198663
0.0031818563
0.0031643847
0.0031462372
0.0031274028
0.0031078708
0.0030876315
0.003066677
0.0030450012
0.0030226008
0.002999475
0.002975626
0.0029510587
0.0029257809
0.0028998028
0.0028731366
0.0028457966
0.0028177978
0.0027891565
0.0027598888
0.0027300109
0.0026995385
0.0026684861
0.0026368673
0.0026046942
0.0025719775
0.0025387266
0.0025049494
0.0024706524
0.0024358411
0.0024005201
0.0023646932
0.0023283635
0.0022915337
0.0022542064
0.0022163837
0.0021780676
0.0021392598
0.002099962
0.0020601755
0.0020199014
0.0019791402
0.0019378923
0.0018961577
0.0018539356
0.0018112251
0.0017680248
0.0017243329
0.0016801472
0.0016354653
0.0015902843
0.0015446004
0.0014984089
0.0014517037
0.0014044772
0.00135672
0.0013084206
0.0012595657
0.0012101398
0.0011601257
0.0011095038
0.0010582531
0.0010063512
0.00095377483
0.00090050044
0.00084650425
0.00079176117
0.00073624364
0.00067992054
0.00062275327
0.00056468911
0.00050564199
0.00044548552
0.00038394183
0.0003207194
0.00025468442
0.00018639358
0.00010993154
4.5358297e-05
0.0033014142
0.003295713
0.0032899526
0.0032841201
0.0032781498
0.0032719928
0.0032655432
0.0032585868
0.0032511148
0.003243278
0.0032350712
0.003226406
0.0032172283
0.003207531
0.0031973181
0.0031865867
0.0031753293
0.0031635397
0.003151213
0.0031383437
0.003124924
0.003110944
0.0030963913
0.0030812521
0.003065511
0.0030491516
0.003032157
0.0030145106
0.0029961963
0.0029771996
0.0029575077
0.0029371099
0.0029159981
0.0028941667
0.0028716132
0.0028483373
0.0028243415
0.0027996305
0.0027742113
0.0027480921
0.0027212829
0.0026937943
0.0026656377
0.0026368248
0.002607367
0.0025772755
0.0025465612
0.002515234
0.0024833029
0.0024507762
0.0024176609
0.0023839633
0.0023496886
0.002314841
0.002279424
0.0022434405
0.0022068923
0.002169781
0.0021321075
0.0020938723
0.0020550757
0.0020157176
0.0019757983
0.0019353178
0.0018942767
0.0018526756
0.0018105157
0.0017677988
0.001724527
0.0016807031
0.00163633
0.0015914107
0.0015459473
0.001499941
0.0014533911
0.0014062948
0.0013586466
0.0013104379
0.0012616574
0.0012122905
0.0011623199
0.0011117253
0.0010604839
0.0010085708
0.00095595904
0.00090262033
0.00084852452
0.0007936389
0.00073792653
0.00068134405
0.00062383686
0.00056533277
0.00050572339
0.00044486168
0.00038246619
0.00031829343
0.00025137203
0.00018256108
0.00010655606
4.3430563e-05
0.0031878705
0.0031826005
0.0031772794
0.0031718852
0.0031663516
0.0031606271
0.0031546688
0.0031484345
0.0031418844
0.0031349843
0.0031277053
0.0031200241
0.0031119234
0.0031033907
0.0030944169
0.0030849956
0.0030751213
0.0030647895
0.0030539955
0.0030427329
0.0030309931
0.0030187656
0.0030060376
0.0029927941
0.0029790181
0.002964691
0.0029497932
0.0029343046
0.0029182051
0.0029014754
0.0028840973
0.0028660546
0.0028473332
0.0028279215
0.0028078105
0.0027869938
0.0027654674
0.0027432299
0.0027202823
0.0026966275
0.0026722701
0.0026472164
0.0026214735
0.0025950495
0.0025679531
0.0025401931
0.0025117778
0.002482715
0.0024530116
0.0024226736
0.0023917056
0.0023601109
0.0023278915
0.0022950481
0.0022615801
0.0022274856
0.0021927617
0.0021574043
0.0021214088
0.0020847699
0.0020474824
0.0020095412
0.0019709421
0.0019316819
0.0018917588
0.001851173
0.0018099263
0.0017680229
0.0017254692
0.0016822736
0.0016384463
0.0015939979
0.0015489391
0.0015032793
0.0014570253
0.0014101805
0.0013627445
0.0013147125
0.0012660758
0.0012168212
0.0011669316
0.0011163863
0.0010651614
0.0010132299
0.00096056238
0.00090712655
0.00085288721
0.00079780525
0.0007418359
0.00068492602
0.00062700929
0.00056800102
0.0005077824
0.00044620468
0.00038300804
0.00031801798
0.00025041813
0.00018129681
0.00010565876
4.3219185e-05
0.0030679871
0.0030632683
0.0030585144
0.0030537029
0.0030487776
0.0030436916
0.0030384032
0.0030328715
0.0030270584
0.0030209312
0.0030144637
0.0030076355
0.0030004336
0.0029928618
0.0029849138
0.0029765782
0.0029677907
0.0029585258
0.0029488574
0.002938803
0.0029283338
0.0029174254
0.002906066
0.0028942449
0.0028819454
0.0028691459
0.0028558236
0.002841956
0.0028275208
0.0028124963
0.0027968615
0.0027805975
0.0027636875
0.0027461169
0.0027278734
0.0027089476
0.0026893342
0.0026690317
0.0026480407
0.0026263623
0.002604
0.0025809602
0.002557252
0.0025328852
0.0025078692
0.0024822131
0.0024559261
0.0024290154
0.0024014866
0.0023733432
0.0023445859
0.0023152142
0.0022852257
0.0022546153
0.0022233754
0.0021914958
0.0021589644
0.0021257671
0.002091889
0.0020573143
0.002022028
0.0019860157
0.0019492644
0.0019117635
0.0018735057
0.0018344872
0.0017947082
0.001754174
0.0017128945
0.0016708844
0.001628161
0.0015847429
0.0015406476
0.00149589
0.0014504805
0.0014044245
0.0013577222
0.0013103686
0.0012623529
0.0012136594
0.0011642685
0.0011141566
0.0010632968
0.0010116597
0.00095921417
0.00090592679
0.00085176084
0.00079667518
0.00074062268
0.00068354705
0.00062537879
0.00056603186
0.00050539146
0.00044332369
0.00037960598
0.00031413064
0.00024621472
0.00017708318
0.00010218692
4.1124504e-05
0.0029618622
0.0029572619
0.0029526492
0.0029480222
0.0029433456
0.0029385941
0.0029337334
0.0029287183
0.0029235053
0.002918058
0.002912342
0.0029063242
0.0028999732
0.0028932623
0.0028861716
0.0028786866
0.0028708012
0.0028625092
0.0028538013
0.0028446656
0.0028350907
0.0028250713
0.0028146043
0.0028036926
0.0027923398
0.0027805343
0.0027682495
0.0027554557
0.0027421406
0.0027282928
0.00271389
0.002698929
0.0026834069
0.0026673368
0.0026506859
0.0026333871
0.0026154799
0.0025970093
0.0025779863
0.0025584179
0.0025383056
0.0025176417
0.0024963904
0.0024745409
0.0024521426
0.0024291885
0.0024056138
0.0023814035
0.002356604
0.0023311743
0.0023050398
0.0022782258
0.0022507225
0.0022225057
0.0021935555
0.0021638529
0.0021333766
0.0021021036
0.0020700129
0.0020370876
0.002003314
0.0019686831
0.0019331901
0.0018968349
0.0018596216
0.0018215587
0.0017826635
0.0017429665
0.0017025083
0.0016613327
0.0016194811
0.0015769893
0.0015338847
0.00149018
0.0014458699
0.0014009379
0.0013553615
0.0013091129
0.0012621588
0.0012144616
0.0011659866
0.0011166969
0.0010665533
0.0010155174
0.00096355162
0.00091061978
0.00085668511
0.00080170875
0.0007456476
0.0006884515
0.00063005943
0.00057039715
0.00050936727
0.00044686257
0.00038269993
0.00031682753
0.00024861785
0.00017933363
0.00010420693
4.2488367e-05
0.0028649388
0.0028613044
0.0028573707
0.00285323
0.0028489642
0.0028445559
0.0028399775
0.0028352352
0.0028303233
0.0028252189
0.0028198983
0.0028143366
0.0028085015
0.0028023588
0.0027958751
0.0027890199
0.0027817607
0.0027740557
0.0027658519
0.0027570888
0.0027477007
0.0027376108
0.0027267661
0.002715046
0.0027019896
0.0026873102
0.0026713874
0.0026545771
0.0026369691
0.0026186421
0.0025997052
0.002580234
0.0025600204
0.0025387408
0.0025165332
0.0024938068
0.0024718393
0.0024513771
0.0024313056
0.0024113689
0.0023918533
0.0023728159
0.0023542878
0.0023357129
0.0023174659
0.0022998566
0.0022819324
0.002263843
0.0022458815
0.0022272616
0.002207922
0.0021880358
0.0021673613
0.0021457565
0.0021230865
0.002099268
0.0020742353
0.0020478731
0.0020201173
0.0019909553
0.0019603492
0.0019283106
0.0018948566
0.0018599439
0.0018235827
0.0017858633
0.0017469427
0.0017070344
0.001666341
0.0016250278
0.0015832337
0.0015410579
0.0014985674
0.0014557754
0.0014126511
0.0013691383
0.0013251633
0.001280642
0.0012354867
0.0011896112
0.0011429347
0.0010953822
0.0010468857
0.00099738548
0.00094682944
0.00089517243
0.00084237483
0.00078839997
0.00073321097
0.00067676821
0.00061902525
0.00055992651
0.00049939877
0.00043736593
0.0003736894
0.00030837147
0.00024089794
0.00017261768
9.930881e-05
3.9890326e-05
0.0028279357
0.0028271088
0.0028256285
0.002823428
0.0028205894
0.002817185
0.0028132775
0.0028089201
0.0028041683
0.002799071
0.0027936605
0.0027879568
0.0027819727
0.0027757097
0.0027691508
0.0027622619
0.0027549935
0.0027472859
0.002739074
0.0027302874
0.0027208416
0.0027106332
0.0026995477
0.0026874698
0.0026742307
0.0026595218
0.0026431083
0.0026250417
0.0026054257
0.0025842917
0.0025616828
0.002537646
0.0025121963
0.0024852498
0.0024566764
0.0024266913
0.0023959627
0.002365216
0.0023351025
0.0023066738
0.0022805684
0.0022563686
0.002233794
0.0022128827
0.0021936243
0.0021759601
0.0021597319
0.002144644
0.0021304343
0.0021169168
0.0021037682
0.0020906578
0.0020773499
0.0020635452
0.0020489701
0.002033364
0.0020163954
0.0019978347
0.0019774961
0.0019552621
0.0019313623
0.0019060879
0.0018787729
0.0018480448
0.0018132905
0.0017751426
0.0017350961
0.0016942865
0.0016529163
0.0016111631
0.00156932
0.0015276957
0.0014863495
0.0014449277
0.0014032195
0.0013611817
0.0013187567
0.0012758186
0.0012322215
0.0011878363
0.0011425505
0.0010962676
0.0010489044
0.0010003921
0.00095067535
0.00089971115
0.00084746631
0.00079391434
0.00073903192
0.00068279545
0.00062517665
0.00056613999
0.00050563289
0.00044359769
0.00037990446
0.00031454341
0.00024692063
0.0001782323
0.0001037214
4.2182002e-05
0.0027065382
0.0026985243
0.0026905986
0.0026826297
0.0026744799
0.0026660754
0.0026573767
0.0026483601
0.0026390105
0.0026293174
0.0026192721
0.0026088674
0.0025980969
0.0025869544
0.0025754338
0.0025635281
0.0025512298
0.0025385303
0.0025254203
0.0025118896
0.0024979278
0.0024835242
0.0024686681
0.0024533497
0.0024375602
0.0024212945
0.0024045614
0.0023873775
0.0023697594
0.0023517281
0.0023333104
0.0023145408
0.002295461
0.0022761215
0.0022565955
0.0022369793
0.0022173743
0.0021978786
0.0021785886
0.0021596021
0.0021410169
0.0021229282
0.0021054204
0.0020885593
0.0020723895
0.0020569019
0.0020420244
0.002027651
0.0020136502
0.001999844
0.0019860117
0.0019719209
0.0019573193
0.0019419329
0.0019254886
0.0019077136
0.0018883473
0.0018671675
0.0018440028
0.0018187454
0.0017913657
0.0017618862
0.0017303887
0.001697078
0.0016622418
0.0016262124
0.0015894029
0.0015522726
0.0015152736
0.0014787903
0.0014431021
0.0014083402
0.0013742217
0.0013400547
0.0013052274
0.0012695326
0.0012329928
0.001195596
0.0011572446
0.0011178181
0.0010772158
0.0010353578
0.00099217692
0.00094761592
0.00090162976
0.00085418667
0.00080526695
0.00075486067
0.00070296519
0.00064958301
0.00059471992
0.00053838396
0.00048058483
0.00042133604
0.00036065394
0.00029857955
0.00023512059
0.00017060871
0.00010412197
4.4433892e-05
)
;

boundaryField
{
    inlet
    {
        type            zeroGradient;
    }
    top
    {
        type            zeroGradient;
    }
    outlet
    {
        type            fixedValue;
        value           uniform 0;
    }
    slipsurface
    {
        type            slip;
    }
    bottom
    {
        type            zeroGradient;
    }
    frontandback
    {
        type            empty;
    }
}


// ************************************************************************* //
