/*--------------------------------*- C++ -*----------------------------------*\
  =========                 |
  \\      /  F ield         | OpenFOAM: The Open Source CFD Toolbox
   \\    /   O peration     | Website:  https://openfoam.org
    \\  /    A nd           | Version:  12
     \\/     M anipulation  |
\*---------------------------------------------------------------------------*/
FoamFile
{
    format      ascii;
    class       volScalarField;
    location    "1900";
    object      omega;
}
// * * * * * * * * * * * * * * * * * * * * * * * * * * * * * * * * * * * * * //

dimensions      [0 0 -1 0 0 0 0];

internalField   nonuniform List<scalar> 
7480
(
99.668428
99.668428
99.668428
99.668428
467.26386
658.56584
782.36895
862.95997
913.96551
944.6099
961.54857
969.16319
970.40875
967.30908
961.27769
953.3067
944.10532
934.24242
924.34943
914.4911
904.79853
895.31112
886.18246
877.55833
869.54454
862.21348
855.60288
849.71449
844.52153
839.97655
836.01744
832.57668
829.59504
827.02291
824.79862
822.84867
821.09466
819.47074
817.92879
816.43468
814.95764
813.46965
811.94895
810.37918
808.75211
807.06443
805.31276
803.48628
801.57439
799.57772
797.50563
795.36713
793.16958
790.92541
788.65394
786.37114
784.08229
781.78826
779.49368
777.2059
774.92831
772.663
770.41589
768.1931
765.99519
763.82182
761.6735
759.54722
757.43761
755.34408
753.27005
751.21527
749.17998
747.16917
745.18097
743.21006
741.25687
739.32029
737.39857
735.49541
733.61221
731.7469
729.8998
728.06845
726.25062
724.4484
722.66289
720.8942
719.14073
717.40055
715.67426
713.96137
712.26269
710.57592
708.90289
707.22475
705.60158
703.86393
702.32935
699.99468
53.580769
53.534975
53.495704
53.439927
60.46597
74.604408
96.91871
126.88588
163.04478
203.17099
244.36732
284.24197
318.84279
346.78482
369.57378
388.70573
404.51835
415.61066
423.14346
426.10699
427.70829
430.61409
434.6563
439.15902
443.5656
447.34056
450.10157
451.63114
451.83456
450.71974
448.38127
444.98842
440.77362
436.03963
430.90714
425.36521
419.35518
413.11415
406.8047
400.54393
394.43059
388.54045
382.92521
377.6027
372.57358
367.8343
363.37939
359.25048
355.43525
351.91025
348.65274
345.6383
342.83838
340.22208
337.76542
335.44602
333.23801
331.12641
329.10067
327.15597
325.29019
323.49673
321.76733
320.09612
318.47912
316.90958
315.37737
313.88017
312.41795
310.99033
309.59884
308.24532
306.92601
305.63945
304.38453
303.15544
301.94994
300.77095
299.61761
298.4889
297.3867
296.30761
295.24847
294.20994
293.19076
292.19086
291.21109
290.24989
289.30611
288.37804
287.46559
286.56935
285.68864
284.8221
283.97072
283.12563
282.30487
281.48253
280.74472
279.4345
52.974191
52.262107
51.558371
50.862913
50.289306
50.016561
50.328546
51.5311
53.894093
57.794554
63.497478
71.14669
80.69544
91.941561
104.62174
118.43963
133.06702
147.69148
160.98491
172.8757
183.71884
194.30066
205.13632
216.59753
228.96449
240.39052
249.98486
257.91219
264.26009
269.05246
272.25291
273.76772
273.51495
271.63091
268.57298
265.104
261.95744
258.9819
256.06678
253.12052
250.15445
247.20758
244.18969
240.95969
237.60786
234.20857
230.82529
227.52986
224.39034
221.41297
218.591
215.91522
213.37833
210.9771
208.70793
206.57331
204.57404
202.69299
200.91521
199.23116
197.63385
196.11409
194.66152
193.26755
191.92695
190.63406
189.38038
188.16602
186.99182
185.85696
184.76047
183.70144
182.67613
181.68213
180.71562
179.77301
178.85395
177.96049
177.09232
176.24821
175.42843
174.62942
173.84821
173.08538
172.34091
171.61477
170.90721
170.21635
169.54061
168.87906
168.23182
167.5994
166.98117
166.37571
165.78285
165.19964
164.63063
164.0743
163.56208
162.79158
52.965433
52.234356
51.502404
50.770089
50.039456
49.315231
48.606981
47.930657
47.309044
46.780291
46.392891
46.204348
46.27726
46.674814
47.459767
48.697046
50.459275
52.803901
55.76103
59.359042
63.631073
68.638791
74.466997
81.221083
89.02504
97.347856
106.06189
115.07618
124.34408
133.86327
143.66836
153.79922
162.76154
170.00311
175.63566
179.91944
183.16277
185.40791
186.67161
186.93565
186.22502
184.6966
182.81548
181.00072
179.15819
177.22583
175.21518
173.17609
171.11974
168.90224
166.59572
164.25785
161.93681
159.67801
157.49485
155.38619
153.3613
151.42687
149.58636
147.84156
146.18657
144.61057
143.10275
141.65681
140.2709
138.94378
137.68076
136.47461
135.32042
134.21423
133.15257
132.13206
131.1483
130.19841
129.27889
128.38852
127.52746
126.69616
125.89347
125.11747
124.36726
123.63882
122.92999
122.24159
121.57379
120.92619
120.29845
119.68815
119.09356
118.5143
117.95062
117.40271
116.86977
116.35003
115.84311
115.34783
114.86568
114.39748
113.96852
113.37238
52.965481
52.233989
51.501285
50.767702
50.033571
49.299277
48.565318
47.832492
47.101924
46.375365
45.655425
44.945845
44.251746
43.579735
42.938031
42.336913
41.789034
41.310093
40.917775
40.632156
40.475659
40.475174
40.664211
41.085055
41.795271
42.849415
44.310231
46.25338
48.77335
51.988933
56.04834
61.138207
67.352062
74.201396
81.597272
89.490043
97.886515
106.82494
115.66893
123.16437
129.2021
133.76082
137.05047
139.39676
140.88539
141.55876
141.47787
140.74137
139.61356
138.43042
137.12557
135.68952
134.16151
132.62053
131.00477
129.27094
127.47158
125.65889
123.88025
122.15593
120.47842
118.84425
117.25548
115.72029
114.24444
112.82592
111.46723
110.16778
108.92648
107.74034
106.60453
105.51374
104.46425
103.45365
102.48761
101.56368
100.67767
99.827144
99.00954
98.222132
97.463022
96.729359
96.020374
95.336419
94.676716
94.040066
93.42542
92.830074
92.252695
91.693277
91.151775
90.62788
90.120406
89.627397
89.148609
88.683477
88.232475
87.795652
87.396628
86.873765
52.965731
52.23427
51.501566
50.767934
50.033672
49.299096
48.564521
47.830265
47.096667
46.364086
45.632916
44.903611
44.176702
43.452827
42.732758
42.017438
41.308039
40.606021
39.913199
39.231817
38.564572
37.914727
37.286192
36.684012
36.114927
35.587613
35.113511
34.706848
34.38651
34.177963
34.115808
34.248594
34.64116
35.361985
36.500382
38.179141
40.570583
43.914276
48.501022
54.361341
61.061212
68.465032
76.45985
84.813202
92.495098
98.957962
104.10796
107.90028
110.48054
112.23459
113.24477
113.59051
113.36315
112.69777
111.874
110.94494
109.88742
108.72345
107.51735
106.26285
104.89631
103.46641
102.01495
100.57849
99.165536
97.768667
96.388149
95.039115
93.734804
92.476449
91.260826
90.085734
88.95259
87.861325
86.815496
85.814703
84.856518
83.938831
83.05857
82.212415
81.397897
80.618433
79.87274
79.157844
78.471226
77.810866
77.175005
76.561725
75.970525
75.401041
74.852376
74.323514
73.812932
73.318864
72.841307
72.379705
71.933886
71.5028
71.108814
70.616921
52.966023
52.234603
51.501911
50.768274
50.034
49.299407
48.564808
47.830508
47.096822
46.364065
45.632553
44.902601
44.17454
43.448697
42.725403
42.004991
41.28781
40.574219
39.864601
39.159368
38.458963
37.763871
37.074631
36.391857
35.71628
35.04879
34.390485
33.742743
33.107352
32.486713
31.884102
31.303905
30.752643
30.239129
29.776152
29.38248
29.085798
28.928234
28.974761
29.313089
30.047684
31.32586
33.362513
36.455469
40.952935
46.673504
53.27039
60.54296
68.153195
75.117921
80.977728
85.66597
89.162273
91.505701
93.006488
93.884242
94.221686
94.100344
93.627449
92.997103
92.267296
91.429868
90.511798
89.560057
88.543491
87.42999
86.255211
85.059184
83.8653
82.669343
81.476378
80.298642
79.148165
78.027822
76.935184
75.873672
74.848919
73.862824
72.913503
71.998941
71.118302
70.274677
69.468052
68.695936
67.955865
67.245663
66.562886
65.909348
65.284583
64.685851
64.110985
63.558328
63.026368
62.514291
62.021856
61.547942
61.091623
60.651283
60.248054
59.764397
52.966347
52.234975
51.502308
50.768684
50.034414
49.299816
48.565203
47.830886
47.097177
46.364393
45.632849
44.902862
44.174747
43.44882
42.72539
42.004766
41.287249
40.573138
39.862726
39.156306
38.454163
37.756582
37.063838
36.376208
35.693969
35.0174
34.346789
33.682435
33.024654
32.373796
31.730258
31.094515
30.467169
29.849005
29.241074
28.644863
28.062559
27.497508
26.955058
26.443234
25.974185
25.567252
25.25446
25.08744
25.149255
25.548725
26.431443
28.013901
30.613171
34.614773
39.834279
45.931687
52.672341
59.359907
65.220025
70.028164
73.772547
76.489536
78.243517
79.27969
79.833334
79.980983
79.798313
79.386457
78.873342
78.267812
77.572437
76.819922
76.029725
75.129958
74.161117
73.161358
72.150583
71.128098
70.094465
69.062052
68.044713
67.047264
66.071379
65.120679
64.199316
63.307083
62.445289
61.615798
60.818948
60.053443
59.317243
58.612112
57.938533
57.294104
56.676479
56.083808
55.51547
54.972882
54.453587
53.955473
53.476819
53.016198
52.593982
52.103214
52.966689
52.235369
51.502733
50.769125
50.034862
49.30026
48.565637
47.831306
47.097583
46.364784
45.633225
44.903223
44.175094
43.449149
42.725701
42.005054
41.287509
40.573361
39.862901
39.156412
38.454174
37.756457
37.063521
36.375621
35.693004
35.015908
34.344568
33.679209
33.020048
32.367297
31.721161
31.081843
30.449545
29.824472
29.206839
28.596876
27.994848
27.401078
26.815998
26.240222
25.674648
25.120652
24.580478
24.05792
23.559639
23.096157
22.684506
22.354828
22.159573
22.187036
22.556102
23.432638
25.071889
27.842595
32.024399
37.172264
43.064495
49.14042
54.6841
59.248764
62.816513
65.450446
67.235435
68.290307
68.855407
69.085669
69.037318
68.767852
68.383779
67.915933
67.36175
66.747643
66.090907
65.349943
64.53893
63.689663
62.818276
61.924359
61.016783
60.109345
59.212182
58.325196
57.451939
56.599565
55.772076
54.970251
54.194865
53.446573
52.726572
52.03506
51.371509
50.73477
50.12411
49.54092
48.983653
48.450169
47.93812
47.447475
46.998748
46.487235
52.967046
52.235778
51.503176
50.769587
50.035331
49.300728
48.566099
47.831758
47.098023
46.36521
45.633637
44.90362
44.175474
43.449513
42.726047
42.005382
41.287819
40.573654
39.863175
39.156667
38.454409
37.756669
37.063709
36.375781
35.693131
35.015995
34.344604
33.679178
33.019928
32.367059
31.720763
31.081224
30.448621
29.823122
29.204888
28.594071
27.990815
27.395259
26.807537
26.227787
25.656158
25.092814
24.537961
23.991883
23.455025
22.928094
22.412256
21.909542
21.42364
20.961456
20.534715
20.162923
19.882865
19.761458
19.907921
20.465921
21.659449
23.829038
27.38297
31.926107
37.23417
42.704131
47.69594
51.830649
55.005628
57.322683
58.893157
59.826376
60.298095
60.501898
60.479638
60.271625
59.96192
59.575869
59.114517
58.595461
58.031506
57.383534
56.676424
55.934592
55.169696
54.380109
53.576611
52.771188
51.969707
51.176517
50.39788
49.636695
48.894442
48.174033
47.478103
46.807114
46.160484
45.538607
44.942416
44.371151
43.822921
43.297011
42.815753
42.266745
52.967415
52.236199
51.503632
50.770063
50.035817
49.301216
48.566582
47.832232
47.098486
46.36566
45.634072
44.90404
44.175879
43.449903
42.726421
42.00574
41.288161
40.573979
39.863484
39.15696
38.454684
37.756928
37.063951
36.376006
35.693339
35.016187
34.34478
33.679337
33.020071
32.367184
31.720868
31.081308
30.448679
29.823148
29.204871
28.593997
27.990663
27.394995
26.807112
26.227123
25.655132
25.09123
24.535503
23.988033
23.448898
22.918189
22.396015
21.882522
21.37795
20.882712
20.397551
19.923781
19.463874
19.022666
18.609555
18.240313
17.944419
17.779784
17.850748
18.297729
19.343589
21.334021
24.626875
28.890707
33.869592
38.788152
43.138959
46.681437
49.319395
51.186419
52.416558
53.12502
53.467439
53.588076
53.536228
53.343693
53.06999
52.726466
52.317599
51.85502
51.345135
50.759687
50.12896
49.466906
48.776565
48.066568
47.348643
46.628551
45.909432
45.197868
44.499748
43.817668
43.153541
42.508854
41.885563
41.284905
40.706878
40.149072
39.636473
39.045598
52.967793
52.236628
51.504097
50.77055
50.036315
49.301718
48.56708
47.832723
47.098966
46.366128
45.634527
44.904481
44.176305
43.450313
42.726815
42.006118
41.288522
40.574323
39.863811
39.15727
38.454977
37.757203
37.064209
36.376248
35.693566
35.016398
34.344976
33.67952
33.020241
32.367341
31.721014
31.081443
30.448803
29.823262
29.204975
28.594091
27.990746
27.395065
26.807168
26.22716
25.655143
25.091204
24.535423
23.987869
23.448602
22.917676
22.395137
21.881024
21.375373
20.878222
20.389622
19.909651
19.438447
18.976279
18.523689
18.081704
17.652314
17.2396
16.852021
16.504778
16.226488
16.076265
16.161443
16.636336
17.753681
19.905165
23.240643
27.471409
32.096384
36.42892
40.080319
42.930442
44.964154
46.334727
47.192325
47.655731
47.847894
47.88063
47.779374
47.583009
47.320583
46.996266
46.616723
46.191372
45.702777
45.161636
44.584572
43.978616
43.348562
42.704513
42.054158
41.402247
40.754922
40.116329
39.489357
38.87767
38.283972
37.705934
37.171459
36.549801
52.96818
52.237064
51.50457
50.771045
50.036823
49.30223
48.567591
47.833228
47.099461
46.366611
45.634997
44.904937
44.176746
43.450739
42.727225
42.006511
41.288898
40.574682
39.864153
39.157595
38.455286
37.757495
37.064484
36.376506
35.693808
35.016625
34.345188
33.679718
33.020426
32.367514
31.721175
31.081593
30.448944
29.823393
29.205098
28.594206
27.990853
27.395165
26.807261
26.227247
25.655223
25.091277
24.535489
23.987926
23.448647
22.917705
22.395142
21.880991
21.375278
20.878018
20.389224
19.9089
19.437048
18.973667
18.518768
18.072387
17.634609
17.205639
16.785941
16.376474
15.979184
15.598264
15.242713
14.929371
14.692185
14.603335
14.785076
15.429716
16.853766
19.471069
23.044312
27.305962
31.461271
35.043647
37.889982
39.983421
41.389689
42.285198
42.800044
43.048357
43.110052
43.060935
42.915449
42.70675
42.441555
42.123458
41.757207
41.341797
40.870778
40.360757
39.821026
39.256296
38.676245
38.087505
37.494325
36.903127
36.3193
35.742044
35.202743
34.568208
52.968574
52.237507
51.505048
50.771547
50.037339
49.302752
48.568112
47.833743
47.099968
46.367107
45.635481
44.905406
44.177201
43.451178
42.727648
42.006918
41.289288
40.575055
39.864509
39.157934
38.455607
37.757798
37.06477
36.376776
35.694061
35.016863
34.345411
33.679927
33.020621
32.367696
31.721345
31.081753
30.449093
29.823533
29.20523
28.59433
27.990969
27.395275
26.807364
26.227344
25.655314
25.091363
24.535569
23.988001
23.448718
22.917771
22.395202
21.881046
21.375325
20.878057
20.389248
19.908903
19.437012
18.973562
18.518533
18.071901
17.633639
17.203719
16.782124
16.368862
15.963999
15.567729
15.180542
14.803511
14.43896
14.092195
13.774695
13.508257
13.342482
13.378326
13.771762
14.796134
16.895384
20.00342
23.890788
27.800094
31.231872
33.966825
35.987333
37.357188
38.218615
38.725287
38.978248
39.057136
39.025623
38.908155
38.734403
38.509395
38.235427
37.913895
37.549489
37.130192
36.672664
36.186584
35.675646
35.148414
34.612301
34.068352
33.551085
32.929543
52.968976
52.237954
51.505531
50.772055
50.037862
49.303282
48.568642
47.834269
47.100486
46.367615
45.635976
44.905888
44.177668
43.45163
42.728084
42.007337
41.28969
40.57544
39.864876
39.158283
38.455939
37.758113
37.065067
36.377056
35.694324
35.01711
34.345643
33.680145
33.020825
32.367887
31.721524
31.081921
30.449251
29.823682
29.205369
28.594461
27.991092
27.395391
26.807473
26.227447
25.655412
25.091456
24.535657
23.988083
23.448795
22.917844
22.395271
21.881111
21.375386
20.878113
20.389301
19.908951
19.437055
18.973598
18.518559
18.071911
17.63362
17.203645
16.781941
16.368462
15.963155
15.565975
15.176886
14.795887
14.42305
14.058626
13.703268
13.358441
13.027608
12.718966
12.449402
12.2558
12.22336
12.492158
13.309753
15.097525
17.916917
21.522767
25.173773
28.387622
30.928245
32.785864
34.041465
34.820625
35.274644
35.499232
35.574704
35.543298
35.440304
35.288219
35.089679
34.844974
34.555591
34.226753
33.84615
33.429196
32.98584
32.51635
32.056567
31.484337
52.969384
52.238406
51.506019
50.772567
50.038389
49.303817
48.569179
47.834803
47.101013
46.368132
45.636481
44.90638
44.178146
43.452092
42.728531
42.007767
41.290103
40.575835
39.865254
39.158643
38.456281
37.758437
37.065374
36.377345
35.694596
35.017366
34.345884
33.68037
33.021037
32.368086
31.72171
31.082095
30.449415
29.823836
29.205515
28.594597
27.991221
27.395513
26.807588
26.227556
25.655515
25.091553
24.535748
23.98817
23.448877
22.917921
22.395344
21.881179
21.375451
20.878174
20.389358
19.909004
19.437105
18.973645
18.518603
18.071951
17.633655
17.203675
16.781963
16.368469
15.963137
15.565903
15.176704
14.795473
14.422143
14.056654
13.698967
13.349094
13.007164
12.673603
12.34948
12.037357
11.743706
11.482912
11.2862
11.230085
11.450577
12.190579
13.875512
16.554561
19.95274
23.349281
26.286262
28.565431
30.196718
31.281758
31.942687
32.318146
32.497987
32.553516
32.513949
32.416696
32.275961
32.09367
31.867624
31.601137
31.296604
30.942131
30.577655
30.099615
52.969799
52.238863
51.50651
50.773083
50.038921
49.304358
48.569723
47.835345
47.101549
46.368659
45.636997
44.906882
44.178634
43.452565
42.728987
42.008207
41.290526
40.57624
39.865641
39.159012
38.456632
37.75877
37.065689
36.377642
35.694877
35.01763
34.346132
33.680603
33.021255
32.368291
31.721903
31.082276
30.449585
29.823996
29.205665
28.594739
27.991355
27.395639
26.807708
26.227669
25.655621
25.091654
24.535844
23.98826
23.448963
22.918002
22.395421
21.881251
21.375519
20.878238
20.389419
19.909061
19.437158
18.973695
18.51865
18.071995
17.633696
17.203713
16.781998
16.368501
15.963165
15.565927
15.17672
14.795474
14.422114
14.056563
13.698739
13.348564
13.005961
12.670867
12.343262
12.023216
11.711039
11.407605
11.115081
10.839189
10.59345
10.408022
10.359908
10.589295
11.353707
13.104906
15.765745
18.985054
22.102328
24.71732
26.685319
28.051029
28.936424
29.462924
29.750983
29.88128
29.909038
29.856529
29.759574
29.623631
29.450891
29.234375
29.001064
28.664557
52.97022
52.239325
51.507004
50.773602
50.039458
49.304904
48.570273
47.835893
47.102091
46.369193
45.63752
44.907393
44.179131
43.453047
42.729453
42.008656
41.290958
40.576654
39.866037
39.15939
38.456992
37.759111
37.066012
36.377948
35.695165
35.017902
34.346387
33.680843
33.02148
32.368502
31.722101
31.082463
30.44976
29.824161
29.205821
28.594886
27.991493
27.395769
26.807831
26.227786
25.655732
25.091758
24.535942
23.988354
23.449051
22.918086
22.3955
21.881326
21.375589
20.878305
20.389482
19.90912
19.437214
18.973747
18.518699
18.072041
17.633739
17.203753
16.782036
16.368536
15.963197
15.565956
15.176747
14.795498
14.422136
14.056579
13.698746
13.348552
13.005909
12.670725
12.342911
12.022381
11.709059
11.402904
11.10396
10.812487
10.529296
10.256486
9.9998496
9.7734942
9.6105259
9.5976765
9.8899794
10.782467
12.671365
15.417455
18.464963
21.26147
23.505353
25.128272
26.213785
26.895943
27.289661
27.492448
27.574682
27.572356
27.50579
27.405255
27.282341
27.096327
52.970648
52.23979
51.507502
50.774125
50.039997
49.305454
48.570827
47.836447
47.102641
46.369734
45.638051
44.907913
44.179636
43.453538
42.729928
42.009114
41.291398
40.577077
39.866442
39.159777
38.457359
37.759461
37.066343
36.378261
35.69546
35.01818
34.346649
33.681089
33.021712
32.368719
31.722305
31.082654
30.449941
29.824331
29.205981
28.595037
27.991635
27.395903
26.807958
26.227906
25.655845
25.091866
24.536044
23.98845
23.449142
22.918172
22.395581
21.881403
21.375662
20.878374
20.389546
19.909181
19.437271
18.973801
18.518749
18.072088
17.633784
17.203795
16.782075
16.368572
15.963231
15.565988
15.176776
14.795525
14.422161
14.056602
13.698767
13.34857
13.005923
12.670733
12.342906
12.022346
11.708956
11.402638
11.103298
10.810854
10.525257
10.246544
9.9749798
9.7114241
9.4582097
9.222056
9.0193483
8.8916353
8.9414564
9.360494
10.516411
12.631866
15.442038
18.266159
20.673072
22.504674
23.770531
24.58644
25.080913
25.354126
25.480233
25.518099
25.495783
25.425408
52.971081
52.24026
51.508003
50.77465
50.04054
49.306007
48.571386
47.837006
47.103196
46.370283
45.63859
44.908439
44.18015
43.454036
42.730411
42.00958
41.291847
40.577508
39.866855
39.160171
38.457735
37.759817
37.066681
36.378581
35.695762
35.018465
34.346917
33.681342
33.021949
32.368942
31.722515
31.082851
30.450126
29.824505
29.206145
28.595191
27.991781
27.396041
26.808088
26.228029
25.655962
25.091976
24.536148
23.988548
23.449235
22.91826
22.395665
21.881482
21.375736
20.878444
20.389613
19.909244
19.43733
18.973856
18.518801
18.072137
17.633829
17.203837
16.782114
16.36861
15.963266
15.56602
15.176806
14.795553
14.422186
14.056626
13.698789
13.348591
13.005942
12.67075
12.342921
12.022358
11.708963
11.402634
11.10327
10.810768
10.525025
10.245944
9.9734408
9.7074664
9.4480709
9.1955824
8.9510457
8.717453
8.5034446
8.3303305
8.2579924
8.4162067
9.0604719
10.609464
12.992096
15.700118
18.190136
20.167611
21.58484
22.518083
23.098163
23.431985
23.611912
23.690658
52.97152
52.240734
51.508507
50.775178
50.041085
49.306564
48.571948
47.837569
47.103756
46.370837
45.639135
44.908973
44.18067
43.454542
42.730901
42.010054
41.292304
40.577947
39.867275
39.160573
38.458118
37.760182
37.067026
36.378907
35.696071
35.018756
34.347192
33.6816
33.022192
32.36917
31.722729
31.083053
30.450315
29.824684
29.206313
28.59535
27.991931
27.396182
26.808221
26.228155
25.656081
25.092088
24.536255
23.988649
23.449331
22.91835
22.39575
21.881562
21.375812
20.878516
20.38968
19.909307
19.43739
18.973912
18.518854
18.072186
17.633875
17.203881
16.782155
16.368647
15.963301
15.566053
15.176837
14.795582
14.422213
14.05665
13.698812
13.348611
13.005961
12.670767
12.342937
12.022373
11.708976
11.402645
11.103279
10.810773
10.52502
10.245917
9.9733567
9.7072338
9.4474499
9.1939221
8.9466143
8.7056193
8.4714025
8.2454042
8.0320704
7.8438797
7.7133582
7.7312854
8.0772625
9.1153137
11.04957
13.570678
16.057392
18.119831
19.646763
20.673741
21.330358
21.731066
52.971965
52.241212
51.509013
50.775708
50.041633
49.307123
48.572514
47.838137
47.104321
46.371396
45.639686
44.909513
44.181198
43.455056
42.731399
42.010535
41.292768
40.578393
39.867703
39.160982
38.458508
37.760553
37.067379
36.379241
35.696386
35.019053
34.347472
33.681864
33.02244
32.369403
31.722948
31.083259
30.450509
29.824866
29.206485
28.595512
27.992083
27.396326
26.808357
26.228283
25.656203
25.092203
24.536364
23.988752
23.449428
22.918442
22.395837
21.881644
21.37589
20.878589
20.389749
19.909372
19.437451
18.97397
18.518907
18.072237
17.633923
17.203925
16.782196
16.368686
15.963336
15.566086
15.176868
14.79561
14.422239
14.056675
13.698834
13.348632
13.00598
12.670785
12.342953
12.022388
11.70899
11.402658
11.10329
10.810782
10.525029
10.245924
9.973359
9.7072266
9.4474189
9.1938275
8.9463473
8.7048815
8.4693558
8.2397614
8.0162854
7.7996795
7.5922694
7.4014403
7.2468065
7.1870883
7.3555045
8.0269011
9.5731815
11.862787
14.268931
16.357851
17.956989
19.080528
52.972415
52.241694
51.509523
50.77624
50.042182
49.307685
48.573083
47.838708
47.104891
46.37196
45.640242
44.910059
44.181731
43.455575
42.731903
42.011024
41.293239
40.578846
39.868137
39.161397
38.458905
37.76093
37.067737
36.379581
35.696708
35.019357
34.347758
33.682133
33.022693
32.369642
31.723172
31.083469
30.450707
29.825052
29.20666
28.595677
27.992239
27.396473
26.808496
26.228415
25.656327
25.09232
24.536474
23.988856
23.449527
22.918535
22.395925
21.881728
21.375968
20.878663
20.389819
19.909438
19.437512
18.974028
18.518962
18.072287
17.63397
17.203969
16.782238
16.368724
15.963372
15.56612
15.176899
14.795639
14.422266
14.056699
13.698857
13.348653
13.005999
12.670803
12.342969
12.022403
11.709003
11.40267
11.103301
10.810793
10.525038
10.245932
9.973366
9.7072324
9.4474225
9.1938268
8.9463358
8.704841
8.4692343
8.2394123
8.0152842
7.7967953
7.5839979
7.3772795
7.1779652
6.9904683
6.8278403
6.7272267
6.7916375
7.2364022
8.4691028
10.473199
12.785054
14.909288
52.97287
52.242179
51.510036
50.776775
50.042734
49.308249
48.573654
47.839282
47.105464
46.372529
45.640803
44.91061
44.182271
43.456101
42.732414
42.011518
41.293716
40.579306
39.868578
39.16182
38.459308
37.761314
37.068102
36.379926
35.697035
35.019666
34.348049
33.682407
33.022951
32.369885
31.723401
31.083684
30.450909
29.825243
29.206839
28.595846
27.992398
27.396623
26.808637
26.228548
25.656453
25.09244
24.536587
23.988963
23.449627
22.91863
22.396014
21.881812
21.376048
20.878738
20.38989
19.909504
19.437575
18.974086
18.519017
18.072339
17.634018
17.204014
16.782279
16.368763
15.963409
15.566153
15.17693
14.795668
14.422292
14.056724
13.69888
13.348674
13.006019
12.67082
12.342985
12.022417
11.709017
11.402682
11.103312
10.810802
10.525047
10.24594
9.973373
9.7072385
9.4474278
9.1938312
8.946339
8.7048419
8.4692299
8.2393938
8.0152252
7.7966182
7.5834744
7.3757167
7.1733317
6.9765109
6.7860679
6.6047235
6.4415158
6.321993
6.3275587
6.6255295
7.6796365
9.4413852
52.973331
52.242669
51.510551
50.777312
50.043288
49.308815
48.574228
47.839859
47.10604
46.373101
45.641369
44.911166
44.182815
43.456632
42.732931
42.012019
41.2942
40.579771
39.869026
39.162248
38.459717
37.761704
37.068473
36.380278
35.697368
35.01998
34.348346
33.682687
33.023214
32.370132
31.723633
31.083903
30.451115
29.825436
29.207022
28.596017
27.99256
27.396776
26.808781
26.228684
25.656581
25.092561
24.536701
23.989071
23.449729
22.918727
22.396105
21.881898
21.376129
20.878814
20.389961
19.909571
19.437638
18.974145
18.519072
18.07239
17.634066
17.204059
16.782321
16.368802
15.963445
15.566187
15.176961
14.795697
14.422319
14.056748
13.698902
13.348695
13.006037
12.670838
12.343001
12.022432
11.70903
11.402694
11.103323
10.810812
10.525055
10.245947
9.9733796
9.7072443
9.4474329
9.1938355
8.9463426
8.7048448
8.469232
8.2393945
8.0152232
7.7966087
7.5834434
7.3756206
7.1730388
6.9756103
6.7832883
6.5961567
6.4147344
6.2408345
6.0811275
5.9537209
5.9470296
6.1469692
52.973797
52.243163
51.511069
50.777851
50.043844
49.309383
48.574803
47.840438
47.10662
46.373677
45.641938
44.911727
44.183365
43.457169
42.733453
42.012525
41.294689
40.580243
39.869479
39.162683
38.460133
37.7621
37.068849
36.380635
35.697706
35.0203
34.348648
33.682971
33.023482
32.370384
31.72387
31.084126
30.451325
29.825634
29.207207
28.596192
27.992725
27.396931
26.808928
26.228822
25.656711
25.092684
24.536817
23.98918
23.449832
22.918824
22.396197
21.881984
21.37621
20.87889
20.390033
19.909639
19.437701
18.974204
18.519127
18.072442
17.634115
17.204104
16.782363
16.368841
15.963481
15.56622
15.176992
14.795725
14.422345
14.056772
13.698924
13.348715
13.006056
12.670855
12.343017
12.022445
11.709042
11.402705
11.103333
10.810821
10.525063
10.245954
9.9733857
9.7072496
9.4474374
9.1938393
8.9463458
8.7048474
8.469234
8.2393959
8.015224
7.7966087
7.5834417
7.3756147
7.1730206
6.975554
6.7831122
6.5956023
6.41296
6.2352109
6.0627118
5.8967013
5.7452553
5.6149657
52.974268
52.24366
51.51159
50.778392
50.044401
49.309952
48.57538
47.841019
47.107201
46.374256
45.642511
44.912291
44.183918
43.45771
42.733979
42.013036
41.295183
40.58072
39.869938
39.163123
38.460553
37.762502
37.069231
36.380998
35.698049
35.020625
34.348955
33.68326
33.023755
32.37064
31.724111
31.084352
30.451538
29.825834
29.207396
28.59637
27.992892
27.397088
26.809076
26.228962
25.656843
25.092808
24.536934
23.989291
23.449936
22.918922
22.39629
21.882071
21.376292
20.878967
20.390105
19.909707
19.437765
18.974264
18.519183
18.072494
17.634163
17.204149
16.782405
16.36888
15.963517
15.566253
15.177022
14.795753
14.422371
14.056796
13.698946
13.348735
13.006074
12.670871
12.343031
12.022459
11.709054
11.402716
11.103342
10.810829
10.525071
10.245961
9.9733912
9.7072543
9.4474413
9.1938425
8.9463483
8.7048493
8.4692353
8.2393968
8.0152243
7.7966086
7.5834411
7.3756136
7.1730185
6.9755493
6.7831
6.5955663
6.4128463
6.2348451
6.0614896
5.8927716
5.7291904
5.5710742
52.974744
52.24416
51.512113
50.778934
50.044959
49.310522
48.575959
47.841602
47.107785
46.374837
45.643086
44.912859
44.184476
43.458255
42.734511
42.013552
41.295683
40.581202
39.870402
39.163568
38.460979
37.762908
37.069618
36.381365
35.698398
35.020954
34.349266
33.683554
33.024031
32.370901
31.724356
31.084583
30.451755
29.826038
29.207587
28.59655
27.993061
27.397248
26.809226
26.229104
25.656977
25.092934
24.537053
23.989402
23.450042
22.919021
22.396383
21.882159
21.376374
20.879045
20.390178
19.909775
19.437828
18.974323
18.519238
18.072546
17.634211
17.204193
16.782446
16.368918
15.963552
15.566286
15.177052
14.795781
14.422396
14.056819
13.698967
13.348754
13.006091
12.670886
12.343045
12.022471
11.709065
11.402726
11.103351
10.810837
10.525077
10.245966
9.973396
9.7072583
9.4474445
9.193845
8.9463501
8.7048505
8.469236
8.239397
8.015224
7.7966079
7.58344
7.3756121
7.1730167
6.9755471
6.7830971
6.5955618
6.4128369
6.2348199
6.0614088
5.8925122
5.7280527
5.5680224
52.975224
52.244665
51.512638
50.779478
50.045519
49.311094
48.576538
47.842186
47.10837
46.37542
45.643664
44.913429
44.185036
43.458804
42.735046
42.014072
41.296187
40.581689
39.87087
39.164018
38.46141
37.763319
37.07001
36.381738
35.698751
35.021289
34.349582
33.683852
33.024312
32.371165
31.724605
31.084816
30.451975
29.826244
29.207782
28.596733
27.993233
27.39741
26.809379
26.229247
25.657112
25.093061
24.537173
23.989515
23.450148
22.919121
22.396477
21.882248
21.376457
20.879123
20.390251
19.909843
19.437892
18.974383
18.519294
18.072597
17.634259
17.204238
16.782487
16.368956
15.963587
15.566318
15.177082
14.795808
14.422421
14.056842
13.698987
13.348773
13.006108
12.670901
12.343059
12.022483
11.709076
11.402735
11.103359
10.810844
10.525083
10.245971
9.9733999
9.7072614
9.4474468
9.1938466
8.9463512
8.704851
8.4692359
8.2393964
8.015223
7.7966064
7.5834382
7.3756099
7.1730142
6.9755443
6.783094
6.5955585
6.4128331
6.2348148
6.0614012
5.8924939
5.7279756
5.5678153
52.975709
52.245172
51.513166
50.780024
50.046079
49.311666
48.577118
47.842771
47.108956
46.376004
45.644244
44.914002
44.185599
43.459355
42.735584
42.014596
41.296695
40.58218
39.871343
39.164472
38.461845
37.763735
37.070406
36.382115
35.699108
35.021627
34.349902
33.684154
33.024596
32.371433
31.724857
31.085054
30.452197
29.826454
29.207979
28.596918
27.993407
27.397574
26.809533
26.229392
25.657249
25.09319
24.537294
23.989629
23.450255
22.919222
22.396571
21.882336
21.376541
20.8792
20.390324
19.909911
19.437956
18.974442
18.519349
18.072648
17.634306
17.204281
16.782528
16.368993
15.963621
15.566349
15.177111
14.795834
14.422445
14.056863
13.699007
13.34879
13.006124
12.670915
12.343071
12.022494
11.709085
11.402743
11.103366
10.81085
10.525088
10.245975
9.973403
9.7072636
9.4474483
9.1938474
8.9463513
8.7048505
8.4692349
8.2393949
8.015221
7.7966041
7.5834355
7.3756069
7.1730109
6.9755407
6.7830902
6.5955545
6.4128289
6.2348106
6.0613959
5.8924865
5.7279657
5.567796
52.976198
52.245682
51.513696
50.780571
50.04664
49.312238
48.577699
47.843356
47.109543
46.37659
45.644826
44.914576
44.186165
43.45991
42.736126
42.015123
41.297206
40.582674
39.87182
39.16493
38.462285
37.764155
37.070807
36.382496
35.69947
35.02197
34.350226
33.68446
33.024885
32.371704
31.725112
31.085294
30.452423
29.826666
29.208178
28.597105
27.993584
27.397739
26.809689
26.229539
25.657386
25.093319
24.537415
23.989743
23.450363
22.919323
22.396666
21.882425
21.376624
20.879278
20.390397
19.909979
19.438019
18.974501
18.519404
18.072699
17.634353
17.204325
16.782568
16.36903
15.963655
15.56638
15.177138
14.795859
14.422468
14.056884
13.699026
13.348807
13.006138
12.670928
12.343083
12.022504
11.709094
11.402751
11.103372
10.810854
10.525092
10.245978
9.9734049
9.7072648
9.4474487
9.1938471
8.9463504
8.704849
8.4692329
8.2393924
8.0152181
7.7966008
7.5834318
7.375603
7.1730066
6.9755362
6.7830856
6.5955496
6.4128239
6.2348053
6.0613914
5.892483
5.727963
5.5677903
52.97669
52.246195
51.514227
50.781119
50.047202
49.312811
48.578279
47.843941
47.11013
46.377176
45.645408
44.915152
44.186732
43.460466
42.73667
42.015653
41.29772
40.583172
39.8723
39.165392
38.462728
37.764579
37.071211
36.38288
35.699835
35.022316
34.350553
33.684769
33.025176
32.371979
31.725371
31.085537
30.452651
29.826881
29.20838
28.597295
27.993761
27.397906
26.809846
26.229686
25.657525
25.09345
24.537538
23.989858
23.45047
22.919424
22.396761
21.882514
21.376707
20.879356
20.390469
19.910047
19.438082
18.974559
18.519458
18.072749
17.634399
17.204367
16.782607
16.369066
15.963687
15.56641
15.177165
14.795884
14.42249
14.056904
13.699043
13.348822
13.006152
12.67094
12.343093
12.022513
11.709101
11.402757
11.103377
10.810858
10.525094
10.24598
9.9734058
9.7072648
9.447448
9.1938457
8.9463484
8.7048464
8.4692298
8.2393889
8.0152142
7.7965965
7.5834272
7.375598
7.1730014
6.9755308
6.78308
6.5955438
6.412818
6.2347994
6.0613846
5.892475
5.7279562
5.5677819
52.977186
52.24671
51.51476
50.781667
50.047764
49.313383
48.578859
47.844526
47.110717
46.377762
45.64599
44.915729
44.1873
43.461024
42.737215
42.016185
41.298237
40.583672
39.872783
39.165857
38.463174
37.765006
37.071619
36.383268
35.700204
35.022665
34.350884
33.685081
33.025471
32.372256
31.725632
31.085782
30.452882
29.827097
29.208583
28.597486
27.993941
27.398075
26.810004
26.229835
25.657665
25.093581
24.537661
23.989974
23.450579
22.919525
22.396856
21.882603
21.37679
20.879433
20.390541
19.910114
19.438144
18.974617
18.519511
18.072798
17.634445
17.204409
16.782645
16.3691
15.963719
15.566438
15.177191
14.795907
14.42251
14.056922
13.699059
13.348836
13.006164
12.670951
12.343102
12.02252
11.709107
11.402761
11.103381
10.810861
10.525096
10.24598
9.9734054
9.7072636
9.447446
9.1938431
8.9463452
8.7048427
8.4692256
8.2393842
8.0152091
7.796591
7.5834214
7.375592
7.1729952
6.9755243
6.7830733
6.595537
6.4128111
6.2347922
6.0613784
5.8924698
5.7279521
5.5677757
52.977685
52.247227
51.515294
50.782216
50.048326
49.313955
48.579439
47.845111
47.111303
46.378347
45.646573
44.916305
44.187869
43.461583
42.737762
42.016718
41.298756
40.584175
39.873268
39.166325
38.463623
37.765436
37.072029
36.38366
35.700576
35.023018
34.351217
33.685397
33.025768
32.372537
31.725896
31.08603
30.453115
29.827316
29.208789
28.597679
27.994122
27.398245
26.810163
26.229984
25.657805
25.093712
24.537784
23.990089
23.450687
22.919627
22.396951
21.882691
21.376872
20.87951
20.390613
19.91018
19.438206
18.974674
18.519563
18.072847
17.634489
17.204449
16.782682
16.369134
15.963749
15.566466
15.177216
14.795929
14.42253
14.056939
13.699074
13.348849
13.006175
12.67096
12.343109
12.022526
11.709112
11.402765
11.103383
10.810862
10.525096
10.245979
9.9734036
9.707261
9.4474427
9.1938392
8.9463407
8.7048376
8.46922
8.2393782
8.0152027
7.7965843
7.5834144
7.3755847
7.1729877
6.9755167
6.7830655
6.5955291
6.412803
6.2347843
6.0613697
5.89246
5.7279435
5.5677656
52.978186
52.247746
51.51583
50.782766
50.048887
49.314526
48.580017
47.845694
47.111888
46.378932
45.647154
44.916882
44.188438
43.462142
42.73831
42.017253
41.299275
40.584679
39.873756
39.166794
38.464074
37.765868
37.072442
36.384053
35.70095
35.023373
34.351554
33.685714
33.026068
32.372819
31.726161
31.08628
30.45335
29.827537
29.208996
28.597873
27.994304
27.398415
26.810323
26.230134
25.657945
25.093844
24.537907
23.990205
23.450795
22.919728
22.397045
21.882779
21.376954
20.879586
20.390684
19.910246
19.438266
18.974729
18.519615
18.072894
17.634532
17.204488
16.782717
16.369166
15.963778
15.566491
15.177239
14.795949
14.422548
14.056955
13.699088
13.348861
13.006185
12.670968
12.343115
12.022531
11.709115
11.402766
11.103383
10.810861
10.525094
10.245977
9.9734003
9.707257
9.447438
9.1938338
8.9463347
8.7048311
8.4692131
8.2393709
8.015195
7.7965763
7.5834061
7.3755762
7.1729789
6.9755077
6.7830564
6.5955199
6.4127938
6.234775
6.0613609
5.8924518
5.7279367
5.5677574
52.97869
52.248267
51.516365
50.783315
50.049448
49.315096
48.580595
47.846276
47.112472
46.379515
45.647735
44.917457
44.189006
43.462701
42.738858
42.017787
41.299796
40.585184
39.874244
39.167265
38.464527
37.766302
37.072857
36.384449
35.701327
35.023731
34.351892
33.686034
33.02637
32.373104
31.726429
31.086532
30.453586
29.827759
29.209204
28.598068
27.994487
27.398587
26.810484
26.230285
25.658086
25.093976
24.538031
23.99032
23.450902
22.919828
22.397138
21.882866
21.377035
20.879662
20.390753
19.91031
19.438325
18.974784
18.519665
18.072939
17.634573
17.204526
16.782751
16.369197
15.963806
15.566516
15.17726
14.795968
14.422564
14.056968
13.699099
13.34887
13.006192
12.670974
12.34312
12.022534
11.709116
11.402767
11.103382
10.810859
10.525091
10.245973
9.9733953
9.7072513
9.4474316
9.1938268
8.9463272
8.7048231
8.4692046
8.239362
8.0151858
7.7965668
7.5833964
7.3755662
7.1729688
6.9754975
6.7830461
6.5955095
6.4127834
6.2347646
6.0613503
5.8924402
5.7279275
5.5677512
52.979196
52.248789
51.516901
50.783864
50.050007
49.315665
48.58117
47.846855
47.113054
46.380097
45.648314
44.918031
44.189573
43.463258
42.739405
42.018322
41.300317
40.585689
39.874733
39.167737
38.464981
37.766738
37.073274
36.384847
35.701705
35.02409
34.352233
33.686356
33.026674
32.37339
31.726699
31.086785
30.453824
29.827982
29.209413
28.598264
27.994671
27.398759
26.810645
26.230435
25.658227
25.094107
24.538154
23.990435
23.451009
22.919928
22.397231
21.882952
21.377115
20.879736
20.390822
19.910373
19.438383
18.974837
18.519713
18.072984
17.634613
17.204562
16.782784
16.369226
15.963831
15.566538
15.17728
14.795985
14.422578
14.056981
13.699109
13.348878
13.006198
12.670978
12.343122
12.022535
11.709116
11.402765
11.103379
10.810855
10.525086
10.245967
9.9733887
9.7072439
9.4474235
9.1938181
8.946318
8.7048134
8.4691945
8.2393515
8.015175
7.7965558
7.5833851
7.3755548
7.1729572
6.9754858
6.7830343
6.5954977
6.4127715
6.2347528
6.0613381
5.8924275
5.7279187
5.5677441
52.979704
52.249311
51.517437
50.784411
50.050566
49.316232
48.581743
47.847433
47.113633
46.380676
45.64889
44.918603
44.190138
43.463815
42.73995
42.018856
41.300837
40.586195
39.875223
39.168209
38.465435
37.767174
37.073692
36.385245
35.702085
35.02445
34.352574
33.686679
33.026979
32.373677
31.726969
31.087039
30.454063
29.828206
29.209623
28.598461
27.994855
27.398931
26.810806
26.230586
25.658368
25.094238
24.538276
23.990549
23.451115
22.920026
22.397323
21.883037
21.377194
20.879808
20.390888
19.910435
19.43844
18.974889
18.51976
18.073026
17.634652
17.204597
16.782814
16.369253
15.963855
15.566559
15.177298
14.796
14.422591
14.056991
13.699117
13.348884
13.006202
12.67098
12.343123
12.022533
11.709113
11.402761
11.103374
10.810849
10.525079
10.245959
9.9733801
9.7072346
9.4474136
9.1938076
8.9463069
8.7048019
8.4691827
8.2393394
8.0151626
7.7965431
7.5833722
7.3755417
7.1729441
6.9754725
6.783021
6.5954843
6.4127582
6.2347395
6.061325
5.8924143
5.7279038
5.567728
52.980212
52.249833
51.517972
50.784958
50.051122
49.316796
48.582313
47.848007
47.114209
46.381252
45.649464
44.919172
44.1907
43.464369
42.740495
42.019388
41.301356
40.586699
39.875711
39.168681
38.46589
37.767611
37.07411
36.385645
35.702465
35.024812
34.352917
33.687003
33.027285
32.373966
31.727241
31.087294
30.454302
29.82843
29.209833
28.598657
27.995039
27.399103
26.810966
26.230736
25.658507
25.094369
24.538397
23.990662
23.45122
22.920124
22.397413
21.883121
21.377271
20.879879
20.390954
19.910494
19.438494
18.974938
18.519805
18.073066
17.634688
17.204629
16.782843
16.369278
15.963877
15.566577
15.177313
14.796013
14.422601
14.056998
13.699123
13.348887
13.006204
12.67098
12.343121
12.02253
11.709109
11.402755
11.103367
10.810841
10.52507
10.245949
9.9733694
9.7072233
9.4474016
9.1937951
8.946294
8.7047886
8.4691689
8.2393253
8.0151483
7.7965286
7.5833575
7.3755269
7.1729292
6.9754576
6.783006
6.5954694
6.4127433
6.2347247
6.0613104
5.8923998
5.7278903
5.5677138
52.98072
52.250355
51.518506
50.785502
50.051675
49.317357
48.58288
47.848578
47.114782
46.381824
45.650034
44.919738
44.19126
43.46492
42.741036
42.019918
41.301873
40.587202
39.876199
39.169153
38.466344
37.768047
37.074527
36.386044
35.702845
35.025173
34.35326
33.687328
33.027591
32.374255
31.727512
31.08755
30.454542
29.828655
29.210043
28.598854
27.995222
27.399274
26.811126
26.230885
25.658646
25.094498
24.538518
23.990773
23.451324
22.92022
22.397502
21.883203
21.377346
20.879948
20.391017
19.910552
19.438547
18.974986
18.519848
18.073104
17.634722
17.204659
16.782869
16.3693
15.963896
15.566594
15.177326
14.796023
14.422609
14.057004
13.699126
13.348889
13.006203
12.670977
12.343117
12.022525
11.709102
11.402747
11.103358
10.810831
10.525059
10.245937
9.9733566
9.7072098
9.4473875
9.1937805
8.9462789
8.7047731
8.4691532
8.2393093
8.015132
7.7965121
7.5833409
7.3755102
7.1729125
6.9754409
6.7829893
6.5954528
6.4127268
6.2347083
6.0612942
5.8923837
5.7278748
5.5676978
52.981229
52.250875
51.519038
50.786045
50.052226
49.317915
48.583443
47.849144
47.11535
46.382392
45.6506
44.920299
44.191816
43.465468
42.741574
42.020445
41.302388
40.587703
39.876685
39.169622
38.466797
37.768482
37.074945
36.386442
35.703225
35.025535
34.353602
33.687652
33.027898
32.374543
31.727784
31.087805
30.454781
29.828879
29.210253
28.59905
27.995405
27.399445
26.811286
26.231033
25.658784
25.094626
24.538637
23.990883
23.451426
22.920314
22.397589
21.883283
21.377419
20.880015
20.391078
19.910608
19.438597
18.975031
18.519888
18.07314
17.634753
17.204686
16.782892
16.36932
15.963913
15.566607
15.177337
14.796031
14.422614
14.057007
13.699126
13.348887
13.0062
12.670972
12.34311
12.022516
11.709092
11.402736
11.103346
10.810818
10.525045
10.245922
9.9733414
9.7071939
9.4473711
9.1937636
8.9462616
8.7047555
8.4691352
8.2392911
8.0151136
7.7964936
7.5833224
7.3754916
7.1728938
6.9754222
6.7829708
6.5954343
6.4127085
6.2346901
6.0612762
5.892366
5.727858
5.5676806
52.981736
52.251395
51.519568
50.786584
50.052774
49.318469
48.584002
47.849707
47.115914
46.382956
45.651161
44.920857
44.192367
43.466012
42.742109
42.020969
41.302899
40.5882
39.877168
39.170089
38.467247
37.768915
37.07536
36.38684
35.703604
35.025895
34.353944
33.687976
33.028203
32.374832
31.728055
31.088059
30.45502
29.829102
29.210462
28.599245
27.995587
27.399615
26.811444
26.23118
25.658921
25.094753
24.538754
23.990992
23.451526
22.920406
22.397673
21.88336
21.37749
20.88008
20.391137
19.910661
19.438644
18.975073
18.519925
18.073173
17.634782
17.204711
16.782913
16.369337
15.963926
15.566618
15.177345
14.796036
14.422616
14.057007
13.699124
13.348883
13.006194
12.670964
12.343101
12.022506
11.70908
11.402723
11.103332
10.810802
10.525029
10.245905
9.9733237
9.7071756
9.4473523
9.1937443
8.946242
8.7047355
8.469115
8.2392707
8.0150931
7.796473
7.5833016
7.3754709
7.1728731
6.9754016
6.7829502
6.5954139
6.4126882
6.2346701
6.0612565
5.8923465
5.7278394
5.5676619
52.982242
52.251912
51.520095
50.787119
50.053317
49.319018
48.584556
47.850264
47.116473
46.383514
45.651717
44.921408
44.192913
43.466551
42.742639
42.021488
41.303406
40.588694
39.877647
39.170554
38.467695
37.769346
37.075774
36.387235
35.703982
35.026254
34.354285
33.688298
33.028508
32.375119
31.728325
31.088313
30.455258
29.829325
29.21067
28.599439
27.995768
27.399783
26.8116
26.231325
25.659055
25.094877
24.538869
23.991098
23.451624
22.920496
22.397755
21.883435
21.377559
20.880142
20.391192
19.910711
19.438689
18.975112
18.51996
18.073203
17.634808
17.204732
16.782931
16.369352
15.963937
15.566625
15.177349
14.796038
14.422616
14.057004
13.699119
13.348876
13.006184
12.670954
12.343088
12.022492
11.709065
11.402707
11.103315
10.810784
10.52501
10.245886
9.9733032
9.7071546
9.4473308
9.1937224
8.9462198
8.704713
8.4690923
8.2392478
8.0150701
7.79645
7.5832786
7.3754479
7.1728502
6.9753788
6.7829276
6.5953914
6.412666
6.2346481
6.0612349
5.8923252
5.7278189
5.5676417
52.982746
52.252426
51.520618
50.787651
50.053855
49.319563
48.585105
47.850815
47.117025
46.384066
45.652267
44.921954
44.193453
43.467084
42.743163
42.022002
41.303909
40.589184
39.878123
39.171014
38.46814
37.769774
37.076184
36.387628
35.704357
35.026611
34.354624
33.688619
33.028811
32.375404
31.728594
31.088565
30.455494
29.829546
29.210876
28.599631
27.995947
27.399949
26.811754
26.231468
25.659187
25.094999
24.538981
23.991201
23.451719
22.920583
22.397835
21.883507
21.377624
20.880201
20.391245
19.910758
19.43873
18.975149
18.519991
18.07323
17.63483
17.204751
16.782945
16.369362
15.963945
15.566629
15.17735
14.796036
14.422612
14.056997
13.69911
13.348865
13.006172
12.67094
12.343073
12.022475
11.709047
11.402687
11.103294
10.810763
10.524988
10.245863
9.9732799
9.7071308
9.4473066
9.1936978
8.9461949
8.7046879
8.469067
8.2392224
8.0150447
7.7964245
7.5832532
7.3754225
7.172825
6.9753537
6.7829027
6.5953668
6.4126416
6.234624
6.0612112
5.8923019
5.7277964
5.5676189
52.983247
52.252936
51.521137
50.788178
50.054388
49.320101
48.585647
47.85136
47.117571
46.384611
45.652809
44.922493
44.193987
43.46761
42.743681
42.02251
41.304405
40.589668
39.878593
39.17147
38.46858
37.770198
37.076591
36.388018
35.704728
35.026965
34.35496
33.688938
33.029112
32.375688
31.72886
31.088815
30.455728
29.829764
29.21108
28.599821
27.996124
27.400113
26.811906
26.231608
25.659317
25.095119
24.539091
23.991302
23.451811
22.920667
22.397911
21.883576
21.377686
20.880256
20.391295
19.910801
19.438768
18.975182
18.520019
18.073253
17.634849
17.204765
16.782956
16.36937
15.963948
15.56663
15.177348
14.796031
14.422604
14.056987
13.699098
13.348851
13.006156
12.670922
12.343054
12.022455
11.709025
11.402665
11.103271
10.810739
10.524963
10.245837
9.9732536
9.707104
9.4472793
9.1936703
8.9461671
8.7046599
8.4690389
8.2391943
8.0150165
7.7963964
7.5832252
7.3753947
7.1727973
6.9753262
6.7828755
6.5953398
6.4126149
6.2345977
6.0611853
5.8922766
5.7277724
5.5675944
52.983745
52.253442
51.521651
50.788699
50.054916
49.320633
48.586183
47.851897
47.118109
46.385148
45.653345
44.923025
44.194513
43.46813
42.744192
42.023012
41.304896
40.590146
39.879058
39.171921
38.469015
37.770617
37.076994
36.388403
35.705097
35.027316
34.355293
33.689253
33.02941
32.375968
31.729124
31.089062
30.455959
29.82998
29.211282
28.600009
27.996298
27.400274
26.812055
26.231746
25.659444
25.095235
24.539198
23.991399
23.451899
22.920747
22.397984
21.883642
21.377745
20.880308
20.39134
19.910841
19.438803
18.975211
18.520043
18.073273
17.634864
17.204776
16.782963
16.369373
15.963948
15.566627
15.177342
14.796023
14.422593
14.056974
13.699083
13.348834
13.006137
12.670901
12.343031
12.022431
11.709
11.402639
11.103244
10.810711
10.524934
10.245808
9.973224
9.707074
9.447249
9.1936397
8.9461363
8.704629
8.4690079
8.2391633
8.0149856
7.7963655
7.5831945
7.3753641
7.172767
6.9752962
6.7828457
6.5953104
6.4125859
6.234569
6.0611571
5.8922491
5.7277457
5.5675669
52.984237
52.253943
51.522159
50.789213
50.055435
49.321157
48.58671
47.852426
47.118639
46.385677
45.653871
44.923548
44.195031
43.468641
42.744695
42.023505
41.305379
40.590617
39.879516
39.172364
38.469444
37.771031
37.077391
36.388784
35.70546
35.027661
34.355622
33.689564
33.029703
32.376245
31.729384
31.089306
30.456187
29.830193
29.21148
28.600193
27.996468
27.400432
26.812201
26.23188
25.659567
25.095348
24.5393
23.991493
23.451984
22.920824
22.398053
21.883703
21.377799
20.880356
20.391382
19.910877
19.438833
18.975236
18.520063
18.073288
17.634875
17.204783
16.782966
16.369372
15.963944
15.56662
15.177332
14.79601
14.422578
14.056956
13.699063
13.348812
13.006114
12.670876
12.343005
12.022403
11.708972
11.402609
11.103213
10.810679
10.524902
10.245775
9.973191
9.7070406
9.4472153
9.1936058
8.9461023
8.7045949
8.4689739
8.2391293
8.0149516
7.7963318
7.5831609
7.3753308
7.1727339
6.9752635
6.7828133
6.5952784
6.4125543
6.2345379
6.0611266
5.8922193
5.7277173
5.5675379
52.984724
52.254437
51.52266
50.78972
50.055948
49.321673
48.587229
47.852947
47.11916
46.386197
45.654389
44.924062
44.19554
43.469143
42.74519
42.023991
41.305854
40.591081
39.879967
39.172801
38.469867
37.771438
37.077782
36.389159
35.705818
35.028003
34.355945
33.689871
33.029993
32.376518
31.72964
31.089546
30.456412
29.830402
29.211674
28.600373
27.996635
27.400586
26.812342
26.23201
25.659686
25.095456
24.539399
23.991582
23.452065
22.920896
22.398117
21.88376
21.377849
20.880399
20.391419
19.910908
19.438858
18.975256
18.520079
18.073299
17.634881
17.204785
16.782964
16.369367
15.963936
15.566608
15.177317
14.795992
14.422558
14.056934
13.699039
13.348786
13.006086
12.670847
12.342974
12.022371
11.708939
11.402575
11.103178
10.810644
10.524866
10.245739
9.973154
9.7070033
9.4471779
9.1935682
8.9460646
8.7045572
8.4689362
8.2390917
8.0149143
7.7962946
7.583124
7.3752942
7.1726977
6.9752276
6.7827779
6.5952434
6.4125199
6.234504
6.0610933
5.8921868
5.7276855
5.5675058
52.985245
52.254966
51.523196
50.790262
50.056495
49.322224
48.587783
47.853503
47.119716
46.386752
45.654942
44.924611
44.196084
43.469681
42.745719
42.024511
41.306363
40.591578
39.880452
39.173273
38.470323
37.771879
37.078207
36.389567
35.706209
35.028376
34.356301
33.690209
33.030314
32.376821
31.729926
31.089815
30.456664
29.830639
29.211896
28.60058
27.996827
27.400765
26.812508
26.232163
25.659827
25.095587
24.539519
23.991692
23.452165
22.920987
22.3982
21.883835
21.377916
20.880459
20.391472
19.910954
19.438898
18.97529
18.520107
18.073322
17.634899
17.204799
16.782974
16.369372
15.963937
15.566606
15.177312
14.795984
14.422546
14.05692
13.699022
13.348767
13.006065
12.670824
12.34295
12.022345
11.708911
11.402546
11.103148
10.810613
10.524834
10.245706
9.9731202
9.7069689
9.4471429
9.1935328
8.9460289
8.7045213
8.4689001
8.2390555
8.014878
7.7962584
7.5830879
7.3752582
7.1726618
6.975192
6.7827425
6.5952083
6.4124851
6.2344697
6.0610595
5.8921537
5.7276537
5.5674738
52.985965
52.255693
51.523928
50.790999
50.057235
49.322968
48.588528
47.854249
47.120461
46.387495
45.655681
44.925346
44.196812
43.470402
42.746431
42.025213
41.307054
40.592256
39.881116
39.173922
38.470957
37.772496
37.078807
36.390148
35.706772
35.02892
34.356826
33.690715
33.0308
32.377288
31.730375
31.090245
30.457076
29.831032
29.212271
28.600938
27.997169
27.401091
26.812819
26.232459
25.660109
25.095855
24.539774
23.991934
23.452395
22.921206
22.398407
21.884031
21.378102
20.880635
20.391638
19.911112
19.439047
18.97543
18.520239
18.073446
17.635016
17.204909
16.783077
16.369469
15.964027
15.56669
15.17739
14.796056
14.422613
14.056982
13.69908
13.34882
13.006114
12.670869
12.34299
12.022382
11.708944
11.402576
11.103175
10.810637
10.524856
10.245725
9.9731366
9.7069829
9.4471547
9.1935425
8.9460366
8.7045271
8.4689042
8.2390579
8.0148789
7.7962578
7.5830859
7.3752549
7.1726574
6.9751864
6.7827359
6.5952008
6.4124767
6.2344605
6.0610496
5.8921434
5.7276429
5.5674618
248.7019
138.01694
98.003806
79.245299
69.036554
62.94977
59.101882
56.573323
54.867138
53.70078
248.7019
138.01678
98.003736
79.245265
69.036542
62.949753
59.101898
56.573259
54.867292
53.694903
248.7019
138.01677
98.003728
79.24526
69.03654
62.949752
59.101901
56.573255
54.86717
53.69532
248.7019
138.01676
98.003723
79.245258
69.036541
62.949756
59.101911
56.573268
54.867237
53.695196
248.7019
138.01675
98.003719
79.245257
69.036544
62.949763
59.101925
56.573291
54.867324
53.695378
248.7019
138.01674
98.003715
79.245257
69.036549
62.949773
59.101946
56.573329
54.867409
53.695578
248.7019
138.01673
98.003713
79.245259
69.036556
62.949788
59.101974
56.573385
54.867521
53.695803
248.7019
138.01673
98.003712
79.245263
69.036566
62.949807
59.10201
56.573456
54.867663
53.696057
248.7019
138.01672
98.003712
79.245268
69.036579
62.949831
59.102054
56.573544
54.867828
53.696331
248.7019
138.01672
98.003714
79.245275
69.036594
62.94986
59.102108
56.573647
54.868014
53.696621
248.7019
138.01672
98.003717
79.245284
69.036613
62.949895
59.102173
56.573767
54.868219
53.696926
248.7019
138.01672
98.003721
79.245294
69.036635
62.949936
59.102247
56.573902
54.868441
53.697243
248.7019
138.01672
98.003727
79.245308
69.036661
62.949984
59.102333
56.574052
54.868679
53.697572
248.7019
138.01673
98.003735
79.245323
69.036691
62.950038
59.10243
56.574217
54.868933
53.697912
248.7019
138.01673
98.003744
79.245341
69.036725
62.9501
59.102538
56.574397
54.8692
53.698261
248.7019
138.01674
98.003755
79.245362
69.036764
62.95017
59.102658
56.574591
54.869481
53.69862
248.7019
138.01675
98.003769
79.245386
69.036808
62.950248
59.102791
56.5748
54.869775
53.698989
248.7019
138.01677
98.003784
79.245414
69.036858
62.950335
59.102935
56.575023
54.870081
53.699366
248.7019
138.01678
98.003802
79.245444
69.036913
62.950432
59.103093
56.575259
54.870399
53.699751
248.7019
138.0168
98.003823
79.245479
69.036975
62.950537
59.103262
56.575508
54.870728
53.700144
248.7019
138.01682
98.003846
79.245517
69.037043
62.950652
59.103444
56.575771
54.871068
53.700545
248.7019
138.01684
98.003872
79.24556
69.037118
62.950778
59.103639
56.576046
54.871418
53.700954
248.7019
138.01687
98.003902
79.245608
69.0372
62.950914
59.103847
56.576333
54.871778
53.70137
248.7019
138.0169
98.003934
79.24566
69.03729
62.95106
59.104067
56.576632
54.872148
53.701793
248.7019
138.01693
98.00397
79.245717
69.037387
62.951218
59.104299
56.576943
54.872527
53.702223
248.7019
138.01697
98.00401
79.24578
69.037493
62.951386
59.104544
56.577266
54.872915
53.70266
248.7019
138.01701
98.004054
79.245848
69.037607
62.951565
59.1048
56.577599
54.873312
53.703103
248.7019
138.01706
98.004102
79.245923
69.03773
62.951756
59.105069
56.577943
54.873717
53.703552
248.7019
138.01711
98.004155
79.246003
69.037863
62.951958
59.105349
56.578297
54.87413
53.704007
248.7019
138.01716
98.004213
79.246091
69.038004
62.952171
59.105641
56.578661
54.87455
53.704467
248.7019
138.01723
98.004275
79.246185
69.038155
62.952395
59.105944
56.579034
54.874978
53.704933
248.7019
138.01729
98.004343
79.246287
69.038316
62.952631
59.106258
56.579416
54.875412
53.705403
248.7019
138.01737
98.004417
79.246396
69.038486
62.952878
59.106582
56.579806
54.875853
53.705879
248.7019
138.01745
98.004496
79.246513
69.038667
62.953135
59.106916
56.580205
54.876299
53.706358
248.7019
138.01753
98.004582
79.246637
69.038857
62.953403
59.107259
56.580611
54.876751
53.706841
248.7019
138.01763
98.004674
79.24677
69.039057
62.953681
59.107612
56.581023
54.877207
53.707327
248.7019
138.01773
98.004773
79.246911
69.039267
62.95397
59.107973
56.581443
54.877668
53.707816
248.7019
138.01785
98.004879
79.24706
69.039487
62.954268
59.108342
56.581868
54.878133
53.708308
248.7019
138.01797
98.004992
79.247218
69.039716
62.954575
59.108719
56.582298
54.878601
53.708801
248.7019
138.0181
98.005112
79.247385
69.039955
62.954891
59.109102
56.582733
54.879072
53.709296
248.7019
138.01825
98.005239
79.24756
69.040203
62.955215
59.109492
56.583172
54.879544
53.709791
248.7019
138.0184
98.005374
79.247743
69.04046
62.955547
59.109887
56.583614
54.880018
53.710286
248.7019
138.01857
98.005516
79.247935
69.040725
62.955886
59.110286
56.584058
54.880493
53.71078
248.7019
138.01875
98.005664
79.248135
69.040998
62.95623
59.11069
56.584504
54.880967
53.711273
248.7019
138.01895
98.00582
79.248343
69.041278
62.95658
59.111096
56.58495
54.881441
53.711764
248.7019
138.01916
98.005981
79.248558
69.041565
62.956935
59.111504
56.585396
54.881912
53.712252
248.7019
138.01938
98.006147
79.24878
69.041857
62.957293
59.111913
56.585841
54.88238
53.712735
248.7019
138.01962
98.006315
79.249006
69.042153
62.957653
59.112323
56.586284
54.882846
53.713215
248.7019
138.01986
98.006496
79.249257
69.042479
62.958045
59.112764
56.586759
54.883343
53.713726
248.7019
138.02007
98.006781
79.249683
69.043006
62.958644
59.113412
56.58744
54.884043
53.714439
248.7019
138.02023
98.007033
79.250044
69.04346
62.959168
59.113985
56.588044
54.884667
53.715076
248.7019
138.0203
98.007212
79.250295
69.0438
62.959579
59.114446
56.588538
54.885182
53.715604
248.7019
138.02031
98.007445
79.250593
69.044192
62.960049
59.11497
56.589098
54.885764
53.7162
248.7019
138.02031
98.007738
79.250976
69.044681
62.960622
59.115601
56.589765
54.886454
53.716904
248.7019
138.02031
98.008072
79.251449
69.045274
62.961306
59.116344
56.590545
54.887256
53.717718
248.7019
138.02034
98.008426
79.252007
69.045978
62.962111
59.117214
56.591453
54.888187
53.718663
248.7019
138.02038
98.008848
79.252729
69.046885
62.963135
59.118308
56.592588
54.889345
53.719834
248.7019
138.02048
98.00935
79.253548
69.047895
62.964257
59.119495
56.59381
54.890587
53.721088
248.7019
138.02067
98.009935
79.254432
69.048954
62.965414
59.120703
56.595046
54.891837
53.722345
248.7019
138.02094
98.010566
79.255325
69.049999
62.96654
59.121872
56.596236
54.893038
53.72355
248.7019
138.0212
98.011162
79.256143
69.050938
62.967538
59.122896
56.597271
54.894075
53.724588
248.7019
138.02147
98.011681
79.256821
69.051699
62.968337
59.12371
56.59809
54.894895
53.725406
248.7019
138.02166
98.012047
79.257283
69.052201
62.96885
59.124221
56.598594
54.895393
53.725899
248.7019
138.02177
98.012247
79.257529
69.052467
62.969122
59.124493
56.598863
54.895659
53.726163
248.7019
138.02181
98.012264
79.257505
69.052398
62.969015
59.124358
56.598709
54.895493
53.725989
248.7019
138.02182
98.012288
79.257538
69.052438
62.96906
59.124408
56.598765
54.895557
53.726062
248.7019
138.02165
98.011982
79.257136
69.051976
62.968561
59.123886
56.598227
54.895007
53.725503
248.7019
138.02195
98.012197
79.257192
69.051877
62.968334
59.123559
56.597826
54.89455
53.725005
52.986608
52.256342
51.524584
50.79166
50.0579
49.323636
48.589198
47.854919
47.121131
46.388164
45.656347
44.926008
44.197469
43.471052
42.747073
42.025846
41.307676
40.592867
39.881714
39.174506
38.471527
37.77305
37.079345
36.39067
35.707276
35.029407
34.357295
33.691165
33.031232
32.377703
31.730771
31.090624
30.457437
29.831377
29.212599
28.60125
27.997466
27.401373
26.813087
26.232714
25.66035
25.096083
24.539991
23.99214
23.452589
22.92139
22.398581
21.884195
21.378257
20.880782
20.391777
19.911242
19.43917
18.975546
18.520348
18.073549
17.635112
17.204999
16.783161
16.369548
15.964101
15.566759
15.177455
14.796117
14.42267
14.057034
13.699128
13.348865
13.006155
12.670907
12.343026
12.022415
11.708975
11.402605
11.103201
10.810661
10.524877
10.245744
9.9731546
9.7069993
9.4471695
9.1935558
8.9460486
8.7045378
8.4689136
8.2390663
8.0148861
7.796264
7.5830912
7.3752594
7.172661
6.9751893
6.7827381
6.5952023
6.4124776
6.2344608
6.0610496
5.8921431
5.7276427
5.5674606
52.987144
52.256885
51.525132
50.792213
50.058458
49.324197
48.589762
47.855485
47.121697
46.388729
45.656911
44.926567
44.198024
43.471601
42.747615
42.026379
41.308199
40.593379
39.882213
39.174992
38.471998
37.773506
37.079784
36.391092
35.707681
35.029794
34.357664
33.691516
33.031565
32.378017
31.731068
31.090903
30.457698
29.831621
29.212827
28.601462
27.997663
27.401555
26.813254
26.232868
25.660492
25.096213
24.540108
23.992246
23.452686
22.921476
22.398658
21.884264
21.378318
20.880835
20.391822
19.911281
19.439202
18.975572
18.520369
18.073563
17.635122
17.205004
16.783162
16.369544
15.964094
15.566748
15.177441
14.7961
14.42265
14.057013
13.699104
13.348839
13.006128
12.670878
12.342996
12.022383
11.708942
11.402571
11.103167
10.810625
10.524842
10.245709
9.9731185
9.706963
9.4471333
9.1935197
8.9460126
8.7045021
8.4688782
8.2390312
8.0148516
7.7962299
7.5830576
7.3752264
7.1726286
6.9751575
6.782707
6.595172
6.412448
6.2344321
6.0610217
5.8921162
5.7276171
5.5674352
52.987748
52.257497
51.525751
50.792838
50.059088
49.32483
48.590398
47.856122
47.122334
46.389365
45.657543
44.927196
44.198646
43.472216
42.748221
42.026974
41.308783
40.593949
39.882769
39.175532
38.472521
37.774011
37.08027
36.391558
35.708127
35.030219
34.358067
33.691898
33.031925
32.378355
31.731384
31.091198
30.457973
29.831876
29.213062
28.601678
27.99786
27.401734
26.813417
26.233014
25.660622
25.096328
24.54021
23.992335
23.452762
22.92154
22.398711
21.884307
21.37835
20.880858
20.391837
19.911287
19.4392
18.975563
18.520353
18.073541
17.635094
17.20497
16.783123
16.3695
15.964046
15.566696
15.177385
14.79604
14.422588
14.056947
13.699037
13.348769
13.006056
12.670805
12.342921
12.022307
11.708865
11.402493
11.103088
10.810547
10.524763
10.245629
9.9730394
9.7068841
9.4470547
9.1934415
8.9459349
8.704425
8.4688019
8.2389557
8.0147769
7.7961563
7.582985
7.3751548
7.1725582
6.9750883
6.782639
6.5951053
6.4123827
6.2343681
6.0609593
5.8920556
5.7275585
5.5673774
52.98846
52.258215
51.526476
50.793568
50.059822
49.325567
48.591136
47.856861
47.123072
46.390101
45.658275
44.927922
44.199365
43.472926
42.748921
42.027662
41.309457
40.594609
39.883412
39.176157
38.473126
37.774596
37.080833
36.392099
35.708644
35.030712
34.358536
33.692342
33.032345
32.37875
31.731754
31.091543
30.458294
29.832172
29.213335
28.601929
27.998089
27.401942
26.813605
26.233183
25.660773
25.096461
24.540326
23.992436
23.452847
22.921612
22.398769
21.884352
21.378383
20.880879
20.391848
19.911288
19.439192
18.975545
18.520327
18.073508
17.635053
17.204922
16.783069
16.369441
15.963981
15.566626
15.17731
14.795962
14.422505
14.056861
13.698948
13.348677
13.005962
12.670708
12.342823
12.022208
11.708764
11.402391
11.102985
10.810443
10.524659
10.245525
9.9729353
9.7067802
9.446951
9.1933382
8.9458322
8.7043229
8.4687006
8.2388552
8.0146774
7.7960578
7.5828876
7.3750586
7.1724633
6.9749947
6.7825469
6.5950145
6.4122935
6.2342806
6.0608735
5.8919718
5.7274769
5.5672969
52.989281
52.259043
51.527308
50.794405
50.060662
49.32641
48.591981
47.857706
47.123915
46.390941
45.659111
44.928752
44.200187
43.473739
42.749722
42.028451
41.310231
40.595366
39.884151
39.176877
38.473825
37.775272
37.081486
36.392727
35.709247
35.031288
34.359085
33.692863
33.032837
32.379215
31.73219
31.091952
30.458675
29.832526
29.213663
28.60223
27.998366
27.402194
26.813833
26.233389
25.660957
25.096625
24.54047
23.99256
23.452954
22.921701
22.398843
21.88441
21.378427
20.88091
20.391865
19.911293
19.439186
18.975529
18.5203
18.073471
17.635008
17.204869
16.783008
16.369372
15.963906
15.566545
15.177223
14.79587
14.422409
14.056761
13.698843
13.34857
13.005851
12.670595
12.342707
12.02209
11.708645
11.40227
11.102864
10.81032
10.524535
10.245402
9.9728114
9.7066563
9.4468273
9.1932149
8.9457094
8.7042009
8.4685793
8.2387349
8.0145581
7.7959396
7.5827707
7.3749431
7.1723492
6.9748821
6.7824358
6.5949051
6.4121859
6.2341748
6.0607698
5.8918704
5.7273779
5.5671994
52.990233
52.26
51.528271
50.795372
50.061631
49.327381
48.592952
47.858675
47.124882
46.391903
45.660067
44.929701
44.201127
43.474668
42.750639
42.029352
41.311117
40.596233
39.884999
39.177703
38.474628
37.776051
37.082239
36.393453
35.709944
35.031956
34.359724
33.693471
33.033415
32.379761
31.732706
31.092436
30.459128
29.832949
29.214056
28.602594
27.998701
27.402502
26.814114
26.233643
25.661186
25.09683
24.540652
23.992721
23.453094
22.921821
22.398943
21.884493
21.378493
20.880959
20.391899
19.911313
19.439192
18.975522
18.520281
18.073441
17.634967
17.204818
16.782948
16.369304
15.963829
15.566461
15.177132
14.795772
14.422305
14.056652
13.69873
13.348452
13.005729
12.67047
12.342579
12.021959
11.708512
11.402136
11.102727
10.810183
10.524397
10.245263
9.972672
9.7065167
9.4466877
9.1930756
8.9455705
8.7040625
8.4684417
8.2385982
8.0144225
7.7958051
7.5826375
7.3748113
7.1722189
6.9747534
6.7823088
6.5947799
6.4120625
6.2340535
6.0606507
5.8917538
5.7272641
5.5670874
52.99141
52.261184
51.529459
50.796563
50.062826
49.328576
48.594147
47.859868
47.126071
46.393088
45.661245
44.930869
44.202285
43.475813
42.75177
42.030468
41.312214
40.597311
39.886055
39.178735
38.475635
37.777031
37.083191
36.394376
35.710836
35.032817
34.360551
33.694265
33.034174
32.380486
31.733395
31.09309
30.459748
29.833534
29.214606
28.60311
27.999184
27.402952
26.814532
26.234031
25.661544
25.09716
24.540954
23.992996
23.453343
22.922046
22.399145
21.884672
21.378651
20.881097
20.392017
19.911412
19.439274
18.975588
18.520331
18.073476
17.634988
17.204826
16.782944
16.369288
15.963802
15.566424
15.177086
14.795717
14.422242
14.056582
13.698652
13.348368
13.00564
12.670375
12.342479
12.021855
11.708404
11.402024
11.102613
10.810066
10.524278
10.245141
9.9725489
9.7063922
9.4465622
9.1929493
8.9454436
8.7039353
8.4683144
8.238471
8.0142955
7.7956787
7.5825117
7.3746862
7.1720947
6.9746303
6.7821869
6.5946594
6.4119435
6.2339361
6.0605353
5.8916406
5.7271532
5.566978
52.992671
52.262449
51.530728
50.797835
50.064099
49.329849
48.595418
47.861136
47.127335
46.394345
45.662494
44.932109
44.203514
43.477028
42.75297
42.03165
41.313378
40.598454
39.887175
39.179831
38.476705
37.778073
37.084204
36.395357
35.711786
35.033732
34.361432
33.695111
33.034984
32.381259
31.734132
31.093789
30.460409
29.834158
29.215193
28.603661
27.999698
27.403431
26.814977
26.234441
25.661922
25.097505
24.541269
23.993281
23.4536
22.922275
22.399348
21.884849
21.378804
20.881227
20.392126
19.911501
19.439343
18.975637
18.520363
18.073492
17.634988
17.204811
16.782915
16.369246
15.963748
15.566358
15.17701
14.795631
14.422147
14.056478
13.698541
13.34825
13.005515
12.670245
12.342344
12.021715
11.70826
11.401877
11.102462
10.809913
10.524122
10.244984
9.9723901
9.7062324
9.4464015
9.1927881
8.9452823
8.703774
8.4681534
8.2383105
8.0141358
7.7955199
7.582354
7.3745299
7.1719398
6.974477
6.7820354
6.5945098
6.4117961
6.233791
6.0603928
5.8915009
5.7270165
5.5668437
52.993931
52.263712
51.531993
50.7991
50.065362
49.331111
48.596676
47.86239
47.128582
46.395584
45.663724
44.933328
44.20472
43.478221
42.754146
42.032809
41.314517
40.599572
39.888271
39.180903
38.477751
37.779092
37.085193
36.396316
35.712713
35.034627
34.362293
33.695936
33.035774
32.382012
31.734847
31.094467
30.46105
29.834761
29.215758
28.604188
28.000188
27.403884
26.815394
26.234823
25.662269
25.097819
24.54155
23.993531
23.453819
22.922465
22.399509
21.884984
21.378913
20.881312
20.392187
19.911539
19.43936
18.975634
18.520341
18.073452
17.634931
17.204738
16.782827
16.369144
15.963633
15.566231
15.176872
14.795483
14.421989
14.056312
13.698367
13.348068
13.005327
12.670051
12.342145
12.021512
11.708053
11.401666
11.102249
10.809697
10.523905
10.244765
9.9721701
9.7060118
9.4461808
9.1925675
8.9450621
8.7035546
8.467935
8.2380935
8.0139203
7.7953062
7.5821423
7.3743203
7.1717326
6.9742724
6.7818335
6.5943108
6.4116002
6.2335985
6.0602038
5.8913157
5.7268352
5.5666657
52.995139
52.264921
51.533201
50.800308
50.066568
49.332314
48.597874
47.863582
47.129768
46.396761
45.664891
44.934484
44.205864
43.47935
42.75526
42.033906
41.315595
40.60063
39.889306
39.181914
38.478738
37.780052
37.086126
36.39722
35.713586
35.035468
34.363101
33.696711
33.036513
32.382716
31.735515
31.095099
30.461644
29.835318
29.216278
28.604671
28.000634
27.404293
26.815766
26.23516
25.662571
25.098086
24.541783
23.993731
23.453988
22.922603
22.399618
21.885064
21.378966
20.881338
20.392189
19.911517
19.439315
18.975568
18.520255
18.073346
17.634807
17.204598
16.78267
16.368973
15.963448
15.566033
15.176662
14.795262
14.421759
14.056072
13.698119
13.347813
13.005065
12.669783
12.341872
12.021235
11.707772
11.401382
11.101962
10.809409
10.523615
10.244474
9.9718791
9.7057208
9.4458903
9.1922778
8.9447736
8.7032677
8.4676499
8.2378105
8.0136397
7.7950283
7.5818673
7.3740484
7.1714641
6.9740074
6.7815723
6.5940535
6.411347
6.2333497
6.0599597
5.8910764
5.7266007
5.5664357
52.996176
52.265956
51.534235
50.801338
50.067595
49.333335
48.598889
47.86459
47.130768
46.397752
45.665872
44.935453
44.206819
43.480291
42.756186
42.034815
41.316486
40.601502
39.890158
39.182745
38.479545
37.780835
37.086883
36.39795
35.714289
35.036142
34.363745
33.697324
33.037095
32.383266
31.736032
31.095582
30.462093
29.835733
29.216658
28.605016
28.000944
27.404569
26.816008
26.235368
25.662745
25.098227
24.541893
23.993809
23.454035
22.92262
22.399606
21.885025
21.3789
20.881246
20.392072
19.911377
19.439153
18.975385
18.520051
18.073124
17.634567
17.204341
16.782398
16.368686
15.963147
15.56572
15.176338
14.794928
14.421415
14.055719
13.697759
13.347446
13.004693
12.669406
12.341491
12.02085
11.707384
11.400992
11.101571
10.809017
10.523223
10.244082
9.9714881
9.7053311
9.4455023
9.191892
8.9443904
8.7028874
8.467273
8.2374372
8.0132703
7.794663
7.5815064
7.3736922
7.1711128
6.9736612
6.7812314
6.5937182
6.4110174
6.233026
6.0596422
5.8907652
5.7262959
5.5661369
52.996993
52.266772
51.535048
50.802148
50.068401
49.334136
48.599685
47.86538
47.13155
46.398526
45.666636
44.936207
44.207562
43.481021
42.756902
42.035517
41.317173
40.602171
39.89081
39.183377
38.480158
37.781427
37.087453
36.398497
35.714812
35.03664
34.364217
33.69777
33.037513
32.383655
31.736393
31.095914
30.462395
29.836004
29.216899
28.605226
28.001123
27.404717
26.816125
26.235454
25.662801
25.098253
24.541888
23.993775
23.453973
22.92253
22.399489
21.884881
21.378731
20.881053
20.391855
19.911137
19.438891
18.975103
18.51975
18.072804
17.63423
17.203987
16.782029
16.368303
15.962751
15.565312
15.175919
14.794498
14.420976
14.055273
13.697305
13.346987
13.004228
12.668936
12.341017
12.020373
11.706905
11.400512
11.10109
10.808535
10.522742
10.243603
9.9710099
9.704855
9.4450287
9.1914215
8.9439233
8.7024241
8.4668139
8.2369826
8.0128206
7.7942185
7.5810674
7.3732589
7.1706855
6.9732401
6.7808167
6.5933102
6.4106164
6.2326322
6.0592557
5.8903861
5.7259242
5.5657723
52.997483
52.267258
51.53553
50.802625
50.068873
49.334602
48.600144
47.865831
47.131993
46.39896
45.667061
44.936621
44.207966
43.481413
42.757282
42.035883
41.317525
40.602509
39.891131
39.183682
38.480445
37.781696
37.087704
36.398729
35.715023
35.036831
34.364387
33.697917
33.037638
32.383757
31.73647
31.095967
30.462424
29.836008
29.216877
28.605179
28.001051
27.404619
26.816001
26.235304
25.662625
25.098052
24.541663
23.993525
23.453698
22.922232
22.399168
21.884537
21.378365
20.880666
20.391447
19.91071
19.438446
18.97464
18.51927
18.072308
17.633719
17.203463
16.781492
16.367754
15.962192
15.564743
15.175341
14.793913
14.420384
14.054675
13.696702
13.346379
13.003617
12.668323
12.340402
12.019758
11.706289
11.399897
11.100476
10.807923
10.522132
10.242996
9.9704064
9.7042556
9.4444338
9.1908315
8.9433388
8.7018454
8.4662413
8.2364166
8.0122614
7.7936665
7.5805228
7.3727221
7.1701566
6.9727195
6.7803046
6.5928068
6.4101218
6.2321467
6.0587794
5.8899191
5.7254664
5.5653237
52.997745
52.267518
51.535787
50.802879
50.069123
49.334848
48.600386
47.866068
47.132224
46.399185
45.667279
44.936832
44.208167
43.481606
42.757465
42.036057
41.317687
40.60266
39.891271
39.183809
38.480559
37.781797
37.08779
36.3988
35.715079
35.036871
34.364411
33.697924
33.037628
32.383729
31.736425
31.095903
30.462341
29.835906
29.216756
28.605038
28.00089
27.404438
26.8158
26.235083
25.662384
25.09779
24.54138
23.993223
23.453376
22.92189
22.398806
21.884157
21.377966
20.880249
20.391013
19.910258
19.437978
18.974156
18.518771
18.071795
17.633193
17.202924
16.780941
16.367192
15.96162
15.564162
15.174751
14.793315
14.419779
14.054064
13.696086
13.345759
13.002993
12.667696
12.339774
12.019127
11.705659
11.399266
11.099846
10.807294
10.521505
10.242371
9.9697844
9.7036369
9.443819
9.190221
8.942733
8.7012447
8.4656462
8.2358273
8.0116784
7.79309
7.5799532
7.3721596
7.1696016
6.9721722
6.7797653
6.5922757
6.4095992
6.2316327
6.0582742
5.8894227
5.7249789
5.5648448
52.997569
52.26734
51.535608
50.802698
50.068938
49.334661
48.600195
47.865872
47.132024
46.398979
45.667067
44.936613
44.207942
43.481374
42.757224
42.035807
41.317428
40.602391
39.890992
39.18352
38.480259
37.781485
37.087467
36.398465
35.714732
35.036512
34.364039
33.69754
33.03723
32.383318
31.736001
31.095465
30.46189
29.835441
29.216277
28.604546
28.000383
27.403918
26.815266
26.234535
25.661822
25.097215
24.540792
23.992621
23.452762
22.921264
22.398168
21.883507
21.377304
20.879576
20.39033
19.909565
19.437275
18.973444
18.518051
18.071067
17.632457
17.202181
16.780192
16.366438
15.960861
15.563399
15.173984
14.792546
14.419008
14.053291
13.695311
13.344984
13.002218
12.666922
12.339
12.018356
11.70489
11.3985
11.099083
10.806536
10.520751
10.241622
9.9690408
9.7028992
9.4430875
9.1894963
8.9420153
8.7005346
8.464944
8.2351334
8.0109931
7.7924136
7.5792861
7.3715021
7.1689539
6.9715346
6.779138
6.591659
6.4089932
6.2310375
6.05769
5.8888496
5.7244168
5.5642938
52.997652
52.267432
51.535706
50.802801
50.069045
49.334769
48.600303
47.865978
47.132125
46.399075
45.667155
44.936693
44.208012
43.481432
42.757271
42.035841
41.317449
40.602398
39.890984
39.183497
38.480222
37.781432
37.087399
36.398381
35.714633
35.036396
34.363907
33.697392
33.037067
32.383138
31.735804
31.095253
30.46166
29.835195
29.216014
28.604266
28.000087
27.403604
26.814935
26.234187
25.661457
25.096833
24.540393
23.992205
23.452329
22.920815
22.397703
21.883027
21.37681
20.879067
20.389807
19.909029
19.436725
18.972881
18.517475
18.070479
17.631858
17.20157
16.77957
16.365805
15.960217
15.562745
15.17332
14.791872
14.418325
14.052599
13.694612
13.344276
13.001502
12.666199
12.338271
12.017621
11.704149
11.397754
11.098334
10.805783
10.519995
10.240864
9.968281
9.7021383
9.4423262
9.1887351
8.9412551
8.6997758
8.4641874
8.2343796
8.0102428
7.7916675
7.5785448
7.3707663
7.1682241
6.9708115
6.7784221
6.5909507
6.4082932
6.2303461
6.0570076
5.8881766
5.7237533
5.5636399
52.997085
52.266854
51.535116
50.802198
50.068427
49.334135
48.599652
47.865309
47.131438
46.39837
45.666431
44.93595
44.20725
43.480653
42.756474
42.035026
41.316618
40.601551
39.890122
39.182621
38.479331
37.780529
37.086484
36.397455
35.713696
35.03545
34.362952
33.696427
33.036094
32.382158
31.734816
31.094257
30.460658
29.834186
29.214998
28.603242
27.999056
27.402565
26.813888
26.233131
25.660391
25.095757
24.539305
23.991105
23.451215
22.919685
22.396557
21.881862
21.375626
20.877864
20.388583
19.907783
19.435458
18.971592
18.516165
18.069146
17.630504
17.200195
16.778174
16.364389
15.958783
15.561293
15.171852
14.79039
14.41683
14.051093
13.693096
13.342753
12.999974
12.664667
12.336736
12.016084
11.702613
11.396219
11.096801
10.804255
10.518473
10.239349
9.9667748
9.7006423
9.4408417
9.1872634
8.9397972
8.6983329
8.4627603
8.2329693
8.00885
7.7902929
7.5771889
7.3694297
7.1669072
6.9695146
6.7771455
6.5896946
6.4070577
6.2291315
6.0558138
5.8870036
5.7226013
5.5625092
52.99656
52.266303
51.534541
50.801599
50.067807
49.333494
48.598992
47.864631
47.130743
46.397658
45.665705
44.935209
44.206494
43.479882
42.755688
42.034226
41.315802
40.600719
39.889273
39.181754
38.478446
37.779624
37.085558
36.396507
35.712725
35.034455
34.361932
33.695382
33.035022
32.381059
31.73369
31.093102
30.459474
29.832973
29.213756
28.601971
27.997755
27.401235
26.81253
26.231745
25.658978
25.094317
24.537841
23.989616
23.449703
22.918151
22.395002
21.880287
21.374032
20.87625
20.386952
19.906135
19.433793
18.96991
18.514466
18.067432
17.628774
17.198449
16.776413
16.362613
15.956991
15.559485
15.170028
14.78855
14.414974
14.049221
13.691209
13.340851
12.998058
12.662737
12.334795
12.014133
11.700652
11.394252
11.094828
10.802277
10.516491
10.237366
9.9647916
9.69866
9.4388619
9.1852873
8.9378262
8.6963683
8.4608035
8.2310214
8.0069124
7.7883667
7.5752754
7.3675298
7.1650222
6.9676454
6.775293
6.5878598
6.4052413
6.2273342
6.0540361
5.8852459
5.7208637
5.5607915
)
;

boundaryField
{
    inlet
    {
        type            fixedValue;
        value           uniform 750;
    }
    top
    {
        type            zeroGradient;
    }
    outlet
    {
        type            zeroGradient;
    }
    slipsurface
    {
        type            slip;
    }
    bottom
    {
        beta1           0.075;
        blended         false;
        type            omegaWallFunction;
        value           nonuniform List<scalar> 
100
(
99.668428
99.668428
99.668428
99.668428
467.26386
658.56584
782.36895
862.95997
913.96551
944.6099
961.54857
969.16319
970.40875
967.30908
961.27769
953.3067
944.10532
934.24242
924.34943
914.4911
904.79853
895.31112
886.18246
877.55833
869.54454
862.21348
855.60288
849.71449
844.52153
839.97655
836.01744
832.57668
829.59504
827.02291
824.79862
822.84867
821.09466
819.47074
817.92879
816.43468
814.95764
813.46965
811.94895
810.37918
808.75211
807.06443
805.31276
803.48628
801.57439
799.57772
797.50563
795.36713
793.16958
790.92541
788.65394
786.37114
784.08229
781.78826
779.49368
777.2059
774.92831
772.663
770.41589
768.1931
765.99519
763.82182
761.6735
759.54722
757.43761
755.34408
753.27005
751.21527
749.17998
747.16917
745.18097
743.21006
741.25687
739.32029
737.39857
735.49541
733.61221
731.7469
729.8998
728.06845
726.25062
724.4484
722.66289
720.8942
719.14073
717.40055
715.67426
713.96137
712.26269
710.57592
708.90289
707.22475
705.60158
703.86393
702.32935
699.99468
)
;
    }
    frontandback
    {
        type            empty;
    }
}


// ************************************************************************* //
