/*--------------------------------*- C++ -*----------------------------------*\
  =========                 |
  \\      /  F ield         | OpenFOAM: The Open Source CFD Toolbox
   \\    /   O peration     | Website:  https://openfoam.org
    \\  /    A nd           | Version:  12
     \\/     M anipulation  |
\*---------------------------------------------------------------------------*/
FoamFile
{
    format      ascii;
    class       volScalarField;
    location    "1900";
    object      p;
}
// * * * * * * * * * * * * * * * * * * * * * * * * * * * * * * * * * * * * * //

dimensions      [0 2 -2 0 0 0 0];

internalField   nonuniform List<scalar> 
7480
(
0.0087583252
0.0077110773
0.0065857643
0.0060620846
0.005724902
0.0054652416
0.0052566228
0.0050670682
0.004904605
0.0047700699
0.004653988
0.0045359143
0.0044123821
0.0042871379
0.0041624123
0.004039323
0.0039199659
0.0038123102
0.0037127347
0.0036078854
0.003501141
0.0034032064
0.003316871
0.003241485
0.0031791998
0.0031252748
0.0030719534
0.0030237857
0.0029842196
0.0029515651
0.0029242843
0.0029032745
0.0028872074
0.0028682528
0.0028453764
0.0028230547
0.0028023801
0.002783474
0.0027679149
0.0027481424
0.002719386
0.0026884324
0.0026595805
0.0026327223
0.0026062293
0.0025749754
0.0025383237
0.002501247
0.0024661663
0.0024324627
0.0023943312
0.0023508459
0.002307724
0.0022693026
0.0022321708
0.0021907213
0.0021471485
0.0021059009
0.0020671946
0.0020263055
0.0019821
0.0019398343
0.0018998359
0.001858197
0.0018144403
0.0017731207
0.0017324758
0.0016886073
0.0016445363
0.0016022084
0.0015586028
0.0015125116
0.0014688531
0.0014252048
0.0013778326
0.0013322027
0.0012872621
0.0012385768
0.0011909378
0.0011441494
0.0010941703
0.0010453064
0.00099674562
0.00094486274
0.00089393736
0.00084295143
0.00079012249
0.00073770133
0.00068400669
0.00063048662
0.00057651246
0.00052113386
0.00046708913
0.00041230376
0.00036028772
0.00030586837
0.00027339717
0.00016247773
0.00035993321
-0.00031316919
0.0082446562
0.0073183755
0.0064355072
0.0060175318
0.0057980244
0.0055970428
0.005397125
0.0052017576
0.0050281208
0.0048726843
0.0047319392
0.0045960862
0.0044606177
0.0043274588
0.0041976129
0.0040720527
0.0039532694
0.0038435819
0.0037413176
0.0036365703
0.0035297692
0.0034315738
0.0033448608
0.0032689695
0.0032062817
0.0031517419
0.0030974354
0.0030481597
0.003007296
0.0029732192
0.0029444818
0.0029220729
0.0029046897
0.0028845024
0.0028605287
0.0028370647
0.0028151975
0.0027952336
0.0027788256
0.0027581841
0.0027285789
0.0026969195
0.0026674534
0.002640069
0.0026131145
0.0025813977
0.0025443347
0.0025069734
0.0024716877
0.0024377751
0.0023993991
0.0023556806
0.0023123684
0.0022737849
0.0022364841
0.0021948642
0.0021511426
0.0021097564
0.0020709085
0.0020298635
0.0019855046
0.0019431024
0.0019029658
0.0018611818
0.0018172861
0.0017758431
0.0017350744
0.0016910833
0.0016469039
0.0016044733
0.0015607631
0.0015145725
0.001470824
0.0014270823
0.0013796202
0.0013339123
0.0012888942
0.0012401334
0.0011924275
0.0011455717
0.0010955262
0.0010466025
0.00099798271
0.00094604356
0.00089506754
0.00084403143
0.00079115404
0.00073868724
0.00068494881
0.00063138805
0.00057737459
0.00052195852
0.00046787869
0.00041305873
0.00036101378
0.00030655919
0.00027402158
0.0001637586
0.00036296047
-0.00031064301
0.0079392016
0.0072816167
0.0065521695
0.0061137636
0.0058635459
0.0056198498
0.0053850084
0.0051716572
0.0049893067
0.0048319599
0.0046918058
0.0045615005
0.0044334129
0.004307764
0.0041847417
0.0040654974
0.0039528611
0.0038462476
0.0037451008
0.0036435347
0.0035406507
0.003445692
0.0033617343
0.0032879708
0.003226815
0.0031725407
0.0031178256
0.0030681494
0.0030267705
0.0029920957
0.0029627768
0.0029399911
0.0029215624
0.0028996911
0.0028745745
0.0028501983
0.0028273911
0.0028066297
0.0027897719
0.0027686087
0.0027383497
0.0027061367
0.002676109
0.0026482488
0.0026208991
0.0025887237
0.0025509585
0.0025129004
0.0024772507
0.0024431158
0.0024044908
0.0023605416
0.0023170674
0.0022783718
0.0022409353
0.002199143
0.0021552756
0.0021137671
0.0020747951
0.0020336002
0.0019890914
0.0019465702
0.0019063121
0.0018643913
0.0018203627
0.0017788132
0.0017379306
0.0016938152
0.0016495291
0.0016069997
0.0015631835
0.0015168899
0.001473055
0.0014292189
0.0013816611
0.0013358754
0.0012907769
0.0012419339
0.0011941594
0.0011472332
0.0010971147
0.001048128
0.00099944467
0.0009474426
0.00089641237
0.00084532134
0.00079239005
0.00073987299
0.00068608503
0.00063247897
0.00057842125
0.00052296247
0.00046884307
0.00041398298
0.00036190486
0.00030740895
0.00027480392
0.00016592287
0.00036837074
-0.00030652122
0.0077200349
0.0072004872
0.0065276511
0.0060739827
0.0058147824
0.0055830461
0.0053602727
0.0051634174
0.0049936134
0.0048454656
0.0047080919
0.0045788171
0.0044506223
0.0043235394
0.0041994245
0.0040791473
0.0039643977
0.0038551529
0.0037518033
0.0036499105
0.0035477502
0.0034529779
0.0033690089
0.0032950944
0.0032324762
0.0031761169
0.0031210302
0.0030718786
0.0030311386
0.002997451
0.0029694097
0.002948173
0.0029304682
0.0029085222
0.0028836776
0.0028597284
0.0028372213
0.0028159227
0.0027982645
0.0027765452
0.0027457157
0.0027131984
0.0026828928
0.0026548507
0.0026274382
0.0025950199
0.0025566503
0.0025180052
0.0024821355
0.0024479557
0.002409193
0.0023650611
0.002321463
0.0022827109
0.0022451216
0.0022029995
0.0021588808
0.0021172766
0.0020782442
0.0020369498
0.0019923292
0.0019497378
0.0019094063
0.0018673849
0.0018232497
0.0017816165
0.0017406324
0.0016964029
0.0016520232
0.001609411
0.0015654997
0.0015191107
0.0014752038
0.001431285
0.0013836376
0.0013377839
0.0012926114
0.001243688
0.001195851
0.0011488594
0.0010986701
0.001049626
0.0010008827
0.00094881882
0.00089773765
0.00084659405
0.00079361044
0.00074104519
0.00068720866
0.00063355905
0.0005794583
0.00052395747
0.00046979946
0.00041489957
0.00036278757
0.00030825482
0.00027558541
0.00016869063
0.00037533796
-0.00030163158
0.0075136661
0.0070821625
0.0064883427
0.0060643761
0.0058137023
0.0055970988
0.0053786714
0.0051822368
0.0050096654
0.0048565278
0.0047141248
0.0045806734
0.0044503221
0.0043221432
0.0041987288
0.00407991
0.003966003
0.0038575614
0.0037549922
0.0036547114
0.0035546385
0.0034609494
0.0033773064
0.0033032831
0.0032393698
0.0031819163
0.0031271882
0.0030782631
0.0030370759
0.0030027847
0.0029740797
0.0029516144
0.0029319478
0.0029091165
0.002884407
0.0028610454
0.0028394305
0.002818771
0.0028017833
0.002780984
0.0027507186
0.0027188628
0.0026886493
0.0026600441
0.0026322923
0.0025996227
0.0025609711
0.002522279
0.0024865075
0.002452461
0.0024136561
0.0023693133
0.0023255492
0.0022867621
0.002249075
0.0022066526
0.0021623011
0.0021206175
0.0020815508
0.0020401815
0.0019954686
0.0019528453
0.001912481
0.0018703822
0.00182614
0.0017843674
0.001743234
0.0016989058
0.0016544604
0.0016117941
0.0015678091
0.0015213412
0.001477384
0.0014333923
0.001385652
0.0013397357
0.0012944936
0.0012454896
0.0011975937
0.0011505392
0.0011002795
0.0010511816
0.0010023796
0.00095025154
0.00089911908
0.00084792191
0.00079488475
0.00074227109
0.00068838461
0.0006346905
0.0005805452
0.00052500042
0.00047080232
0.00041586091
0.00036371208
0.00030914573
0.00027639609
0.00017186217
0.00038316675
-0.00029624687
0.0073226652
0.0069637822
0.0064520974
0.006058176
0.0058062442
0.0055905512
0.0053732275
0.0051765111
0.0050043765
0.0048515771
0.0047108053
0.0045788889
0.0044506026
0.0043248144
0.0042034075
0.0040860863
0.0039731446
0.0038653677
0.0037629527
0.0036630406
0.0035639026
0.0034706303
0.0033869305
0.003312663
0.0032479955
0.003189994
0.0031353412
0.0030861875
0.0030443016
0.0030091494
0.0029795313
0.0029557165
0.0029344684
0.0029112261
0.0028865141
0.0028629284
0.0028409066
0.0028198905
0.0028018656
0.0027804134
0.0027504143
0.0027191681
0.0026894507
0.0026613082
0.0026344406
0.0026026508
0.0025645823
0.0025264581
0.0024905173
0.0024559764
0.0024169919
0.0023725148
0.0023287719
0.0022901675
0.0022525886
0.002210123
0.0021656719
0.0021238871
0.002084784
0.0020433717
0.0019985734
0.0019559086
0.0019154922
0.0018733004
0.0018289496
0.0017870517
0.0017457954
0.0017013834
0.0016568856
0.0016141853
0.0015701495
0.0015236226
0.0014796378
0.001435548
0.0013876686
0.001341693
0.0012963995
0.0012473275
0.0011993876
0.0011522831
0.0011019569
0.0010528056
0.001003946
0.00095175336
0.00090057133
0.00084932127
0.00079623113
0.00074357028
0.00068963297
0.00063589326
0.00058170168
0.00052611099
0.00047187166
0.00041688727
0.00036469842
0.00031010133
0.00027724662
0.00017532651
0.00039133971
-0.00029034928
0.0071480338
0.0068475633
0.0064073788
0.0060418854
0.0057907171
0.005578871
0.005369318
0.0051769969
0.0050078579
0.0048562394
0.0047163209
0.0045840628
0.0044560234
0.0043306698
0.0042093517
0.0040920564
0.0039792511
0.0038715667
0.0037690015
0.0036693554
0.0035712492
0.0034787336
0.0033953096
0.00332107
0.003255918
0.0031974398
0.0031427129
0.0030932666
0.0030508349
0.0030150864
0.0029848637
0.0029601098
0.0029380189
0.0029145577
0.0028897187
0.0028657382
0.0028432295
0.0028216913
0.0028024705
0.0027803779
0.0027506779
0.0027194991
0.0026896465
0.0026613709
0.0026341059
0.0026021929
0.0025645244
0.0025270774
0.0024915276
0.0024574115
0.002419125
0.002375212
0.002332052
0.0022935311
0.0022554512
0.0022126527
0.0021681556
0.0021264699
0.0020875564
0.0020462249
0.0020014106
0.0019587017
0.0019182111
0.0018759555
0.0018315638
0.001789651
0.001748338
0.0017038269
0.0016592754
0.0016165464
0.0015724632
0.0015258724
0.0014818608
0.0014376719
0.0013896626
0.0013436479
0.0012983167
0.0012491858
0.0012012185
0.0011540809
0.0011036711
0.0010544383
0.0010055213
0.000953275
0.00090205581
0.00085076284
0.00079762477
0.00074491679
0.00069092845
0.00063714477
0.00058290782
0.00052727173
0.0004729924
0.00041796504
0.00036573373
0.00031110956
0.00027812568
0.00017901699
0.00039946134
-0.0002838698
0.0069880292
0.0067336173
0.0063548798
0.006019497
0.005773845
0.0055671655
0.0053650845
0.0051763325
0.0050082877
0.0048569246
0.0047168926
0.0045841781
0.0044565347
0.0043323157
0.004211954
0.0040956101
0.0039837863
0.0038768825
0.0037748014
0.0036758782
0.0035790157
0.0034874113
0.0034043169
0.00333007
0.0032644337
0.003205424
0.003150527
0.0031008115
0.0030578826
0.0030215208
0.0029906136
0.002964869
0.0029418462
0.0029178922
0.0028927166
0.002868327
0.0028454344
0.0028235451
0.0028035925
0.0027811612
0.0027518114
0.0027207044
0.0026907028
0.0026620697
0.0026341317
0.0026019549
0.0025644948
0.002527116
0.0024914963
0.0024570945
0.0024188067
0.0023754054
0.002333026
0.0022949957
0.0022570809
0.0022144933
0.0021704229
0.0021292376
0.0020903
0.0020484038
0.0020033675
0.0019607309
0.0019203837
0.0018782428
0.0018338951
0.0017920298
0.0017506486
0.0017060623
0.0016615345
0.0016188119
0.0015746606
0.001527979
0.00148395
0.0014397137
0.0013916385
0.0013456039
0.001300229
0.0012510333
0.0012030448
0.0011558774
0.0011053784
0.0010560707
0.0010071079
0.00095481647
0.00090357036
0.00085224529
0.00079905004
0.0007462737
0.00069223175
0.00063841402
0.00058414061
0.00052846505
0.00047414715
0.00041907549
0.00036680111
0.00031215551
0.00027902222
0.00018288587
0.00040720132
-0.0002767563
0.0068409121
0.0066230785
0.0062970706
0.0059921855
0.0057547549
0.005552975
0.0053575667
0.0051729015
0.0050067398
0.0048566188
0.0047174407
0.0045855419
0.0044587595
0.0043357832
0.0042163779
0.004100928
0.0039898712
0.0038834836
0.0037816712
0.0036832005
0.0035872314
0.0034963079
0.0034134021
0.0033390468
0.0032729319
0.0032134006
0.0031583002
0.0031083244
0.0030648955
0.0030278897
0.0029962692
0.0029695687
0.0029456322
0.0029211716
0.0028957141
0.0028710013
0.0028477567
0.0028255062
0.0028048382
0.0027819677
0.0027528358
0.0027217545
0.0026916504
0.0026628001
0.0026344763
0.0026022945
0.002565163
0.0025278485
0.00249207
0.0024571994
0.0024187562
0.00237561
0.0023334018
0.002295076
0.0022568607
0.0022144507
0.002171005
0.0021306259
0.0020920005
0.0020499032
0.0020050548
0.0019628284
0.0019227584
0.0018802914
0.0018355091
0.001793683
0.0017524032
0.0017079273
0.0016635168
0.0016208595
0.0015766299
0.0015298856
0.0014859215
0.0014416798
0.001393528
0.0013474696
0.0013020671
0.0012528137
0.0012048069
0.0011576023
0.0011070364
0.0010577049
0.0010087137
0.0009563707
0.00090509528
0.00085373961
0.00080048554
0.00074764263
0.00069355244
0.00063970912
0.00058540716
0.00052969235
0.00047531951
0.00042019317
0.00036788098
0.00031322644
0.00027992939
0.00018689039
0.00041425197
-0.00026897023
0.0067049364
0.0065165403
0.0062354101
0.0059599824
0.0057327289
0.0055362885
0.0053475941
0.0051679355
0.0050043963
0.0048558133
0.0047176265
0.0045864634
0.0044603962
0.0043382513
0.0042196961
0.0041050967
0.0039947974
0.0038890035
0.0037876271
0.0036897489
0.0035947413
0.0035046323
0.0034220795
0.0033477496
0.0032813114
0.003221367
0.0031660851
0.0031158759
0.0030719744
0.0030343427
0.0030020239
0.0029744173
0.0029495962
0.0029246165
0.0028988629
0.0028738052
0.0028501624
0.0028275034
0.0028061351
0.0027828115
0.0027538595
0.0027228367
0.0026926517
0.002663598
0.0026349
0.0026026793
0.0025658153
0.0025285473
0.0024926545
0.0024575299
0.0024191668
0.0023763617
0.0023342489
0.0022955851
0.0022570449
0.0022147218
0.0021714654
0.0021310216
0.0020919456
0.0020497385
0.0020054554
0.0019639877
0.0019244861
0.0018818166
0.0018368953
0.0017953689
0.0017543871
0.0017096903
0.0016648853
0.0016222458
0.0015780992
0.0015314754
0.0014876625
0.0014434498
0.0013952062
0.0013491734
0.0013038159
0.0012545183
0.0012064825
0.001159245
0.0011086337
0.0010592985
0.001010281
0.00095788206
0.00090658219
0.00085519781
0.00080190067
0.00074902306
0.00069489716
0.00064102702
0.00058669305
0.00053093647
0.00047650773
0.00042133025
0.00036898282
0.00031433209
0.00028084944
0.0001909812
0.00042029532
-0.00026047162
0.0065786594
0.0064142763
0.0061711189
0.0059233739
0.0057078343
0.0055174924
0.0053355155
0.0051612834
0.0050007502
0.0048538642
0.0047168412
0.0045866152
0.0044614584
0.0043403315
0.0042228669
0.0041092983
0.003999896
0.0038948252
0.0037940075
0.0036967678
0.0036026657
0.0035133344
0.0034311205
0.0033567842
0.0032900206
0.0032296469
0.0031741155
0.0031236294
0.0030792367
0.0030409606
0.0030079214
0.0029794172
0.0029537115
0.0029281747
0.0029020865
0.0028766632
0.0028526064
0.0028295282
0.0028075039
0.0027837386
0.0027549266
0.0027239669
0.0026936876
0.0026644163
0.0026353521
0.0026030705
0.0025664462
0.0025292355
0.002493249
0.0024579046
0.0024195822
0.0023770945
0.0023350746
0.0022962089
0.0022575655
0.0022154429
0.0021723078
0.0021316832
0.0020922127
0.0020499996
0.0020059468
0.0019644574
0.0019246045
0.0018816906
0.001837251
0.0017964534
0.0017559924
0.0017111145
0.0016661062
0.0016236743
0.0015797467
0.001532966
0.001488875
0.0014446574
0.0013964654
0.001350616
0.0013053537
0.0012560259
0.0012079874
0.0011607837
0.0011101654
0.0010608183
0.0010117688
0.0009593314
0.00090802451
0.00085661129
0.00080327477
0.00075037798
0.00069622531
0.0006423277
0.00058795878
0.00053216657
0.00047770617
0.00042249416
0.00037010624
0.00031546311
0.00028177125
0.00019511112
0.00042503798
-0.00025119683
0.0064608936
0.00631633
0.0061052124
0.0058829722
0.0056801399
0.0054966363
0.0053213324
0.0051527627
0.0049956682
0.0048508112
0.0047152485
0.0045862231
0.0044621644
0.0043421574
0.0042258198
0.0041132764
0.0040047581
0.0039004116
0.0038001772
0.0037035739
0.0036103199
0.0035217444
0.0034398965
0.0033655878
0.0032985642
0.0032378201
0.0031820496
0.0031313057
0.0030864554
0.0030475594
0.0030138137
0.0029844492
0.0029578885
0.0029317857
0.0029053492
0.0028795627
0.0028550923
0.0028315886
0.0028089423
0.0027847362
0.0027560145
0.0027251119
0.0026947305
0.0026652417
0.0026358362
0.0026034883
0.0025670885
0.0025299462
0.0024938703
0.0024583121
0.0024200118
0.0023778206
0.002335899
0.0022968604
0.0022581013
0.0022161418
0.0021731235
0.0021323737
0.0020927609
0.0020506811
0.0020067718
0.0019651148
0.001924908
0.0018819547
0.0018377556
0.0017968631
0.0017560423
0.0017110815
0.0016665726
0.0016248094
0.0015811995
0.0015342674
0.0014900277
0.0014459247
0.0013978229
0.0013518732
0.0013063903
0.001257072
0.0012091918
0.0011621153
0.0011115105
0.0010621633
0.0010131296
0.00096070859
0.00090940502
0.00085795533
0.00080459551
0.00075169388
0.00069751372
0.00064359094
0.00058919508
0.00053337469
0.00047889075
0.00042364986
0.000371221
0.00031658807
0.00028267153
0.00019922415
0.00042815795
-0.00024116533
0.0063506279
0.0062225944
0.0060384951
0.0058393977
0.0056497502
0.0054737519
0.0053051402
0.005142403
0.0049891625
0.0048466753
0.0047128199
0.0045851911
0.0044623682
0.0043435574
0.0042283929
0.0041169287
0.0040093602
0.003905818
0.0038062621
0.0037103612
0.0036179607
0.0035301553
0.0034487191
0.0033744807
0.003307251
0.0032461762
0.0031901576
0.003139145
0.0030938395
0.0030543214
0.0030198605
0.002989649
0.0029622427
0.0029355493
0.0029087342
0.0028825693
0.0028576697
0.0028337213
0.0028104731
0.002785824
0.0027571456
0.0027262934
0.0026958064
0.002666101
0.002636373
0.0026039473
0.0025677479
0.0025306745
0.0024945077
0.002458747
0.0024204644
0.0023785561
0.0023367413
0.0022975418
0.0022586596
0.0022168469
0.0021739465
0.0021330926
0.0020933456
0.0020513445
0.0020075633
0.0019657952
0.0019254428
0.0018826224
0.0018385389
0.0017973807
0.001756249
0.0017113678
0.0016670085
0.001625122
0.0015812099
0.001534437
0.0014907518
0.0014470824
0.001399119
0.0013530426
0.0013074169
0.0012581941
0.0012103735
0.0011631228
0.0011124186
0.001063189
0.0010142882
0.0009619085
0.00091061815
0.00085917292
0.00080584949
0.00075295348
0.00069873298
0.000644804
0.0005903993
0.00053455088
0.00048004319
0.00042477906
0.00037231385
0.00031769725
0.00028353697
0.00020325412
0.00042929761
-0.00023052744
0.0062469956
0.0061328825
0.0059715892
0.0057932517
0.0056168407
0.0054488957
0.005287045
0.0051302408
0.0049811914
0.004841394
0.0047094816
0.0045834461
0.0044620188
0.004344515
0.0042306036
0.0041202915
0.004013738
0.0039110623
0.003812248
0.0037170834
0.003625517
0.003538465
0.0034574569
0.0033833126
0.0033159133
0.003254539
0.0031982672
0.0031469801
0.0031012296
0.0030611001
0.0030259306
0.0029948962
0.002966666
0.002939372
0.0029121595
0.0028856101
0.0028602767
0.0028358768
0.0028120529
0.0027869683
0.0027582962
0.0027274881
0.0026968951
0.0026669743
0.0026369412
0.0026044294
0.0025684094
0.0025314077
0.0024951548
0.0024592073
0.0024209391
0.0023792967
0.0023375919
0.0022982424
0.0022592398
0.0022175649
0.0021747846
0.002133836
0.0020939494
0.0020520107
0.0020083605
0.001966504
0.0019260155
0.0018832859
0.0018392888
0.0017979355
0.0017567134
0.0017120142
0.001667645
0.0016254909
0.0015813922
0.0015347921
0.0014910804
0.0014471804
0.0013992742
0.0013535313
0.0013083214
0.0012593279
0.0012115322
0.0011640991
0.0011133504
0.0010642603
0.0010152645
0.00096271939
0.00091151614
0.00086020124
0.00080694171
0.00075405564
0.00069982897
0.00064595257
0.00059155169
0.00053566714
0.00048115111
0.00042587439
0.00037337191
0.00031878103
0.00028435697
0.00020714491
0.00042822668
-0.00021943256
0.0061492533
0.0060469665
0.0059049619
0.0057450921
0.0055816382
0.0054221377
0.0052671366
0.0051163176
0.0049717263
0.0048349271
0.0047051995
0.0045809555
0.0044610855
0.0043450025
0.0042324215
0.0041233248
0.0040178433
0.0039160915
0.0038180805
0.0037236938
0.0036329614
0.0035466633
0.0034661141
0.0033921049
0.0033245857
0.0032629553
0.00320644
0.0031548809
0.0031086995
0.0030679724
0.0030321018
0.0030002644
0.0029712276
0.0029433213
0.0029156886
0.0028887429
0.002862967
0.0028381049
0.0028137233
0.0027882057
0.0027595005
0.0027287228
0.0026980198
0.0026678824
0.0026375582
0.0026049521
0.00256909
0.00253216
0.0024958247
0.0024597026
0.002421443
0.0023800478
0.0023384548
0.0022989681
0.0022598486
0.0022182996
0.0021756369
0.0021346001
0.0020945769
0.0020526964
0.0020091766
0.0019672395
0.0019266094
0.0018839503
0.0018400411
0.0017985238
0.0017572111
0.0017126577
0.001668267
0.0016259346
0.0015818726
0.0015354217
0.0014915034
0.0014473794
0.0013995704
0.0013538059
0.0013084663
0.001259489
0.0012119657
0.0011648594
0.0011143163
0.0010653683
0.0010162046
0.00096352465
0.00091248002
0.00086111548
0.00080768754
0.00075486261
0.00070075011
0.00064695092
0.00059255823
0.00053667401
0.00048219883
0.00042691544
0.00037437214
0.00031982783
0.00028511847
0.00021083737
0.00042491058
-0.00020798091
0.0060567605
0.0059646015
0.0058389549
0.0056954178
0.0055444011
0.0053935667
0.0052454993
0.0051006895
0.0049607624
0.0048272462
0.0046999409
0.0045776787
0.0044595217
0.0043449748
0.0042338063
0.0041259941
0.0040216493
0.003920886
0.0038237432
0.0037301797
0.003640289
0.0035547466
0.003474682
0.0034008447
0.0033332476
0.0032713968
0.0032146453
0.0031628124
0.003116209
0.0030748952
0.0030383307
0.0030057081
0.0029758816
0.0029473544
0.0029192815
0.0028919288
0.0028657045
0.0028403734
0.0028154512
0.0027895063
0.0027607348
0.0027299741
0.0026991602
0.0026688082
0.0026382076
0.002605502
0.002569778
0.0025329196
0.0024965069
0.0024602227
0.002421968
0.0023808035
0.0023393248
0.0022997143
0.0022604818
0.0022190469
0.0021764996
0.0021353831
0.0020952291
0.0020534002
0.0020100046
0.0019679929
0.0019272239
0.0018846294
0.0018408111
0.0017991403
0.0017577243
0.001713297
0.0016688946
0.0016264109
0.0015823794
0.0015360456
0.0014919599
0.0014477702
0.001400117
0.0013542216
0.001308697
0.0012597546
0.0012122056
0.0011649979
0.0011145009
0.0010658138
0.0010168755
0.00096437975
0.00091351342
0.00086198658
0.00080841527
0.00075572878
0.00070157394
0.00064763951
0.00059330296
0.00053752351
0.00048310589
0.00042782422
0.0003752782
0.00032081772
0.00028579587
0.00021427027
0.00041948411
-0.00019624562
0.0059689639
0.0058855407
0.0057738112
0.0056446632
0.0055054037
0.0053632929
0.0052222175
0.0050834218
0.0049483102
0.0048183281
0.0046936733
0.0045735765
0.0044572851
0.0043443935
0.0042347264
0.0041282721
0.0040251315
0.0039254218
0.0038292087
0.0037365124
0.0036474753
0.0035626928
0.0034831377
0.0034095104
0.0033418788
0.0032798457
0.0032228723
0.00317077
0.0031237573
0.0030818728
0.0030446271
0.0030112392
0.0029806418
0.0029514895
0.0029229586
0.0028951885
0.0028685104
0.0028427047
0.0028172563
0.0027908892
0.0027620202
0.0027312601
0.0027003331
0.0026697674
0.0026389023
0.0026060918
0.0025704854
0.0025336962
0.0024972108
0.0024607755
0.0024225219
0.0023815713
0.0023402076
0.0023004857
0.0022611437
0.0022198111
0.0021773762
0.0021361885
0.0020959086
0.0020541234
0.0020108456
0.0019687672
0.0019278642
0.0018853264
0.0018415951
0.0017997778
0.0017582557
0.0017139479
0.0016695442
0.0016269134
0.0015828937
0.0015366644
0.0014924348
0.0014481839
0.0014006773
0.0013546664
0.0013090548
0.0012602294
0.0012125863
0.0011652304
0.0011147686
0.0010660167
0.0010169691
0.00096459918
0.00091399916
0.00086260551
0.0008092138
0.00075667674
0.000702352
0.00064831211
0.00059408423
0.00053826139
0.00048373772
0.00042851464
0.00037604165
0.00032167322
0.00028633258
0.0002173975
0.00041214609
-0.00018427805
0.0058853838
0.0058095447
0.0057096976
0.0055931979
0.0054649212
0.0053314458
0.0051973783
0.0050645848
0.0049343931
0.0048081588
0.0046863693
0.0045686151
0.0044543377
0.0043432214
0.0042351483
0.0041301279
0.0040282608
0.0039296701
0.0038344477
0.0037426637
0.0036544987
0.0035704855
0.003491466
0.0034180883
0.0033504659
0.0032882886
0.0032311106
0.0031787451
0.0031313355
0.0030888963
0.0030509827
0.0030168481
0.002985497
0.0029557163
0.0029267104
0.0028985117
0.0028713745
0.0028450895
0.0028191269
0.0027923425
0.002763348
0.0027325712
0.0027015288
0.0026707513
0.0026396328
0.0026067132
0.0025712059
0.0025344831
0.0024979303
0.0024613549
0.0024230996
0.0023823469
0.0023410985
0.0023012779
0.0022618306
0.0022205898
0.0021782644
0.0021370136
0.002096613
0.0020548645
0.0020116988
0.0019695615
0.0019285292
0.0018860391
0.0018423906
0.0018004366
0.0017588083
0.0017146115
0.0016702099
0.0016274347
0.0015834196
0.0015372948
0.0014929341
0.0014486131
0.0014012362
0.0013551198
0.0013094286
0.0012607271
0.0012130005
0.0011655706
0.0011152057
0.0010663348
0.0010171683
0.00096485102
0.00091418337
0.00086269633
0.00080948768
0.00075719474
0.00070294107
0.00064907481
0.0005949328
0.00053895682
0.00048436439
0.00042920582
0.00037665661
0.00032229213
0.00028668131
0.00022018944
0.00040302895
-0.00017206725
0.0058056036
0.0057363867
0.0056467232
0.0055413303
0.0054232198
0.0052981703
0.0051710741
0.0050442527
0.0049190464
0.0047967347
0.0046780072
0.0045627647
0.0044506442
0.0043414223
0.004235038
0.0041315304
0.0040310077
0.0039336027
0.003839432
0.0037486069
0.003661337
0.0035781067
0.0034996492
0.0034265605
0.0033589905
0.003296707
0.0032393447
0.0031867252
0.0031389324
0.0030959564
0.0030573909
0.0030225291
0.0029904425
0.0029600331
0.0029305384
0.0029019008
0.0028743004
0.0028475334
0.0028210672
0.0027938707
0.0027647258
0.0027339139
0.0027027536
0.0026717663
0.0026404045
0.0026073723
0.0025719459
0.0025352853
0.0024986702
0.002461965
0.0024237054
0.002383135
0.0023420009
0.0023020935
0.0022625457
0.0022213862
0.0021791664
0.0021378604
0.0020973444
0.0020556258
0.0020125661
0.001970377
0.00192922
0.0018867691
0.0018431993
0.0018011185
0.0017593837
0.0017152875
0.001670891
0.0016279767
0.0015839614
0.0015379372
0.0014934527
0.0014490567
0.0014018028
0.0013555926
0.0013098197
0.0012612275
0.0012134202
0.0011659215
0.0011156664
0.0010666968
0.0010174786
0.00096524584
0.00091445508
0.00086289185
0.00080970272
0.00075734135
0.00070306407
0.00064942605
0.00059545274
0.00053955077
0.00048508176
0.0004299251
0.00037723241
0.00032293166
0.0002869665
0.00022262447
0.00039224779
-0.00015948779
0.0057292601
0.0056658554
0.0055849537
0.0054893142
0.0053805485
0.005263621
0.0051434034
0.0050225033
0.0049023143
0.0047840622
0.0046685714
0.0045559996
0.0044461724
0.0043389615
0.0042343624
0.0041324484
0.0040333426
0.0039371907
0.0038441325
0.0037543137
0.0036679661
0.0035855364
0.0035076683
0.0034349082
0.0033674344
0.0033050834
0.00324756
0.0031946992
0.0031465384
0.0031030448
0.0030638455
0.0030282764
0.0029954725
0.0029644361
0.0029344403
0.002905354
0.0028772865
0.0028500354
0.0028230747
0.0027954706
0.0027661528
0.0027352869
0.0027040054
0.0026728107
0.0026412142
0.0026080664
0.0025727038
0.0025361006
0.0024994282
0.002462603
0.0024243369
0.002383934
0.0023429128
0.0023029303
0.0022632871
0.002222199
0.0021800808
0.0021387271
0.0020981015
0.0020564067
0.0020134467
0.0019712125
0.0019299359
0.0018875161
0.001844021
0.0018018226
0.0017599812
0.0017159758
0.0016715875
0.0016285403
0.0015845192
0.00153859
0.0014939898
0.0014495166
0.0014023787
0.0013560828
0.0013102255
0.001261735
0.0012138555
0.0011662881
0.0011161315
0.001067065
0.0010177965
0.00096566269
0.00091478195
0.00086319954
0.00081003294
0.00075756422
0.00070326688
0.00064958962
0.00059553847
0.00053975718
0.00048549856
0.00043042339
0.000377785
0.00032363701
0.00028720081
0.00022484681
0.0003804046
-0.00014646401
0.005656036
0.0055977559
0.0055244231
0.0054373553
0.0053371351
0.0052279572
0.0051144713
0.0049994176
0.0048842489
0.0047701572
0.0046580532
0.0045482988
0.0044408941
0.0043358071
0.0042330894
0.004132851
0.0040352358
0.0039404045
0.0038485196
0.0037597555
0.0036743613
0.0035927537
0.0035155038
0.0034431124
0.0033757787
0.0033133993
0.0032557408
0.0032026541
0.003154142
0.0031101514
0.0030703383
0.0030340828
0.0030005799
0.0029689204
0.0029384138
0.0029088696
0.0028803319
0.002852596
0.002825149
0.0027971416
0.0027676311
0.0027366924
0.0027052856
0.0026738862
0.002642063
0.0026087971
0.0025734823
0.0025369309
0.0025002061
0.0024632701
0.0024249957
0.0023847462
0.0023438355
0.0023037892
0.0022640559
0.0022230302
0.002181009
0.0021396149
0.0020988855
0.0020572084
0.0020143418
0.0019720689
0.0019306778
0.0018882816
0.0018448565
0.0018025495
0.0017606019
0.0017166773
0.0016723
0.0016291259
0.0015850935
0.0015392536
0.0014945461
0.0014499941
0.0014029638
0.0013565896
0.0013106466
0.0012622513
0.0012143065
0.0011666686
0.0011166035
0.0010674472
0.0010181271
0.00096608472
0.00091511494
0.00086352259
0.00081038794
0.00075784764
0.00070357855
0.00064983368
0.00059570865
0.00053993879
0.00048561599
0.00043052674
0.0003780425
0.00032408872
0.00028727941
0.00022687285
0.00036827065
-0.00013349731
0.0055856534
0.0055319101
0.0054651418
0.005385618
0.0052931832
0.0051913378
0.0050843878
0.0049750798
0.0048649082
0.0047550446
0.0046464513
0.0045396464
0.0044347848
0.0043319297
0.0042311881
0.0041327079
0.004036657
0.0039432144
0.0038525635
0.0037649034
0.0036804967
0.0035997367
0.0035231354
0.0034511529
0.0033840033
0.0033216354
0.0032638701
0.0032105761
0.0031617314
0.0031172659
0.0030768609
0.0030399406
0.0030057577
0.0029734809
0.002942456
0.002912446
0.0028834357
0.0028552151
0.002827289
0.0027988822
0.0027691614
0.0027381312
0.0027065947
0.0026749931
0.0026429503
0.0026095642
0.0025742821
0.0025377761
0.0025010034
0.0024639655
0.0024256814
0.0023855718
0.0023447687
0.002304669
0.0022648513
0.0022238795
0.0021819506
0.0021405228
0.0020996957
0.002058031
0.0020152513
0.0019729455
0.0019314454
0.0018890655
0.0018457056
0.0018032986
0.0017612459
0.0017173924
0.0016730284
0.0016297335
0.0015856846
0.0015399283
0.0014951217
0.0014504894
0.0014035583
0.0013571131
0.001311084
0.0012627768
0.0012147724
0.0011670629
0.0011170835
0.0010678439
0.00101847
0.00096651379
0.00091546092
0.00086385475
0.00081074631
0.0007581365
0.00070391237
0.00065011747
0.00059595663
0.00054021261
0.00048579611
0.00043067527
0.00037811832
0.0003241826
0.00028701971
0.00022848459
0.0003563318
-0.00012137238
0.0055178684
0.0054681559
0.0054071041
0.0053342322
0.0052488723
0.005153917
0.0050532667
0.0049495773
0.0048443554
0.004738757
0.0046337719
0.0045300319
0.0044278243
0.004327303
0.0042286295
0.0041319892
0.0040375765
0.0039455902
0.003856234
0.0037697281
0.003686346
0.0036064622
0.0035305417
0.0034590088
0.0033920877
0.003329772
0.0032719303
0.0032184505
0.0031692938
0.0031243769
0.0030834036
0.0030458415
0.0030109981
0.0029781115
0.0029465634
0.0029160809
0.0028865961
0.0028578921
0.0028294936
0.0028006909
0.0027707443
0.0027396044
0.002707933
0.0026761318
0.0026438759
0.0026103677
0.0025751044
0.0025386372
0.0025018206
0.0024646892
0.0024263942
0.0023864117
0.002345713
0.0023055698
0.0022656736
0.0022247479
0.0021829062
0.0021414512
0.0021005324
0.0020588751
0.0020161758
0.0019738425
0.0019322391
0.0018898687
0.001846569
0.0018040703
0.0017619138
0.001718122
0.0016737728
0.0016303634
0.0015862932
0.0015406145
0.0014957168
0.001451003
0.0014041625
0.0013576535
0.0013115382
0.0012633115
0.0012152532
0.0011674718
0.001117572
0.0010682549
0.001018825
0.00096695058
0.00091582013
0.00086419635
0.00081111285
0.0007584375
0.00070425234
0.00065040367
0.00059621468
0.0005405092
0.00048602658
0.00043090658
0.0003782537
0.0003243397
0.00028661056
0.00022968876
0.00034472488
-0.00011047602
0.0054524658
0.0054063463
0.0053502923
0.0052832994
0.0052043582
0.0051158417
0.0050212232
0.004923
0.0048226575
0.0047213339
0.004620028
0.0045194506
0.0044199968
0.0043219042
0.0042253868
0.0041306666
0.0040379651
0.0039475023
0.0038595012
0.0037742003
0.003691882
0.0036129064
0.0035377005
0.0034666582
0.0034000104
0.0033377882
0.0032799029
0.0032262616
0.0031768157
0.0031314725
0.0030899562
0.0030517763
0.0030162927
0.0029828059
0.0029507319
0.0029197717
0.0028898113
0.0028606259
0.0028317611
0.0028025659
0.00277238
0.0027411131
0.002709301
0.0026773029
0.0026448397
0.0026112076
0.0025759502
0.0025395146
0.002502658
0.0024654407
0.0024271341
0.0023872668
0.0023466683
0.002306491
0.0022665224
0.0022256356
0.002183876
0.0021423996
0.0021013955
0.002059741
0.0020171157
0.0019747597
0.0019330587
0.0018906917
0.0018474469
0.0018048643
0.0017626059
0.0017188665
0.0016745333
0.0016310157
0.0015869197
0.0015413127
0.0014963313
0.0014515354
0.001404777
0.0013582107
0.0013120095
0.001263856
0.0012157492
0.0011678956
0.0011180691
0.00106868
0.0010191926
0.00096739546
0.00091619239
0.00086454769
0.0008114883
0.00075874986
0.00070459873
0.0006506989
0.00059648124
0.00054080871
0.00048625976
0.00043115427
0.00037842708
0.00032453685
0.00028625206
0.00023087389
0.00033392112
-0.00010078244
0.0053892558
0.0053463482
0.0052946812
0.0052328974
0.0051597748
0.0050772486
0.0049883717
0.0048954396
0.0047998851
0.0047028207
0.00460524
0.0045079036
0.0044112912
0.004315714
0.0042214357
0.0041287129
0.0040377944
0.0039489212
0.0038623349
0.0037782903
0.0036970773
0.0036190445
0.0035445888
0.0034740788
0.0034077491
0.0033456629
0.0032877685
0.0032339927
0.0031842825
0.0031385397
0.0030965074
0.003057735
0.0030216325
0.0029875565
0.0029549566
0.002923515
0.0028930789
0.0028634149
0.00283409
0.0028045054
0.0027740684
0.0027426579
0.0027106992
0.0026785063
0.0026458411
0.0026120839
0.0025768203
0.0025404092
0.0025035155
0.0024662199
0.002427901
0.0023881376
0.0023476352
0.0023074322
0.0022673974
0.0022265432
0.0021848602
0.0021433679
0.0021022848
0.0020606291
0.0020180714
0.0019756972
0.0019339043
0.0018915349
0.0018483397
0.0018056806
0.0017633225
0.0017196267
0.00167531
0.0016316905
0.0015875647
0.0015420231
0.0014969652
0.0014520871
0.0014054022
0.0013587849
0.0013124985
0.0012644105
0.0012162604
0.0011683349
0.0011185752
0.0010691196
0.0010195733
0.00096784863
0.0009165778
0.00086490924
0.0008118727
0.00075907328
0.00070495231
0.00065100401
0.00059675594
0.00054111364
0.00048650078
0.00043140526
0.00037859846
0.00032473011
0.00028593265
0.00023206179
0.00032407234
-9.2047862e-05
0.00532807
0.0052880415
0.0052402403
0.0051830847
0.0051152356
0.0050382637
0.0049548242
0.0048669889
0.0047761114
0.0046832677
0.0045894343
0.0044953981
0.0044017011
0.004308717
0.0042167546
0.0041261031
0.0040370368
0.003949818
0.0038647056
0.0037819689
0.0037019041
0.003624851
0.0035511829
0.0034812473
0.0034152812
0.0033533739
0.0032955068
0.0032416261
0.0031916789
0.0031455649
0.0031030452
0.0030637069
0.0030270077
0.0029923556
0.0029592319
0.0029273072
0.0028963962
0.0028662573
0.0028364782
0.0028065071
0.0027758089
0.0027442395
0.0027121278
0.0026797423
0.0026468798
0.0026129961
0.0025777155
0.0025413214
0.0025043934
0.0024670263
0.0024286946
0.0023890247
0.0023486139
0.002308393
0.0022682982
0.0022274709
0.0021858593
0.002144356
0.0021032001
0.0020615398
0.0020190434
0.0019766548
0.0019347758
0.0018923989
0.0018492479
0.001806519
0.0017640639
0.0017204031
0.0016761031
0.001632388
0.0015882288
0.0015427462
0.0014976184
0.0014526584
0.0014060387
0.0013593759
0.0013130054
0.0012649756
0.0012167868
0.00116879
0.0011190906
0.0010695737
0.0010199675
0.00096831028
0.00091697649
0.00086528137
0.00081226615
0.00075940804
0.0007053135
0.00065131878
0.00059703861
0.00054142463
0.00048674942
0.00043166006
0.00037877075
0.0003249302
0.00028561681
0.00023318247
0.00031470721
-8.4108803e-05
0.0052687586
0.0052313175
0.005186936
0.0051339046
0.0050708361
0.0049990007
0.0049206884
0.0048377401
0.0047514111
0.0046627292
0.0045726429
0.0044819469
0.0043912253
0.0043009018
0.0042113252
0.0041228141
0.0040356666
0.0039501648
0.0038665843
0.0037852069
0.0037063344
0.0036303
0.0035574585
0.0034881401
0.003422583
0.0033608987
0.0033030971
0.0032491436
0.0031989887
0.0031525335
0.0031095564
0.0030696804
0.003032408
0.0029971944
0.0029635515
0.0029311438
0.0028997598
0.0028691504
0.0028389232
0.0028085687
0.0027776007
0.0027458583
0.002713587
0.0026810107
0.0026479554
0.0026139441
0.0025786363
0.002542252
0.0025052917
0.0024678595
0.0024295149
0.0023899288
0.0023496046
0.0023093729
0.0022692245
0.0022284191
0.0021868734
0.0021453636
0.0021041412
0.0020624732
0.0020200319
0.0019776323
0.0019356731
0.001893284
0.0018501718
0.0018073794
0.0017648302
0.0017211963
0.0016769127
0.0016331082
0.0015889123
0.0015434824
0.0014982911
0.0014532498
0.0014066868
0.0013599839
0.0013135307
0.0012655517
0.0012173285
0.0011692611
0.0011196157
0.0010700423
0.0010203757
0.0009687807
0.00091738859
0.00086566442
0.00081266881
0.00075975436
0.00070568249
0.00065164324
0.00059732958
0.00054174181
0.00048700547
0.0004319184
0.00037894702
0.00032512679
0.00028531661
0.0002341324
0.00030547069
-7.6710963e-05
0.0052111882
0.005176078
0.0051347331
0.0050853877
0.0050266562
0.0049595619
0.0048860665
0.0048077846
0.0047258604
0.004641263
0.0045549032
0.0044675684
0.0043798671
0.0042922612
0.0042051324
0.0041188253
0.0040336594
0.0039499349
0.0038679426
0.0037879755
0.0037103403
0.0036353651
0.0035633904
0.0034947327
0.0034296307
0.0033682139
0.0033105176
0.0032565256
0.0032061947
0.0031594301
0.0031160273
0.0030756429
0.003037822
0.0030020636
0.0029679084
0.0029350198
0.0029031658
0.0028720913
0.0028414224
0.0028106875
0.0027794425
0.0027475142
0.0027150769
0.0026823112
0.0026490672
0.0026149273
0.0025795832
0.0025432014
0.0025062105
0.002468719
0.0024303614
0.0023908501
0.0023506078
0.0023103714
0.0022701757
0.002229388
0.0021879029
0.0021463904
0.0021051077
0.0020634296
0.0020210375
0.0019786298
0.0019365959
0.0018941907
0.0018511119
0.0018082618
0.0017656217
0.001722007
0.001677739
0.0016338512
0.0015896158
0.0015442322
0.0014989831
0.0014538616
0.0014073472
0.0013606088
0.0013140747
0.0012661392
0.0012178856
0.0011697488
0.0011201508
0.0010705256
0.0010207981
0.00096926014
0.00091781419
0.00086605873
0.00081308087
0.00076011241
0.00070605947
0.00065197749
0.00059762908
0.00054206519
0.00048726882
0.00043218091
0.00037912476
0.00032532773
0.00028504672
0.00023487081
0.00029625464
-6.9707118e-05
0.0051552396
0.0051222339
0.0050835957
0.0050375551
0.0049827617
0.0049200377
0.0048510542
0.0047772111
0.0046995356
0.0046189291
0.0045362565
0.0044522858
0.0043676353
0.0042827922
0.0041981647
0.0041141191
0.0040309931
0.0039491031
0.0038687533
0.0037902466
0.0037138941
0.0036400199
0.0035689535
0.0035010003
0.0034363995
0.0033752956
0.003317746
0.003263752
0.003213279
0.0031662384
0.0031224432
0.0030815812
0.003043238
0.0030069529
0.0029722947
0.0029389294
0.0029066099
0.0028750764
0.0028439723
0.0028128605
0.0027813327
0.0027492069
0.0027165974
0.0026836434
0.0026502144
0.0026159451
0.0025805564
0.0025441701
0.0025071496
0.0024696042
0.0024312339
0.0023917891
0.0023516236
0.0023113881
0.0022711511
0.0022303776
0.002188948
0.0021474363
0.0021060993
0.002064409
0.0020220604
0.0019796471
0.0019375442
0.0018951193
0.0018520685
0.001809166
0.0017664385
0.0017228357
0.0016785822
0.0016346168
0.0015903396
0.001544996
0.0014996945
0.0014544941
0.0014080204
0.0013612506
0.0013146376
0.0012667387
0.0012184581
0.0011702532
0.0011206964
0.0010710236
0.0010212351
0.00096974891
0.00091825338
0.00086646463
0.00081350251
0.00076048236
0.00070644469
0.00065232166
0.00059793731
0.0005423948
0.00048753963
0.00043244701
0.00037930625
0.00032552137
0.00028480863
0.00023549561
0.00028690974
-6.3220727e-05
0.0051008055
0.0050697048
0.0050334881
0.0049904195
0.0049392066
0.004880508
0.0048157403
0.0047461052
0.0046725124
0.0045957891
0.0045167479
0.0044361274
0.0043545428
0.0042724962
0.0041904144
0.0041086806
0.0040276477
0.0039476457
0.0038689905
0.0037919932
0.0037169686
0.0036442379
0.0035741219
0.0035069178
0.0034428647
0.0033821197
0.0033247594
0.0032708018
0.0032202225
0.0031729414
0.0031287883
0.0030874812
0.0030486431
0.0030118513
0.0029767019
0.0029428661
0.002910087
0.0028781015
0.0028465694
0.0028150844
0.0027832691
0.0027509359
0.0027181479
0.0026850068
0.0026513962
0.0026169968
0.0025815561
0.0025451585
0.0025081091
0.0024705147
0.0024321317
0.0023927459
0.0023526522
0.0023124224
0.0022721502
0.0022313879
0.0021900089
0.002148501
0.0021071155
0.0020654115
0.0020231009
0.001980684
0.0019385176
0.00189607
0.0018530421
0.0018100918
0.0017672805
0.001723683
0.0016794424
0.001635405
0.0015910842
0.0015457743
0.0015004252
0.0014551477
0.001408707
0.0013619093
0.0013152199
0.0012673507
0.001219046
0.0011707746
0.0011212528
0.0010715363
0.0010216871
0.00097024732
0.00091870624
0.00086688246
0.00081393391
0.00076086434
0.00070683836
0.00065267582
0.00059825442
0.00054273072
0.00048781778
0.00043271719
0.00037948873
0.00032572054
0.00028456751
0.00023596341
0.00027778035
-5.707798e-05
0.0050477898
0.0050184174
0.0049843751
0.0049439876
0.0048960347
0.004841042
0.0047802058
0.0047145486
0.0046448653
0.004571906
0.0044964254
0.0044191251
0.0043406075
0.0042613787
0.0041818773
0.0041024982
0.0040236059
0.0039455412
0.0038686295
0.0037931889
0.0037195369
0.0036479926
0.00357887
0.0035124597
0.003449001
0.0033886614
0.0033315342
0.0032776535
0.0032270057
0.003179521
0.0031350463
0.0030933277
0.0030540238
0.0030167473
0.0029811204
0.0029468226
0.0029135912
0.0028811619
0.0028492094
0.0028173554
0.0027852494
0.0027527001
0.0027197281
0.0026864005
0.0026526114
0.0026180816
0.0025825821
0.0025461667
0.0025090887
0.0024714496
0.0024330543
0.0023937208
0.0023536939
0.0023134739
0.0022731723
0.0022324189
0.0021910858
0.0021495841
0.0021081558
0.0020664371
0.0020241594
0.0019817406
0.0019395157
0.0018970431
0.0018540329
0.001811039
0.0017681477
0.0017245495
0.0016803199
0.0016362159
0.0015918499
0.0015465676
0.0015011751
0.0014558225
0.0014094074
0.0013625849
0.0013158217
0.0012679755
0.0012196494
0.0011713134
0.0011218205
0.0010720639
0.0010221544
0.00097075568
0.00091917283
0.00086731254
0.00081437528
0.0007612585
0.00070724074
0.00065304007
0.00059858061
0.00054307298
0.00048810337
0.00043299087
0.00037967412
0.00032591687
0.00028427612
0.0002362837
0.00026907173
-5.1076056e-05
0.0049961057
0.0049683049
0.0049362223
0.004898261
0.0048532809
0.0048017
0.0047445248
0.0046826182
0.0046166669
0.0045473426
0.0044753389
0.0044013148
0.0043258511
0.0042494496
0.0041725531
0.0040955635
0.004018853
0.0039427702
0.0038676477
0.0037938089
0.0037215734
0.0036512582
0.003583172
0.0035176004
0.0034547829
0.0033948957
0.0033380466
0.0032842846
0.0032336081
0.0031859584
0.0031411998
0.0030991049
0.0030593657
0.0030216281
0.00298554
0.0029507909
0.0029171161
0.002884252
0.0028518875
0.0028196693
0.0027872705
0.0027544979
0.0027213368
0.0026878234
0.0026538589
0.0026191982
0.0025836341
0.002547195
0.0025100881
0.0024724083
0.002434001
0.0023947135
0.0023547487
0.002314542
0.0022742164
0.0022334703
0.0021921787
0.0021506853
0.0021092196
0.0020674856
0.002025236
0.0019828164
0.0019405383
0.0018980386
0.0018550414
0.0018120076
0.0017690401
0.0017254356
0.0016812148
0.0016370492
0.0015926369
0.0015473762
0.0015019443
0.0014565187
0.0014101223
0.0013632776
0.0013164431
0.0012686138
0.0012202685
0.0011718697
0.0011223999
0.0010726064
0.0010226373
0.00097127433
0.00091965321
0.00086775517
0.00081482681
0.00076166496
0.00070765204
0.00065341447
0.00059891601
0.00054342165
0.00048839621
0.0004332685
0.00037985988
0.00032611941
0.00028395454
0.0002365701
0.00026054661
-4.5429698e-05
0.0049456746
0.0049193066
0.0048889966
0.0048532376
0.0048109729
0.0047625336
0.0047087638
0.0046503861
0.0045879871
0.0045221616
0.0044535401
0.004382735
0.0043102992
0.0042367225
0.0041624454
0.0040878717
0.0040133773
0.0039393157
0.0038660243
0.0037938298
0.0037230531
0.0036540092
0.0035870025
0.0035223144
0.0034601849
0.0034007972
0.0033442721
0.0032906723
0.0032400084
0.0031922341
0.0031472306
0.0031047961
0.0030646536
0.0030264806
0.0029899496
0.002954762
0.0029206545
0.0028873659
0.0028545984
0.0028220215
0.0027893292
0.0027563275
0.002722973
0.0026892742
0.0026551371
0.0026203456
0.0025847117
0.0025482432
0.0025111071
0.0024733899
0.0024349712
0.0023957241
0.0023558167
0.0023156263
0.0022752819
0.0022345419
0.0021932877
0.0021518043
0.0021103064
0.0020685569
0.002026331
0.0019839116
0.0019415849
0.0018990568
0.001856068
0.0018129974
0.0017699576
0.0017263417
0.0016821275
0.0016379049
0.0015934456
0.0015482008
0.0015027326
0.0014572365
0.0014108523
0.0013639872
0.0013170844
0.0012692661
0.0012209031
0.0011724438
0.0011229914
0.0010731638
0.001023136
0.00097180362
0.00092014744
0.00086821067
0.00081528872
0.00076208384
0.00070807251
0.00065379912
0.00059926079
0.00054377676
0.00048869641
0.00043354937
0.00038004872
0.00032631421
0.00028362273
0.00023676479
0.00025214532
-4.0196994e-05
0.0048964252
0.0048713668
0.0048426659
0.0048089121
0.0047691322
0.0047235869
0.0046729823
0.0046179191
0.0045588929
0.0044964245
0.0044310815
0.0043634268
0.0042939806
0.0042232148
0.0041515614
0.0040794212
0.0040071701
0.0039351634
0.0038637405
0.0037932299
0.0037239524
0.003656221
0.0035903364
0.0035265764
0.0034651814
0.0034063407
0.003350186
0.0032967931
0.0032461848
0.0031983276
0.0031531199
0.0031103837
0.0030698715
0.0030312905
0.002994337
0.0029587261
0.0029241983
0.0028904966
0.0028573361
0.0028244069
0.0027914214
0.0027581863
0.0027246348
0.0026907513
0.0026564443
0.0026215221
0.0025858139
0.0025493108
0.002512145
0.0024743933
0.0024359637
0.0023967522
0.0023568977
0.0023167258
0.0022763676
0.002235633
0.0021944127
0.0021529407
0.0021114154
0.0020696506
0.0020274443
0.0019850256
0.0019426549
0.0019000974
0.0018571127
0.0018140081
0.0017708998
0.0017272682
0.0016830579
0.0016387827
0.001594276
0.0015490417
0.00150354
0.001457976
0.0014115977
0.0013647138
0.0013177457
0.0012699327
0.0012215534
0.0011730358
0.0011235955
0.0010737363
0.0010236508
0.00097234388
0.00092065554
0.00086867928
0.0008157612
0.0007625152
0.00070850236
0.00065419405
0.00059961507
0.00054413837
0.0004890037
0.00043383404
0.00038023709
0.00032651537
0.00028329409
0.00023681176
0.00024384062
-3.5406079e-05
0.0048482929
0.0048244344
0.0047971995
0.0047652769
0.0047277748
0.0046848973
0.0046372332
0.0045852787
0.0045294476
0.0044701914
0.0044080156
0.0043434329
0.0042769272
0.0042089474
0.0041399118
0.0040702141
0.0040002261
0.0039303017
0.00386078
0.0037919894
0.0037242493
0.0036578702
0.0035931493
0.0035303614
0.0034697471
0.0034115008
0.0033557637
0.0033026234
0.003252115
0.0032042181
0.0031588479
0.0031158495
0.0030750027
0.0030360429
0.0029986898
0.0029626727
0.0029277388
0.0028936368
0.0028600942
0.0028268199
0.0027935431
0.0027600717
0.0027263205
0.0026922531
0.0026577787
0.0026227264
0.00258694
0.0025503978
0.0025132013
0.0024754177
0.0024369777
0.0023977974
0.0023579917
0.0023178402
0.0022774729
0.0022367435
0.0021955536
0.0021540941
0.0021125461
0.0020707663
0.0020285762
0.0019861586
0.0019437481
0.0019011605
0.001858176
0.0018150397
0.0017718667
0.0017282155
0.0016840065
0.0016396826
0.0015951285
0.0015498993
0.0015043666
0.0014587372
0.0014123592
0.0013654575
0.001318427
0.0012706143
0.0012222196
0.0011736459
0.0011242126
0.0010743238
0.001024182
0.0009728955
0.00092117758
0.00086916129
0.00081624449
0.00076295918
0.00070894183
0.00065459933
0.00059997899
0.00054450651
0.00048931818
0.00043412166
0.00038042785
0.00032670913
0.00028295838
0.00023672965
0.00023563312
-3.1072363e-05
0.0048012186
0.0047784625
0.0047525679
0.0047223225
0.0046869123
0.0046464959
0.0046015633
0.0045525209
0.0044997109
0.0044435202
0.004384395
0.0043227974
0.0042591731
0.004193944
0.0041275109
0.0040602556
0.0039925429
0.003924722
0.0038571291
0.0037900905
0.0037239231
0.0036589343
0.0035954175
0.0035336449
0.0034738569
0.003416252
0.0033609798
0.0033081387
0.0032577757
0.0032098835
0.0031643941
0.003121174
0.0030800292
0.0030407217
0.0030029937
0.0029665899
0.002931266
0.0028967777
0.002862865
0.0028292539
0.0027956887
0.0027619797
0.0027280269
0.0026937767
0.0026591377
0.0026239559
0.0025880884
0.0025515029
0.0025142749
0.0024764616
0.0024380118
0.0023988589
0.0023590979
0.0023189685
0.0022785962
0.0022378723
0.00219671
0.0021552637
0.0021136972
0.0020719034
0.0020297262
0.0019873098
0.0019448635
0.0019022457
0.0018592578
0.0018160917
0.0017728578
0.0017291838
0.0016849733
0.0016406043
0.001596003
0.0015507741
0.0015052121
0.0014595201
0.0014131371
0.0013662184
0.0013191284
0.0012713111
0.0012229015
0.001174274
0.001124843
0.0010749264
0.0010247297
0.00097345879
0.00092171355
0.00086965693
0.00081673879
0.0007634158
0.00070939112
0.00065501501
0.00060035263
0.00054488122
0.00048963955
0.00043441276
0.00038061726
0.0003269093
0.00028260852
0.00023646065
0.00022752436
-2.7044142e-05
0.0047551483
0.0047334077
0.0047087428
0.0046800379
0.0046465527
0.0046084089
0.0045660134
0.0045196967
0.0044697383
0.0044164665
0.0043602712
0.0043015651
0.0042407544
0.0041782315
0.0041143759
0.0040495547
0.0039841216
0.0039184187
0.0038527768
0.0037875181
0.0037229556
0.0036593928
0.003597119
0.0035364037
0.0034774867
0.0034205701
0.0033658103
0.0033133156
0.0032631444
0.0032153025
0.003169738
0.0031263383
0.0030849336
0.0030453111
0.003007235
0.0029704661
0.00293477
0.0028999111
0.0028656414
0.0028317028
0.0027978535
0.002763907
0.0027297521
0.0026953203
0.0026605194
0.0026252092
0.0025892581
0.0025526257
0.0025153654
0.0024775242
0.0024390652
0.0023999363
0.0023602166
0.0023201102
0.0022797369
0.0022390189
0.0021978818
0.0021564495
0.0021148684
0.0020730616
0.0020308946
0.0019884795
0.001946001
0.0019033531
0.0018603586
0.0018171641
0.0017738729
0.0017301732
0.0016859585
0.0016415475
0.0015968996
0.0015516664
0.0015060766
0.0014603248
0.001413932
0.0013669964
0.00131985
0.0012720237
0.0012235995
0.0011749205
0.0011254873
0.0010755442
0.001025294
0.00097403413
0.00092226351
0.00087016642
0.00081724433
0.00076388515
0.00070985045
0.00065544113
0.0006007361
0.00054526252
0.00048996779
0.00043470665
0.00038080736
0.00032709964
0.00028221984
0.0002359611
0.00021975439
-2.275505e-05
0.0047100325
0.0046892301
0.0046656971
0.0046384111
0.0046067005
0.0045706575
0.0045306191
0.004486852
0.0044395816
0.0043890833
0.0043356947
0.0042797808
0.0042217083
0.0041618384
0.0041005269
0.0040381225
0.0039749658
0.0039113885
0.0038477141
0.0037842584
0.0037213293
0.0036592253
0.0035982314
0.0035386138
0.0034806116
0.0034244291
0.0033702289
0.0033181282
0.003268196
0.0032204509
0.0031748567
0.0031313204
0.0030896953
0.0030497922
0.003011397
0.0029742866
0.0029382382
0.0029030257
0.0028684134
0.0028341578
0.0028000302
0.0027658478
0.0027314911
0.0026968796
0.0026619199
0.0026264826
0.0025904463
0.0025537641
0.0025164706
0.0024786033
0.0024401357
0.0024010281
0.0023613463
0.0023212639
0.0022808932
0.002240182
0.002199068
0.0021576502
0.0021160583
0.0020742398
0.0020320806
0.0019896667
0.0019471594
0.001904482
0.0018614779
0.0018182565
0.0017749113
0.0017311838
0.0016869622
0.001642512
0.0015978181
0.0015525766
0.00150696
0.001461151
0.0014147442
0.0013677916
0.0013205916
0.0012727525
0.0012243134
0.0011755851
0.0011261457
0.0010761772
0.0010258751
0.00097462184
0.00092282745
0.00087068993
0.0008177613
0.00076436725
0.00071031998
0.0006558777
0.00060112943
0.00054565041
0.0004903027
0.00043500323
0.00038099727
0.00032727492
0.00028179538
0.00023527174
0.00021266903
-1.7892266e-05
0.0046658257
0.0046458924
0.0046234049
0.0045974294
0.0045673579
0.0045332589
0.004495411
0.0044540277
0.004409288
0.0043614205
0.0043107144
0.0042574896
0.0042020739
0.0041447965
0.0040859875
0.0040259751
0.003965084
0.0039036335
0.0038419371
0.0037803028
0.0037190318
0.0036584165
0.0035987371
0.0035402559
0.0034832107
0.0034278075
0.0033742139
0.0033225547
0.0032729092
0.0032253081
0.0031797304
0.0031361017
0.0030942968
0.0030541492
0.0030154655
0.0029780394
0.0029416602
0.0029061128
0.0028711733
0.0028366125
0.0028022137
0.0027677985
0.0027332414
0.0026984527
0.0026633373
0.0026277748
0.002591652
0.0025549176
0.0025175902
0.002479698
0.0024412225
0.0024021339
0.0023624871
0.0023224291
0.0022820644
0.002241361
0.0022002684
0.0021588656
0.0021172663
0.0020754376
0.0020332843
0.0019908713
0.0019483384
0.0019056321
0.0018626161
0.0018193686
0.0017759729
0.0017322157
0.0016879846
0.0016434976
0.0015987587
0.0015535049
0.0015078623
0.0014619987
0.0014155741
0.0013686041
0.0013213532
0.0012734977
0.0012250434
0.0011762682
0.0011268187
0.0010768255
0.0010264732
0.0009752223
0.00092340544
0.00087122767
0.00081828994
0.00076486216
0.00071079992
0.00065632477
0.00060153271
0.00054604491
0.00049064409
0.00043530229
0.0003811863
0.00032743311
0.00028134863
0.00023444596
0.00020588662
-1.2653291e-05
0.0046224857
0.0046033599
0.0045818414
0.0045570796
0.0045285249
0.004496227
0.0044604158
0.0044212604
0.0043789008
0.0043335241
0.0042853759
0.0042347338
0.004181888
0.0041271357
0.0040707799
0.0040131268
0.003954483
0.0038951533
0.0038354394
0.0037756397
0.0037160471
0.003656947
0.0035986137
0.0035413055
0.0034852581
0.0034306782
0.0033777373
0.0033265673
0.0032772565
0.0032298473
0.0031843332
0.0031406572
0.0030987146
0.0030583602
0.0030194206
0.0029817065
0.0029450202
0.0029091582
0.0028739087
0.0028390559
0.0028043945
0.0027697511
0.0027349966
0.0027000339
0.0026647663
0.0026290808
0.0025928714
0.002556083
0.0025187212
0.0024808056
0.002442323
0.0024032514
0.0023636371
0.0023236041
0.0022832483
0.002242554
0.0022014818
0.0021600943
0.0021184907
0.0020766535
0.0020345047
0.0019920925
0.0019495367
0.0019068026
0.0018637726
0.0018204999
0.0017770568
0.0017332686
0.0016890255
0.0016445038
0.0015997209
0.0015544515
0.0015087833
0.0014628677
0.001416422
0.0013694339
0.0013221347
0.0012742598
0.0012257896
0.0011769694
0.0011275065
0.0010774892
0.0010270883
0.00097583579
0.00092399746
0.00087177976
0.00081883043
0.00076536988
0.00071129044
0.00065678234
0.00060194595
0.00054644604
0.00049099179
0.00043560354
0.00038137381
0.00032757379
0.00028088015
0.00023349656
0.00019947901
-7.1669224e-06
0.0045799734
0.0045615997
0.0045409817
0.004517347
0.0044901989
0.0044595723
0.0044256564
0.0043885839
0.0043484618
0.0043054411
0.004259728
0.0042115612
0.0041611951
0.0041088953
0.0040549372
0.003999604
0.0039431824
0.0038859611
0.0038282283
0.0037702709
0.0037123724
0.0036548101
0.0035978517
0.0035417503
0.0034867392
0.0034330248
0.0033807818
0.0033301477
0.0032812194
0.0032340501
0.0031886469
0.0031449694
0.0031029319
0.0030624096
0.0030232484
0.0029852755
0.0029483074
0.0029121525
0.0028766112
0.0028414808
0.0028065668
0.0027717014
0.0027367533
0.0027016204
0.0026662047
0.0026303989
0.002594103
0.0025572595
0.002519863
0.0024819252
0.0024434362
0.0024043802
0.0023647961
0.0023247885
0.0022844443
0.0022437606
0.0022027079
0.0021613361
0.002119731
0.0020778871
0.0020357417
0.0019933301
0.001950754
0.0019079932
0.0018649475
0.0018216503
0.0017781626
0.0017343425
0.0016900851
0.0016455304
0.0016007046
0.0015554165
0.0015097229
0.0014637577
0.001417288
0.0013702811
0.0013229359
0.0012750389
0.0012265519
0.0011776888
0.0011282095
0.0010781681
0.0010277203
0.00097646256
0.00092460347
0.00087234624
0.0008193829
0.00076589036
0.00071179161
0.00065725036
0.00060236909
0.00054685369
0.00049134551
0.00043590663
0.00038155916
0.00032769598
0.0002803879
0.00023243706
0.00019336793
-1.5018412e-06
0.0045382552
0.004520584
0.0045008047
0.0044782177
0.0044523748
0.0044232992
0.0043911467
0.0043560199
0.0043179985
0.0042772023
0.0042338026
0.0041880024
0.0041400223
0.0040900974
0.0040384758
0.0039854165
0.0039311856
0.003876054
0.0038202951
0.0037641828
0.0037079899
0.0036519845
0.0035964267
0.0035415639
0.0034876258
0.003434818
0.0033833172
0.0033332656
0.0032847677
0.0032378867
0.0031926426
0.0031490104
0.0031069223
0.0030662725
0.0030269257
0.0029887256
0.002951503
0.0029150788
0.0028792658
0.0028438737
0.0028087189
0.0027736391
0.0027385031
0.0027032048
0.0026676456
0.0026317229
0.0025953417
0.0025584428
0.0025210117
0.002483053
0.0024445585
0.0024055172
0.0023659616
0.0023259797
0.0022856498
0.0022449783
0.0022039448
0.0021625893
0.0021209855
0.0020791368
0.0020369942
0.0019945831
0.0019519892
0.0019092031
0.0018661404
0.0018228193
0.0017792897
0.0017354372
0.0016911634
0.0016465772
0.0016017097
0.0015564003
0.0015106812
0.0014646687
0.0014181725
0.0013711458
0.0013237568
0.0012758354
0.0012273308
0.0011784265
0.001128928
0.0010788627
0.0010283694
0.00097710305
0.00092522362
0.00087292734
0.00081994767
0.00076642373
0.00071230367
0.00065772892
0.00060280222
0.00054726795
0.00049170508
0.00043621132
0.00038174185
0.00032779869
0.00027987018
0.00023128298
0.00018759521
4.226261e-06
0.0044972919
0.0044802823
0.0044612912
0.0044396847
0.0044150588
0.0043874275
0.0043569192
0.0043236121
0.0042875632
0.0042488661
0.004207661
0.0041641187
0.0041184289
0.0040707973
0.0040214453
0.0039706075
0.0039185289
0.0038654614
0.0038116623
0.0037573916
0.00370291
0.0036484754
0.0035943394
0.003540743
0.0034879113
0.0034360484
0.0033853317
0.0033359076
0.0032878868
0.003241342
0.0031963046
0.0031527644
0.0031106701
0.0030699341
0.0030304388
0.0029920443
0.0029545959
0.0029179271
0.0028818636
0.002846227
0.0028108441
0.0027755591
0.0027402416
0.0027047835
0.0026690859
0.0026330499
0.0025965851
0.0025596308
0.0025221655
0.0024841871
0.0024456882
0.0024066607
0.0023671322
0.0023271764
0.002286863
0.0022462055
0.0022051912
0.0021638524
0.0021222524
0.0020804009
0.0020382607
0.0019958502
0.0019532407
0.0019104307
0.0018673503
0.0018240058
0.0017804369
0.0017365518
0.0016922596
0.0016476431
0.0016027353
0.0015574024
0.0015116576
0.0014655999
0.0014190753
0.0013720276
0.001324597
0.0012766492
0.0012281258
0.001179182
0.001129662
0.0010795725
0.0010290354
0.00097775726
0.00092585769
0.00087352292
0.0008205247
0.00076696977
0.00071282656
0.00065821785
0.00060324514
0.00054768861
0.0004920701
0.00043651712
0.00038192111
0.00032788083
0.00027932496
0.00023004967
0.00018232532
9.8569206e-06
0.0044570463
0.0044406513
0.0044223943
0.0044017021
0.0043782092
0.0043519224
0.0043229473
0.0042913421
0.0042571455
0.0042204282
0.0041813035
0.0041399135
0.004096419
0.0040509982
0.0040038466
0.003955175
0.0039052064
0.0038541734
0.0038023163
0.00374988
0.0036971122
0.0036442594
0.0035915641
0.0035392597
0.0034875664
0.0034366854
0.0033867944
0.0033380423
0.0032905457
0.0032443851
0.0031996031
0.0031562026
0.0031141481
0.0030733688
0.003033764
0.0029952101
0.0029575666
0.0029206804
0.0028843895
0.0028485274
0.0028129313
0.002777452
0.0027419612
0.0027063502
0.0026705203
0.0026343756
0.0025978296
0.002560821
0.0025233223
0.0024853258
0.0024468235
0.0024078097
0.0023683072
0.0023283778
0.0022880831
0.0022474415
0.0022064465
0.0021651251
0.0021235312
0.002081679
0.0020395413
0.0019971314
0.0019545083
0.0019116761
0.0018685773
0.0018252098
0.0017816041
0.0017376864
0.0016933743
0.0016487285
0.0016037815
0.0015584232
0.0015126524
0.0014665515
0.0014199968
0.001372927
0.0013254565
0.0012774807
0.0012289374
0.0011799556
0.001130412
0.0010802979
0.0010297184
0.00097842568
0.00092650591
0.00087413321
0.00082111433
0.00076752864
0.00071336053
0.00065871725
0.00060369794
0.00054811575
0.0004924404
0.00043682378
0.0003820964
0.00032794162
0.00027875069
0.00022874752
0.00017737773
1.5312654e-05
0.0044175485
0.0044017376
0.0043841709
0.0043643335
0.004341896
0.0043168598
0.0042893118
0.0042592949
0.0042268325
0.0041919766
0.0041548172
0.0041154707
0.0040740719
0.0040307735
0.0039857462
0.0039391772
0.0038912681
0.0038422317
0.0037922903
0.0037416733
0.0036906142
0.0036393475
0.0035881056
0.0035371136
0.0034865857
0.0034367196
0.003387692
0.0033396538
0.0032927258
0.0032469961
0.0032025166
0.003159303
0.0031173338
0.0030765543
0.0030368799
0.0029982025
0.002960396
0.0029233206
0.0028868267
0.0028507596
0.0028149666
0.0027793055
0.0027436511
0.0027078951
0.0026719397
0.0026356918
0.002599068
0.002562007
0.0025244763
0.0024864634
0.0024479594
0.0024089594
0.0023694826
0.0023295801
0.0022893064
0.0022486826
0.0022077077
0.0021664045
0.0021248191
0.0020829683
0.0020408335
0.0019984245
0.0019557899
0.0019129371
0.0018698198
0.0018264299
0.0017827896
0.0017388397
0.0016945063
0.001649832
0.0016048472
0.001559462
0.0015136648
0.0014675225
0.0014209364
0.0013738434
0.0013263346
0.0012783295
0.0012297651
0.0011807467
0.0011311777
0.0010810386
0.0010304181
0.0009791082
0.000927168
0.00087475795
0.00082171644
0.00076810007
0.00071390544
0.00065922689
0.00060416034
0.00054854912
0.00049281552
0.00043713076
0.00038226688
0.00032798032
0.00027814559
0.00022738321
0.0001727774
2.0438788e-05
0.0043786032
0.0043633532
0.0043464522
0.0043274307
0.0043059915
0.0042821328
0.0042559267
0.0042274034
0.0041965749
0.0041634773
0.0041281808
0.0040907792
0.0040513842
0.0040101249
0.0039671488
0.0039226205
0.0038767204
0.0038296415
0.0037815881
0.0037327732
0.0036834155
0.0036337371
0.0035839589
0.0035342975
0.0034849601
0.0034361401
0.0033880123
0.0033407283
0.0032944127
0.0032491594
0.0032050295
0.0031620495
0.0031202116
0.0030794754
0.0030397719
0.003001008
0.0029630718
0.0029258366
0.0028891653
0.0028529148
0.0028169424
0.0027811132
0.0027453061
0.0027094141
0.0026733406
0.0026369955
0.002600298
0.0025631869
0.0025256262
0.002487599
0.0024490948
0.0024101092
0.0023706578
0.002330783
0.0022905323
0.0022499283
0.0022089744
0.0021676905
0.0021261157
0.0020842685
0.0020421373
0.0019997296
0.0019570852
0.0019142137
0.001871078
0.0018276663
0.0017839935
0.0017400118
0.001695656
0.0016509538
0.0016059326
0.0015605193
0.0015146951
0.001468513
0.0014218946
0.0013747772
0.0013272315
0.0012791961
0.0012306094
0.0011815555
0.0011319597
0.001081795
0.0010311347
0.00097980526
0.0009278442
0.00087539735
0.00082233136
0.00076868421
0.00071446148
0.00065974686
0.00060463237
0.00054898873
0.00049319523
0.00043743773
0.00038243199
0.00032799625
0.00027751029
0.0002259642
0.00016843521
2.5010543e-05
0.0043404464
0.0043257005
0.0043094003
0.0042911257
0.0042706062
0.0042478355
0.004222873
0.0041957392
0.0041664363
0.0041349874
0.0041014455
0.0040658847
0.0040283959
0.0039890865
0.0039480822
0.0039055264
0.0038615784
0.0038164118
0.0037702125
0.0037231766
0.0036755081
0.003627415
0.0035791071
0.0035307909
0.0034826661
0.0034349208
0.0033877271
0.0033412364
0.0032955758
0.0032508443
0.0032071107
0.0031644115
0.0031227511
0.0030821028
0.0030424121
0.0030036004
0.0029655694
0.0029282056
0.0028913842
0.0028549737
0.0028188412
0.0027828596
0.0027469121
0.0027108943
0.0026747115
0.002638276
0.0026015099
0.0025643522
0.0025267641
0.0024887249
0.0024502227
0.0024112526
0.002371827
0.0023319809
0.0022917555
0.0022511736
0.0022102421
0.0021689786
0.0021274168
0.0020855755
0.002043449
0.0020010434
0.0019583911
0.0019155029
0.0018723493
0.0018289165
0.0017852131
0.0017412007
0.0016968216
0.0016520922
0.0016070359
0.0015615936
0.0015157422
0.0014695218
0.0014228704
0.0013757276
0.0013281462
0.0012800798
0.0012314696
0.0011823812
0.0011327574
0.0010825666
0.0010318676
0.00098051658
0.00092853412
0.00087605103
0.00082295887
0.0007692807
0.00071502844
0.00066027687
0.00060511369
0.00054943429
0.00049357904
0.00043774412
0.00038259097
0.00032798871
0.0002768464
0.00022449763
0.00016448129
2.8975019e-05
0.0043028364
0.0042885991
0.0042728926
0.004255338
0.0042356914
0.0042139457
0.0041901507
0.00416432
0.0041364488
0.0041065502
0.0040746627
0.0040408439
0.0040051664
0.0039677182
0.0039286052
0.0038879504
0.0038458933
0.0038025886
0.0037582038
0.0037129184
0.0036669205
0.0036204045
0.0035735676
0.0035266062
0.0034797115
0.0034330656
0.0033868368
0.0033411754
0.0032962099
0.0032520435
0.0032087515
0.0031663793
0.0031249422
0.0030844264
0.0030447907
0.0030059702
0.0029678802
0.00293042
0.002893477
0.0028569309
0.0028206588
0.0027845414
0.0027484671
0.0027123348
0.0026760519
0.0026395336
0.0026027043
0.0025655037
0.0025278911
0.0024898426
0.0024513445
0.0024123911
0.0023729919
0.0023331755
0.0022929772
0.0022524196
0.0022115119
0.0021702702
0.0021287234
0.0020868903
0.0020447696
0.0020023669
0.0019597085
0.0019168053
0.0018736346
0.0018301813
0.0017864494
0.0017424071
0.0016980041
0.001653248
0.0016081576
0.0015626857
0.0015168066
0.0014705493
0.0014238645
0.0013766952
0.001329079
0.001280981
0.0012323463
0.0011832243
0.0011335713
0.0010833536
0.0010326171
0.0009812426
0.00092923802
0.00087671916
0.00082359922
0.00076988965
0.00071560643
0.00066081693
0.00060560423
0.00054988571
0.0004939666
0.00043804947
0.00038274313
0.00032795725
0.00027615554
0.00022298925
0.00016075619
3.2404538e-05
0.0042657335
0.0042519809
0.0042368461
0.0042199795
0.0042011605
0.0041803816
0.0041576855
0.0041330803
0.0041065563
0.0040781183
0.0040477934
0.004015625
0.0039816694
0.0039459979
0.0039086978
0.0038698737
0.0038296463
0.0037881517
0.0037455399
0.0037019734
0.0036576248
0.0036126743
0.0035673063
0.0035217063
0.0034760565
0.0034305322
0.0033852971
0.0033404995
0.0032962683
0.0032527097
0.0032099043
0.0031679056
0.0031267386
0.0030864009
0.003046864
0.003008076
0.0029699651
0.0029324431
0.0028954094
0.0028587546
0.002822366
0.0027861319
0.0027499469
0.0027137132
0.0026773415
0.0026407495
0.0026038642
0.0025666262
0.0025289932
0.002490939
0.002452448
0.0024135135
0.0023741422
0.0023343572
0.0022941886
0.0022536579
0.0022127761
0.0021715581
0.0021300287
0.0020882064
0.0020460932
0.0020036947
0.0019610322
0.0019181163
0.0018749296
0.001831457
0.0017876984
0.0017436275
0.0016992006
0.0016544183
0.0016092953
0.0015637936
0.0015178865
0.0014715935
0.0014248752
0.0013776786
0.0013300287
0.0012818988
0.0012332386
0.0011840837
0.0011344008
0.0010841557
0.0010333824
0.00098198294
0.0009299555
0.00087740134
0.00082425222
0.00077051078
0.00071619528
0.00066136683
0.00060610374
0.00055034281
0.00049435755
0.00043835336
0.00038288793
0.00032790175
0.00027543946
0.00022144457
0.00015733066
3.5373554e-05
0.0042294963
0.0042161736
0.0042015449
0.0041853026
0.0041672427
0.0041473549
0.0041256749
0.0041022069
0.0040769372
0.004049864
0.0040210044
0.0039903895
0.0039580617
0.0039240767
0.0038885054
0.003851435
0.0038129684
0.0037732242
0.0037323352
0.0036904473
0.0036477176
0.0036043119
0.0035604016
0.0035161608
0.0034717624
0.0034273739
0.003383154
0.0033392478
0.0032957838
0.0032528702
0.0032105919
0.0031690089
0.0031281551
0.0030880385
0.003048642
0.0030099261
0.0029718311
0.0029342811
0.002897187
0.0028604503
0.002823968
0.0027876368
0.002751357
0.0027150355
0.0026785861
0.0026419295
0.0026049954
0.0025677253
0.0025300761
0.0024920196
0.0024535384
0.0024146247
0.0023752826
0.0023355304
0.0022953936
0.0022548922
0.0022140381
0.0021728453
0.0021313355
0.0020895262
0.0020474222
0.0020050291
0.0019623642
0.0019194375
0.001876236
0.0018327451
0.0017889615
0.0017448632
0.0017004122
0.0016556042
0.0016104497
0.001564918
0.0015189827
0.001472655
0.0014259031
0.0013786785
0.0013309956
0.0012828335
0.0012341468
0.0011849595
0.0011352461
0.0010849728
0.0010341636
0.00098273769
0.00093068652
0.00087809739
0.00082491773
0.0007711438
0.00071679471
0.00066192617
0.00060661171
0.00055080503
0.0004947511
0.00043865489
0.00038302432
0.00032782166
0.00027469936
0.00021986751
0.00015402179
3.7958539e-05
0.0039410743
0.0041049944
0.0043158803
0.0045578166
0.0048549763
0.0052165817
0.0056550476
0.0062217029
0.0069964882
0.0083569596
0.0039410656
0.0041049679
0.0043158405
0.0045577412
0.0048548057
0.0052161702
0.0056539563
0.0062168538
0.006975005
0.008101807
0.0039410478
0.0041049135
0.0043157572
0.0045575829
0.0048544488
0.005215308
0.0056515889
0.0062073084
0.0069334232
0.0078418303
0.0039410198
0.0041048282
0.0043156252
0.0045573328
0.0048538877
0.0052139443
0.0056478258
0.0061931564
0.0068777761
0.0076264484
0.0039409805
0.004104709
0.0043154398
0.0045569827
0.0048531031
0.0052120348
0.0056425588
0.0061748034
0.0068120242
0.0074406047
0.003940929
0.0041045527
0.004315196
0.0045565231
0.0048520743
0.005209532
0.0056357234
0.0061526622
0.0067414826
0.0072729535
0.0039408643
0.0041043558
0.0043148884
0.0045559439
0.0048507802
0.0052063866
0.0056272991
0.0061270147
0.0066694152
0.0071184521
0.0039407851
0.0041041147
0.0043145111
0.0045552346
0.0048491975
0.0052025579
0.0056172412
0.0060983197
0.0065961468
0.0069747131
0.0039406902
0.0041038254
0.0043140578
0.0045543839
0.0048473033
0.0051980019
0.0056055444
0.0060668551
0.0065220796
0.0068405598
0.0039405783
0.0041034836
0.0043135218
0.0045533796
0.0048450732
0.0051926787
0.0055922067
0.0060328814
0.0064476598
0.0067149175
0.0039404479
0.0041030849
0.0043128959
0.0045522093
0.0048424824
0.005186551
0.0055772352
0.0059966561
0.0063732558
0.0065968103
0.0039402975
0.0041026243
0.0043121726
0.0045508595
0.0048395056
0.0051795837
0.0055606474
0.0059584235
0.0062991647
0.0064854089
0.0039401255
0.0041020965
0.0043113436
0.0045493162
0.004836117
0.005171745
0.0055424701
0.0059184131
0.0062256294
0.0063800081
0.0039399299
0.0041014959
0.0043104003
0.0045475647
0.0048322908
0.0051630064
0.0055227383
0.005876841
0.0061528465
0.006280001
0.0039397089
0.0041008166
0.0043093336
0.0045455897
0.004828001
0.0051533427
0.0055014944
0.0058339098
0.0060809728
0.0061848633
0.0039394604
0.0041000521
0.0043081336
0.0045433752
0.0048232216
0.0051427326
0.0054787875
0.005789809
0.0060101303
0.0060941403
0.0039391823
0.0040991954
0.0043067902
0.0045409047
0.0048179273
0.0051311585
0.0054546725
0.005744715
0.0059404119
0.0060074357
0.0039388721
0.0040982392
0.0043052924
0.0045381609
0.0048120928
0.0051186068
0.0054292095
0.0056987918
0.005871886
0.0059244027
0.0039385274
0.0040971757
0.0043036288
0.0045351263
0.0048056937
0.005105068
0.0054024626
0.005652191
0.0058046004
0.0058447362
0.0039381455
0.0040959963
0.0043017873
0.0045317827
0.0047987065
0.0050905368
0.0053744995
0.0056050523
0.0057385856
0.0057681664
0.0039377234
0.0040946923
0.0042997552
0.0045281118
0.0047911086
0.0050750117
0.0053453909
0.0055575037
0.0056738584
0.0056944538
0.0039372582
0.0040932539
0.0042975194
0.0045240946
0.0047828787
0.0050584958
0.0053152092
0.0055096625
0.0056104239
0.0056233844
0.0039367465
0.0040916711
0.0042950661
0.0045197121
0.004773997
0.0050409959
0.0052840283
0.0054616351
0.005548278
0.0055547666
0.0039361849
0.0040899329
0.0042923808
0.0045149451
0.0047644449
0.0050225229
0.005251923
0.0054135182
0.0054874093
0.0054884276
0.0039355698
0.0040880278
0.0042894486
0.0045097744
0.004754206
0.0050030915
0.005218968
0.0053653988
0.0054278006
0.0054242117
0.0039348972
0.0040859437
0.004286254
0.0045041809
0.0047432655
0.00498272
0.005185238
0.005317355
0.0053694302
0.0053619777
0.0039341629
0.0040836674
0.0042827813
0.0044981454
0.0047316107
0.0049614303
0.0051508064
0.0052694569
0.005312273
0.0053015972
0.0039333626
0.0040811852
0.004279014
0.0044916493
0.0047192311
0.0049392477
0.0051157457
0.0052217663
0.0052563014
0.0052429535
0.0039324918
0.0040784824
0.0042749354
0.0044846742
0.0047061183
0.0049162001
0.0050801266
0.0051743383
0.0052014859
0.00518594
0.0039315453
0.0040755436
0.0042705286
0.0044772024
0.0046922664
0.0048923186
0.0050440175
0.0051272211
0.0051477959
0.0051304592
0.0039305182
0.0040723523
0.0042657763
0.0044692166
0.0046776718
0.0048676366
0.0050074849
0.0050804568
0.0050952
0.005076422
0.0039294051
0.0040688912
0.0042606614
0.0044607006
0.0046623334
0.0048421896
0.0049705926
0.0050340819
0.0050436664
0.0050237463
0.0039282002
0.0040651421
0.0042551666
0.0044516388
0.0046462524
0.0048160153
0.0049334015
0.0049881279
0.0049931634
0.0049723572
0.0039268975
0.0040610857
0.0042492747
0.0044420168
0.0046294326
0.0047891527
0.0048959697
0.0049426213
0.0049436593
0.0049221854
0.003925491
0.0040567017
0.0042429693
0.0044318212
0.0046118802
0.0047616424
0.0048583526
0.0048975846
0.0048951229
0.0048731673
0.003923974
0.0040519688
0.0042362341
0.0044210399
0.0045936035
0.0047335258
0.004820602
0.0048530365
0.0048475234
0.004825244
0.0039223399
0.0040468646
0.0042290539
0.0044096619
0.0045746136
0.004704845
0.0047827669
0.0048089918
0.0048008307
0.0047783611
0.0039205816
0.0040413658
0.0042214145
0.0043976776
0.0045549232
0.0046756429
0.0047448932
0.0047654626
0.0047550153
0.0047324684
0.0039186919
0.0040354479
0.004213303
0.0043850786
0.0045345475
0.0046459622
0.0047070234
0.0047224577
0.0047100484
0.0046875191
0.0039166632
0.0040290856
0.0042047084
0.0043718577
0.0045135036
0.004615846
0.0046691973
0.0046799836
0.0046659021
0.0046434696
0.0039144877
0.0040222527
0.0041956218
0.004358009
0.0044918105
0.0045853367
0.0046314511
0.0046380442
0.0046225495
0.0046002801
0.0039121573
0.0040149223
0.0041860372
0.004343527
0.0044694891
0.004554477
0.0045938185
0.0045966409
0.0045799634
0.0045579131
0.0039096634
0.0040070673
0.0041759517
0.004328407
0.0044465618
0.0045233084
0.004556331
0.004555774
0.0045381162
0.0045163284
0.0039069972
0.0039986609
0.0041653665
0.0043126447
0.004423053
0.00449187
0.0045190162
0.0045154471
0.0044969916
0.0044754986
0.0039041488
0.0039896777
0.0041542867
0.0042962356
0.0043989925
0.0044601987
0.0044818872
0.0044756444
0.0044565648
0.0044354166
0.0039011073
0.0039800956
0.0041427214
0.0042791687
0.0043744189
0.0044283563
0.0044449755
0.0044363394
0.0044167497
0.0043959404
0.0038978595
0.0039699006
0.0041306931
0.0042614135
0.0043493234
0.0043963938
0.0044083766
0.0043976538
0.0043776966
0.0043572615
0.0038943882
0.0039590816
0.0041182627
0.0042430302
0.0043236431
0.0043641674
0.0043719034
0.0043593689
0.0043391661
0.0043191326
0.0038906652
0.0039476183
0.0041053097
0.0042243561
0.0042977339
0.0043319389
0.0043357353
0.004321598
0.0043012172
0.0042815633
0.0038866159
0.003935657
0.0040907701
0.0042050649
0.0042715992
0.0042998016
0.0043000004
0.0042845017
0.004264057
0.0042448311
0.0038818267
0.0039234541
0.0040733317
0.0041837327
0.0042437171
0.0042660294
0.0042628019
0.0042460794
0.0042256103
0.0042067714
0.0038752133
0.003911462
0.0040524703
0.0041587212
0.0042117585
0.0042277585
0.0042209898
0.0042031304
0.0041827696
0.0041644392
0.0038659138
0.0038998741
0.0040279214
0.0041282212
0.0041734641
0.0041825289
0.0041719736
0.0041529918
0.0041328134
0.0041150338
0.003853812
0.0038864482
0.0039981616
0.0040897761
0.0041266928
0.004128734
0.0041144398
0.0040944678
0.004074594
0.0040574506
0.0038380785
0.0038689024
0.0039626942
0.0040425812
0.0040708956
0.0040663988
0.0040487695
0.0040281192
0.0040088239
0.0039925317
0.0038174409
0.0038459138
0.0039221672
0.0039868414
0.0040056371
0.0039950028
0.0039743586
0.0039530598
0.0039342347
0.0039186889
0.0037905242
0.0038157069
0.0038747366
0.0039212934
0.0039296273
0.0039136371
0.003890861
0.0038694686
0.0038514816
0.0038369405
0.0037557597
0.0037760319
0.0038168513
0.0038443583
0.0038422998
0.0038221473
0.0037982364
0.0037770835
0.0037598855
0.0037462573
0.0037110509
0.0037245037
0.0037471658
0.0037568915
0.0037454971
0.0037223998
0.0036983659
0.0036780635
0.0036619785
0.0036494204
0.003653882
0.003659198
0.0036648197
0.003658898
0.0036394043
0.0036140222
0.0035901627
0.0035707274
0.0035556603
0.0035440994
0.0035817604
0.0035786352
0.0035692776
0.0035506517
0.0035252329
0.0034990534
0.0034764464
0.0034585642
0.0034448351
0.0034343508
0.003492724
0.0034822201
0.0034608882
0.0034330202
0.0034037523
0.0033772937
0.003355679
0.0033389939
0.0033264131
0.0033169672
0.003386383
0.0033704544
0.00334101
0.0033079182
0.0032777116
0.003252742
0.0032331054
0.0032180774
0.0032067636
0.0031983054
0.0032647815
0.0032457927
0.0032119738
0.0031761722
0.0031454778
0.0031213115
0.0031028942
0.0030890738
0.0030788037
0.0030711834
0.0031332002
0.0031135909
0.0030800209
0.0030464451
0.0030192455
0.0029985633
0.0029830004
0.0029714167
0.0029629733
0.0029568748
0.0030013002
0.0029813209
0.002946757
0.0029119523
0.0028838807
0.002862813
0.0028473477
0.0028361408
0.0028281762
0.0028226972
0.0028858356
0.0028712627
0.0028448266
0.0028174047
0.002793908
0.0027748225
0.002759524
0.0027473621
0.0027379247
0.0027309992
0.0028042323
0.002783153
0.0027586379
0.0027390323
0.0027230703
0.0027097738
0.0026988853
0.0026899289
0.0026823765
0.0026759377
0.0041918619
0.0041790117
0.0041649395
0.004149351
0.0041320642
0.0041130726
0.004092408
0.0040700718
0.0040460479
0.0040203294
0.0039929249
0.0039638547
0.0039331489
0.0039008487
0.0038670097
0.0038317022
0.0037950124
0.0037570412
0.0037179044
0.0036777312
0.0036366628
0.00359485
0.0035524509
0.0035096274
0.0034665421
0.0034233542
0.0033802161
0.0033372693
0.0032946407
0.0032524395
0.0032107542
0.0031696505
0.0031291703
0.0030893312
0.0030501272
0.0030115305
0.0029734938
0.002935953
0.0028988309
0.0028620401
0.0028254875
0.0027890783
0.0027527198
0.0027163236
0.0026798076
0.0026430958
0.0026061204
0.0025688245
0.0025311646
0.0024931108
0.0024546442
0.0024157555
0.0023764465
0.0023367311
0.0022966304
0.0022561627
0.0022153402
0.0021741761
0.0021326896
0.0020908969
0.0020488048
0.0020064191
0.0019637539
0.0019208186
0.0018776034
0.0018340949
0.0017902876
0.0017461623
0.0017016866
0.0016568526
0.0016116667
0.0015661042
0.0015201394
0.0014737769
0.0014269902
0.0013797359
0.0013320193
0.0012838238
0.0012351087
0.0011858883
0.0011361427
0.0010858394
0.0010349936
0.00098353895
0.00093146217
0.00087883698
0.00082562431
0.00077181584
0.00071743049
0.00066251901
0.00060714999
0.00055129228
0.00049516401
0.00043896672
0.0003831578
0.00032771349
0.00027390609
0.00021819636
0.00015084214
4.0300418e-05
0.0041500507
0.0041376595
0.0041241192
0.0041091771
0.0040926719
0.0040745978
0.0040549831
0.0040338267
0.0040111106
0.0039868226
0.003960963
0.0039335412
0.0039045744
0.0038740892
0.0038421249
0.0038087346
0.0037739858
0.0037379611
0.0037007573
0.0036624852
0.0036232684
0.0035832408
0.003542545
0.003501329
0.003459743
0.0034179364
0.0033760536
0.0033342308
0.0032925923
0.0032512471
0.0032102864
0.0031697813
0.0031297811
0.0030903131
0.0030513827
0.0030129742
0.0029750534
0.0029375693
0.0029004574
0.0028636426
0.0028270432
0.002790574
0.0027541501
0.0027176897
0.0026811152
0.0026443551
0.0026073446
0.0025700287
0.002532364
0.0024943195
0.0024558747
0.0024170185
0.0023777503
0.0023380798
0.0022980236
0.0022575979
0.0022168146
0.0021756863
0.0021342293
0.0020924589
0.002050383
0.0020080079
0.0019653451
0.0019224027
0.001879174
0.0018356472
0.0017918149
0.0017476608
0.0017031576
0.0016582946
0.0016130743
0.001567477
0.0015214785
0.0014750774
0.0014282515
0.0013809625
0.0013332082
0.0012849746
0.0012362262
0.0011869684
0.0011371855
0.0010868473
0.0010359602
0.00098447147
0.00093236422
0.00087969809
0.00082644631
0.00077259737
0.00071816897
0.00066320686
0.00060777403
0.00055185382
0.00049563687
0.00043931755
0.00038329694
0.00032755766
0.0002729728
0.00021625436
0.00014723468
4.2639966e-05
0.0041011709
0.0040892553
0.0040762827
0.0040620408
0.0040463864
0.0040293137
0.0040108477
0.0039909862
0.0039697088
0.0039469987
0.0039228478
0.003897255
0.0038702241
0.003841767
0.0038119059
0.0037806754
0.0037481237
0.0037143127
0.0036793189
0.0036432323
0.0036061563
0.0035682056
0.0035295045
0.0034901845
0.003450381
0.0034102308
0.0033698681
0.0033294217
0.0032890112
0.003248744
0.0032087127
0.0031689927
0.0031296405
0.0030906927
0.0030521663
0.0030140587
0.0029763496
0.0029390024
0.002901967
0.0028651823
0.0028285793
0.0027920844
0.0027556226
0.00271912
0.0026825055
0.0026457126
0.002608681
0.0025713581
0.0025337015
0.0024956794
0.00245727
0.0024184604
0.0023792471
0.0023396359
0.0022996389
0.0022592693
0.0022185385
0.0021774579
0.0021360415
0.0020943032
0.0020522516
0.0020098933
0.0019672377
0.0019242914
0.0018810507
0.0018375055
0.0017936473
0.0017494622
0.0017049279
0.0016600321
0.0016147733
0.0015691359
0.0015230979
0.0014766525
0.0014297811
0.0013824507
0.0013346525
0.0012863739
0.0012375851
0.0011882834
0.0011384559
0.0010880753
0.0010371401
0.00098560933
0.00093346419
0.00088074961
0.00082744961
0.00077355101
0.00071906921
0.00066404453
0.00060853356
0.00055253306
0.00049620486
0.00043973082
0.00038344696
0.00032733108
0.00027183347
0.00021391219
0.00014329579
4.4926052e-05
0.0040441904
0.0040328772
0.0040206087
0.0040071887
0.0039924983
0.0039765397
0.0039593381
0.0039408913
0.0039211791
0.0039001817
0.003877885
0.0038542785
0.0038293547
0.0038031114
0.0037755544
0.0037467005
0.003716578
0.0036852279
0.0036527049
0.0036190772
0.003584426
0.0035488447
0.0035124371
0.0034753151
0.003437597
0.0033994039
0.0033608573
0.0033220755
0.0032831711
0.0032442476
0.0032053968
0.0031666966
0.0031282092
0.0030899798
0.0030520363
0.0030143891
0.0029770322
0.0029399443
0.0029030906
0.0028664254
0.0028298942
0.0027934369
0.00275699
0.0027204893
0.0026838723
0.002647079
0.0026100545
0.00257275
0.002535125
0.0024971477
0.0024587953
0.0024200534
0.0023809158
0.0023413842
0.0023014663
0.0022611724
0.0022205122
0.0021794961
0.0021381359
0.0020964434
0.0020544278
0.0020120959
0.0019694552
0.0019265113
0.0018832624
0.0018397006
0.0017958173
0.0017516006
0.0017070325
0.0016621005
0.0016167997
0.0015711173
0.0015250339
0.0014785387
0.0014316153
0.0013842359
0.001336387
0.0012880564
0.0012392189
0.001189866
0.0011399859
0.0010895542
0.0010385631
0.00098698104
0.00093478885
0.00088201707
0.000828658
0.00077469842
0.00072015043
0.00066504842
0.00060944167
0.00055333809
0.0004968699
0.00044019968
0.00038358926
0.00032699684
0.00027044285
0.00021115364
0.00013906518
4.6918932e-05
0.0039799857
0.0039692589
0.0039576598
0.0039450467
0.0039313193
0.0039164798
0.003900553
0.0038835397
0.003865422
0.0038461786
0.0038257907
0.0038042402
0.0037815095
0.0037575838
0.0037324543
0.0037061203
0.0036785911
0.0036498872
0.0036200414
0.003589099
0.0035571183
0.0035241694
0.0034903334
0.0034557008
0.0034203693
0.0033844419
0.0033480238
0.0033112201
0.0032741326
0.0032368578
0.0031994836
0.0031620878
0.0031247357
0.0030874789
0.0030503544
0.0030133846
0.0029765769
0.0029399253
0.0029034108
0.0028670038
0.0028306656
0.0027943506
0.002758009
0.0027215884
0.0026850362
0.0026483012
0.0026113353
0.0025740948
0.0025365422
0.0024986473
0.0024603869
0.0024217455
0.0023827145
0.0023432923
0.0023034825
0.002263292
0.0022227286
0.002181801
0.0021405191
0.0020988929
0.0020569311
0.0020146406
0.0019720277
0.0019290971
0.0018858484
0.0018422758
0.0017983716
0.0017541258
0.0017095242
0.0016645547
0.0016192101
0.0015734793
0.0015273457
0.0014807961
0.0014338152
0.0013863799
0.0013384739
0.0012900843
0.0012411899
0.0011917782
0.0011418369
0.001091345
0.0010402895
0.00098864607
0.00093639615
0.00088355722
0.00083012668
0.00077609256
0.00072146294
0.00066626562
0.00061054158
0.00055430619
0.00049766161
0.00044074324
0.00038372959
0.00032654331
0.00026878738
0.00020804697
0.00013459973
4.8468995e-05
0.0039068329
0.0038967701
0.0038859359
0.0038742064
0.0038615059
0.003847846
0.0038332535
0.0038177315
0.0038012647
0.0037838322
0.0037654126
0.0037459828
0.0037255176
0.0037039925
0.0036813864
0.0036576841
0.003632878
0.00360697
0.0035799723
0.0035519085
0.0035228141
0.0034927359
0.0034617315
0.0034298684
0.0033972222
0.0033638749
0.0033299127
0.0032954241
0.0032604971
0.0032252172
0.003189665
0.0031539141
0.0031180294
0.0030820657
0.0030460663
0.0030100628
0.0029740745
0.0029381089
0.0029021622
0.0028662207
0.0028302615
0.002794255
0.0027581659
0.0027219553
0.0026855827
0.0026490071
0.002612189
0.0025750915
0.0025376821
0.002499933
0.0024618226
0.0024233348
0.0023844597
0.0023451929
0.0023055346
0.0022654887
0.0022250607
0.0021842575
0.0021430869
0.0021015575
0.0020596769
0.0020174518
0.0019748879
0.0019319891
0.001888756
0.0018451851
0.0018012702
0.0017570029
0.0017123726
0.0016673683
0.0016219816
0.0015762025
0.0015300166
0.0014834102
0.0014363685
0.001388872
0.0013409036
0.0012924491
0.0012434905
0.0011940126
0.0011440024
0.001093441
0.0010423127
0.00099059744
0.00093827805
0.00088536105
0.00083184553
0.00077772131
0.00072299205
0.00066767813
0.00061181113
0.00055540877
0.00049854277
0.00044131282
0.00038380649
0.00032589531
0.00026681113
0.00020459444
0.00012993898
4.9388674e-05
0.0038259007
0.0038165216
0.0038064545
0.0037956205
0.0037839609
0.0037714864
0.0037582232
0.0037441784
0.0037293408
0.0037136916
0.0036972089
0.0036798672
0.003661637
0.0036424875
0.0036223891
0.0036013156
0.003579246
0.0035561669
0.003532073
0.0035069688
0.0034808689
0.0034537981
0.0034257914
0.0033968933
0.0033671565
0.0033366409
0.0033054117
0.0032735382
0.0032410913
0.0032081419
0.0031747592
0.0031410086
0.0031069502
0.0030726373
0.0030381154
0.0030034213
0.0029685825
0.0029336172
0.0028985343
0.0028633341
0.0028280088
0.0027925438
0.0027569189
0.0027211095
0.0026850881
0.0026488255
0.0026122924
0.0025754604
0.0025383034
0.0025007983
0.0024629263
0.0024246724
0.0023860265
0.0023469827
0.0023075389
0.0022676964
0.0022274587
0.0021868308
0.0021458188
0.0021044296
0.00206267
0.0020205461
0.001978063
0.0019352248
0.0018920326
0.001848485
0.0018045776
0.0017603043
0.0017156569
0.0016706265
0.0016252046
0.0015793818
0.001533146
0.0014864837
0.0014393808
0.0013918205
0.0013437859
0.0012952621
0.0012462326
0.0011966816
0.0011465945
0.001095954
0.0010447434
0.00099294466
0.00094054189
0.00088753326
0.00083391656
0.00077968286
0.00072483129
0.0006693739
0.00061333141
0.00055671784
0.00049957373
0.00044195499
0.00038385388
0.00032508083
0.00026457707
0.00020090406
0.00012528398
4.9631742e-05
0.0037360345
0.0037274167
0.0037181983
0.0037083132
0.0036977251
0.0036864524
0.0036745215
0.0036619413
0.0036487047
0.0036347965
0.0036201968
0.0036048804
0.0035888167
0.0035719723
0.0035543126
0.0035358047
0.0035164188
0.0034961299
0.0034749196
0.0034527768
0.0034296989
0.0034056919
0.0033807707
0.0033549584
0.0033282862
0.0033007923
0.0032725207
0.00324352
0.0032138423
0.0031835414
0.0031526715
0.0031212857
0.0030894348
0.003057166
0.0030245218
0.0029915391
0.0029582489
0.0029246751
0.0028908354
0.0028567403
0.0028223943
0.0027877958
0.002752938
0.0027178099
0.0026823971
0.0026466826
0.0026106481
0.0025742751
0.0025375454
0.0025004424
0.0024629516
0.0024250612
0.0023867624
0.0023480495
0.0023089198
0.002269373
0.0022294112
0.002189038
0.0021482583
0.0021070777
0.0020655023
0.0020235376
0.0019811888
0.00193846
0.0018953534
0.0018518691
0.0018080052
0.0017637577
0.001719121
0.0016740882
0.0016286518
0.0015828034
0.0015365325
0.0014898269
0.0014426733
0.0013950568
0.0013469615
0.0012983723
0.0012492734
0.0011996488
0.0011494831
0.0010987597
0.0010474614
0.0009955713
0.00094307392
0.00088996144
0.00083622832
0.0007818653
0.00072686675
0.00067123546
0.0006149796
0.00055810297
0.0005006137
0.00044251793
0.00038371421
0.00032395246
0.00026198966
0.00019693898
0.00012067295
4.9066868e-05
0.0036400647
0.0036321854
0.0036237716
0.0036147835
0.0036051982
0.0035950357
0.0035843237
0.003573076
0.0035612916
0.0035489606
0.003536067
0.0035225883
0.0035084959
0.0034937566
0.0034783346
0.0034621939
0.0034452996
0.0034276198
0.0034091267
0.0033897983
0.0033696189
0.0033485797
0.003326679
0.0033039225
0.0032803225
0.0032558978
0.0032306725
0.0032046757
0.0031779403
0.0031505019
0.003122398
0.0030936666
0.0030643457
0.0030344718
0.0030040796
0.0029732009
0.0029418641
0.0029100937
0.0028779102
0.0028453295
0.0028123631
0.0027790184
0.0027452987
0.0027112036
0.0026767299
0.0026418717
0.0026066211
0.0025709695
0.0025349072
0.0024984253
0.0024615151
0.0024241694
0.0023863828
0.0023481513
0.0023094733
0.0022703489
0.0022307797
0.002190769
0.0021503212
0.0021094414
0.0020681353
0.0020264087
0.001984267
0.0019417149
0.0018987558
0.0018553919
0.0018116233
0.0017674486
0.0017228648
0.0016778673
0.0016324503
0.0015866067
0.0015403278
0.001493603
0.0014464201
0.0013987658
0.0013506253
0.0013019839
0.0012528261
0.0012031362
0.0011528983
0.0011020957
0.0010507116
0.00099872881
0.00094613162
0.00089290776
0.00083904722
0.00078453826
0.00072936973
0.00067353415
0.00061702515
0.00055983026
0.00050192386
0.00044326027
0.00038365443
0.00032281018
0.00025941872
0.00019313439
0.0001165696
4.811227e-05
0.0035355901
0.0035284634
0.0035208531
0.0035127307
0.0035040955
0.0034949767
0.0034854037
0.0034753935
0.0034649509
0.003454072
0.003442746
0.0034309549
0.003418673
0.0034058689
0.0033925077
0.0033785525
0.0033639663
0.0033487133
0.0033327602
0.0033160779
0.0032986417
0.0032804324
0.0032614364
0.0032416458
0.0032210584
0.0031996773
0.0031775103
0.0031545698
0.0031308714
0.003106434
0.0030812784
0.0030554271
0.0030289037
0.0030017316
0.0029739342
0.002945534
0.0029165522
0.0028870083
0.0028569199
0.0028263023
0.0027951686
0.0027635293
0.0027313928
0.0026987649
0.0026656495
0.0026320486
0.0025979626
0.0025633906
0.0025283311
0.0024927819
0.002456741
0.0024202065
0.0023831773
0.0023456532
0.0023076349
0.0022691243
0.0022301245
0.0021906397
0.0021506748
0.0021102356
0.0020693285
0.0020279601
0.0019861367
0.0019438643
0.0019011483
0.0018579927
0.0018144004
0.0017703725
0.0017259089
0.0016810075
0.0016356647
0.0015898756
0.0015436331
0.0014969285
0.0014497514
0.0014020898
0.0013539304
0.0013052593
0.0012560616
0.0012063219
0.0011560244
0.0011051527
0.0010536897
0.0010016181
0.00094892115
0.00089558294
0.00084158864
0.00078692199
0.00073156511
0.0006754992
0.00061870154
0.00056113898
0.00050275209
0.00044344696
0.00038297509
0.00032102161
0.00025632262
0.00018901785
0.00011249373
4.6442905e-05
0.0034266606
0.003420224
0.0034133533
0.0034060307
0.0033982641
0.0033900858
0.0033815287
0.0033726153
0.003363357
0.0033537562
0.0033438063
0.003333492
0.0033227912
0.0033116761
0.0033001144
0.0032880706
0.0032755079
0.0032623893
0.0032486798
0.0032343467
0.0032193606
0.0032036963
0.0031873329
0.0031702539
0.0031524473
0.0031339053
0.003114624
0.0030946029
0.0030738444
0.0030523536
0.0030301375
0.0030072046
0.0029835647
0.0029592283
0.0029342063
0.00290851
0.0028821504
0.0028551382
0.0028274839
0.0027991972
0.0027702872
0.0027407622
0.0027106299
0.0026798967
0.0026485686
0.0026166505
0.0025841469
0.0025510614
0.0025173972
0.0024831574
0.0024483446
0.0024129618
0.002377012
0.0023404987
0.0023034258
0.0022657981
0.0022276209
0.0021889005
0.0021496435
0.0021098574
0.00206955
0.0020287295
0.001987404
0.0019455814
0.001903269
0.0018604733
0.0018171995
0.0017734516
0.0017292319
0.0016845408
0.0016393771
0.0015937377
0.0015476176
0.0015010096
0.0014539051
0.0014062935
0.0013581631
0.0013095008
0.0012602929
0.0012105249
0.0011601815
0.0011092468
0.001057704
0.0010055357
0.00095272372
0.00089924944
0.00084509329
0.00079023338
0.00073464403
0.00067829459
0.00062114538
0.00056314122
0.00050419222
0.00044416699
0.00038278185
0.00031973862
0.00025389697
0.0001858079
0.00010955198
4.5223779e-05
0.0033101389
0.0033044596
0.0032983804
0.003291892
0.0032850146
0.0032777823
0.0032702079
0.0032622701
0.0032539898
0.0032454711
0.0032367549
0.0032277687
0.0032184572
0.0032088021
0.0031987884
0.0031883877
0.0031775637
0.0031662802
0.0031545032
0.0031422007
0.0031293429
0.0031159021
0.0031018538
0.0030871772
0.0030718546
0.0030558715
0.0030392163
0.0030218797
0.003003855
0.0029851369
0.0029657219
0.0029456074
0.0029247918
0.0029032741
0.0028810539
0.002858131
0.0028345057
0.0028101786
0.0027851504
0.0027594224
0.0027329961
0.0027058734
0.0026780564
0.0026495477
0.0026203505
0.0025904679
0.0025599038
0.0025286622
0.0024967478
0.0024641654
0.0024309204
0.0023970185
0.0023624662
0.0023272701
0.0022914376
0.0022549769
0.0022178967
0.0021802064
0.002141916
0.0021030362
0.0020635777
0.0020235517
0.0019829691
0.0019418407
0.0019001763
0.001857985
0.0018152743
0.0017720504
0.0017283172
0.0016840767
0.0016393288
0.0015940711
0.0015482989
0.0015020056
0.0014551824
0.0014078189
0.0013599035
0.0013114235
0.0012623657
0.001212716
0.0011624597
0.0011115813
0.0010600644
0.001007891
0.00095504199
0.00090149592
0.00084722892
0.00079221308
0.00073641459
0.00067979139
0.00062228835
0.00056383109
0.00050430748
0.00044356555
0.000381318
0.00031731498
0.00025057862
0.00018196387
0.00010615991
4.328499e-05
0.0031922433
0.0031872296
0.0031818719
0.0031761556
0.0031700976
0.0031637282
0.0031570765
0.0031501661
0.0031430133
0.0031356277
0.0031280114
0.003120159
0.0031120587
0.0031036929
0.003095039
0.0030860702
0.0030767573
0.0030670697
0.0030569765
0.003046447
0.0030354517
0.003023963
0.003011956
0.0029994082
0.0029862997
0.0029726128
0.0029583321
0.0029434439
0.0029279361
0.0029117974
0.0028950172
0.0028775855
0.0028594923
0.0028407276
0.0028212815
0.0028011439
0.0027803045
0.0027587531
0.0027364799
0.0027134757
0.0026897315
0.0026652389
0.0026399905
0.00261398
0.0025872023
0.0025596538
0.0025313318
0.0025022355
0.0024723653
0.0024417231
0.0024103125
0.0023781388
0.0023452091
0.0023115316
0.0022771163
0.0022419748
0.0022061203
0.0021695675
0.0021323323
0.0020944316
0.002055883
0.0020167044
0.0019769135
0.0019365278
0.0018955634
0.0018540349
0.0018119551
0.0017693338
0.0017261781
0.0016824922
0.001638277
0.0015935303
0.0015482471
0.0015024193
0.0014560366
0.0014090868
0.0013615563
0.0013134309
0.0012646956
0.0012153352
0.0011653337
0.0011146743
0.0010633388
0.0010113074
0.00095855789
0.00090506477
0.00085079841
0.00079572347
0.00073979706
0.00068296605
0.00062516237
0.00056629808
0.00050624989
0.00044486371
0.00038187391
0.00031710038
0.00024972078
0.00018082132
0.00010538566
4.3171653e-05
0.0030657332
0.0030612245
0.003056392
0.0030512256
0.0030457527
0.0030400084
0.0030340227
0.0030278201
0.0030214189
0.0030148316
0.0030080638
0.0030011143
0.002993975
0.0029866375
0.0029790774
0.002971263
0.0029631454
0.0029546994
0.0029459429
0.0029368533
0.0029273783
0.0029174757
0.0029071211
0.0028962965
0.0028849834
0.0028731636
0.0028608214
0.0028479437
0.0028345192
0.0028205369
0.002805986
0.0027908555
0.0027751346
0.0027588116
0.0027418726
0.0027243021
0.0027060838
0.0026872016
0.0026676396
0.0026473812
0.0026264082
0.0026047016
0.0025822433
0.002559016
0.0025350029
0.0025101886
0.0024845603
0.0024581065
0.0024308159
0.0024026791
0.0023736893
0.0023438413
0.0023131329
0.002281566
0.0022491463
0.0022158833
0.0021817894
0.00214688
0.0021111733
0.0020746899
0.0020374528
0.0019994866
0.001960816
0.0019214658
0.0018814603
0.001840822
0.0017995708
0.0017577235
0.0017152928
0.0016722878
0.0016287134
0.0015845706
0.0015398567
0.0014945652
0.001448687
0.0014022118
0.0013551288
0.001307427
0.0012590945
0.0012101184
0.0011604841
0.0011101747
0.0010591701
0.001007447
0.00095497904
0.0009017355
0.00084767926
0.00079276575
0.00073694145
0.00068014174
0.00062228748
0.00056328218
0.00050300042
0.00044129805
0.00037794334
0.00031282082
0.00024524166
0.00017642856
0.00010181952
4.1048986e-05
0.0029527112
0.0029493461
0.0029456457
0.0029415571
0.0029371054
0.0029323225
0.0029272336
0.0029218625
0.0029162338
0.0029103715
0.0029042984
0.0028980343
0.002891588
0.0028849547
0.0028781222
0.0028710863
0.0028638467
0.0028563879
0.00284868
0.0028406743
0.0028323202
0.0028235824
0.0028144231
0.0028048193
0.0027947781
0.0027843085
0.0027733996
0.0027620092
0.0027501289
0.0027377506
0.0027248011
0.0027112556
0.0026971377
0.0026824582
0.0026671991
0.0026512913
0.0026347105
0.002617494
0.0025996509
0.0025811487
0.002561958
0.0025420614
0.0025214588
0.0025001394
0.0024780446
0.0024551754
0.0024315402
0.0024070984
0.0023818418
0.0023557755
0.0023288932
0.0023011784
0.0022726134
0.0022431904
0.0022129136
0.0021817936
0.0021498422
0.0021170706
0.0020834905
0.0020491155
0.002013961
0.0019780434
0.0019413809
0.0019039914
0.0018658907
0.0018270911
0.0017876016
0.0017474277
0.0017065714
0.0016650305
0.0016228029
0.0015798876
0.0015362817
0.0014919768
0.0014469625
0.0014012314
0.0013547827
0.0013076196
0.0012597457
0.0012111636
0.001161875
0.001111875
0.001061151
0.0010096828
0.0009574435
0.00090439838
0.00085050448
0.00079570984
0.00073995276
0.00068316079
0.00062524868
0.00056611747
0.0005056461
0.0004437058
0.00038009511
0.00031474768
0.00024702562
0.0001781922
0.00010348207
4.223305e-05
0.0028195022
0.0028173219
0.002815047
0.002812659
0.0028101058
0.002807314
0.0028042323
0.0028008305
0.0027970945
0.0027930161
0.0027885944
0.0027838353
0.0027787487
0.0027733408
0.0027676177
0.0027615939
0.0027552799
0.0027486797
0.0027417821
0.0027345639
0.0027270129
0.0027191027
0.0027108215
0.0027021991
0.0026932012
0.0026838505
0.0026742988
0.0026645991
0.0026546638
0.0026443811
0.0026336407
0.002622443
0.0026108456
0.0025986822
0.0025856981
0.0025717235
0.0025567286
0.002541135
0.0025251218
0.0025081553
0.0024901438
0.002471438
0.0024519813
0.0024311885
0.0024089051
0.0023859204
0.0023623812
0.0023376392
0.0023118077
0.0022851843
0.0022575787
0.0022290755
0.002199845
0.0021698735
0.0021392187
0.0021079536
0.0020761428
0.0020438425
0.0020110727
0.001977866
0.0019442244
0.001910123
0.0018755789
0.0018406119
0.0018052173
0.0017693709
0.0017330198
0.0016960979
0.0016585335
0.0016202399
0.0015811246
0.0015411364
0.001500247
0.0014584234
0.0014156548
0.0013719476
0.0013273208
0.0012818006
0.0012354175
0.0011882016
0.0011401791
0.0010913668
0.0010417704
0.00099138299
0.00094018442
0.00088814196
0.0008352114
0.00078133752
0.00072645457
0.00067048659
0.00061334668
0.00055493781
0.00049514705
0.00043386226
0.00037091361
0.00030627889
0.0002394196
0.00017168065
9.8781337e-05
3.977999e-05
0.0027264013
0.0027231201
0.002720342
0.0027180527
0.0027161021
0.0027143474
0.0027126664
0.0027109425
0.0027090686
0.0027069563
0.0027045352
0.0027017496
0.0026985591
0.002694939
0.0026908792
0.0026863817
0.0026814555
0.0026761124
0.0026703708
0.0026642563
0.002657798
0.002651024
0.0026439555
0.002636605
0.0026289842
0.0026211064
0.0026130055
0.0026047381
0.0025963478
0.0025878525
0.0025792538
0.0025705489
0.0025616903
0.0025525531
0.0025430118
0.0025330068
0.0025225504
0.002511717
0.0025006001
0.0024891084
0.0024769043
0.0024636636
0.0024492057
0.0024331197
0.0024147552
0.0023939658
0.0023709908
0.0023457834
0.0023182521
0.002288615
0.0022570469
0.0022237399
0.0021891045
0.0021535135
0.0021172806
0.0020807204
0.0020440488
0.0020073577
0.0019707038
0.0019339484
0.0018969709
0.0018601594
0.0018239527
0.0017884643
0.0017537055
0.0017196218
0.001686051
0.0016527298
0.0016192189
0.0015848702
0.0015495796
0.0015137059
0.0014769432
0.0014387721
0.0013991264
0.0013581172
0.0013158632
0.0012724358
0.0012278874
0.0011822763
0.0011356606
0.001088089
0.0010395934
0.00099018827
0.0009398708
0.00088862154
0.00083640584
0.0007831753
0.00072886928
0.00067341641
0.00061673502
0.00055873488
0.00049931112
0.00043835914
0.00037570947
0.00031132168
0.00024458086
0.00017667312
0.00010284273
4.1908945e-05
0.0026704503
0.0026657809
0.002661388
0.0026571423
0.0026529032
0.0026485944
0.0026441738
0.002639613
0.0026348889
0.0026299794
0.0026248628
0.0026195176
0.002613922
0.0026080548
0.0026018957
0.0025954255
0.0025886265
0.0025814828
0.0025739801
0.0025661065
0.002557852
0.0025492087
0.0025401698
0.0025307298
0.0025208836
0.0025106268
0.0024999562
0.0024888681
0.0024773551
0.0024654043
0.0024529954
0.0024401003
0.0024266792
0.0024126793
0.0023980405
0.0023827027
0.0023666126
0.0023497167
0.0023319472
0.002313228
0.0022934918
0.0022726893
0.0022507749
0.0022276964
0.0022034286
0.0021779869
0.0021513961
0.0021236902
0.0020949441
0.0020652721
0.0020348025
0.0020036905
0.0019721219
0.0019402855
0.0019083725
0.0018765698
0.0018450247
0.0018138529
0.0017831409
0.0017529265
0.0017232291
0.0016940282
0.0016652335
0.0016367151
0.0016083135
0.0015798497
0.0015511367
0.0015220026
0.0014923084
0.0014619978
0.0014311373
0.0013998447
0.0013681515
0.0013356039
0.001301578
0.0012659448
0.0012288541
0.0011904457
0.0011507782
0.0011098862
0.0010678116
0.0010245984
0.00098027935
0.00093486961
0.00088836844
0.00084076128
0.00079202135
0.0007421113
0.00069098541
0.0006385925
0.000584879
0.00052979248
0.00047328508
0.00041531883
0.00035586696
0.00029493701
0.00023251367
0.00016891268
0.00010321211
4.4125636e-05
)
;

boundaryField
{
    inlet
    {
        type            zeroGradient;
    }
    top
    {
        type            zeroGradient;
    }
    outlet
    {
        type            fixedValue;
        value           uniform 0;
    }
    slipsurface
    {
        type            slip;
    }
    bottom
    {
        type            zeroGradient;
    }
    frontandback
    {
        type            empty;
    }
}


// ************************************************************************* //
