/*--------------------------------*- C++ -*----------------------------------*\
  =========                 |
  \\      /  F ield         | OpenFOAM: The Open Source CFD Toolbox
   \\    /   O peration     | Website:  https://openfoam.org
    \\  /    A nd           | Version:  12
     \\/     M anipulation  |
\*---------------------------------------------------------------------------*/
FoamFile
{
    format      ascii;
    class       volScalarField;
    location    "800";
    object      p;
}
// * * * * * * * * * * * * * * * * * * * * * * * * * * * * * * * * * * * * * //

dimensions      [0 2 -2 0 0 0 0];

internalField   nonuniform List<scalar> 
7480
(
0.0087567366
0.0077092706
0.0065839517
0.0060604743
0.0057237
0.0054645971
0.0052566461
0.0050678122
0.0049060709
0.0047722169
0.0046567469
0.0045391777
0.0044160259
0.0042910371
0.0041664292
0.0040433389
0.0039238747
0.0038160193
0.0037161715
0.0036109968
0.0035038902
0.0034055756
0.0033188571
0.0032430986
0.0031804617
0.00312621
0.0030725926
0.0030241579
0.0029843487
0.0029514748
0.0029239938
0.0029027981
0.0028865539
0.0028674268
0.0028443773
0.0028218775
0.0028010188
0.0027819222
0.0027661654
0.0027461881
0.0027172223
0.0026860553
0.0026569865
0.002629911
0.0026032025
0.0025717367
0.0025348798
0.0024976047
0.0024623319
0.0024284445
0.002390138
0.0023464885
0.0023032124
0.0022646468
0.0022273815
0.0021858091
0.0021421242
0.0021007761
0.0020619816
0.0020210175
0.0019767503
0.0019344375
0.0018944083
0.0018527549
0.0018090001
0.0017676999
0.0017270934
0.0016832815
0.0016392855
0.0015970512
0.0015535583
0.0015075953
0.0014640818
0.0014205966
0.0013733999
0.0013279569
0.0012832144
0.0012347359
0.0011873102
0.0011407407
0.0010909836
0.0010423422
0.00099400317
0.0009423383
0.00089162605
0.00084084729
0.00078821496
0.00073598056
0.00068246308
0.00062910817
0.00057528742
0.00052004766
0.00046613102
0.00041146595
0.00035955811
0.00030525306
0.00027282118
0.0001617851
0.00035927283
-0.00031301222
0.0082432268
0.0073166833
0.0064337794
0.0060159988
0.0057968811
0.0055964488
0.005397188
0.0052025287
0.0050296018
0.0048748349
0.0047346924
0.0045993369
0.0044642437
0.0043313375
0.0042016073
0.0040760461
0.0039571561
0.0038472703
0.0037447359
0.0036396657
0.0035325051
0.0034339324
0.0033468387
0.0032705771
0.0032075395
0.0031526746
0.0030980732
0.0030485313
0.0030074252
0.0029731294
0.0029441919
0.0029215972
0.002904037
0.0028836772
0.0028595303
0.0028358882
0.0028138369
0.0027936824
0.0027770769
0.0027562306
0.0027264159
0.0026945432
0.0026648601
0.0026372584
0.0026100884
0.0025781597
0.0025408913
0.0025033316
0.0024678538
0.0024337572
0.0023952063
0.0023513234
0.0023078572
0.0022691294
0.0022316951
0.0021899524
0.0021461186
0.0021046319
0.0020656958
0.0020245758
0.0019801551
0.0019377059
0.0018975383
0.0018557398
0.0018118459
0.0017704224
0.0017296921
0.0016857576
0.0016416531
0.0015993161
0.0015557186
0.0015096561
0.0014660526
0.001422474
0.0013751874
0.0013296664
0.0012848464
0.0012362925
0.0011887998
0.001142163
0.0010923394
0.0010436382
0.00099524021
0.00094351911
0.00089275624
0.00084192733
0.00078924655
0.00073696654
0.00068340528
0.00063000969
0.00057614964
0.00052087241
0.00046692067
0.000412221
0.00036028424
0.00030594344
0.00027344803
0.00016307179
0.00036230688
-0.00031049333
0.0079380323
0.0072801007
0.0065505781
0.0061123541
0.0058625112
0.005619344
0.0053851375
0.0051724732
0.0049908162
0.0048341266
0.0046945604
0.0045647437
0.004437025
0.004311626
0.0041887173
0.004069472
0.0039567302
0.0038499201
0.0037485057
0.0036466194
0.0035433785
0.0034480443
0.0033637085
0.0032895768
0.0032280727
0.0031734748
0.0031184655
0.0030685235
0.0030269021
0.0029920081
0.0029624889
0.0029395171
0.002920911
0.0028988669
0.0028735769
0.0028490224
0.0028260309
0.002805079
0.0027880236
0.0027666556
0.0027361873
0.0027037609
0.0026735163
0.0026454387
0.0026178735
0.002585486
0.0025475154
0.0025092586
0.0024734168
0.0024390979
0.002400298
0.0023561845
0.0023125563
0.0022737163
0.0022361464
0.0021942312
0.0021502517
0.0021086427
0.0020695826
0.0020283127
0.0019837421
0.0019411737
0.0019008848
0.0018589494
0.0018149226
0.0017733925
0.0017325483
0.0016884895
0.0016442783
0.0016018424
0.0015581389
0.0015119734
0.0014682834
0.0014246104
0.0013772281
0.0013316293
0.001286729
0.0012380928
0.0011905316
0.0011438243
0.0010939278
0.0010451637
0.00099670214
0.00094491814
0.00089410109
0.00084321728
0.00079048263
0.00073815237
0.0006845416
0.00063110072
0.00057719642
0.00052187647
0.00046788515
0.00041314534
0.00036117539
0.00030679268
0.0002742339
0.00016524422
0.00036772639
-0.00030638257
0.0077188443
0.0071989599
0.0065260538
0.0060725627
0.0058137328
0.0055825202
0.0053603743
0.0051642002
0.0049950877
0.0048475975
0.0047108081
0.0045820225
0.0044541991
0.0043273645
0.0042033718
0.0040830989
0.0039682481
0.003858811
0.003755198
0.0036529888
0.0035504745
0.0034553287
0.0033709836
0.0032967025
0.0032337367
0.0031770546
0.003121674
0.0030722563
0.0030312738
0.0029973663
0.0029691239
0.0029477004
0.0029298176
0.0029076982
0.00288268
0.0028585523
0.0028358609
0.0028143717
0.002796516
0.002774592
0.0027435533
0.0027108228
0.0026803003
0.0026520408
0.0026244128
0.0025917823
0.0025532071
0.0025143631
0.0024783013
0.0024439376
0.0024049999
0.0023607038
0.0023169516
0.0022780553
0.0022403326
0.0021980876
0.0021538569
0.0021121523
0.0020730319
0.0020316624
0.00198698
0.0019443415
0.0019039791
0.0018619431
0.0018178096
0.0017761958
0.00173525
0.0016910772
0.0016467723
0.0016042537
0.001560455
0.001514194
0.0014704321
0.0014266764
0.0013792045
0.0013335377
0.0012885633
0.0012398468
0.0011922231
0.0011454504
0.0010954831
0.0010466616
0.00099814018
0.00094629436
0.00089542639
0.00084449004
0.00079170309
0.00073932467
0.00068566534
0.00063218093
0.00057823359
0.00052287159
0.00046884165
0.00041406204
0.00036205818
0.00030763799
0.00027502039
0.00016802395
0.00037470648
-0.00030151055
0.0075124653
0.0070806375
0.006486741
0.0060629466
0.0058126407
0.0055965588
0.0053787562
0.0051830023
0.0050111217
0.0048586415
0.0047168242
0.004583864
0.0044538878
0.0043259557
0.004202672
0.004083862
0.0039698567
0.0038612252
0.0037583947
0.003657799
0.0035573728
0.0034633106
0.0033792914
0.0033049009
0.0032406389
0.0031828615
0.0031278384
0.0030786462
0.0030372156
0.0030027031
0.0029737959
0.0029511428
0.0029312974
0.0029082921
0.0028834088
0.0028598686
0.0028380695
0.0028172194
0.0028000344
0.0027790304
0.0027485561
0.0027164873
0.0026860568
0.0026572342
0.0026292668
0.002596385
0.0025575276
0.0025186366
0.0024826728
0.0024484423
0.0024094623
0.0023649553
0.0023210373
0.0022821061
0.0022442855
0.0022017403
0.0021572769
0.0021154931
0.0020763383
0.0020348941
0.0019901195
0.0019474491
0.0019070538
0.0018649404
0.0018206999
0.0017789466
0.0017378516
0.0016935801
0.0016492095
0.0016066368
0.0015627644
0.0015164245
0.0014726123
0.0014287836
0.0013812187
0.0013354893
0.0012904454
0.0012416483
0.0011939657
0.0011471301
0.0010970924
0.0010482172
0.00099963704
0.00094772709
0.00089680787
0.00084581797
0.00079297748
0.00074055066
0.00068684141
0.00063331251
0.00057932063
0.00052391466
0.00046984462
0.00041502347
0.00036298278
0.00030852835
0.00027583652
0.00017121029
0.0003825504
-0.00029614829
0.0073214582
0.0069622568
0.0064504928
0.0060567429
0.0058051797
0.0055900088
0.005373311
0.0051772768
0.0050058341
0.0048536935
0.0047135098
0.0045820864
0.0044541769
0.0043286388
0.0042073639
0.0040900529
0.0039770137
0.0038690474
0.0037663707
0.0036661426
0.0035666502
0.0034730036
0.0033889261
0.0033142897
0.0032492717
0.0031909442
0.0031359949
0.0030865729
0.0030444422
0.0030090676
0.0029792465
0.0029552432
0.0029338159
0.0029103996
0.002885514
0.0028617498
0.002839544
0.0028183376
0.0028001156
0.0027784592
0.0027482514
0.0027167925
0.0026868582
0.0026584983
0.0026314152
0.0025994129
0.0025611386
0.0025228153
0.002486682
0.0024519569
0.0024127974
0.002368156
0.0023242593
0.0022855108
0.0022477985
0.0022052101
0.0021606472
0.0021187623
0.0020795713
0.0020380841
0.0019932241
0.0019505122
0.001910065
0.0018678586
0.0018235094
0.0017816307
0.0017404129
0.0016960576
0.0016516347
0.001609028
0.0015651048
0.0015187059
0.001474866
0.0014309392
0.0013832352
0.0013374466
0.0012923513
0.0012434862
0.0011957596
0.001148874
0.0010987698
0.0010498411
0.0010012034
0.00094922895
0.00089826018
0.00084721741
0.00079432395
0.00074184996
0.00068808989
0.0006345154
0.00058047723
0.00052502534
0.00047091406
0.0004160499
0.00036396921
0.00030948343
0.00027669183
0.00017469101
0.00039073973
-0.00029027565
0.0071468219
0.0068460367
0.0064057722
0.0060404491
0.0057896497
0.0055783255
0.0053693988
0.0051777605
0.005009314
0.0048583546
0.0047190252
0.0045872605
0.0044595997
0.0043344978
0.0042133115
0.0040960269
0.0039831244
0.0038752506
0.003772423
0.0036724599
0.0035739985
0.0034811078
0.003397305
0.0033226956
0.0032571921
0.0031983873
0.003143363
0.0030936474
0.0030509707
0.0030149999
0.0029845742
0.0029596322
0.0029373622
0.0029137276
0.0028887157
0.0028645572
0.002841865
0.0028201371
0.0028007196
0.0027784232
0.0027485149
0.0027171237
0.0026870543
0.0026585613
0.0026310806
0.0025989551
0.0025610807
0.0025234344
0.0024876918
0.0024533914
0.0024149297
0.0023708524
0.0023275385
0.0022888736
0.0022506602
0.0022077391
0.0021631302
0.0021213446
0.0020823433
0.002040937
0.001996061
0.0019533051
0.0019127837
0.0018705135
0.0018261234
0.0017842299
0.0017429554
0.0016985011
0.0016540245
0.001611389
0.0015674185
0.0015209556
0.001477089
0.0014330631
0.0013852291
0.0013394016
0.0012942686
0.0012453445
0.0011975905
0.0011506719
0.0011004841
0.0010514738
0.0010027788
0.00095075066
0.00089974475
0.00084865909
0.00079571768
0.00074319655
0.00068938548
0.00063576703
0.00058168348
0.00052618618
0.0004720349
0.00041712775
0.0003650046
0.0003104913
0.00027757429
0.00017839821
0.00039887834
-0.00028382174
0.0069868141
0.0067320896
0.0063532714
0.0060180577
0.0057727744
0.0055666167
0.0053651622
0.0051770932
0.0050097413
0.0048590377
0.0047195954
0.0045873748
0.004460111
0.0043361456
0.0042159155
0.0040995828
0.003987662
0.003880569
0.0037782251
0.0036789843
0.0035817663
0.0034897863
0.0034063127
0.0033316954
0.0032657072
0.0032063704
0.0031511753
0.0031011901
0.0030580163
0.0030214322
0.0029903223
0.0029643897
0.0029411884
0.0029170613
0.0028917129
0.0028671458
0.0028440702
0.0028219915
0.0028018424
0.0027792074
0.0027496496
0.0027183302
0.0026881116
0.0026592609
0.002631107
0.0025987176
0.0025610513
0.002523473
0.0024876602
0.0024530738
0.0024146106
0.0023710449
0.0023285116
0.0022903372
0.002252289
0.0022095788
0.0021653968
0.0021241117
0.0020850864
0.0020431155
0.0019980175
0.001955334
0.0019149561
0.0018728006
0.0018284545
0.0017866086
0.001745266
0.0017007365
0.0016562836
0.0016136546
0.0015696159
0.0015230622
0.0014791783
0.001435105
0.0013872051
0.0013413576
0.001296181
0.0012471921
0.0011994169
0.0011524685
0.0011021913
0.0010531062
0.0010043655
0.00095229224
0.00090125941
0.00085014165
0.00079714302
0.00074455353
0.00069068888
0.00063703639
0.00058291638
0.00052737957
0.00047318972
0.00041823826
0.00036607205
0.00031153703
0.00027847268
0.00018228333
0.00040663545
-0.00027673332
0.0068396949
0.0066215496
0.0062954607
0.0059907435
0.0057536815
0.0055524229
0.0053576414
0.0051736595
0.0050081909
0.0048587298
0.0047201423
0.0045887383
0.0044623361
0.0043396154
0.0042203418
0.0041049039
0.0039937508
0.0038871743
0.0037850991
0.0036863105
0.0035899856
0.0034986864
0.003415401
0.0033406749
0.0032742076
0.0032143487
0.0031589497
0.0031087036
0.0030650296
0.0030278016
0.0029959782
0.0029690898
0.0029449748
0.0029203412
0.0028947109
0.0028698209
0.0028463934
0.0028239535
0.0028030891
0.0027800151
0.0027506749
0.002719381
0.0026890599
0.0026599918
0.002631452
0.0025990573
0.0025617194
0.0025242052
0.0024882333
0.0024531779
0.0024145591
0.0023712485
0.0023288865
0.0022904166
0.0022520679
0.0022095353
0.0021659781
0.0021254993
0.0020867864
0.0020446144
0.0019997044
0.0019574312
0.0019173305
0.001874849
0.0018300683
0.0017882616
0.0017470204
0.0017026014
0.0016582658
0.0016157022
0.0015715854
0.001524969
0.0014811498
0.0014370711
0.0013890947
0.0013432234
0.0012980193
0.0012489726
0.0012011791
0.0011541936
0.0011038495
0.0010547405
0.0010059714
0.00095384657
0.00090278445
0.00085163608
0.00079857858
0.00074592251
0.00069200965
0.00063833158
0.00058418302
0.00052860694
0.00047436213
0.00041935598
0.000367152
0.00031260775
0.00027938038
0.00018630337
0.00041370307
-0.00026897131
0.006703718
0.0065150106
0.006233799
0.0059585382
0.0057316528
0.0055357335
0.0053476657
0.0051686907
0.005005845
0.0048579223
0.0047203269
0.0045896594
0.0044639735
0.0043420853
0.0042236625
0.0041090759
0.0039986808
0.0038926984
0.0037910593
0.0036928629
0.0035974994
0.0035070144
0.0034240815
0.0033493804
0.0032825892
0.0032223167
0.0031667353
0.0031162552
0.0030721082
0.003034254
0.0030017324
0.0029739378
0.0029489382
0.0029237852
0.0028978588
0.0028726241
0.0028487987
0.0028259505
0.0028043858
0.0027808588
0.0027516985
0.0027204629
0.002690061
0.0026607895
0.0026318754
0.0025994418
0.0025623712
0.0025249032
0.002488817
0.0024535077
0.0024149689
0.0023719994
0.0023297328
0.0022909249
0.0022522512
0.0022098056
0.0021664378
0.0021258944
0.002086731
0.0020444493
0.0020001047
0.0019585902
0.001919058
0.001876374
0.0018314543
0.0017899474
0.0017490043
0.0017043644
0.0016596343
0.0016170885
0.0015730547
0.0015265588
0.001482891
0.0014388413
0.001390773
0.0013449274
0.0012997682
0.0012506774
0.0012028549
0.0011558364
0.0011054469
0.0010563343
0.0010075388
0.00095535805
0.00090427146
0.00085309439
0.00079999377
0.00074730299
0.00069335445
0.00063964956
0.00058546898
0.0005298511
0.0004755504
0.00042049309
0.00036825391
0.00031371317
0.00028030027
0.00019040884
0.00041976303
-0.00026049546
0.0065774407
0.0064127462
0.0061695069
0.0059219279
0.0057067558
0.0055169347
0.0053355843
0.005162036
0.0050021965
0.0048559713
0.0047195405
0.0045898109
0.0044650362
0.0043441673
0.0042268359
0.0041132807
0.0040037834
0.0038985245
0.0037974441
0.003699886
0.0036054276
0.00351572
0.0034331256
0.0033584174
0.0032913003
0.0032305979
0.0031747663
0.0031240085
0.00307937
0.0030408712
0.0030076289
0.0029789366
0.0029530524
0.0029273424
0.0029010814
0.0028754813
0.0028512421
0.0028279749
0.0028057544
0.0027817859
0.0027527656
0.0027215931
0.0026910969
0.0026616078
0.0026323274
0.0025998329
0.0025630019
0.002525591
0.0024894111
0.0024538819
0.0024153838
0.0023727316
0.0023305578
0.002291548
0.0022527712
0.0022105261
0.0021672796
0.0021265555
0.0020869978
0.0020447101
0.0020005958
0.0019590597
0.0019191763
0.001876248
0.0018318098
0.0017910317
0.0017506095
0.0017057885
0.0016608552
0.001618517
0.0015747023
0.0015280494
0.0014841035
0.0014400491
0.0013920323
0.0013463701
0.0013013062
0.0012521852
0.0012043601
0.0011573753
0.0011069788
0.0010578542
0.0010090267
0.00095680751
0.00090571389
0.00085450796
0.00080136793
0.00074865796
0.00069468267
0.00064095031
0.00058673478
0.00053108125
0.00047674888
0.00042165703
0.00036937739
0.00031484395
0.00028122178
0.00019455244
0.0004245218
-0.00025124198
0.0064596752
0.0063147997
0.0061035998
0.0058815247
0.0056790593
0.0054960761
0.0053213987
0.0051535127
0.0049971121
0.0048529164
0.0047179466
0.0045894185
0.0044657429
0.0043459949
0.0042297913
0.0041172622
0.0040086494
0.0039041152
0.0038036182
0.0037066964
0.0036130859
0.0035241338
0.003441905
0.0033672238
0.0032998461
0.0032387726
0.0031827012
0.0031316849
0.0030865883
0.0030474695
0.0030135206
0.0029839679
0.0029572286
0.0029309526
0.0029043434
0.0028783804
0.0028537279
0.0028300354
0.0028071931
0.002782784
0.0027538539
0.0027227385
0.0026921402
0.0026624337
0.002632812
0.002600251
0.0025636442
0.0025263017
0.0024900322
0.0024542891
0.0024158131
0.0023734573
0.0023313817
0.002292199
0.0022533064
0.0022112244
0.0021680948
0.0021272455
0.0020875455
0.0020453913
0.0020014205
0.0019597169
0.0019194797
0.001876512
0.0018323143
0.0017914414
0.0017506596
0.0017057556
0.0016613216
0.0016196522
0.0015761552
0.001529351
0.0014852563
0.0014413165
0.00139339
0.0013476275
0.0013023429
0.0012532315
0.0012055647
0.0011587071
0.0011083241
0.0010591994
0.0010103877
0.00095818479
0.00090709451
0.00085585212
0.00080268875
0.00074997394
0.00069597116
0.00064221362
0.00058797116
0.00053228942
0.00047793351
0.00042281277
0.00037049222
0.00031596863
0.00028212184
0.00019867806
0.00042765728
-0.00024123008
0.0063494104
0.0062210646
0.0060368824
0.0058379491
0.0056486679
0.0054731895
0.005305204
0.0051431506
0.0049906042
0.0048487787
0.0047155169
0.0045883862
0.0044659473
0.0043473966
0.0042323671
0.0041209178
0.0040132555
0.0039095261
0.0038097077
0.0037134881
0.0036207311
0.0035325487
0.0034507311
0.0033761198
0.0033085353
0.0032471304
0.0031908101
0.0031395245
0.0030939723
0.0030542311
0.0030195669
0.002989167
0.0029615822
0.0029347156
0.0029077278
0.0028813866
0.0028563051
0.0028321682
0.0028087242
0.0027838721
0.0027549855
0.0027239203
0.0026932165
0.0026632933
0.002633349
0.0026007102
0.0025643037
0.0025270297
0.0024906693
0.0024547235
0.0024162651
0.0023741921
0.0023322232
0.0022928795
0.0022538639
0.0022119288
0.0021689171
0.0021279638
0.0020881295
0.0020460541
0.0020022116
0.001960397
0.0019200142
0.0018771795
0.0018330976
0.001791959
0.0017508663
0.001706042
0.0016617577
0.0016199649
0.0015761659
0.0015295208
0.0014859805
0.0014424743
0.0013946863
0.0013487971
0.0013033696
0.0012543537
0.0012067465
0.0011597147
0.0011092323
0.0010602252
0.0010115464
0.0009593848
0.00090830773
0.00085706979
0.0008039428
0.00075123362
0.0006971905
0.00064342677
0.00058917548
0.00053346568
0.00047908601
0.00042394203
0.00037158516
0.00031707754
0.00028298728
0.00020271943
0.00042881178
-0.00023060982
0.0062457797
0.0061313536
0.0059699767
0.0057918025
0.0056157571
0.0054483314
0.0052871066
0.0051309862
0.004982631
0.0048434957
0.0047121775
0.0045866409
0.0044655986
0.0043483559
0.0042345804
0.004124284
0.0040176374
0.0039147749
0.0038156984
0.003720215
0.0036282918
0.0035408626
0.0034594727
0.0033849548
0.0033172001
0.0032554951
0.0031989208
0.00314736
0.0031013625
0.0030610096
0.0030256365
0.0029944136
0.0029660049
0.0029385377
0.0029111525
0.002884427
0.002858912
0.0028343237
0.0028103043
0.0027850168
0.0027561364
0.0027251154
0.0026943056
0.002664167
0.0026339175
0.0026011924
0.0025649652
0.0025277626
0.0024913159
0.0024551832
0.0024167393
0.002374932
0.0023330729
0.0022935792
0.0022544432
0.0022126459
0.0021697544
0.0021287064
0.0020887327
0.0020467198
0.0020030084
0.0019611055
0.0019205868
0.0018778428
0.0018338475
0.0017925139
0.0017513308
0.0017066886
0.0016623944
0.0016203341
0.0015763485
0.001529876
0.0014863095
0.0014425727
0.0013948416
0.0013492859
0.0013042744
0.0012554877
0.0012079053
0.0011606913
0.0011101642
0.0010612966
0.0010125229
0.00096019577
0.00090920578
0.00085809819
0.00080503509
0.00075233586
0.00069828657
0.00064457544
0.000590328
0.00053458204
0.00048019404
0.00042503746
0.00037264333
0.00031816108
0.00028380748
0.00020662036
0.00042775511
-0.00021953026
0.0061480395
0.006045439
0.00590335
0.0057436427
0.0055805535
0.0054215718
0.0052671963
0.0051170609
0.004973164
0.0048370273
0.0047078944
0.0045841502
0.004464666
0.0043488452
0.0042364009
0.0041273209
0.0040217469
0.0039198088
0.0038215358
0.0037268302
0.0036357409
0.0035490653
0.0034681339
0.0033937506
0.0033258753
0.0032639135
0.0032070951
0.0031552615
0.0031088326
0.0030678817
0.0030318074
0.0029997814
0.002970566
0.0029424864
0.0029146812
0.0028875595
0.0028616023
0.002836552
0.0028119749
0.0027862547
0.0027573412
0.0027263505
0.0026954307
0.0026650755
0.0026345348
0.0026017153
0.0025656457
0.0025285147
0.0024919854
0.002455678
0.0024172426
0.0023756825
0.002333935
0.002294304
0.0022550511
0.0022133797
0.0021706059
0.0021294698
0.0020893596
0.0020474049
0.002003824
0.0019618407
0.0019211804
0.0018785071
0.0018345997
0.0017931023
0.0017518286
0.0017073323
0.0016630166
0.0016207781
0.0015768293
0.0015305061
0.0014867327
0.0014427721
0.0013951382
0.0013495608
0.0013044195
0.0012556489
0.001208339
0.0011614517
0.0011111302
0.0010624047
0.001013463
0.00096100102
0.00091016969
0.00085901254
0.00080578097
0.00075314287
0.00069920779
0.0006455739
0.00059133468
0.00053558901
0.00048124188
0.00042607863
0.00037364367
0.00031920765
0.00028456936
0.00021032167
0.00042445276
-0.00020809144
0.0060555495
0.005963076
0.0058373442
0.0056939687
0.0055433159
0.0053929996
0.0052455574
0.005101431
0.0049621984
0.0048293449
0.004702635
0.0045808732
0.0044631031
0.0043488193
0.0042377885
0.0041299937
0.0040255571
0.0039246081
0.0038272035
0.0037333211
0.0036430734
0.0035571532
0.0034767059
0.003402494
0.0033345402
0.0032723573
0.003215302
0.003163194
0.0031163425
0.0030748046
0.0030380361
0.0030052247
0.0029752196
0.0029465191
0.0029182736
0.0028907452
0.0028643397
0.0028388206
0.0028137031
0.0027875558
0.002758576
0.0027276022
0.0026965716
0.0026660017
0.0026351845
0.0026022655
0.0025663337
0.002529274
0.0024926673
0.0024561976
0.002417767
0.0023764374
0.0023348042
0.0022950494
0.0022556834
0.0022141261
0.0021714677
0.002130252
0.002090011
0.002048108
0.0020046515
0.0019625938
0.0019217946
0.001879186
0.0018353697
0.0017937188
0.001752342
0.0017079717
0.0016636445
0.0016212548
0.0015773363
0.0015311303
0.0014871897
0.0014431632
0.0013956852
0.001349977
0.0013046506
0.0012559149
0.0012085792
0.0011615904
0.0011113149
0.0010628503
0.0010141339
0.00096185608
0.0009112031
0.00085988371
0.00080650868
0.00075400908
0.00070003177
0.0006462626
0.00059207951
0.00053643865
0.00048214909
0.00042698755
0.00037454985
0.00032019735
0.00028524731
0.00021376211
0.00041903965
-0.00019636635
0.0059677564
0.0058840179
0.0057722023
0.0056432149
0.0055043184
0.005362725
0.0052222743
0.0050841618
0.0049497446
0.0048204255
0.0046963667
0.004576771
0.0044608673
0.0043482398
0.0042387114
0.0041322753
0.0040290437
0.0039291488
0.0038326742
0.0037396591
0.0036502648
0.0035651042
0.003485166
0.0034111636
0.0033431747
0.0032808088
0.0032235308
0.0031711527
0.0031238914
0.0030817825
0.0030443324
0.0030107556
0.0029799795
0.0029506539
0.0029219504
0.0028940048
0.0028671457
0.0028411522
0.0028155086
0.0027889392
0.002759862
0.0027288887
0.002697745
0.0026669614
0.0026358796
0.0026028555
0.0025670411
0.0025300505
0.0024933709
0.0024567499
0.0024183204
0.0023772044
0.0023356861
0.0022958198
0.0022563443
0.0022148893
0.0021723434
0.0021310565
0.0020906897
0.0020488305
0.002005492
0.0019633676
0.0019224345
0.0018798827
0.0018361536
0.0017943564
0.0017528733
0.0017086228
0.0016642943
0.0016217576
0.0015778508
0.0015317495
0.0014876652
0.0014435773
0.0013962459
0.0013504222
0.0013050087
0.00125639
0.0012089602
0.0011618231
0.0011115828
0.0010630533
0.0010142276
0.00096207554
0.00091168888
0.00086050267
0.00080730715
0.00075495707
0.00070080994
0.00064693525
0.00059286093
0.00053717675
0.00048278108
0.00042767808
0.00037531345
0.0003210527
0.00028578466
0.00021689562
0.00041171469
-0.00018440646
0.0058841807
0.0058080252
0.0057080911
0.0055917509
0.0054638363
0.0053308776
0.0051974342
0.0050653236
0.0049358263
0.0048102552
0.0046890621
0.0045718098
0.004457921
0.0043470697
0.0042391361
0.0041341349
0.0040321775
0.0039334021
0.0038379185
0.0037458159
0.0036572934
0.003572902
0.003493499
0.0034197456
0.0033517652
0.0032892544
0.0032317711
0.0031791291
0.0031314704
0.0030888064
0.0030506882
0.0030163644
0.0029848346
0.0029548804
0.0029257021
0.0028973279
0.0028700099
0.0028435373
0.0028173797
0.0027903931
0.0027611904
0.0027302003
0.0026989413
0.0026679457
0.0026366105
0.0026034772
0.0025677616
0.0025308371
0.0024940899
0.0024573289
0.0024188974
0.0023779792
0.002336576
0.0022966109
0.0022570302
0.0022156669
0.0021732305
0.0021318807
0.0020913932
0.0020495709
0.0020063446
0.0019641614
0.0019230991
0.0018805951
0.0018369489
0.0017950151
0.001753426
0.0017092865
0.0016649603
0.0016222791
0.001578377
0.0015323804
0.001488165
0.0014440068
0.0013968052
0.001350876
0.0013053829
0.0012568881
0.0012093748
0.0011621636
0.0011120201
0.0010633717
0.001014427
0.00096232748
0.0009118732
0.00086059357
0.00080758106
0.00075547512
0.00070139907
0.00064769798
0.00059370968
0.0005378724
0.00048340785
0.00042836943
0.00037592867
0.00032167145
0.00028613408
0.00021969276
0.00040261045
-0.00017220102
0.0058044055
0.0057348712
0.0056451197
0.0055398853
0.0054221359
0.0052976022
0.0051711295
0.0050449906
0.0049204785
0.0047988303
0.0046806996
0.0045659597
0.0044542285
0.0043452725
0.0042390288
0.0041355412
0.0040349289
0.0039373398
0.0038429083
0.0037517647
0.0036641373
0.0035805285
0.0035016871
0.0034282221
0.0033602936
0.0032976759
0.0032400075
0.0031871109
0.0031390684
0.0030958671
0.0030570967
0.0030220455
0.00298978
0.0029591971
0.0029295299
0.002900717
0.002872936
0.0028459815
0.0028193205
0.0027919219
0.0027625688
0.0027315437
0.0027001667
0.0026689613
0.0026373826
0.0026041366
0.0025685017
0.0025316392
0.0024948295
0.0024579384
0.0024195025
0.0023787665
0.0023374774
0.0022974255
0.0022577442
0.0022164622
0.0021741315
0.0021327264
0.0020921236
0.0020503313
0.0020072112
0.0019649763
0.0019237894
0.0018813247
0.0018377575
0.0017956969
0.0017540013
0.0017099626
0.0016656416
0.0016228214
0.0015789191
0.0015330233
0.0014886842
0.0014444509
0.0013973723
0.0013513493
0.0013057745
0.001257389
0.0012097949
0.0011625149
0.0011124811
0.0010637339
0.0010147375
0.00096272247
0.00091214506
0.00086078921
0.0008077962
0.00075562186
0.00070152219
0.00064804933
0.00059422981
0.00053846653
0.00048412536
0.00042908894
0.00037650473
0.0003223108
0.00028642009
0.00022213211
0.00039184213
-0.00015962492
0.0057280679
0.0056643447
0.005583354
0.0054878719
0.0053794662
0.0052630536
0.0051434588
0.0050232407
0.0049037458
0.0047861572
0.0046712636
0.004559195
0.004449758
0.0043428139
0.0042383562
0.0041364632
0.0040372686
0.0039409331
0.0038476144
0.0037574773
0.0036707722
0.0035879638
0.0035097114
0.0034365745
0.0033687415
0.0033060556
0.0032482254
0.0031950868
0.0031466757
0.0031029563
0.0030635518
0.0030277931
0.0029948101
0.0029636002
0.0029334319
0.0029041703
0.0028759224
0.002848484
0.0028213286
0.0027935225
0.0027639965
0.0027329174
0.0027014191
0.0026700063
0.0026381928
0.002604831
0.0025692597
0.0025324543
0.0024955871
0.0024585759
0.0024201333
0.0023795646
0.0023383882
0.0022982612
0.0022584843
0.0022172739
0.0021750448
0.0021335921
0.0020928797
0.0020511112
0.002008091
0.0019658112
0.0019245047
0.0018820713
0.0018385789
0.0017964009
0.0017545988
0.0017106509
0.0016663383
0.0016233853
0.0015794773
0.0015336765
0.0014892217
0.0014449113
0.0013979487
0.00135184
0.0013061808
0.0012578969
0.0012102307
0.0011628819
0.0011129466
0.0010641024
0.0010150556
0.00096313956
0.00091247213
0.00086109704
0.00080812659
0.00075584491
0.00070172519
0.00064821311
0.00059431581
0.00053867318
0.00048454239
0.00042958749
0.00037705752
0.00032301605
0.00028665528
0.00022435786
0.00038001158
-0.00014660274
0.0056548506
0.005596251
0.0055228279
0.0054359163
0.005336055
0.005227391
0.005114527
0.0050001549
0.00488568
0.004772252
0.0046607455
0.0045514949
0.0044444811
0.0043396617
0.0042370864
0.0041368699
0.0040391665
0.0039441524
0.0038520074
0.0037629251
0.0036771734
0.0035951869
0.0035175524
0.0034447837
0.00337709
0.0033143751
0.0032564091
0.0032030438
0.0031542809
0.0031100641
0.0030700454
0.0030336
0.0029999178
0.0029680846
0.0029374055
0.0029076862
0.0028789682
0.0028510452
0.0028234036
0.0027951943
0.0027654756
0.0027343236
0.0027027
0.0026710824
0.0026390421
0.0026055621
0.0025700383
0.0025332844
0.0024963646
0.0024592424
0.0024207914
0.0023803759
0.0023393099
0.0022991188
0.0022592519
0.0022181038
0.0021759717
0.0021344786
0.0020936626
0.002051912
0.0020089853
0.0019666668
0.001925246
0.0018828362
0.001839414
0.0017971276
0.0017552194
0.0017113524
0.001667051
0.0016239712
0.0015800518
0.0015343406
0.0014897786
0.0014453892
0.0013985344
0.0013523474
0.0013066024
0.0012584137
0.0012106821
0.0011632628
0.001113419
0.001064485
0.0010153866
0.00096356188
0.00091280536
0.00086142024
0.00080848182
0.00075612861
0.00070203708
0.00064845743
0.00059448631
0.00053885512
0.00048466015
0.00042969119
0.00037731529
0.00032346778
0.0002867347
0.00022638632
0.00036788931
-0.00013363613
0.0055844759
0.0055304119
0.005463552
0.0053841831
0.005292106
0.0051907734
0.0050844445
0.0049758174
0.0048663394
0.0047571394
0.0046491439
0.0045428433
0.0044383733
0.0043357868
0.0042351884
0.0041367309
0.0040405927
0.0039469678
0.0038560573
0.0037680792
0.0036833151
0.0036021759
0.0035251897
0.0034528294
0.0033853193
0.0033226151
0.0032645416
0.0032109683
0.0031618721
0.0031171799
0.0030765689
0.0030394585
0.003005096
0.0029726455
0.0029414481
0.002911263
0.0028820725
0.002853665
0.0028255444
0.0027969358
0.0027670068
0.0027357633
0.0027040099
0.00267219
0.00263993
0.0026063295
0.0025708383
0.0025341295
0.0024971616
0.0024599372
0.0024214763
0.0023812005
0.002340242
0.0022999974
0.002260046
0.0022189517
0.002176912
0.0021353853
0.0020944716
0.0020527334
0.0020098938
0.0019675426
0.0019260129
0.0018836196
0.0018402627
0.0017978766
0.0017558633
0.0017120676
0.0016677795
0.001624579
0.0015806432
0.0015350158
0.0014903548
0.0014458851
0.0013991294
0.0013528714
0.0013070404
0.0012589397
0.0012111485
0.0011636576
0.0011138995
0.0010648821
0.0010157298
0.00096399128
0.00091315163
0.00086175262
0.00080884048
0.00075641778
0.00070237119
0.00064874154
0.00059473462
0.00053912933
0.00048484067
0.00042984014
0.00037739149
0.00032356184
0.00028647583
0.0002279997
0.00035596021
-0.00012151006
0.0055166999
0.0054666654
0.0054055206
0.0053328023
0.0052477987
0.0051533551
0.005053325
0.0049503158
0.0048457869
0.0047408521
0.004636465
0.0045332298
0.0044314146
0.0043311627
0.0042326333
0.0041360166
0.0040415174
0.0039493495
0.0038597341
0.0037729105
0.0036891709
0.0036089079
0.003532602
0.0034606908
0.0033934087
0.0033307559
0.0032726053
0.0032188455
0.0031694367
0.0031242926
0.0030831129
0.0030453602
0.0030103371
0.0029772767
0.002945556
0.0029148985
0.0028852335
0.0028563427
0.0028277498
0.0027987454
0.0027685906
0.0027372374
0.002705349
0.0026733295
0.0026408562
0.0026071334
0.0025716607
0.0025349905
0.0024979785
0.0024606603
0.0024221884
0.0023820395
0.002341185
0.0023008969
0.0022608669
0.0022198187
0.0021778662
0.0021363122
0.002095307
0.0020535763
0.0020108172
0.0019684387
0.0019268058
0.0018844222
0.0018411257
0.001798648
0.001756531
0.0017127972
0.001668524
0.0016252092
0.0015812521
0.0015357025
0.0014909505
0.0014463992
0.0013997342
0.0013534125
0.0013074952
0.0012594751
0.00121163
0.001164067
0.0011143884
0.0010652935
0.0010160851
0.00096442846
0.00091351119
0.00086209448
0.00080920737
0.00075671915
0.00070271151
0.00064902811
0.00059499299
0.00053942635
0.00048507166
0.00043007189
0.0003775273
0.00032371917
0.00028606766
0.0002292051
0.00034436032
-0.00011061138
0.0054513075
0.0054048646
0.0053487162
0.0052818754
0.0052032892
0.005115283
0.0050212835
0.0049237398
0.0048240899
0.0047234297
0.004622722
0.0045226497
0.004423589
0.0043257667
0.0042293943
0.0041346985
0.0040419114
0.0039512676
0.0038630077
0.0037773893
0.0036947138
0.0036153587
0.0035397672
0.0034683462
0.0034013366
0.0033387768
0.0032805817
0.0032266597
0.003176961
0.0031313901
0.003089667
0.0030512962
0.0030156326
0.0029819717
0.0029497251
0.0029185899
0.0028884495
0.0028590773
0.0028300183
0.0028006215
0.0027702274
0.002738747
0.002706718
0.0026745014
0.0026418206
0.0026079739
0.0025725067
0.0025358678
0.0024988154
0.0024614113
0.0024229274
0.0023828934
0.0023421391
0.0023018167
0.0022617142
0.0022207049
0.0021788344
0.0021372591
0.0020961687
0.0020544409
0.0020117559
0.0019693549
0.0019276245
0.0018852444
0.001842003
0.0017994416
0.0017572229
0.0017135416
0.0016692846
0.0016258617
0.0015818789
0.0015364012
0.0014915656
0.0014469322
0.0014003494
0.0013539704
0.0013079672
0.0012600202
0.0012121266
0.0011644915
0.0011148861
0.0010657192
0.0010164532
0.0009648738
0.00091388386
0.00086244614
0.00080958322
0.00075703193
0.0007030583
0.00064932376
0.00059525992
0.00053972637
0.0004853054
0.00043032009
0.00037770116
0.00032391656
0.00028571021
0.00023039162
0.00033356141
-0.00010091479
0.0053881089
0.0053448765
0.0052931136
0.0052314803
0.0051587111
0.0050766939
0.0049884348
0.0048961814
0.0048013189
0.0047049176
0.0046079352
0.0045111044
0.0044148856
0.0043195794
0.0042254469
0.0041327495
0.0040417461
0.0039526926
0.0038658481
0.0037814864
0.0036999162
0.0036215038
0.0035466622
0.003475773
0.0034090811
0.0033466564
0.0032884515
0.0032343943
0.0031844307
0.0031384595
0.0030962199
0.0030572563
0.0030209735
0.0029867233
0.0029539507
0.0029223341
0.0028917181
0.0028618674
0.0028323483
0.0028025621
0.0027719169
0.002740293
0.0027081172
0.0026757058
0.0026428227
0.0026088506
0.002573377
0.0025367623
0.0024996726
0.0024621898
0.0024236934
0.0023837631
0.0023431047
0.0023027565
0.0022625876
0.0022216108
0.002179817
0.0021382259
0.0020970564
0.0020553276
0.0020127104
0.0019702913
0.0019284691
0.0018860868
0.0018428953
0.0018002574
0.0017579392
0.0017143017
0.0016700614
0.0016265368
0.0015825242
0.0015371121
0.0014922001
0.0014474845
0.0014009752
0.0013545452
0.0013084569
0.0012605755
0.0012126385
0.0011649314
0.0011153929
0.0010661594
0.0010168344
0.00096532748
0.00091426974
0.00086280809
0.00080996809
0.00075735584
0.00070341234
0.00064962935
0.00059553506
0.00054003186
0.00048554702
0.00043057162
0.00037787304
0.00032411009
0.00028539139
0.00023158084
0.00032371837
-9.21769e-05
0.0053269359
0.0052865811
0.0052386823
0.0051816755
0.0051141782
0.0050377138
0.0049548909
0.0048677331
0.004777547
0.0046853661
0.004592131
0.0044986007
0.0044052979
0.0043125856
0.0042207698
0.0041301445
0.0040409943
0.0039535958
0.0038682258
0.0037851723
0.0037047504
0.0036273177
0.0035532635
0.0034829482
0.0034166192
0.0033543729
0.0032961945
0.0032420317
0.0031918303
0.0031454873
0.0031027597
0.0030632299
0.0030263501
0.0029915236
0.002958227
0.0029261274
0.0028950364
0.0028647109
0.0028347377
0.0028045651
0.0027736587
0.0027418758
0.0027095469
0.0026769427
0.0026438623
0.0026097634
0.0025742725
0.0025376744
0.0025005502
0.0024629956
0.0024244862
0.0023846491
0.002344082
0.0023037157
0.0022634868
0.0022225369
0.0021808143
0.0021392122
0.0020979701
0.0020562367
0.0020136809
0.0019712476
0.0019293395
0.0018869498
0.0018438027
0.0018010953
0.0017586802
0.0017150779
0.0016708546
0.0016272345
0.0015831886
0.0015378357
0.001492854
0.0014480564
0.0014016124
0.0013551371
0.0013089646
0.0012611413
0.0012131657
0.0011653872
0.001115909
0.0010666141
0.0010172293
0.00096578972
0.00091466897
0.00086318069
0.00081036208
0.00075769116
0.00070377406
0.00064994467
0.00059581824
0.00054034347
0.00048579633
0.00043082702
0.00037804588
0.0003243106
0.00028507529
0.00023270949
0.00031436009
-8.4234548e-05
0.0052676389
0.0052298698
0.005185389
0.0051325045
0.0050697861
0.0049984565
0.0049207594
0.0048384876
0.0047528492
0.0046648297
0.0045753415
0.0044851517
0.0043948247
0.0043047737
0.0042153446
0.0041268606
0.0040396299
0.0039539492
0.0038701117
0.0037884178
0.0037091885
0.0036327744
0.0035595465
0.003489848
0.0034239275
0.0033619034
0.0033037898
0.0032495534
0.0031991437
0.0031524589
0.0031092734
0.0030692053
0.003031752
0.0029963639
0.0029625479
0.0029299652
0.0028984013
0.0028676054
0.0028371841
0.0028066281
0.0027754518
0.0027434958
0.0027110073
0.0026782121
0.0026449387
0.002610712
0.0025751936
0.002538605
0.0025014481
0.0024638281
0.0024253056
0.002385552
0.0023450713
0.0023046939
0.0022644113
0.0022234832
0.0021818266
0.0021402179
0.0020989094
0.0020571684
0.0020146679
0.0019722238
0.0019302356
0.0018878339
0.0018447258
0.0018019552
0.0017594462
0.0017158709
0.0016716642
0.0016279549
0.0015838724
0.0015385725
0.0014935273
0.0014486485
0.0014022613
0.0013557458
0.0013094907
0.0012617183
0.0012137083
0.0011658592
0.0011164348
0.0010670835
0.0010176381
0.00096626079
0.00091508169
0.00086356428
0.00081076536
0.00075803811
0.00070414366
0.00065026975
0.00059610979
0.00054066133
0.00048605311
0.00043108602
0.00037822277
0.00032450759
0.00028477241
0.00023366868
0.0003051348
-7.6831803e-05
0.0052100845
0.0051746446
0.0051331984
0.0050839981
0.0050256147
0.0049590244
0.0048861427
0.0048085359
0.0047273015
0.0046433659
0.0045576041
0.0044707756
0.0043834695
0.0042961367
0.0042091563
0.0041228771
0.0040376289
0.0039537263
0.0038714775
0.0037911943
0.0037132025
0.0036378477
0.0035654864
0.0034964481
0.0034309821
0.0033692248
0.0033112158
0.0032569402
0.0032063538
0.0031593589
0.0031157471
0.0030751702
0.0030371681
0.0030012347
0.0029669064
0.0029338427
0.0029018088
0.0028705478
0.0028396848
0.0028087484
0.0027772951
0.0027451531
0.0027124985
0.0026795137
0.0026460514
0.0026116958
0.0025761408
0.0025395543
0.0025023665
0.0024646869
0.0024261511
0.0023864721
0.0023460729
0.0023056907
0.0022653606
0.0022244501
0.002182854
0.0021412428
0.0020998739
0.0020581229
0.0020156717
0.0019732197
0.0019311571
0.0018887395
0.001845665
0.0018028369
0.0017602372
0.0017166813
0.0016724904
0.001628698
0.0015845762
0.0015393228
0.0014942201
0.0014492611
0.0014029225
0.0013563716
0.0013100356
0.0012623067
0.0012142663
0.0011663477
0.0011169708
0.0010675676
0.0010180612
0.00096674098
0.00091550799
0.00086395922
0.00081117811
0.00075839688
0.00070452133
0.0006506047
0.00059640994
0.00054098548
0.00048631725
0.00043134926
0.00037840115
0.00032470927
0.00028449809
0.00023440601
0.00029593768
-6.981944e-05
0.0051541536
0.0051208165
0.0050820749
0.0050361773
0.0049817299
0.004919508
0.0048511365
0.0047779671
0.0047009803
0.0046210349
0.0045389602
0.0044554959
0.0043712409
0.0042866715
0.0042021933
0.0041181765
0.004034969
0.0039529016
0.003872296
0.0037934738
0.0037167648
0.003642511
0.0035710577
0.0035027237
0.0034377584
0.0033763134
0.0033184502
0.0032641718
0.0032134425
0.0031661711
0.0031221662
0.0030811112
0.0030425864
0.003006126
0.0029712946
0.002937754
0.0029052546
0.0028735346
0.0028422364
0.0028109231
0.0027791869
0.0027468474
0.0027140203
0.0026808472
0.0026471996
0.0026127143
0.0025771144
0.0025405231
0.0025033053
0.0024655715
0.0024270225
0.0023874097
0.0023470871
0.0023067056
0.0022663341
0.0022254376
0.002183897
0.0021422865
0.0021008634
0.0020591003
0.0020166928
0.0019742353
0.0019321039
0.0018896667
0.0018466206
0.0018037403
0.0017610534
0.0017175097
0.0016733335
0.0016294637
0.0015853003
0.0015400871
0.0014949322
0.0014498944
0.0014035966
0.0013570143
0.0013105995
0.0012629072
0.0012148398
0.0011668531
0.0011175173
0.0010680665
0.0010184991
0.00096723059
0.00091594797
0.00086436585
0.00081160053
0.00075876763
0.00070490732
0.00065094964
0.00059671891
0.00054131592
0.00048658894
0.00043161615
0.00037858335
0.00032490365
0.00028425647
0.0002350296
0.00028660595
-6.3325936e-05
0.0050997393
0.0050683051
0.0050319829
0.0049890549
0.0049381858
0.0048799871
0.0048158295
0.0047468667
0.0046739614
0.0045978985
0.0045194547
0.0044393406
0.0043581519
0.0042763796
0.0041944478
0.0041127437
0.0040316302
0.0039514517
0.0038725413
0.003795229
0.0037198482
0.003646738
0.003576235
0.0035086497
0.0034442315
0.0033831447
0.0033254701
0.0032712274
0.003220391
0.0031728783
0.003128515
0.0030870143
0.0030479942
0.0030110268
0.0029757039
0.0029416927
0.0029087336
0.0028765615
0.0028448353
0.0028131488
0.0027811251
0.002748578
0.0027155724
0.0026822119
0.0026483824
0.0026137668
0.0025781144
0.0025415115
0.0025042644
0.0024664812
0.0024279193
0.0023883652
0.002348114
0.002307738
0.002267331
0.0022264456
0.0021849556
0.0021433488
0.0021018773
0.0020601007
0.0020177313
0.0019752704
0.0019330756
0.001890616
0.0018475929
0.0018046652
0.0017618947
0.0017183566
0.0016741936
0.0016302521
0.0015860452
0.0015408659
0.0014956636
0.0014505487
0.001404284
0.001357674
0.0013111828
0.0012635202
0.0012154288
0.0011673756
0.0011180748
0.0010685802
0.0010189521
0.00096772992
0.00091640172
0.0008647845
0.00081203281
0.00075915051
0.00070530186
0.00065130468
0.00059703685
0.00054165275
0.00048686803
0.00043188719
0.00037876662
0.0003251031
0.00028401509
0.00023550134
0.00027747883
-5.7181191e-05
0.0050467454
0.0050170374
0.0049828872
0.0049426379
0.0048950263
0.0048405313
0.0047803031
0.0047153164
0.0046463193
0.0045740195
0.0044991358
0.0044223419
0.0043442204
0.0042652666
0.0041859159
0.0041065673
0.0040275953
0.003949355
0.0038721889
0.0037964337
0.0037224259
0.0036505022
0.0035809924
0.0035142005
0.0034503763
0.0033896942
0.0033322521
0.0032780853
0.0032271797
0.0031794626
0.0031347771
0.0030928643
0.0030533779
0.0030159255
0.0029801248
0.0029456515
0.00291224
0.002879624
0.0028474774
0.0028154218
0.0027831073
0.002750344
0.0027171542
0.002683607
0.0026495988
0.0026148524
0.0025791409
0.0025425198
0.0025052437
0.0024674155
0.0024288408
0.0023893385
0.0023491539
0.0023087875
0.0022683508
0.0022274742
0.00218603
0.0021444294
0.0021029152
0.0020611239
0.0020187876
0.0019763249
0.001934072
0.0018915875
0.0018485825
0.0018056114
0.0017627612
0.0017192226
0.0016750709
0.001631063
0.0015868111
0.0015416597
0.0014964143
0.0014512244
0.0014049855
0.0013583508
0.0013117857
0.0012641463
0.0012160334
0.0011679156
0.0011186436
0.0010691089
0.0010194204
0.00096823932
0.00091686931
0.00086521551
0.00081247516
0.00075954568
0.00070570521
0.0006516699
0.00059736396
0.00054199602
0.00048715465
0.00043216181
0.00037895287
0.00032529985
0.00028372677
0.0002358276
0.00026877236
-5.1178593e-05
0.0049950853
0.0049669467
0.0049347537
0.004896928
0.0048522864
0.0048012007
0.0047446313
0.0046833932
0.0046181266
0.0045494608
0.0044780534
0.0044045355
0.0043294682
0.0042533422
0.0041765971
0.004099639
0.0040228496
0.0039465921
0.0038712159
0.0037970632
0.0037244722
0.0036537777
0.0035853043
0.0035193508
0.0034561672
0.0033959369
0.0033387721
0.0032847233
0.0032337882
0.0031859054
0.0031409351
0.0030986455
0.0030587233
0.0030208094
0.0029845472
0.0029496224
0.0029157673
0.0028827165
0.0028501578
0.0028177379
0.0027851306
0.0027521438
0.0027187648
0.0026850314
0.0026508475
0.0026159699
0.0025801934
0.0025435481
0.0025062428
0.0024683733
0.0024297864
0.0023903297
0.0023502068
0.0023098534
0.0022693926
0.0022285231
0.0021871202
0.002145528
0.0021039763
0.0020621699
0.0020198618
0.0019773986
0.0019350925
0.0018925813
0.0018495896
0.0018065789
0.0017636528
0.0017201081
0.0016759655
0.0016318964
0.0015875984
0.0015424689
0.0014971842
0.0014519215
0.0014057014
0.0013590446
0.0013124084
0.0012647858
0.0012166537
0.0011684732
0.0011192243
0.0010696526
0.0010199044
0.00096875912
0.0009173508
0.00086565919
0.00081292778
0.00075995325
0.00070611759
0.00065204538
0.00059770039
0.00054234579
0.00048744861
0.00043244047
0.0003791396
0.00032550291
0.00028340905
0.00023611889
0.00026025074
-4.5530284e-05
0.0049446807
0.0049179725
0.0048875494
0.0048519231
0.0048099941
0.0047620471
0.0047088806
0.0046511694
0.0045894533
0.0045242851
0.0044562592
0.00438596
0.0043139207
0.00424062
0.0041664951
0.0040919537
0.0040173814
0.003943146
0.0038696017
0.003797094
0.0037259622
0.0036565392
0.0035891453
0.003524075
0.0034615789
0.0034018475
0.0033450059
0.0032911184
0.0032401951
0.0031921869
0.0031469711
0.0031043412
0.0030640151
0.0030256654
0.0029889599
0.0029535964
0.0029193085
0.002885833
0.0028528713
0.0028200926
0.0027871916
0.0027539755
0.0027204029
0.002686484
0.0026521271
0.0026171183
0.0025812715
0.0025445964
0.0025072614
0.0024693541
0.0024307553
0.0023913387
0.0023512729
0.0023109353
0.0022704555
0.0022295919
0.0021882264
0.0021466441
0.0021050603
0.0020632384
0.0020209542
0.0019784913
0.0019361369
0.0018935975
0.0018506145
0.0018075674
0.0017645693
0.0017210136
0.0016768779
0.0016327521
0.0015884074
0.001543294
0.0014979733
0.0014526403
0.0014064324
0.0013597554
0.001313051
0.0012654394
0.0012172898
0.0011690486
0.0011198172
0.0010702114
0.0010204045
0.00096928969
0.00091784627
0.00086611587
0.00081339091
0.00076037336
0.00070653926
0.00065243122
0.00059804632
0.00054270211
0.00048775003
0.00043272245
0.00037932947
0.0003256981
0.0002830795
0.0002363126
0.00025185506
-4.0293599e-05
0.0048954605
0.0048700593
0.0048412424
0.0048076182
0.0047681708
0.0047231148
0.0046731107
0.0046187116
0.0045603665
0.0044985539
0.0044338056
0.0043666564
0.0042976069
0.0042271175
0.004155617
0.0040835101
0.0040111822
0.0039390025
0.0038673276
0.0037965044
0.0037268724
0.0036587622
0.0035924902
0.0035283478
0.0034665857
0.0034074007
0.0033509288
0.0032972474
0.0032463788
0.0031982868
0.003152866
0.0031099338
0.0030692374
0.0030304792
0.002993351
0.0029575638
0.0029228553
0.0028889666
0.0028556117
0.0028224806
0.0027892863
0.0027558366
0.0027220667
0.0026879629
0.0026534357
0.0026182959
0.0025823744
0.0025456642
0.002508299
0.0024703567
0.0024317465
0.002392365
0.0023523517
0.0023120324
0.0022715385
0.0022306802
0.0021893483
0.0021477774
0.0021061662
0.002064329
0.0020220647
0.0019796028
0.0019372046
0.001894636
0.0018516575
0.0018085767
0.0017655104
0.0017219394
0.0016778079
0.0016336298
0.0015892381
0.0015441355
0.0014987816
0.0014533808
0.001407179
0.0013604834
0.0013137137
0.0012661075
0.0012179416
0.0011696421
0.0011204227
0.0010707853
0.0010209207
0.00096983135
0.00091835574
0.00086658579
0.00081386474
0.00076080609
0.00070697044
0.00065282747
0.00059840187
0.00054306504
0.00048805865
0.00043300834
0.00037951896
0.00032589962
0.00028275187
0.00023635968
0.00024355532
-3.5497673e-05
0.0048473603
0.0048231562
0.0047958022
0.0047640057
0.0047268327
0.0046844412
0.0046373746
0.0045860815
0.0045309294
0.0044723274
0.0044107453
0.0043466676
0.0042805586
0.0042128556
0.0041439737
0.0040743101
0.0040042463
0.00393415
0.0038643773
0.0037952748
0.0037271807
0.0036604231
0.0035953149
0.0035321444
0.0034711626
0.0034125713
0.0033565162
0.0033030866
0.003252317
0.0032041844
0.0031586004
0.0031154051
0.0030743736
0.003035236
0.0029977077
0.0029615141
0.0029263993
0.0028921101
0.0028583729
0.0028248966
0.0027914107
0.0027577246
0.0027237547
0.0026894666
0.0026547718
0.0026195013
0.0025835012
0.0025467514
0.002509355
0.0024713803
0.0024327592
0.0023934085
0.0023534434
0.0023131442
0.0022726408
0.0022317875
0.002190486
0.0021489274
0.0021072935
0.0020654416
0.0020231934
0.0019807328
0.0019382952
0.0018956969
0.0018527188
0.0018096066
0.0017664761
0.0017228858
0.0016787561
0.0016345296
0.0015900908
0.0015449937
0.001499609
0.0014541431
0.0014079418
0.0013612285
0.0013143965
0.0012667907
0.0012186094
0.0011702538
0.0011210415
0.0010713745
0.0010214534
0.00097038451
0.00091887929
0.00086706927
0.00081434953
0.00076125157
0.00070741138
0.00065323421
0.00059876719
0.00054343462
0.00048837457
0.00043329728
0.00037971098
0.00032609375
0.00028241762
0.0002362841
0.00023535102
-3.115943e-05
0.0048003213
0.0047772166
0.0047511995
0.0047210765
0.0046859916
0.0046460576
0.0046017191
0.0045533352
0.0045012017
0.0044456635
0.0043871308
0.0043260376
0.0042628099
0.004197858
0.0041315792
0.0040643591
0.0039965716
0.0039285799
0.003860737
0.0037933873
0.0037268666
0.0036614996
0.0035975956
0.0035354402
0.0034752843
0.0034173338
0.0033617428
0.0033086116
0.0032579864
0.0032098577
0.0031641535
0.0031207358
0.0030794056
0.0030399197
0.003002016
0.0029654354
0.0029299302
0.0028952546
0.0028611471
0.0028273337
0.0027935592
0.0027596353
0.0027254636
0.0026909923
0.0026561324
0.0026207321
0.0025846503
0.0025478567
0.0025104282
0.0024724234
0.0024337919
0.002394468
0.0023545473
0.0023142697
0.002273761
0.0022329129
0.0021916388
0.0021500935
0.0021084411
0.0020665752
0.0020243401
0.001981881
0.0019394078
0.0018967796
0.0018537985
0.0018106569
0.0017674658
0.0017238531
0.0016797223
0.0016354511
0.0015909655
0.001545869
0.0015004555
0.0014549271
0.001408721
0.0013619908
0.0013150996
0.0012674892
0.0012192931
0.0011708838
0.0011216737
0.0010719788
0.0010220028
0.00097094951
0.00091941694
0.00086756652
0.00081484548
0.00076170986
0.00070786229
0.00065365148
0.00059914237
0.0005438109
0.0004886975
0.0004335898
0.00037990174
0.00032629483
0.00028207006
0.00023602373
0.00022724258
-2.7137612e-05
0.0047542896
0.0047321974
0.0047074062
0.0046788197
0.0046456556
0.0046079902
0.004566185
0.0045205236
0.0044712391
0.0044186177
0.0043630135
0.0043048111
0.0042443967
0.0041821513
0.0041184509
0.0040536658
0.0039881592
0.0039222866
0.0038563958
0.003790827
0.0037259118
0.0036619712
0.0035993104
0.0035382121
0.0034789269
0.003421664
0.0033665846
0.0033137989
0.0032633646
0.0032152852
0.0031695051
0.0031259069
0.003084316
0.0030445145
0.0030062623
0.0029693161
0.0029334385
0.0028983919
0.0028639272
0.0028297861
0.0027957273
0.0027615656
0.0027271914
0.0026925382
0.002657516
0.0026219867
0.0025858208
0.0025489798
0.0025115184
0.0024734851
0.0024348438
0.0023955435
0.0023556635
0.0023154084
0.0022748984
0.002234056
0.0021928068
0.0021512754
0.0021096084
0.0020677296
0.0020255049
0.0019830472
0.0019405421
0.0018978842
0.0018548968
0.0018117273
0.0017684794
0.0017248414
0.0016807069
0.0016363942
0.0015918623
0.001546762
0.0015013209
0.001455733
0.0014095174
0.0013627705
0.0013158229
0.0012682037
0.0012199929
0.0011715322
0.0011223199
0.0010725986
0.0010225691
0.00097152674
0.00091996876
0.00086807781
0.00081535284
0.00076218104
0.00070832341
0.00065407937
0.00059952754
0.00054419392
0.00048902744
0.00043388525
0.00038009329
0.00032648645
0.00028168416
0.00023553238
0.00021946928
-2.2865047e-05
0.0047092163
0.0046880588
0.0046643956
0.0046372235
0.0046058295
0.0045702604
0.0045308083
0.0044876928
0.0044410933
0.0043912431
0.004338444
0.0042830329
0.0042253564
0.0041657644
0.0041046088
0.0040422416
0.0039790125
0.0039152668
0.0038513447
0.0037875799
0.003724299
0.0036618177
0.003600437
0.0035404363
0.0034820654
0.0034255361
0.0033710155
0.0033186228
0.0032684266
0.0032204429
0.0031746322
0.0031308966
0.0030890844
0.0030490017
0.0030104297
0.0029731416
0.0029369113
0.0029015109
0.0028667032
0.0028322449
0.0027979076
0.0027635097
0.0027289333
0.0026941001
0.0026589186
0.0026232617
0.00258701
0.0025501185
0.0025126233
0.0024745632
0.0024359128
0.0023966331
0.0023567905
0.002316559
0.0022760512
0.0022352152
0.002193989
0.0021524719
0.0021107941
0.0020689037
0.002026687
0.0019842307
0.0019416971
0.00189901
0.0018560135
0.0018128175
0.0017695161
0.0017258508
0.0016817098
0.0016373584
0.001592781
0.0015476727
0.0015022053
0.0014565604
0.001410331
0.0013635674
0.0013165663
0.0012689344
0.0012207089
0.0011721989
0.0011229804
0.0010732337
0.0010231523
0.0009721165
0.00092053472
0.0008686033
0.00081587181
0.00076266514
0.00070879491
0.00065451787
0.00059992274
0.00054458368
0.00048936419
0.00043418353
0.00038028478
0.00032666328
0.00028126205
0.00023484845
0.000212382
-1.8014932e-05
0.004665056
0.004644764
0.0046221419
0.0045962755
0.0045665156
0.0045328856
0.0044956194
0.0044548837
0.0044108115
0.0043635894
0.0043134709
0.0042607479
0.004205728
0.0041487288
0.0040900763
0.0040301023
0.0039691402
0.0039075227
0.0038455799
0.0037836377
0.0037220157
0.0036610238
0.0036009578
0.0035420935
0.0034846793
0.0034289286
0.0033750138
0.0033230617
0.003273151
0.0032253104
0.0031795151
0.0031356861
0.0030936933
0.0030533654
0.0030145042
0.0029768998
0.0029403384
0.0029046026
0.0028694676
0.0028347038
0.0028000949
0.0027654638
0.0027306867
0.0026956759
0.0026603381
0.0026245555
0.0025882167
0.0025512723
0.0025137425
0.002475657
0.002436998
0.0023977366
0.0023579285
0.0023177209
0.0022772186
0.0022363901
0.0021951852
0.0021536829
0.0021119977
0.0020700971
0.0020278865
0.0019854314
0.0019428724
0.0019001569
0.0018571489
0.0018139273
0.0017705758
0.0017268814
0.0016827314
0.0016383437
0.0015937217
0.0015486016
0.0015031086
0.0014574095
0.0014111626
0.0013643818
0.00131733
0.0012696819
0.0012214412
0.0011728842
0.0011236557
0.0010738843
0.0010237526
0.0009727192
0.00092111493
0.00086914321
0.00081640263
0.00076316224
0.000709277
0.00065496704
0.00060032804
0.00054498021
0.00048970757
0.00043448441
0.00038047554
0.00032682309
0.00028081759
0.00023402712
0.00020559933
-1.2785565e-05
0.0046217669
0.0046022786
0.0045806207
0.0045559629
0.0045277142
0.0044958798
0.0044606452
0.0044221329
0.0043804369
0.0043357027
0.0042881401
0.0042379985
0.0041855481
0.0041310742
0.0040748759
0.0040172623
0.0039585489
0.0038990538
0.003839095
0.0037789887
0.0037190461
0.00365957
0.0036008506
0.0035431593
0.0034867425
0.0034318145
0.0033785516
0.0033270876
0.0032775106
0.0032298607
0.0031841279
0.0031402506
0.0030981192
0.0030575836
0.003018466
0.0029805729
0.0029437039
0.0029076532
0.0028722077
0.0028371516
0.0028022798
0.0027674202
0.0027324452
0.0026972598
0.0026617694
0.0026258632
0.0025894371
0.0025524381
0.0025148731
0.0024767634
0.0024380966
0.0023988516
0.0023590753
0.0023188922
0.0022783984
0.0022375787
0.0021963938
0.0021549068
0.0021132172
0.0020713082
0.0020291022
0.0019866483
0.0019440668
0.0019013238
0.0018583023
0.0018150561
0.0017716577
0.0017279328
0.0016837714
0.0016393495
0.001594684
0.0015495488
0.0015040307
0.0014582799
0.0014120122
0.0013652136
0.0013181137
0.0012704463
0.0012221898
0.001173588
0.0011243461
0.0010745505
0.0010243702
0.00097333517
0.0009217094
0.0008696977
0.00081694554
0.00076367238
0.00070976988
0.00065542693
0.00060074351
0.00054538355
0.00049005743
0.00043478766
0.00038066492
0.00032696553
0.00028035161
0.00023308163
0.00019919208
-7.307213e-06
0.0045793106
0.0045605701
0.0045398076
0.004516271
0.0044894228
0.0044592536
0.0044259087
0.0043894741
0.0043500113
0.0043076298
0.0042625
0.0042148324
0.0041648612
0.00411284
0.0040590403
0.0040037479
0.0039472584
0.0038898733
0.0038318972
0.0037736347
0.0037153874
0.00365745
0.0036001058
0.0035436215
0.0034882406
0.0034341776
0.0033816117
0.0033306825
0.0032814869
0.0032340758
0.0031884527
0.0031445728
0.0031023456
0.0030616412
0.0030223012
0.0029841488
0.0029469975
0.0029106533
0.0028749158
0.0028395816
0.0028044568
0.0027693747
0.0027342057
0.0026988495
0.0026632105
0.0026271832
0.00259067
0.0025536151
0.0025160146
0.0024778819
0.0024392078
0.0023999778
0.002360231
0.0023200726
0.00227959
0.0022387804
0.0021976148
0.0021561433
0.0021144522
0.0020725365
0.0020303341
0.001987881
0.0019452796
0.0019025104
0.0018594737
0.0018162035
0.0017727611
0.0017290049
0.0016848298
0.0016403756
0.0015956678
0.0015505145
0.0015049714
0.0014591714
0.00141288
0.0013660629
0.0013189172
0.0012712279
0.0012229548
0.0011743101
0.0011250517
0.0010752322
0.0010250049
0.00097396465
0.00092231809
0.00087026682
0.00081750066
0.00076419551
0.00071027364
0.00065589749
0.0006011691
0.00054579362
0.00049041349
0.00043509291
0.00038085232
0.00032708965
0.00027986207
0.00023202555
0.00019308126
-1.6486926e-06
0.0045376539
0.0045196113
0.0044996819
0.0044771865
0.0044516367
0.0044230117
0.0043914237
0.0043569292
0.0043195623
0.0042794015
0.0042365824
0.0041912797
0.004143694
0.0040940481
0.0040425859
0.0039895689
0.0039352719
0.0038799785
0.003823978
0.0037675623
0.0037110219
0.0036546422
0.0035986991
0.0035434534
0.0034891453
0.0034359882
0.0033841636
0.0033338159
0.0032850494
0.0032379254
0.0031924602
0.0031486245
0.0031063456
0.0030655129
0.0030259865
0.0029876063
0.0029501999
0.002913586
0.0028775764
0.0028419801
0.002806614
0.0027713172
0.0027359597
0.0027004376
0.0026646545
0.0026285096
0.0025919103
0.0025547992
0.0025171633
0.0024790088
0.0024403286
0.0024011123
0.0023613933
0.00232126
0.0022807911
0.0022399933
0.0021988465
0.002157391
0.0021157011
0.0020737807
0.0020315812
0.0019891289
0.0019465101
0.0019037159
0.0018606628
0.0018173693
0.0017738857
0.0017300977
0.0016859069
0.0016414217
0.0015966729
0.0015514989
0.0015059308
0.0014600839
0.0014137665
0.0013669298
0.0013197407
0.001272027
0.0012237364
0.0011750506
0.0011257732
0.0010759296
0.0010256569
0.00097460805
0.00092294114
0.00087085078
0.00081806829
0.00076473173
0.0007107885
0.00065637879
0.00060160488
0.00054621048
0.00049077557
0.00043539991
0.0003810372
0.00032719442
0.00027934727
0.00023087434
0.00018730921
4.07397e-06
0.0044967582
0.0044793723
0.0044602247
0.0044387028
0.0044143623
0.004387174
0.0043572229
0.0043245416
0.0042891418
0.0042510759
0.0042104484
0.004167402
0.004122106
0.0040747537
0.0040255623
0.0039747686
0.0039226258
0.0038693987
0.0038153602
0.0037607879
0.0037059602
0.0036511524
0.0035966317
0.0035426523
0.0034894503
0.0034372373
0.0033861959
0.0033364744
0.0032881838
0.0032413944
0.0031961346
0.0031523895
0.0031101033
0.0030691834
0.0030295075
0.0029909322
0.0029532993
0.0029164404
0.0028801797
0.0028443385
0.002808744
0.0027732414
0.002737702
0.0027020195
0.0026660974
0.0026298386
0.0025931548
0.0025559875
0.0025183166
0.0024801416
0.0024414561
0.0024022529
0.0023625603
0.0023224524
0.0022819994
0.0022412152
0.0022000871
0.0021586482
0.0021169621
0.0020750389
0.0020328421
0.0019903906
0.0019477566
0.0019049391
0.0018618687
0.0018185524
0.0017750303
0.0017312103
0.0016870019
0.0016424871
0.0015976986
0.0015525017
0.0015069085
0.0014610169
0.0014146714
0.0013678141
0.0013205835
0.0012728437
0.0012245345
0.0011758093
0.0011265104
0.0010766427
0.0010263261
0.00097526549
0.00092357842
0.00087144953
0.00081864849
0.00076528093
0.00071131449
0.00065687074
0.00060205073
0.000546634
0.00049114334
0.00043570826
0.00038121887
0.00032727882
0.00027880528
0.00022964343
0.00018204481
9.7027907e-06
0.0044565871
0.0044398103
0.0044213901
0.0044007742
0.0043775582
0.0043517057
0.0043232796
0.0042922929
0.0042587393
0.0042226484
0.0041840981
0.0041432021
0.0041001008
0.0040549601
0.0040079706
0.0039593452
0.003909315
0.003858125
0.003806031
0.0037532952
0.0037001831
0.0036469585
0.0035938792
0.0035411922
0.0034891283
0.0034378966
0.0033876797
0.0033386291
0.0032908611
0.0032444545
0.0031994485
0.0031558417
0.0031135939
0.0030726293
0.003032843
0.0029941072
0.0029562785
0.0029192014
0.0028827126
0.0028466453
0.0028108369
0.0027751394
0.002739426
0.0027035899
0.0026675345
0.0026311662
0.0025944004
0.0025571779
0.0025194726
0.0024812785
0.0024425887
0.0024033983
0.0023637309
0.0023236487
0.0022832139
0.002242445
0.002201336
0.0021599143
0.0021182342
0.0020763103
0.0020341162
0.0019916657
0.0019490185
0.0019061794
0.0018630913
0.0018197527
0.0017761944
0.0017323426
0.001688115
0.0016435717
0.0015987448
0.0015535231
0.0015079045
0.0014619703
0.0014155951
0.0013687161
0.0013214459
0.0012736784
0.0012253494
0.0011765863
0.0011272638
0.0010773716
0.0010270127
0.00097593739
0.0009242301
0.00087206325
0.00081924154
0.00076584321
0.00071185181
0.00065737341
0.00060250668
0.0005470642
0.0004915166
0.00043601765
0.00038139673
0.00032734206
0.00027823449
0.00022834357
0.00017710346
1.5160237e-05
0.0044171715
0.004400973
0.0043832352
0.004363465
0.0043412942
0.0043166822
0.0042896736
0.0042602664
0.0042284398
0.0041942048
0.0041576158
0.0041187611
0.0040777548
0.004034737
0.0039898733
0.003943353
0.003895385
0.0038461945
0.0037960192
0.0037451053
0.0036937041
0.0036420673
0.0035904425
0.0035390685
0.00348817
0.0034379528
0.0033885986
0.0033402607
0.0032930602
0.0032470831
0.0032023784
0.0031589572
0.0031167935
0.0030758276
0.0030359707
0.0029971106
0.0029591181
0.0029218511
0.0028851586
0.0028488856
0.0028128797
0.0027769996
0.0027411219
0.00270514
0.0026689581
0.0026324856
0.002595641
0.0025583649
0.0025206266
0.002482415
0.0024437224
0.0024045448
0.0023649021
0.002324846
0.0022844314
0.0022436797
0.0022025904
0.0021611866
0.0021195149
0.0020775925
0.0020354015
0.0019929522
0.0019502939
0.0019074348
0.0018643289
0.0018209687
0.0017773766
0.0017334934
0.0016892453
0.0016446743
0.0015998104
0.0015545626
0.0015089182
0.0014629431
0.0014165371
0.0013696353
0.0013223271
0.0012745305
0.0012261806
0.001177381
0.0011280333
0.0010781161
0.0010277162
0.00097662369
0.00092489597
0.00087269173
0.0008198474
0.00076641836
0.00071240036
0.00065788661
0.00060297251
0.0005475009
0.00049189491
0.00043632758
0.00038157001
0.00032738337
0.0002776332
0.00022698164
0.00017250185
2.0291322e-05
0.0043783195
0.0043626759
0.0043455955
0.004326631
0.0043054473
0.0042820014
0.0042563236
0.0042284004
0.0041981994
0.0041657162
0.0041309855
0.0040940729
0.0040550693
0.0040140909
0.0039712798
0.0039268024
0.003880846
0.0038336158
0.0037853311
0.0037362216
0.0036865238
0.0036364765
0.0035863163
0.0035362731
0.003486565
0.0034373932
0.0033889378
0.003341353
0.0032947635
0.0032492617
0.0032049052
0.0031617164
0.0031196829
0.0030787595
0.0030388727
0.0029999255
0.0029618027
0.0029243755
0.0028875052
0.0028510484
0.0028148626
0.002778814
0.0027427828
0.0027066642
0.0026703635
0.0026337928
0.0025968735
0.0025595462
0.0025217768
0.0024835496
0.0024448557
0.0024056914
0.0023660731
0.0023260438
0.0022856514
0.0022449189
0.0022038501
0.0021624652
0.002120804
0.0020788852
0.0020366979
0.0019942504
0.0019515828
0.0019087056
0.001865582
0.0018222007
0.0017785769
0.0017346629
0.0016903932
0.0016457953
0.0016008957
0.0015556206
0.00150995
0.0014639358
0.001417498
0.0013705722
0.0013232275
0.0012754009
0.0012270289
0.0011781939
0.0011288194
0.0010788766
0.0010284369
0.00097732492
0.00092557632
0.00087333525
0.00082046642
0.00076700657
0.0007129604
0.00065841048
0.00060344829
0.00054794414
0.00049227809
0.00043663776
0.00038173815
0.00032740215
0.00027700181
0.00022556517
0.00016815991
2.4870324e-05
0.0043402658
0.0043251205
0.0043086323
0.0042904039
0.0042701278
0.0042477578
0.0042233123
0.0041967685
0.0041680848
0.0041372441
0.004104264
0.0040691901
0.0040320923
0.0039930648
0.0039522277
0.0039097253
0.0038657241
0.003820409
0.003773981
0.0037266527
0.0036786454
0.0036301843
0.0035814944
0.0035327958
0.003484299
0.0034362003
0.0033886771
0.0033418834
0.0032959467
0.0032509644
0.0032070021
0.0031640923
0.0031222347
0.0030813978
0.0030415226
0.0030025265
0.0029643082
0.0029267517
0.0028897309
0.0028531135
0.0028167672
0.0027805655
0.0027443934
0.0027081483
0.0026717375
0.0026350755
0.0025980866
0.0025607116
0.0025229136
0.0024846734
0.0024459803
0.0024068305
0.002367237
0.0023272354
0.0022868674
0.0022461564
0.0022051095
0.0021637448
0.0021220964
0.0020801836
0.0020380012
0.0019955561
0.0019528812
0.0019099879
0.0018668472
0.0018234457
0.0017797923
0.0017358486
0.0016915566
0.0016469324
0.0016019986
0.0015566954
0.0015109984
0.0014649466
0.0014184764
0.0013715257
0.0013241457
0.0012762884
0.0012278931
0.0011790239
0.0011296214
0.0010796525
0.0010291742
0.00097804068
0.00092627067
0.00087399334
0.00082109833
0.00076760744
0.00071353165
0.00065894467
0.00060393365
0.0005483936
0.00049266562
0.00043694758
0.00038190038
0.00032739766
0.00027634193
0.00022410138
0.00016420826
2.8841079e-05
0.0043027473
0.0042881022
0.0042721968
0.0042546753
0.0042352582
0.0042138996
0.0041906095
0.0041653587
0.0041380993
0.004108804
0.0040774761
0.0040441445
0.0040088603
0.003971698
0.003932757
0.0038921612
0.0038500567
0.0038066089
0.0037620003
0.0037164265
0.003670093
0.003623211
0.0035759932
0.0035286495
0.0034813821
0.0034343813
0.003387821
0.0033418543
0.0032966102
0.0032521904
0.003208667
0.0031660817
0.0031244452
0.0030837388
0.0030439168
0.0030049105
0.0029666319
0.002928978
0.0028918345
0.0028550806
0.0028185938
0.0027822555
0.0027459558
0.0027095951
0.0026730832
0.0026363373
0.002599284
0.0025618649
0.0025240412
0.0024857904
0.0024471
0.0024079656
0.0023683974
0.0023284245
0.0022880827
0.0022473952
0.0022063716
0.0021650282
0.0021233945
0.0020814899
0.0020393135
0.0019968717
0.0019541911
0.0019112835
0.0018681264
0.0018247054
0.0017810244
0.0017370518
0.001692737
0.0016480871
0.0016031203
0.0015577884
0.0015120645
0.0014659765
0.0014194735
0.0013724968
0.0013250826
0.0012771939
0.0012287744
0.0011798716
0.0011304402
0.0010804445
0.0010299286
0.00097877162
0.00092697949
0.00087466636
0.00082174355
0.00076822122
0.00071411437
0.00065948933
0.00060442862
0.00054884928
0.00049305723
0.00043725668
0.00038205608
0.00032736952
0.00027565524
0.00022259607
0.00016048532
3.2275923e-05
0.0042657674
0.0042515944
0.0042362428
0.0042193883
0.0042007772
0.0041803649
0.0041581554
0.0041341149
0.0041081912
0.0040803487
0.0040505792
0.0040188968
0.0039853364
0.0039499546
0.0039128322
0.0038740737
0.0038338058
0.0037921752
0.0037493461
0.003705497
0.0036608178
0.0036155051
0.0035697589
0.0035237783
0.0034777566
0.0034318773
0.0033863099
0.0033412056
0.0032966941
0.0032528802
0.0032098416
0.0031676277
0.0031262594
0.0030857293
0.0030460046
0.0030070293
0.0029687285
0.0029310116
0.0028937764
0.002856913
0.0028203087
0.0027838529
0.0027474414
0.0027109785
0.0026743766
0.0026375559
0.0026004454
0.0025629876
0.0025251423
0.0024868844
0.0024482
0.0024090832
0.0023695417
0.0023295991
0.0022892862
0.0022486249
0.0022076265
0.0021663065
0.0021246901
0.0020827962
0.0020406276
0.0019981903
0.0019555063
0.0019125867
0.0018694145
0.0018259751
0.0017822685
0.0017382684
0.0016939308
0.0016492559
0.0016042575
0.0015588969
0.0015131459
0.001467023
0.0014204872
0.0013734839
0.0013260363
0.0012781162
0.0012296714
0.0011807359
0.0011312747
0.0010812517
0.0010306992
0.00097951719
0.00092770221
0.00087535376
0.00082240175
0.0007688475
0.00071470828
0.00066004415
0.00060493288
0.00054931093
0.0004934525
0.00043756457
0.00038220464
0.00032731754
0.00027494345
0.00022105469
0.00015706295
3.5249709e-05
0.0042297071
0.0042159543
0.0042010886
0.0041848344
0.0041669573
0.0041474118
0.0041261965
0.0041032744
0.0040785896
0.0040521003
0.004023788
0.0039936545
0.00396172
0.0039280254
0.0038926342
0.0038556331
0.0038171306
0.0037772553
0.0037361538
0.0036939879
0.0036509314
0.0036071667
0.0035628807
0.0035182609
0.0034734913
0.0034287481
0.0033841953
0.0033399816
0.003296236
0.0032530654
0.0032105522
0.0031687524
0.0031276956
0.0030873849
0.0030477991
0.0030088945
0.0029706084
0.0029328623
0.0028955655
0.0028586191
0.0028219201
0.002785366
0.0027488586
0.0027123067
0.0026756259
0.0026387393
0.0026015786
0.0025640874
0.0025262244
0.0024879629
0.0024492869
0.0024101896
0.0023706761
0.0023307652
0.0022904831
0.0022498503
0.002208879
0.0021675837
0.0021259867
0.0020841059
0.0020419467
0.0019995152
0.0019568293
0.0019138998
0.0018707137
0.001827257
0.0017835266
0.0017395003
0.0016951398
0.0016504403
0.0016054116
0.0015600221
0.0015142439
0.0014680872
0.0014215185
0.0013744878
0.0013270077
0.0012790558
0.0012305848
0.0011816172
0.0011321256
0.0010820745
0.0010314861
0.00098027772
0.00092843901
0.00087605557
0.000823073
0.0007694862
0.00071531328
0.00066060891
0.00060544606
0.00054977815
0.00049385079
0.00043787046
0.00038234513
0.00032724129
0.00027420784
0.00021948124
0.00015375726
3.7839143e-05
0.0039504991
0.0041139866
0.0043239846
0.0045646344
0.0048603325
0.0052204415
0.005657482
0.006222871
0.0069966385
0.0083563325
0.0039504905
0.0041139601
0.004323945
0.0045645592
0.0048601622
0.0052200304
0.0056563915
0.0062180202
0.0069751461
0.008101017
0.0039504728
0.0041139059
0.0043238619
0.0045644013
0.0048598057
0.0052191688
0.0056540245
0.0062084758
0.0069335546
0.0078411198
0.0039504449
0.0041138209
0.0043237302
0.0045641517
0.0048592453
0.005217806
0.0056502621
0.0061943251
0.0068778992
0.0076257519
0.0039504058
0.004113702
0.0043235453
0.0045638022
0.0048584615
0.0052158975
0.0056449961
0.0061759726
0.0068121424
0.0074399088
0.0039503547
0.0041135462
0.0043233021
0.0045633434
0.0048574338
0.005213396
0.005638162
0.0061538321
0.0067415992
0.0072722595
0.0039502904
0.0041133499
0.0043229953
0.0045627653
0.004856141
0.0052102521
0.0056297391
0.0061281858
0.0066695306
0.0071177591
0.0039502117
0.0041131096
0.004322619
0.0045620573
0.00485456
0.0052064253
0.005619683
0.0060994923
0.0065962616
0.0069740209
0.0039501175
0.0041128213
0.0043221668
0.004561208
0.0048526676
0.0052018714
0.0056079882
0.0060680295
0.0065221943
0.0068398684
0.0039500063
0.0041124807
0.0043216322
0.0045602055
0.0048504398
0.0051965508
0.005594653
0.0060340579
0.0064477749
0.0067142271
0.0039498769
0.0041120833
0.0043210079
0.0045590372
0.0048478515
0.005190426
0.0055796843
0.0059978352
0.006373372
0.0065961211
0.0039497275
0.0041116242
0.0043202864
0.0045576898
0.0048448776
0.0051834621
0.0055630998
0.0059596056
0.0062992824
0.0064847213
0.0039495566
0.0041110982
0.0043194596
0.0045561492
0.0048414923
0.0051756272
0.0055449262
0.0059195987
0.0062257493
0.0063793225
0.0039493623
0.0041104997
0.0043185187
0.0045544008
0.0048376699
0.0051668929
0.0055251987
0.0058780306
0.0061529693
0.0062793178
0.0039491428
0.0041098227
0.0043174547
0.0045524292
0.0048333842
0.005157234
0.0055039596
0.005835104
0.006081099
0.0061841832
0.0039488961
0.0041090608
0.0043162578
0.0045502186
0.0048286096
0.0051466293
0.0054812581
0.0057910083
0.0060102607
0.0060934638
0.0039486199
0.0041082071
0.0043149178
0.0045477524
0.0048233206
0.0051350612
0.0054571493
0.0057459202
0.0059405474
0.0060067635
0.0039483119
0.0041072542
0.0043134239
0.0045450134
0.0048174919
0.0051225162
0.0054316931
0.0057000037
0.0058720273
0.0059237356
0.0039479695
0.0041061943
0.0043117645
0.0045419842
0.0048110994
0.0051089848
0.0054049539
0.0056534104
0.0058047484
0.0058440751
0.0039475902
0.0041050191
0.0043099277
0.0045386465
0.0048041194
0.0050944617
0.0053769994
0.0056062801
0.0057387413
0.0057675123
0.003947171
0.0041037195
0.0043079009
0.0045349821
0.0047965294
0.0050789457
0.0053479002
0.0055587409
0.0056740228
0.0056938075
0.003946709
0.0041022862
0.0043056709
0.0045309721
0.0047883083
0.0050624398
0.005317729
0.0055109101
0.005610598
0.0056227471
0.0039462009
0.0041007088
0.0043032239
0.0045265975
0.0047794362
0.0050449508
0.0052865597
0.0054628943
0.0055484631
0.0055541393
0.0039456432
0.0040989767
0.0043005456
0.0045218393
0.0047698947
0.0050264899
0.0052544671
0.0054147902
0.0054876067
0.0054878118
0.0039450324
0.0040970784
0.004297621
0.0045166781
0.0047596673
0.0050070716
0.0052215262
0.0053666849
0.0054280117
0.0054236086
0.0039443644
0.0040950015
0.0042944349
0.004511095
0.0047487395
0.0049867146
0.0051878115
0.0053186568
0.0053696564
0.0053613888
0.0039436353
0.0040927333
0.0042909713
0.0045050709
0.0047370985
0.0049654407
0.0051533969
0.0052707759
0.005312516
0.0053010241
0.0039428406
0.0040902598
0.004287214
0.0044985872
0.0047247339
0.0049432753
0.0051183547
0.0052231043
0.0052565629
0.0052423979
0.0039419758
0.0040875666
0.0042831464
0.0044916256
0.0047116375
0.0049202465
0.0050827558
0.0051756971
0.0052017679
0.0051854038
0.003941036
0.0040846382
0.0042787514
0.0044841685
0.0046978035
0.0048963855
0.0050466689
0.0051286027
0.0051481003
0.0051299444
0.0039400162
0.0040814583
0.0042740121
0.0044761987
0.0046832283
0.0048717257
0.0050101605
0.0050818633
0.0050955291
0.0050759307
0.0039389109
0.0040780096
0.0042689111
0.0044677
0.0046679109
0.004846303
0.0049732946
0.0050355158
0.0050440226
0.0050232811
0.0039377144
0.004074274
0.0042634315
0.004458657
0.0046518527
0.004820155
0.0049361322
0.0049895916
0.0049935493
0.0049719205
0.003936421
0.0040702322
0.0042575561
0.0044490553
0.0046350576
0.0047933211
0.0048987318
0.0049441176
0.0049440777
0.00492178
0.0039350245
0.0040658641
0.0042512685
0.0044388817
0.0046175319
0.0047658417
0.0048611487
0.0048991165
0.0048955769
0.0048727962
0.0039335183
0.0040611484
0.0042445526
0.0044281242
0.0045992842
0.0047377587
0.0048234351
0.0048546071
0.0048480163
0.0048249105
0.0039318958
0.0040560629
0.0042373933
0.0044167719
0.0045803255
0.0047091143
0.0047856402
0.0048106048
0.0048013661
0.0047780689
0.0039301501
0.0040505843
0.0042297763
0.0044048153
0.0045606689
0.0046799515
0.0047478102
0.0047671216
0.0047555971
0.0047322213
0.003928274
0.0040446883
0.004221689
0.0043922462
0.0045403296
0.0046503134
0.0047099878
0.0047241669
0.004710681
0.0046873214
0.0039262599
0.0040383497
0.0042131205
0.0043790576
0.0045193248
0.004620243
0.004672213
0.0046817474
0.0046665901
0.0046433261
0.0039241002
0.0040315423
0.0042040621
0.0043652434
0.0044976739
0.0045897833
0.0046345225
0.0046398674
0.004623298
0.0046001958
0.0039217867
0.0040242395
0.0041945076
0.0043507986
0.0044753977
0.0045589769
0.00459695
0.0045985287
0.004580778
0.0045578938
0.0039193112
0.0040164143
0.0041844546
0.0043357186
0.004452519
0.0045278657
0.0045595276
0.0045577322
0.0045390031
0.0045163803
0.0039166647
0.0040080401
0.0041739041
0.0043199991
0.0044290622
0.0044964888
0.0045222831
0.0045174816
0.0044979575
0.0044756288
0.0039138375
0.0039990915
0.0041628615
0.0043036358
0.0044050573
0.0044648836
0.0044852298
0.0044777619
0.0044576173
0.004435633
0.0039108188
0.0039895467
0.004151336
0.0042866178
0.0043805429
0.0044331118
0.0044483996
0.0044385472
0.0044178974
0.0043962529
0.0039075958
0.0039793917
0.00413935
0.0042689148
0.0043555103
0.0044012241
0.0044118877
0.0043999587
0.0043789476
0.0043576792
0.0039041512
0.003968616
0.0041269641
0.0042505858
0.004329895
0.0043690747
0.0043755033
0.0043617722
0.00434052
0.0043196509
0.0039004576
0.0039572005
0.0041140657
0.0042319744
0.0043040607
0.0043369353
0.0043394394
0.0043241193
0.004302699
0.0042822114
0.0038964426
0.0039452915
0.0040995907
0.0042127534
0.0042780085
0.0043048958
0.0043038202
0.0042871578
0.0042656926
0.0042456474
0.0038917
0.0039331454
0.0040822194
0.0041914885
0.0042502002
0.0042712057
0.0042667131
0.0042488371
0.0042273582
0.0042077098
0.0038851713
0.0039212156
0.0040614276
0.0041665382
0.0042182967
0.0042329816
0.0042249361
0.0042059083
0.0041845203
0.004165363
0.0038760018
0.0039097111
0.0040369673
0.0041361127
0.004180061
0.0041877902
0.0041759315
0.0041557512
0.0041345148
0.0041158839
0.0038640606
0.0038964083
0.0040073389
0.0040977857
0.0041333914
0.0041340768
0.0041184558
0.0040972641
0.004076319
0.0040583233
0.0038485604
0.0038790149
0.0039720328
0.0040507411
0.0040777217
0.0040718409
0.0040528531
0.0040309541
0.0040105665
0.0039934102
0.0038282028
0.0038562243
0.0039316966
0.0039951824
0.0040126175
0.0040005642
0.0039785224
0.0039559361
0.0039359833
0.0039195454
0.0038015789
0.0038262958
0.0038845248
0.0039298886
0.003936848
0.003919422
0.0038952343
0.0038725455
0.0038534292
0.0038380019
0.0037671917
0.0037870142
0.0038270351
0.0038533694
0.0038499563
0.0038283933
0.0038031053
0.0037806974
0.0037624117
0.0037479299
0.0037229948
0.0037360399
0.0037579234
0.0037665087
0.0037537935
0.0037293182
0.0037039343
0.0036823912
0.0036652152
0.0036517826
0.0036665387
0.0036715066
0.003676387
0.0036693685
0.0036485939
0.0036218599
0.0035966577
0.0035759702
0.0035597841
0.003547311
0.0035954039
0.0035920386
0.0035820011
0.0035623434
0.0035357026
0.0035082095
0.0034842734
0.0034651298
0.0034502546
0.00343882
0.0035077816
0.0034971989
0.0034752724
0.0034464714
0.0034160882
0.0033884129
0.0033655415
0.0033476321
0.0033339015
0.0033234633
0.0034036037
0.0033876884
0.0033577525
0.0033238569
0.0032926846
0.0032666661
0.003245954
0.0032298816
0.0032175821
0.0032082624
0.0032851949
0.0032662533
0.0032320842
0.0031956309
0.0031640642
0.0031388773
0.0031193697
0.0031044754
0.0030931962
0.00308471
0.0031580246
0.0031385674
0.0031050361
0.0030713504
0.0030438148
0.0030225401
0.0030061455
0.0029935509
0.0029839689
0.0029767133
0.0030316318
0.0030119419
0.0029781459
0.0029445249
0.0029178457
0.0028981998
0.0028839967
0.0028737737
0.0028666294
0.0028616401
0.0029215512
0.0029069411
0.0028811458
0.0028549524
0.0028332598
0.002816515
0.0028040292
0.0027950337
0.0027889884
0.0027853431
0.0028430825
0.0028223693
0.0027986639
0.0027800809
0.0027651518
0.0027527592
0.0027426419
0.0027343157
0.0027271961
0.0027209759
0.0041922022
0.004178918
0.004164599
0.0041489856
0.0041318678
0.0041132049
0.0040929924
0.004071191
0.0040477427
0.0040226006
0.003995738
0.0039671457
0.0039368311
0.0039048207
0.0038711622
0.0038359254
0.0037992013
0.003761101
0.0037217536
0.0036813042
0.0036399104
0.0035977398
0.0035549655
0.0035117631
0.0034683063
0.0034247628
0.0033812909
0.0033380352
0.0032951234
0.0032526636
0.0032107416
0.0031694193
0.0031287343
0.0030886995
0.0030493046
0.0030105177
0.0029722882
0.0029345499
0.0028972237
0.0028602218
0.0028234511
0.0027868177
0.0027502301
0.0027136019
0.002676853
0.0026399096
0.002602706
0.0025651873
0.0025273119
0.0024890515
0.0024503885
0.0024113148
0.0023718329
0.0023319576
0.0022917105
0.0022511105
0.0022101701
0.0021689032
0.0021273292
0.0020854651
0.002043318
0.0020008944
0.001958209
0.0019152716
0.0018720729
0.0018285998
0.0017848469
0.0017407949
0.0016964111
0.001651687
0.0016066282
0.001561209
0.0015154025
0.0014692119
0.0014226094
0.0013755496
0.0013280364
0.0012800515
0.0012315525
0.0011825521
0.0011330284
0.0010829475
0.0010323224
0.0009810854
0.00092922109
0.00087680157
0.00082378597
0.00077016458
0.00071595527
0.0006612078
0.00060599015
0.00055027096
0.00049426896
0.00043818717
0.00038248317
0.00032713738
0.00027341943
0.00021781409
0.00015058155
4.0185237e-05
0.0041503607
0.0041375344
0.0041237531
0.0041087947
0.0040924677
0.0040747314
0.0040555771
0.0040349631
0.004012829
0.0039891229
0.0039638096
0.0039368692
0.0039082963
0.0038781029
0.0038463205
0.0038130016
0.0037782189
0.003742065
0.0037046503
0.0036661014
0.0036265584
0.0035861718
0.0035450996
0.0035035034
0.0034615445
0.0034193808
0.0033771627
0.0033350294
0.0032931061
0.0032515008
0.0032103018
0.0031695766
0.0031293701
0.003089705
0.0030505821
0.0030119819
0.002973867
0.0029361838
0.0028988664
0.0028618389
0.0028250197
0.0027883245
0.0027516698
0.0027149755
0.0026781663
0.0026411726
0.0026039319
0.0025663912
0.002528509
0.0024902559
0.0024516128
0.0024125698
0.0023731271
0.0023332953
0.0022930915
0.0022525324
0.0022116305
0.0021703988
0.0021288542
0.0020870124
0.002044882
0.0020024696
0.0019597875
0.0019168441
0.0018736333
0.0018301434
0.0017863671
0.0017422879
0.0016978782
0.0016531268
0.0016080352
0.0015625828
0.001516744
0.0014705159
0.0014238752
0.0013767817
0.0013292316
0.0012812091
0.0012326772
0.0011836396
0.0011340789
0.0010839632
0.001033297
0.00098202592
0.00093013117
0.00087767068
0.00082461593
0.00077095399
0.00071670147
0.00066190314
0.0006066214
0.00055083936
0.00049474829
0.00043854397
0.00038262787
0.00032698671
0.00027249183
0.00021587687
0.00014697816
4.2528971e-05
0.004101392
0.0040890451
0.0040758482
0.0040616134
0.0040461631
0.0040294541
0.0040114726
0.0039921744
0.0039714967
0.0039493821
0.0039257875
0.0039006823
0.0038740486
0.0038458836
0.0038162025
0.0037850399
0.0037524495
0.0037185039
0.0036832933
0.0036469239
0.003609516
0.003571201
0.0035321186
0.003492414
0.0034522338
0.0034117233
0.0033710224
0.0033302631
0.0032895657
0.0032490365
0.0032087653
0.0031688236
0.0031292635
0.003090117
0.0030513966
0.0030130957
0.0029751907
0.0029376426
0.0029003996
0.0028634
0.0028265749
0.0027898517
0.0027531565
0.0027164174
0.0026795654
0.0026425361
0.0026052715
0.002567721
0.0025298442
0.0024916108
0.0024530005
0.0024140018
0.0023746119
0.0023348375
0.0022946912
0.0022541869
0.0022133365
0.0021721519
0.0021306477
0.0020888381
0.0020467323
0.0020043377
0.0019616638
0.0019187181
0.001875497
0.0018319905
0.0017881904
0.0017440824
0.0016996439
0.0016548618
0.0016097338
0.0015642433
0.0015183668
0.0014720961
0.0014254113
0.0013782774
0.0013306843
0.0012826177
0.0012340459
0.0011849648
0.0011353599
0.0010852019
0.0010344878
0.00098317471
0.00093124209
0.00087873314
0.00082563012
0.0007719184
0.00071761227
0.00066275107
0.00060739079
0.00055152801
0.00049532514
0.00043896544
0.00038278553
0.00032676721
0.00027136004
0.00021354124
0.0001430449
4.481967e-05
0.004044445
0.0040327125
0.0040202356
0.0040068421
0.003992377
0.0039768031
0.0039601054
0.0039422385
0.0039231386
0.0039027454
0.0038810091
0.0038578903
0.0038333598
0.0038074016
0.0037800154
0.0037512182
0.0037210448
0.0036895476
0.0036567955
0.0036228733
0.0035878795
0.0035519243
0.0035151271
0.0034776135
0.0034395129
0.0034009547
0.0033620661
0.0033229684
0.0032837748
0.0032445872
0.0032054948
0.0031665713
0.0031278744
0.0030894446
0.0030513052
0.0030134627
0.0029759076
0.0029386161
0.002901552
0.0028646689
0.0028279125
0.0027912233
0.0027545395
0.0027177987
0.0026809404
0.002643907
0.0026066457
0.00256911
0.0025312611
0.0024930691
0.0024545126
0.0024155784
0.0023762615
0.0023365642
0.0022964951
0.0022560649
0.002215284
0.0021741632
0.0021327148
0.0020909513
0.0020488823
0.0020065152
0.0019638579
0.0019209165
0.0018776895
0.0018341691
0.0017903467
0.00174621
0.0017017408
0.0016569255
0.0016117583
0.0015662254
0.0015203059
0.0014739876
0.0014272526
0.0013800714
0.0013324289
0.0012843113
0.0012356917
0.00118656
0.0011369028
0.0010866941
0.0010359243
0.00098456012
0.00093258056
0.00088001444
0.00082685233
0.00077307954
0.000718707
0.00066376812
0.00060831159
0.00055234517
0.00049600162
0.00043944492
0.00038293774
0.00032644218
0.00026997895
0.00021079133
0.00013882167
4.68177e-05
0.0039802407
0.0039690939
0.0039572912
0.0039447152
0.0039312282
0.003916791
0.0039013865
0.0038849708
0.003867481
0.0038488545
0.0038290362
0.0038079789
0.0037856435
0.003762002
0.0037370397
0.0037107571
0.0036831706
0.0036543124
0.0036242303
0.0035929866
0.0035606571
0.003527329
0.0034930991
0.0034580716
0.0034223552
0.0033860611
0.0033492999
0.0033121794
0.0032748022
0.0032372628
0.0031996463
0.0031620263
0.0031244634
0.0030870044
0.0030496818
0.0030125139
0.0029755049
0.0029386462
0.0029019174
0.0028652882
0.0028287201
0.0027921685
0.002755585
0.0027189191
0.0026821205
0.0026451402
0.0026079323
0.0025704555
0.0025326742
0.0024945598
0.0024560909
0.0024172532
0.0023780392
0.0023384481
0.0022984842
0.0022581551
0.0022174693
0.002176436
0.0021350655
0.0020933684
0.0020513541
0.0020090298
0.0019664024
0.0019234768
0.0018802529
0.0018367251
0.0017928854
0.0017487234
0.0017042244
0.0016593754
0.0016141682
0.0015685903
0.0015226237
0.0014762537
0.0014294636
0.0013822284
0.0013345304
0.0012863549
0.0012376794
0.0011884895
0.0011387716
0.0010885029
0.0010376689
0.00098624341
0.00093420609
0.0008815727
0.00082833892
0.00077449126
0.0007200366
0.00066500174
0.00060942708
0.00055332788
0.00049680683
0.0004400007
0.00038308913
0.00032599859
0.00026833322
0.00020769332
0.00013436287
4.8370772e-05
0.0039070461
0.0038965554
0.0038855195
0.0038738374
0.0038613932
0.0038481552
0.0038341062
0.0038192032
0.0038033845
0.0037865867
0.0037687519
0.0037498274
0.0037297667
0.003708532
0.0036860968
0.0036624474
0.0036375839
0.0036115202
0.0035842841
0.0035559164
0.0035264705
0.0034960104
0.0034646097
0.0034323493
0.0033993159
0.0033655996
0.0033312922
0.0032964846
0.0032612652
0.0032257179
0.0031899201
0.0031539413
0.0031178417
0.0030816713
0.0030454688
0.0030092618
0.0029730664
0.0029368875
0.0029007202
0.0028645498
0.0028283541
0.0027921041
0.0027557662
0.0027193035
0.0026826776
0.00264585
0.0026087833
0.0025714431
0.0025337988
0.0024958245
0.0024575001
0.0024188109
0.0023797483
0.0023403085
0.0023004929
0.0022603059
0.0022197537
0.0021788437
0.0021375843
0.0020959847
0.0020540531
0.0020117966
0.0019692212
0.0019263313
0.0018831276
0.0018396064
0.0017957613
0.0017515835
0.0017070614
0.0016621832
0.0016169392
0.001571318
0.0015253038
0.0014788812
0.0014320337
0.0013847404
0.0013369824
0.0012887442
0.0012400059
0.0011907512
0.0011409653
0.0010906278
0.0010397215
0.00098822454
0.00093611796
0.00088340654
0.00083008763
0.00077614952
0.00072159459
0.00066644223
0.0006107234
0.00055445577
0.00049771161
0.00044059195
0.00038318578
0.00032536843
0.00026637376
0.00020425545
0.00012971333
4.9296258e-05
0.0038263309
0.0038165377
0.0038062836
0.0037955107
0.0037841194
0.0037720768
0.003759365
0.0037459446
0.0037317585
0.0037167455
0.0037008472
0.003684009
0.0036661801
0.0036473168
0.0036273841
0.0036063575
0.0035842242
0.0035609826
0.0035366432
0.0035112278
0.0034847689
0.0034573086
0.0034288979
0.0033995946
0.0033694626
0.0033385699
0.0033069872
0.0032747862
0.0032420382
0.0032088126
0.0031751752
0.0031411874
0.0031069046
0.0030723753
0.0030376405
0.003002733
0.0029676771
0.0029324886
0.002897175
0.0028617359
0.0028261639
0.0027904455
0.0027545618
0.0027184904
0.0026822059
0.0026456815
0.0026088904
0.0025718063
0.0025344053
0.0024966664
0.0024585722
0.0024201093
0.0023812688
0.0023420459
0.0023024394
0.0022624514
0.0022220861
0.0021813491
0.0021402473
0.0020987881
0.0020569788
0.002014826
0.0019723352
0.0019295105
0.0018863532
0.0018428616
0.0017990309
0.0017548542
0.0017103224
0.0016654254
0.0016201533
0.001574495
0.0015284369
0.0014819639
0.00143506
0.0013877069
0.0013398862
0.0012915815
0.0012427748
0.0011934489
0.0011435879
0.0010931729
0.0010421855
0.00099060632
0.00093841745
0.00088561532
0.00083219598
0.00077814886
0.00072347176
0.00066817569
0.00061228077
0.00055580095
0.00049877734
0.00044126723
0.00038326456
0.00032458355
0.00026416811
0.00020059114
0.00012508038
4.9555059e-05
0.0037370951
0.0037280669
0.0037186518
0.0037088074
0.0036984595
0.0036875855
0.0036761704
0.0036641785
0.0036515583
0.0036382537
0.0036242091
0.0036093703
0.0035936859
0.0035771092
0.0035596002
0.0035411271
0.0035216674
0.003501208
0.0034797454
0.0034572855
0.0034338431
0.0034094412
0.0033841103
0.003357887
0.0033308133
0.0033029356
0.0032743032
0.0032449675
0.0032149808
0.0031843952
0.0031532619
0.00312163
0.0030895456
0.0030570512
0.0030241846
0.002990979
0.0029574618
0.0029236549
0.0028895742
0.0028552298
0.0028206265
0.0027857635
0.0027506358
0.0027152342
0.0026795466
0.0026435586
0.0026072542
0.0025706173
0.0025336321
0.0024962839
0.0024585601
0.0024204506
0.0023819479
0.0023430475
0.0023037478
0.0022640496
0.0022239558
0.0021834708
0.0021426
0.0021013499
0.0020597269
0.002017737
0.0019753857
0.001932677
0.0018896129
0.0018461933
0.0018024152
0.0017582737
0.001713762
0.0016688717
0.0016235937
0.0015779176
0.0015318312
0.0014853205
0.0014383705
0.0013909648
0.0013430859
0.0012947173
0.0012458422
0.0011964431
0.0011465036
0.0010960054
0.0010449301
0.00099325907
0.0009409751
0.00088806853
0.00083453204
0.00078035469
0.00072552942
0.00067005796
0.00061394785
0.00055720286
0.00049983173
0.00044184207
0.00038313434
0.00032346228
0.00026158605
0.00019662852
0.00012046753
4.8982825e-05
0.0036417777
0.0036334432
0.0036247808
0.003615777
0.0036063745
0.0035965554
0.0035863082
0.003575604
0.0035643986
0.0035526417
0.0035402815
0.0035272665
0.0035135463
0.0034990734
0.0034838054
0.0034677064
0.0034507475
0.0034329074
0.0034141725
0.0033945367
0.0033740013
0.003352574
0.0033302685
0.0033071037
0.0032831029
0.0032582929
0.0032327036
0.0032063669
0.0031793161
0.0031515856
0.0031232099
0.0030942231
0.0030646586
0.0030345484
0.0030039227
0.0029728092
0.0029412332
0.0029092167
0.0028767788
0.0028439346
0.002810696
0.0027770714
0.0027430657
0.0027086805
0.002673915
0.0026387659
0.002603228
0.0025672952
0.0025309605
0.002494217
0.0024570583
0.0024194793
0.002381476
0.0023430462
0.0023041895
0.0022649071
0.0022252019
0.0021850781
0.0021445408
0.0021035958
0.0020622493
0.0020205074
0.0019783754
0.0019358578
0.0018929575
0.0018496758
0.0018060115
0.0017619618
0.0017175217
0.0016726848
0.0016274431
0.0015817874
0.0015357067
0.0014891885
0.0014422189
0.001394783
0.0013468647
0.001298448
0.0012495164
0.0012000533
0.0011500415
0.0010994634
0.0010483006
0.00099653453
0.00094414765
0.00089112587
0.00083745735
0.00078312862
0.00072812707
0.00067244415
0.00061607292
0.00055900101
0.00050120356
0.00044263652
0.00038311714
0.0003223532
0.00025903947
0.00019283865
0.00011636732
4.8018043e-05
0.0035381068
0.0035304783
0.0035225727
0.00351439
0.0035058971
0.0034970868
0.0034879509
0.0034784642
0.0034685883
0.0034582786
0.003447488
0.0034361679
0.0034242697
0.0034117463
0.0033985548
0.0033846569
0.0033700206
0.0033546195
0.0033384337
0.0033214495
0.0033036587
0.0032850586
0.0032656507
0.0032454409
0.0032244382
0.0032026542
0.0031801028
0.0031567996
0.0031327613
0.0031080057
0.0030825512
0.0030564168
0.0030296214
0.0030021842
0.002974124
0.0029454594
0.0029162083
0.0028863877
0.0028560135
0.0028251005
0.0027936619
0.0027617092
0.0027292523
0.0026962993
0.0026628565
0.0026289288
0.0025945193
0.0025596302
0.0025242628
0.0024884178
0.0024520955
0.0024152967
0.0023780224
0.0023402743
0.0023020551
0.0022633682
0.0022242182
0.0021846104
0.002144551
0.0021040465
0.0020631037
0.0020217293
0.0019799295
0.0019377099
0.0018950745
0.001852026
0.0018085654
0.0017646916
0.0017204017
0.0016756911
0.0016305535
0.0015849811
0.0015389643
0.0014924923
0.0014455525
0.0013981315
0.0013502149
0.0013017874
0.0012528336
0.0012033371
0.0011532812
0.0011026482
0.0010514197
0.00099957677
0.0009471005
0.00089397306
0.00084017743
0.0007856954
0.00073050743
0.00067459356
0.00061793052
0.00056048531
0.00050219951
0.00044298116
0.00038258446
0.00032069882
0.00025606426
0.00018882852
0.00011237868
4.6407091e-05
0.0034303874
0.0034233993
0.0034161822
0.0034087498
0.0034010798
0.0033931705
0.0033850183
0.0033766037
0.0033678951
0.0033588533
0.0033494348
0.0033395932
0.0033292822
0.0033184572
0.0033070764
0.0032951018
0.0032825002
0.0032692432
0.0032553081
0.0032406769
0.0032253365
0.0032092776
0.0031924947
0.0031749848
0.0031567476
0.0031377842
0.003118097
0.0030976894
0.0030765653
0.0030547293
0.0030321862
0.0030089412
0.002985
0.0029603687
0.0029350539
0.0029090626
0.0028824027
0.0028550823
0.0028271099
0.0027984945
0.0027692452
0.0027393712
0.0027088814
0.0026777848
0.0026460897
0.0026138041
0.0025809353
0.0025474905
0.0025134759
0.0024788978
0.0024437619
0.0024080739
0.0023718398
0.0023350655
0.0022977573
0.002259922
0.0022215669
0.0021826996
0.0021433283
0.0021034611
0.0020631065
0.0020222727
0.0019809673
0.0019391972
0.0018969681
0.0018542843
0.0018111485
0.0017675616
0.0017235226
0.0016790287
0.0016340754
0.0015886567
0.0015427648
0.0014963907
0.0014495242
0.0014021538
0.001354267
0.0013058508
0.001256891
0.0012073728
0.0011572802
0.0011065962
0.0010553025
0.0010033793
0.00095080619
0.00089756163
0.00084362321
0.00078896633
0.00073356302
0.00067738091
0.00062037939
0.00056250321
0.00050366339
0.00044373054
0.0003824239
0.00031944968
0.0002536719
0.0001856489
0.00010946274
4.5203138e-05
0.0033158133
0.003309484
0.0033029408
0.0032962136
0.0032893084
0.0032822434
0.0032750063
0.0032674939
0.0032596717
0.0032516301
0.0032433698
0.003234792
0.0032258188
0.0032164145
0.0032065532
0.0031962021
0.0031853266
0.0031738966
0.0031618887
0.003149284
0.0031360668
0.0031222245
0.0031077467
0.0030926255
0.0030768543
0.0030604274
0.0030433396
0.0030255861
0.0030071617
0.0029880613
0.0029682797
0.0029478114
0.0029266512
0.0029047942
0.0028822359
0.0028589724
0.002835001
0.0028103198
0.0027849283
0.0027588272
0.0027320185
0.0027045054
0.0026762921
0.0026473841
0.0026177875
0.0025875095
0.0025565574
0.0025249394
0.0024926638
0.0024597392
0.0024261744
0.0023919786
0.0023571609
0.002321731
0.0022856985
0.0022490736
0.0022118665
0.0021740875
0.0021357472
0.0020968558
0.0020574234
0.0020174596
0.0019769731
0.0019359716
0.0018944613
0.0018524469
0.0018099312
0.0017669155
0.0017233986
0.0016793782
0.0016348501
0.0015898086
0.0015442472
0.0014981581
0.0014515329
0.0014043624
0.0013566366
0.001308345
0.0012594762
0.001210018
0.0011599564
0.0011092761
0.0010579597
0.0010059877
0.00095333806
0.00089998652
0.00084590584
0.00079106491
0.00073542715
0.00067894838
0.00062157222
0.00056322399
0.00050379234
0.00044312723
0.00038094429
0.00031699795
0.00025031483
0.00018175698
0.00010602192
4.3223885e-05
0.0032014679
0.0031958565
0.0031900513
0.0031840728
0.003177922
0.0031716098
0.003165141
0.0031585081
0.0031516937
0.0031446728
0.0031374152
0.0031298868
0.0031220519
0.0031138748
0.0031053208
0.0030963569
0.003086953
0.0030770822
0.0030667213
0.0030558502
0.0030444517
0.0030325112
0.0030200167
0.0030069575
0.0029933241
0.0029791071
0.0029642971
0.0029488844
0.0029328582
0.0029162069
0.0028989181
0.0028809787
0.0028623749
0.0028430927
0.0028231181
0.0028024374
0.0027810376
0.0027589069
0.0027360349
0.002712413
0.0026880346
0.0026628952
0.0026369924
0.0026103259
0.0025828976
0.002554711
0.0025257714
0.0024960858
0.0024656623
0.0024345102
0.0024026402
0.0023700638
0.0023367933
0.0023028419
0.0022682233
0.0022329523
0.0021970438
0.0021605133
0.002123376
0.0020856467
0.002047339
0.0020084654
0.0019690368
0.0019290615
0.001888546
0.0018474937
0.0018059057
0.0017637804
0.0017211138
0.0016779001
0.0016341319
0.0015898007
0.0015448976
0.0014994138
0.0014533399
0.0014066667
0.001359385
0.0013114851
0.0012629569
0.0012137892
0.0011639691
0.001113482
0.0010623102
0.0010104335
0.00095782824
0.00090446681
0.00085031725
0.0007953422
0.00073949737
0.00068272898
0.00062496925
0.00056613148
0.00050609468
0.00044470808
0.00038171022
0.00031692622
0.00024953869
0.00018064151
0.00010523034
4.30722e-05
0.0030785456
0.0030734733
0.0030682432
0.0030628785
0.0030573879
0.0030517852
0.0030460752
0.003040251
0.0030342966
0.0030281893
0.0030219014
0.0030154014
0.0030086561
0.0030016374
0.0029943159
0.0029866528
0.0029786003
0.0029701172
0.0029612101
0.0029518845
0.002942103
0.0029318362
0.0029210736
0.0029098099
0.0028980373
0.0028857457
0.0028729248
0.0028595643
0.0028456527
0.0028311766
0.0028161204
0.0028004668
0.0027841964
0.0027672885
0.0027497213
0.002731473
0.0027125223
0.0026928488
0.0026724337
0.0026512601
0.0026293122
0.0026065758
0.00258304
0.002558698
0.0025335442
0.0025075751
0.0024807897
0.0024531884
0.0024247732
0.0023955506
0.0023655298
0.0023347205
0.0023031348
0.0022707876
0.0022376963
0.00220388
0.0021693594
0.0021341571
0.0020982959
0.0020617991
0.0020246887
0.001986984
0.0019487007
0.0019098501
0.0018704396
0.0018304728
0.0017899493
0.001748865
0.0017072129
0.0016649836
0.0016221664
0.0015787504
0.0015347251
0.001490081
0.0014448092
0.0013989012
0.001352349
0.0013051442
0.0012572771
0.0012087356
0.0011595047
0.0011095661
0.0010588971
0.0010074716
0.00095525981
0.00090222761
0.00084833534
0.00079353737
0.00073778157
0.00068100616
0.00062313619
0.00056408077
0.00050372123
0.00044192118
0.00037845713
0.00031322252
0.00024553595
0.00017662876
0.00010193679
4.1090673e-05
0.0029714141
0.0029670049
0.0029623571
0.002957481
0.0029524054
0.0029471665
0.0029417942
0.0029363073
0.0029307146
0.0029250122
0.0029191879
0.00291323
0.0029071205
0.0029008275
0.0028943178
0.0028875606
0.0028805222
0.0028731752
0.0028654883
0.0028574255
0.0028489548
0.0028400446
0.0028306751
0.0028208475
0.0028105736
0.0027998536
0.002788663
0.0027769649
0.0027647379
0.0027519545
0.002738583
0.0027246076
0.0027100117
0.002694751
0.0026787703
0.0026620566
0.0026446283
0.0026265084
0.0026076845
0.0025881664
0.0025679596
0.002547023
0.0025253718
0.002503003
0.0024798833
0.0024560218
0.0024314139
0.0024060201
0.0023798223
0.0023528309
0.0023250409
0.0022964364
0.0022670003
0.0022367439
0.0022056968
0.0021738794
0.0021413143
0.002108027
0.0020740446
0.0020393927
0.0020040923
0.0019681565
0.0019315907
0.0018943962
0.0018565699
0.0018181041
0.0017789873
0.0017392074
0.0016987532
0.001657615
0.0016157833
0.0015732553
0.0015300392
0.0014861435
0.0014415703
0.0013963211
0.0013503993
0.0013038064
0.001256539
0.0012085871
0.0011599366
0.0011105647
0.0010604401
0.0010095251
0.00095777685
0.00090514788
0.0008515862
0.00079703507
0.00074143258
0.00068471011
0.00062678975
0.00056758292
0.00050698111
0.00044486964
0.00038106178
0.00031550637
0.00024757982
0.00017855847
0.00010368908
4.2292201e-05
0.0028584692
0.0028560227
0.0028531957
0.0028499831
0.0028464035
0.0028424582
0.0028381646
0.0028335545
0.0028286587
0.002823504
0.0028181181
0.0028125265
0.0028067455
0.0028007836
0.0027946424
0.0027883197
0.0027818125
0.002775103
0.0027681679
0.0027609842
0.0027535251
0.0027457641
0.0027376965
0.0027293452
0.0027206579
0.0027116113
0.0027023076
0.002692821
0.0026831031
0.0026729123
0.0026620251
0.0026502595
0.0026370946
0.0026218272
0.0026043136
0.0025849898
0.0025649854
0.0025447848
0.0025236415
0.0025019678
0.002479793
0.0024566975
0.0024333514
0.0024095915
0.0023851794
0.0023605139
0.0023354299
0.0023096973
0.0022836381
0.0022573434
0.002230588
0.0022028867
0.0021742964
0.0021453924
0.002116089
0.0020863023
0.0020561306
0.0020256701
0.0019949782
0.0019639966
0.0019326772
0.0019009604
0.0018686929
0.0018357467
0.0018020731
0.0017676049
0.0017322433
0.0016959089
0.0016585554
0.001620136
0.0015806042
0.0015400023
0.0014984476
0.0014560116
0.0014127521
0.0013687252
0.0013239778
0.0012785428
0.0012324382
0.0011856666
0.0011382157
0.001090058
0.0010411526
0.00099144839
0.00094088626
0.00088940171
0.00083692711
0.00078339236
0.00072872446
0.00067284822
0.0006156846
0.00055715006
0.00049714929
0.00043559053
0.00037232568
0.000307355
0.00024016348
0.00017211745
9.8982783e-05
3.977417e-05
0.0027838316
0.0027832761
0.0027827951
0.002782212
0.002781387
0.0027802021
0.0027785825
0.0027764881
0.002773908
0.0027708546
0.002767356
0.0027634501
0.0027591836
0.0027546072
0.0027497711
0.0027447205
0.0027394947
0.002734128
0.0027286496
0.002723083
0.0027174436
0.0027117357
0.0027059548
0.002700131
0.0026942908
0.0026883451
0.0026821665
0.0026756743
0.0026687956
0.0026614608
0.0026535722
0.0026449492
0.0026353483
0.0026244583
0.0026119956
0.0025979236
0.0025822826
0.0025649193
0.0025456554
0.0025244813
0.0025014327
0.0024764971
0.0024497541
0.0024213716
0.0023914893
0.0023603055
0.0023280639
0.0022949095
0.0022609857
0.0022264737
0.0021914766
0.00215607
0.0021198905
0.0020827128
0.0020454923
0.0020094512
0.0019754525
0.0019435799
0.0019132143
0.0018841677
0.0018562891
0.0018290929
0.0018021989
0.0017752756
0.0017479368
0.0017198317
0.0016907295
0.001660587
0.0016291919
0.0015955793
0.0015593443
0.001521724
0.0014833206
0.0014436335
0.0014026153
0.001360488
0.0013174325
0.0012735358
0.0012288361
0.0011833541
0.0011370921
0.0010900334
0.0010421417
0.00099336637
0.00094364656
0.00089291535
0.00084110225
0.00078813523
0.0007339419
0.0006784501
0.00062158686
0.00056327821
0.00050344098
0.00044199552
0.00037879842
0.00031383435
0.00024650988
0.00017803027
0.00010363743
4.2177787e-05
0.0027155069
0.0027107327
0.0027061132
0.0027015066
0.0026967732
0.0026918347
0.0026866468
0.0026811802
0.0026754122
0.0026693237
0.0026628979
0.0026561198
0.0026489763
0.0026414561
0.0026335501
0.0026252503
0.0026165505
0.0026074451
0.002597929
0.0025879971
0.0025776431
0.0025668594
0.0025556355
0.0025439585
0.0025318105
0.0025191697
0.0025060132
0.0024923143
0.0024780418
0.0024631579
0.0024476178
0.0024313691
0.0024143561
0.002396525
0.0023778345
0.0023582578
0.0023377699
0.0023163438
0.0022939667
0.0022706464
0.0022464089
0.0022212946
0.0021953595
0.0021686808
0.0021413594
0.0021135154
0.0020852765
0.0020567771
0.0020281621
0.0019995756
0.0019711534
0.0019430258
0.0019153074
0.00188812
0.0018615642
0.0018356765
0.0018104415
0.0017857977
0.0017616527
0.0017378669
0.0017142301
0.001690485
0.0016663658
0.0016416112
0.0016159777
0.0015892724
0.0015613676
0.0015322068
0.001501798
0.0014702476
0.0014378133
0.001404854
0.0013716162
0.0013377678
0.0013027157
0.0012663527
0.00122885
0.0011903421
0.0011508623
0.0011104009
0.0010689434
0.0010264703
0.00098294841
0.00093833023
0.00089255888
0.0008455732
0.00079731123
0.00074771266
0.00069672108
0.00064428602
0.00059036459
0.00053492302
0.00047793776
0.0004193985
0.0003593071
0.00029769902
0.00023458319
0.00017030228
0.00010394043
4.4343838e-05
)
;

boundaryField
{
    inlet
    {
        type            zeroGradient;
    }
    top
    {
        type            zeroGradient;
    }
    outlet
    {
        type            fixedValue;
        value           uniform 0;
    }
    slipsurface
    {
        type            slip;
    }
    bottom
    {
        type            zeroGradient;
    }
    frontandback
    {
        type            empty;
    }
}


// ************************************************************************* //
