/*--------------------------------*- C++ -*----------------------------------*\
  =========                 |
  \\      /  F ield         | OpenFOAM: The Open Source CFD Toolbox
   \\    /   O peration     | Website:  https://openfoam.org
    \\  /    A nd           | Version:  12
     \\/     M anipulation  |
\*---------------------------------------------------------------------------*/
FoamFile
{
    format      ascii;
    class       volScalarField;
    location    "800";
    object      p;
}
// * * * * * * * * * * * * * * * * * * * * * * * * * * * * * * * * * * * * * //

dimensions      [0 2 -2 0 0 0 0];

internalField   nonuniform List<scalar> 
7480
(
0.0060865505
0.0061177746
0.0060809263
0.0060694188
0.0060891798
0.0061037914
0.0061061968
0.0060725753
0.005999666
0.0059087383
0.0057913608
0.0056476195
0.0054828592
0.0053032088
0.0051128159
0.0049225309
0.0047305373
0.0045417252
0.0043587524
0.0041869501
0.0040233411
0.0038681359
0.0037248612
0.0035952689
0.0034792441
0.0033774382
0.0032903961
0.0032182306
0.0031602916
0.0031144725
0.0030791198
0.0030507773
0.0030240141
0.0029953412
0.0029629179
0.0029267177
0.0028886591
0.0028507651
0.0028130363
0.002774897
0.0027359887
0.0026963143
0.0026567676
0.0026174996
0.0025780378
0.0025384654
0.0024992628
0.0024606739
0.0024221689
0.0023835119
0.0023449441
0.0023067535
0.0022686864
0.0022304113
0.0021921972
0.0021541739
0.0021160375
0.0020776841
0.002039366
0.0020010269
0.0019623503
0.0019235617
0.0018846591
0.0018453755
0.0018058666
0.0017661351
0.0017259781
0.0016855204
0.0016447386
0.0016034663
0.0015617993
0.0015196932
0.0014770894
0.001433991
0.0013903514
0.0013461726
0.0013014194
0.0012560675
0.0012101064
0.0011635128
0.0011162752
0.0010683834
0.0010198304
0.00097061415
0.00092074079
0.00087022397
0.00081909511
0.00076739239
0.00071520914
0.00066260246
0.00060987372
0.00055693578
0.00050504001
0.00045263608
0.00040621067
0.00035387673
0.00033287365
0.00025635971
0.00053506355
-0.00043418154
0.0060070135
0.0060332595
0.0059974094
0.0060065039
0.0060367316
0.0060548141
0.0060469555
0.0060162845
0.0059679331
0.0058953079
0.0057947976
0.0056676005
0.0055181838
0.0053514377
0.0051735761
0.0049873401
0.0048004518
0.0046135837
0.0044301611
0.0042567178
0.0040912164
0.0039336652
0.0037865579
0.0036522996
0.0035318783
0.0034257532
0.0033342685
0.0032574653
0.0031944827
0.0031429529
0.0031015952
0.0030677387
0.0030364986
0.0030046935
0.0029706058
0.0029339356
0.0028961556
0.0028588076
0.0028214732
0.0027834087
0.0027443183
0.0027043505
0.002664508
0.0026249624
0.0025852314
0.0025453935
0.0025059224
0.0024670621
0.0024282886
0.0023893736
0.0023505575
0.0023121257
0.0022738224
0.0022353177
0.0021968838
0.0021586494
0.0021203092
0.0020817603
0.0020432561
0.0020047386
0.0019658904
0.0019269387
0.0018878804
0.0018484481
0.0018087979
0.0017689317
0.0017286461
0.0016880662
0.0016471679
0.0016057847
0.0015640123
0.0015218057
0.0014791063
0.001435917
0.0013921908
0.0013479297
0.0013030981
0.0012576716
0.0012116395
0.0011649782
0.0011176763
0.0010697232
0.0010211117
0.00097183983
0.00092191346
0.00087134614
0.00082016918
0.00076842063
0.00071619375
0.00066354551
0.00061077732
0.00055780177
0.00050587076
0.00045343276
0.00040697756
0.0003546129
0.00033356989
0.00025715613
0.00053591977
-0.00043350928
0.0059457985
0.0059841353
0.0059717194
0.0059858726
0.0060105381
0.0060210755
0.0060099221
0.0059813263
0.0059315058
0.0058526338
0.0057464343
0.0056150554
0.0054625378
0.0052939562
0.0051149686
0.0049291723
0.0047443454
0.0045605837
0.0043815859
0.004212912
0.0040535237
0.0039029067
0.0037626968
0.0036354056
0.0035223485
0.0034236759
0.0033395968
0.0032698417
0.0032133144
0.0031678141
0.0031303527
0.0030975742
0.0030657355
0.0030318336
0.0029945956
0.0029540057
0.0029119616
0.0028707455
0.0028304714
0.0027905206
0.0027504715
0.002710237
0.0026705379
0.0026312106
0.0025915457
0.0025515965
0.002511916
0.0024728155
0.0024338008
0.0023946614
0.0023556361
0.0023170037
0.0022785041
0.0022398111
0.0022012009
0.0021627986
0.0021242948
0.0020855876
0.0020469326
0.0020082692
0.0019692789
0.0019301918
0.0018910029
0.001851444
0.001811673
0.0017716904
0.0017312923
0.001690605
0.0016496033
0.0016081204
0.0015662527
0.0015239546
0.0014811674
0.001437894
0.0013940871
0.0013497488
0.0013048432
0.0012593457
0.0012132457
0.0011665193
0.0011191551
0.0010711423
0.0010224737
0.00097314708
0.00092316831
0.00087255082
0.00082132583
0.00076953132
0.00071726047
0.00066457015
0.00061176183
0.00055874778
0.00050678059
0.0004543071
0.00040782116
0.0003554216
0.0003343587
0.00025803072
0.00053681611
-0.0004328374
0.0058888389
0.0059337645
0.0059325592
0.0059451909
0.0059653208
0.0059739557
0.005963954
0.0059359127
0.0058860096
0.005810033
0.0057098094
0.0055864281
0.0054428568
0.0052834627
0.005113243
0.0049359276
0.0047579141
0.0045799373
0.0044054689
0.0042391133
0.0040809268
0.0039303633
0.0037890807
0.0036597036
0.0035435887
0.003441043
0.0033525167
0.0032780805
0.0032172085
0.0031685361
0.0031287384
0.0030947621
0.0030638918
0.0030327703
0.0029994725
0.0029636375
0.0029258606
0.0028869497
0.0028472489
0.0028066105
0.0027648009
0.0027220852
0.0026798592
0.0026385181
0.0025975606
0.0025569378
0.0025170638
0.0024780248
0.002439073
0.0023998931
0.0023607407
0.0023219422
0.0022832629
0.0022443908
0.0022056111
0.0021670426
0.0021283737
0.0020895077
0.0020507025
0.002011894
0.0019727618
0.0019335404
0.0018942219
0.0018545367
0.0018146452
0.0017745462
0.001734035
0.0016932393
0.0016521331
0.001610549
0.0015685844
0.0015261928
0.0014833156
0.0014399558
0.0013960658
0.0013516477
0.0013066654
0.0012610944
0.0012149237
0.0011681296
0.0011207004
0.0010726252
0.0010238968
0.00097451294
0.00092447924
0.0008738091
0.00082253366
0.00077069081
0.00071837368
0.00066563904
0.00061278835
0.00055973361
0.00050772789
0.00045521681
0.00040869701
0.00035626014
0.00033517795
0.00025879884
0.00053769432
-0.00043222787
0.0058339785
0.0058829705
0.0058908062
0.0059051317
0.0059240695
0.0059318904
0.0059217015
0.0058932555
0.0058440742
0.0057707473
0.0056737703
0.0055539768
0.0054141333
0.0052584027
0.0050915682
0.0049173796
0.0047415818
0.0045658317
0.0043933846
0.0042284748
0.0040718495
0.0039231753
0.0037839517
0.0036565725
0.0035423793
0.0034417267
0.0033549415
0.0032819997
0.0032222352
0.0031740342
0.0031340398
0.0030992638
0.0030669811
0.0030339297
0.0029985696
0.0029613152
0.0029228632
0.0028839309
0.0028454231
0.002807228
0.0027687112
0.002729548
0.0026897261
0.0026492938
0.0026083153
0.0025667392
0.0025253314
0.0024847723
0.002444658
0.0024047536
0.0023652675
0.0023264009
0.0022877275
0.002248819
0.0022099548
0.0021712723
0.0021324739
0.0020934771
0.0020545443
0.0020156059
0.0019763425
0.0019369965
0.0018975567
0.0018577517
0.0018177453
0.0017775343
0.0017369133
0.0016960123
0.0016548035
0.0016131192
0.0015710582
0.001528573
0.0014856052
0.0014421578
0.0013981831
0.0013536833
0.0013086221
0.0012629749
0.0012167309
0.0011698661
0.0011223688
0.0010742281
0.0010254367
0.0009759921
0.00092590008
0.00087517389
0.00082384458
0.00077194998
0.00071958317
0.00066680082
0.00061390435
0.00056080562
0.00050875782
0.00045620595
0.00040964782
0.00035717067
0.00033606107
0.000259589
0.00053859856
-0.00043150748
0.0057818479
0.005833373
0.0058487524
0.0058650438
0.0058826302
0.0058890222
0.0058782076
0.0058496456
0.0058012724
0.0057299263
0.0056356741
0.0055195615
0.0053841947
0.005233404
0.0050716419
0.004902568
0.0047313602
0.0045601103
0.0043918218
0.0042302352
0.0040763907
0.0039301535
0.0037929328
0.0036669292
0.0035535295
0.0034532052
0.0033662329
0.0032925727
0.003231617
0.0031818451
0.0031402148
0.0031039315
0.0030703956
0.0030365899
0.0030010599
0.0029639238
0.0029254634
0.0028862155
0.0028469828
0.0028076648
0.0027680253
0.0027281876
0.0026880301
0.0026480444
0.0026086541
0.0025695586
0.0025305443
0.0024914078
0.0024519188
0.0024119188
0.0023717163
0.0023319293
0.0022924429
0.0022529732
0.0022138168
0.0021750422
0.0021362145
0.0020971766
0.0020581821
0.0020191635
0.0019798077
0.0019403713
0.0019008371
0.0018609332
0.0018208303
0.0017805235
0.0017398063
0.0016988119
0.0016575112
0.0016157359
0.0015735865
0.0015310146
0.0014879621
0.0014444321
0.0014003767
0.0013557986
0.001310661
0.0012649397
0.0012186238
0.0011716893
0.0011241244
0.0010759183
0.0010270636
0.00097755789
0.00092740677
0.00087662351
0.00082523914
0.00077329142
0.00072087337
0.00066804164
0.00061509757
0.00056195295
0.0005098608
0.00045726613
0.0004106662
0.00035814666
0.00033700282
0.00026043706
0.00053950721
-0.00043062434
0.005732146
0.0057849137
0.0058062092
0.0058241506
0.0058404811
0.005845667
0.0058345046
0.0058061011
0.0057585605
0.0056891283
0.0055977283
0.0054854216
0.0053545525
0.0052086023
0.0050517044
0.0048874209
0.0047204554
0.004553162
0.0043883699
0.004229556
0.0040779369
0.0039336389
0.0037980687
0.0036732996
0.0035607068
0.0034608029
0.0033738727
0.0032998763
0.0032382577
0.0031875997
0.0031450433
0.0031078503
0.0030735048
0.0030391609
0.0030033015
0.0029658854
0.0029271846
0.0028877707
0.0028484105
0.0028090575
0.0027695163
0.0027297142
0.0026894349
0.0026491363
0.002609179
0.0025695381
0.0025300221
0.0024906125
0.0024516822
0.0024131315
0.002374696
0.0023361912
0.0022973832
0.0022580949
0.0022186336
0.0021793516
0.0021400254
0.0021006173
0.0020614293
0.0020223404
0.0019829463
0.0019434735
0.0019038908
0.0018639261
0.0018237617
0.0017833886
0.0017425994
0.0017015327
0.0016601583
0.0016183077
0.0015760841
0.0015334378
0.0014903115
0.0014467086
0.0014025811
0.0013579321
0.0013127248
0.0012669351
0.0012205521
0.001173552
0.0011259231
0.0010776545
0.0010287389
0.0009791739
0.00092896518
0.00087812596
0.00082668728
0.00077468688
0.00072221778
0.0006693366
0.00061634454
0.00056315352
0.00051101603
0.00045837772
0.00041173349
0.00035917045
0.00033798708
0.00026132325
0.00054038272
-0.0004295667
0.0056845143
0.0057374239
0.0057631348
0.0057824873
0.0057978518
0.0058021194
0.0057907755
0.0057626545
0.0057160342
0.0056485676
0.0055600506
0.0054514647
0.0053249338
0.0051836458
0.0050314489
0.004871798
0.0047089999
0.0045455848
0.0043842638
0.0042282749
0.0040790055
0.0039368155
0.0038030621
0.0036796903
0.003568048
0.0034686903
0.0033819178
0.0033077067
0.0032455116
0.0031939686
0.0031504111
0.0031121888
0.003076892
0.0030418418
0.0030055058
0.002967779
0.0029289186
0.0028894323
0.0028499986
0.0028105884
0.0027709887
0.0027311002
0.0026907777
0.0026504498
0.0026104602
0.002570776
0.002531161
0.0024916135
0.0024524394
0.0024135645
0.0023747675
0.0023359338
0.002297322
0.0022590098
0.0022207481
0.0021823495
0.0021435926
0.0021043805
0.0020650597
0.002025685
0.0019859949
0.0019463111
0.0019066255
0.0018666117
0.0018264191
0.0017860153
0.0017451872
0.0017040798
0.0016626598
0.0016207579
0.0015784809
0.0015357784
0.0014925943
0.0014489327
0.0014047455
0.0013600367
0.0013147696
0.0012689202
0.0012224779
0.001175419
0.001127732
0.0010794061
0.0010304341
0.00098081376
0.00093055073
0.00087965834
0.00082816766
0.00077611649
0.00072359782
0.00067066833
0.00061762907
0.00056439218
0.00051220925
0.00045952737
0.00041283702
0.00036023012
0.00033900234
0.00026223168
0.00054119447
-0.0004283134
0.0056386054
0.0056908297
0.0057196807
0.0057401991
0.0057548168
0.0057583473
0.0057469126
0.0057191824
0.0056735916
0.0056081309
0.0055224947
0.005417572
0.0052953013
0.0051586047
0.0050110573
0.0048559904
0.0046973725
0.0045378382
0.0043800104
0.0042269111
0.0040800587
0.0039400113
0.0038080887
0.0036861248
0.0035754419
0.0034766369
0.0033900248
0.0033155937
0.00325281
0.0032003708
0.0031557992
0.0031165561
0.0030803182
0.0030445552
0.0030077575
0.0029697494
0.0029307345
0.0028911471
0.0028515923
0.0028120607
0.0027723514
0.0027323839
0.0026920446
0.0026517132
0.0026117128
0.0025720047
0.0025323731
0.0024928223
0.0024536068
0.0024146467
0.002375733
0.0023367868
0.0022980483
0.0022595803
0.0022210304
0.0021823541
0.0021438127
0.0021053686
0.0020668388
0.0020280278
0.0019887498
0.0019491989
0.0019094448
0.0018692574
0.0018288954
0.0017883876
0.0017475066
0.0017063746
0.0016649341
0.0016230076
0.0015807044
0.0015379711
0.0014947513
0.0014510506
0.001406821
0.0013620677
0.0013167541
0.001270857
0.0012243661
0.001177258
0.0011295213
0.0010811457
0.001032124
0.00098245414
0.00093214194
0.00088120085
0.00082966205
0.00077756343
0.00072499801
0.00067202258
0.00061893798
0.00056565675
0.00051342922
0.00046070466
0.00041396702
0.00036131665
0.00034003972
0.00026315296
0.00054191427
-0.00042683482
0.0055941253
0.0056450725
0.0056759923
0.0056973889
0.0057113952
0.0057143132
0.0057028569
0.0056756085
0.0056311317
0.0055676981
0.0054849401
0.0053836499
0.005265594
0.0051334449
0.0049905149
0.0048399991
0.0046855721
0.0045299169
0.004375585
0.0042254113
0.0040810115
0.0039431179
0.0038130291
0.0036924818
0.0035827726
0.0034845339
0.0033980953
0.0033234564
0.0032601026
0.0032067954
0.0031612339
0.0031209914
0.0030838282
0.0030473558
0.0030100926
0.0029717898
0.002932597
0.0028928876
0.0028532032
0.0028135503
0.0027737433
0.0027337092
0.0026933468
0.002652994
0.0026129546
0.0025731954
0.0025335252
0.0024939494
0.0024547002
0.0024157102
0.0023767854
0.0023378445
0.0022990813
0.002260519
0.0022218508
0.0021830944
0.0021444837
0.0021059343
0.0020671402
0.0020281943
0.0019893008
0.0019502956
0.0019110101
0.0018712581
0.0018311526
0.0017907133
0.001749761
0.0017085198
0.0016669981
0.0016250261
0.0015827025
0.0015399556
0.001496722
0.0014530049
0.0014087548
0.0013639771
0.0013186348
0.0012727058
0.0012261804
0.0011790354
0.0011312603
0.0010828449
0.0010337824
0.00098407097
0.00093371667
0.00088273316
0.00083115176
0.00077901053
0.00072640256
0.00067338483
0.00062025794
0.000566935
0.00051466464
0.00046189922
0.00041511378
0.00036242109
0.00034109057
0.00026407837
0.0005425159
-0.00042509732
0.0055508293
0.005600084
0.0056321844
0.005654154
0.0056676311
0.0056700312
0.0056586039
0.0056319008
0.0055885928
0.0055271906
0.0054472957
0.0053496014
0.0052357108
0.0051080639
0.0049697212
0.0048237315
0.0046735095
0.0045217424
0.0043709198
0.004223715
0.0040818142
0.0039461021
0.0038178659
0.0036987564
0.0035900443
0.0034923929
0.0034061473
0.0033313204
0.0032674207
0.0032132745
0.0031667442
0.0031255169
0.0030874385
0.0030502541
0.0030125129
0.0029739001
0.0029345148
0.0028946743
0.0028548588
0.0028150845
0.0027751798
0.0027350742
0.0026946787
0.002654296
0.0026142106
0.0025743995
0.0025346915
0.002495087
0.0024557987
0.0024167688
0.0023778115
0.0023388436
0.0023000443
0.0022614435
0.0022227722
0.0021840239
0.0021453752
0.0021067274
0.002067842
0.0020288594
0.0019899472
0.0019507526
0.0019112574
0.0018716698
0.0018319114
0.0017918386
0.0017512657
0.0017103084
0.0016689195
0.0016269437
0.001584558
0.0015417547
0.0014984902
0.0014547594
0.0014105019
0.0013657176
0.0013203663
0.0012744243
0.0012278818
0.0011807159
0.0011329164
0.0010844738
0.0010353818
0.00098563892
0.00093525158
0.00088423375
0.000832617
0.0007804396
0.00072779478
0.00067473976
0.00062157486
0.00056821396
0.00051590361
0.00046310008
0.00041626709
0.00036353399
0.00034214582
0.000264998
0.00054297875
-0.00042306243
0.0055085136
0.0055557919
0.0055883502
0.0056105917
0.0056235825
0.0056255356
0.0056141722
0.0055880561
0.0055459507
0.0054865691
0.0054095045
0.0053153546
0.0052055691
0.0050823716
0.0049485833
0.0048070978
0.0046610966
0.0045132364
0.0043659484
0.0042217649
0.0040824203
0.0039489292
0.0038225743
0.0037049312
0.0035972452
0.0035002066
0.0034141771
0.0033391845
0.0032747641
0.0032198069
0.0031723287
0.0031301322
0.0030911496
0.0030532519
0.0030150223
0.0029760877
0.0029364983
0.0028965176
0.0028565663
0.0028166671
0.0027766606
0.0027364794
0.0026960461
0.0026556313
0.0026154997
0.002575637
0.0025358885
0.0024962513
0.0024569182
0.0024178387
0.0023788393
0.0023398411
0.002301008
0.0022623711
0.0022236809
0.0021849081
0.0021462172
0.0021075368
0.0020686581
0.0020296765
0.001990694
0.0019514127
0.0019118868
0.0018723027
0.0018324101
0.0017921563
0.0017516597
0.0017109135
0.0016697894
0.0016281433
0.0015860299
0.0015433679
0.0015001297
0.0014563703
0.0014120793
0.0013672777
0.0013219205
0.001275977
0.0012294329
0.0011822628
0.0011344554
0.0010860008
0.0010368931
0.00098713122
0.00093672203
0.00088567994
0.00083403685
0.00078183138
0.00072915692
0.00067607102
0.00062287373
0.00056947986
0.00051713341
0.00046429554
0.00041741606
0.0003646453
0.00034319587
0.00026590081
0.00054324786
-0.0004206868
0.0054670088
0.0055121241
0.005544564
0.0055667932
0.0055793087
0.0055808666
0.0055695911
0.0055440898
0.0055032065
0.0054458243
0.0053715438
0.0052808742
0.0051751222
0.0050563112
0.0049270357
0.0047900285
0.0046482586
0.0045043257
0.0043606017
0.004219495
0.0040827681
0.0039515449
0.0038271075
0.0037109661
0.0036043416
0.0035079473
0.0034221623
0.0033470311
0.0032821188
0.0032263818
0.0031779802
0.0031348331
0.0030949598
0.0030563499
0.0030176236
0.0029783568
0.0029385518
0.0028984209
0.0028583285
0.0028183004
0.0027781892
0.0027379297
0.002697455
0.0026570056
0.0026168267
0.0025769112
0.0025371199
0.0024974477
0.0024580681
0.0024189372
0.0023798942
0.0023408638
0.0023019927
0.0022633101
0.0022245839
0.0021857812
0.0021470575
0.0021083504
0.0020694597
0.0020304529
0.0019914261
0.0019521334
0.0019126193
0.0018729956
0.001833034
0.0017927496
0.0017522646
0.0017113986
0.0016701277
0.0016285218
0.0015865526
0.0015441128
0.0015011534
0.0014576325
0.0014134683
0.0013686992
0.001323331
0.0012773722
0.001230822
0.0011836525
0.001135848
0.0010873953
0.0010382865
0.0009885198
0.00093810199
0.00088704767
0.00083538914
0.00078316539
0.00073047009
0.00067736122
0.0006241385
0.00057071789
0.00051834041
0.00046547305
0.00041854901
0.00036574418
0.00034423038
0.00026677737
0.00054327302
-0.0004179325
0.0054261746
0.0054690128
0.0055008828
0.005522841
0.0055348677
0.0055360665
0.0055248953
0.0055000265
0.0054603749
0.0054049647
0.0053334137
0.0052461521
0.0051443533
0.0050298558
0.0049050409
0.004772478
0.0046349404
0.004494951
0.0043548192
0.0042168428
0.0040827962
0.0039538916
0.0038314137
0.0037168151
0.0036112931
0.0035155808
0.0034300748
0.0033548376
0.0032894672
0.0032329854
0.0031836891
0.0031396132
0.003098865
0.0030595463
0.0030203169
0.0029807081
0.0029406765
0.0029003859
0.0028601474
0.002819987
0.0027797684
0.0027394281
0.0026989079
0.002658421
0.0026181933
0.0025782238
0.0025383882
0.0024986792
0.0024592523
0.0024200695
0.0023809819
0.0023419172
0.0023030056
0.0022642746
0.0022255096
0.002186676
0.0021479156
0.0021091705
0.0020702503
0.0020312139
0.0019921575
0.0019528524
0.0019133255
0.0018736685
0.0018336864
0.0017934035
0.0017528976
0.0017119825
0.0016706881
0.001629071
0.0015869919
0.0015444677
0.0015015221
0.001458106
0.0014141524
0.0013696269
0.0013244504
0.0012785925
0.0012320719
0.001184902
0.0011370947
0.0010886441
0.0010395408
0.0009897799
0.00093936593
0.00088831225
0.00083665059
0.00078442002
0.00073171426
0.00067859181
0.00062535202
0.00057191221
0.00051950994
0.00046661903
0.00041965328
0.00036681886
0.00034523821
0.00026761493
0.00054301493
-0.0004147486
0.0053858951
0.0054263953
0.0054573491
0.0054788086
0.0054903157
0.0054911783
0.0054801214
0.0054558948
0.0054174768
0.0053640072
0.0052951268
0.0052111956
0.0051132636
0.005002999
0.0048825831
0.0047544222
0.0046211076
0.004485071
0.0043485552
0.004213758
0.0040824515
0.0039559176
0.0038354441
0.0037224333
0.0036180593
0.0035230715
0.0034378842
0.003362579
0.0032967889
0.0032396016
0.0031894429
0.0031444632
0.0031028584
0.0030628366
0.0030230994
0.0029831401
0.0029428718
0.0029024127
0.0028620233
0.0028217276
0.002781399
0.0027409754
0.0027004061
0.0026598787
0.0026196008
0.0025795765
0.0025396951
0.0024999474
0.0024604724
0.0024212371
0.0023821037
0.0023430028
0.0023040496
0.0022652697
0.0022264653
0.0021875991
0.0021487992
0.0021100123
0.0020710599
0.0020319928
0.001992901
0.001953569
0.0019140149
0.0018743292
0.001834333
0.0017940384
0.001753513
0.001712583
0.0016712776
0.001629644
0.0015875389
0.0015450052
0.001502008
0.0014584904
0.0014144893
0.001369981
0.0013249176
0.001279258
0.001232942
0.0011859189
0.0011381851
0.001089759
0.0010406621
0.00099090624
0.00094049969
0.00088945432
0.0008377998
0.00078557368
0.00073286873
0.00067974333
0.00062649616
0.00057304595
0.00052062635
0.00046771893
0.00042071526
0.00036785658
0.00034620732
0.00026839759
0.00054244009
-0.00041107183
0.005346075
0.0053842154
0.0054139941
0.0054347606
0.0054457067
0.0054462447
0.0054353068
0.0054117249
0.0053745356
0.0053229725
0.0052567008
0.0051760196
0.0050818646
0.0049757469
0.0048596611
0.0047358524
0.0046067418
0.0044746598
0.0043417781
0.0042102025
0.0040816916
0.0039575794
0.003839156
0.0037277797
0.0036246017
0.0035303846
0.0034455597
0.003370229
0.0033040619
0.0032462121
0.0031952273
0.0031493721
0.0031069313
0.0030662144
0.0030259668
0.0029856497
0.0029451358
0.0029045
0.0028639553
0.0028235216
0.0027830807
0.0027425716
0.0027019496
0.0026613792
0.0026210497
0.0025809698
0.0025410412
0.0025012534
0.0024617294
0.0024224408
0.0023832605
0.0023441221
0.0023051263
0.0022662969
0.0022274519
0.0021885515
0.0021497109
0.0021108815
0.0020718962
0.0020327967
0.001993666
0.0019543032
0.00191472
0.0018750024
0.0018349818
0.0017946629
0.0017541113
0.0017131665
0.0016718492
0.0016302019
0.0015880928
0.0015455442
0.001502529
0.0014590037
0.0014149798
0.0013703994
0.0013252612
0.00127957
0.0012332969
0.0011864061
0.0011388517
0.0010905885
0.0010415984
0.00099189414
0.00094150784
0.00089047277
0.00083882778
0.00078661166
0.00073391574
0.00068079709
0.00062755251
0.00057410157
0.00052167314
0.00046875729
0.00042172045
0.00036884362
0.00034712478
0.00026911105
0.00054151617
-0.00040684594
0.005306636
0.0053424241
0.0053708394
0.0053907528
0.0054010912
0.0054013074
0.0053904884
0.0053675479
0.0053315762
0.0052818827
0.0052181561
0.0051406426
0.0050501727
0.004948112
0.0048362818
0.0047167693
0.0045918352
0.0044637024
0.0043344668
0.0042061487
0.0040804834
0.0039588412
0.0038425132
0.0037328185
0.0036308858
0.0035374877
0.0034530722
0.003377762
0.0033112642
0.003252798
0.0032010268
0.0031543273
0.0031110737
0.0030696723
0.0030289134
0.0029882328
0.0029474652
0.0029066453
0.0028659414
0.0028253672
0.0027848122
0.0027442157
0.0027035378
0.0026629218
0.0026225398
0.0025824037
0.0025424267
0.0025025971
0.0024630235
0.0024236812
0.0023844531
0.0023452756
0.0023062364
0.0022673569
0.0022284702
0.0021895343
0.0021506522
0.0021117797
0.0020727602
0.002033627
0.0019944562
0.0019550617
0.0019154487
0.0018756967
0.0018356476
0.0017953016
0.0017547204
0.001713753
0.0016724144
0.0016307449
0.0015886212
0.0015460588
0.0015030365
0.0014595122
0.001415477
0.0013708833
0.0013257292
0.0012799928
0.0012336555
0.0011867157
0.0011391596
0.0010909693
0.0010421168
0.00099256694
0.00094230395
0.00089134238
0.00083973257
0.0007875336
0.00073484959
0.00068174194
0.00062850645
0.00057506291
0.00052263395
0.0004697182
0.00042265371
0.00036976543
0.00034797694
0.0002697393
0.00054017541
-0.00040200952
0.0052675139
0.0053009789
0.0053279003
0.005346833
0.0053565168
0.0053564072
0.0053457029
0.0053233951
0.0052886243
0.0052407607
0.0051795141
0.0051050847
0.0050182063
0.0049201102
0.0048124564
0.0046971788
0.0045763864
0.0044521904
0.0043266073
0.0042015758
0.0040788005
0.0039596737
0.0038454851
0.0037375185
0.0036368806
0.0035443513
0.0034603941
0.0033851532
0.0033183741
0.0032593405
0.0032068255
0.0031593161
0.0031152752
0.0030732019
0.0030319329
0.0029908845
0.0029498563
0.0029088456
0.0028679789
0.0028272624
0.0027865915
0.0027459059
0.0027051692
0.0026645055
0.00262407
0.0025838773
0.002543851
0.0025039783
0.0024643545
0.0024249581
0.0023856814
0.0023464635
0.0023073801
0.0022684501
0.0022295206
0.0021905481
0.0021516238
0.0021127074
0.0020736525
0.0020344845
0.0019952731
0.0019558458
0.0019162019
0.0018764143
0.0018363357
0.0017959616
0.0017553492
0.0017143562
0.0016729927
0.0016312969
0.0015891514
0.001546569
0.0015035299
0.0014599914
0.0014159443
0.0013713474
0.0013261916
0.0012804492
0.0012340984
0.0011871288
0.0011395256
0.0010912861
0.0010424083
0.00099288921
0.00094272194
0.00089189302
0.00084040795
0.00078829583
0.00073565945
0.00068257578
0.00062935381
0.0005759213
0.00052349662
0.00047058753
0.00042350034
0.00037060714
0.00034874974
0.0002702646
0.0005383588
-0.00039649687
0.0052286566
0.0052598443
0.0052851868
0.0053030417
0.0053120272
0.0053115828
0.0053009858
0.0052792978
0.0052457062
0.0051996301
0.005140797
0.0050693668
0.0049859851
0.0048917589
0.0047881983
0.0046770897
0.0045603975
0.0044401198
0.0043181898
0.0041964678
0.0040766212
0.0039600518
0.0038480448
0.003741852
0.0036425583
0.0035509482
0.0034675001
0.0033923795
0.0033253706
0.003265821
0.0032126079
0.0031643252
0.0031195248
0.0030767946
0.0030350188
0.0029935996
0.002952305
0.0029110975
0.0028700649
0.0028292043
0.0027884162
0.0027476401
0.0027068422
0.0026661288
0.002625639
0.0025853895
0.0025453131
0.0025053962
0.0024657218
0.002426271
0.0023869451
0.0023476857
0.0023085574
0.0022695766
0.0022306034
0.0021915931
0.0021526261
0.0021136651
0.0020745737
0.0020353701
0.0019961174
0.0019566564
0.0019169805
0.0018771565
0.0018370474
0.0017966443
0.0017559996
0.0017149797
0.0016735903
0.0016318666
0.0015896971
0.0015470915
0.0015040301
0.0014604711
0.001416406
0.001371795
0.0013266274
0.0012808778
0.001234524
0.0011875513
0.001139941
0.0010916827
0.0010427702
0.00099320798
0.00094300732
0.00089218339
0.00084076006
0.00078875488
0.00073623457
0.00068324233
0.00063007523
0.00057667159
0.00052425725
0.0004713581
0.00042425002
0.00037135582
0.00034942996
0.00027066841
0.00053601141
-0.00039024216
0.0051900219
0.0052189903
0.0052427056
0.0052594129
0.0052676623
0.0052668715
0.0052563717
0.0052352869
0.0052028484
0.0051585146
0.0051020272
0.0050335106
0.0049535296
0.0048630767
0.0047635226
0.0046565127
0.0045438733
0.0044274891
0.0043092075
0.0041908117
0.004073927
0.0039599535
0.0038501684
0.0037457938
0.0036478932
0.0035572532
0.003474366
0.0033994185
0.0033322336
0.0032722215
0.003218358
0.0031693413
0.0031238115
0.0030804416
0.0030381641
0.0029963725
0.0029548068
0.0029133974
0.0028721962
0.0028311902
0.0027902839
0.0027494161
0.0027085547
0.0026677898
0.0026272453
0.0025869388
0.0025468117
0.0025068498
0.0024671245
0.0024276192
0.0023882436
0.0023489418
0.0023097679
0.002270736
0.0022317183
0.0021926693
0.0021536589
0.0021146528
0.002075524
0.0020362839
0.0019969894
0.0019574936
0.0019177849
0.0018779239
0.0018377835
0.0017973505
0.0017566727
0.001715625
0.0016742087
0.0016324561
0.0015902616
0.0015476313
0.001504546
0.0014609648
0.0014168784
0.0013722478
0.001327062
0.0012812971
0.0012349311
0.0011879498
0.0011403347
0.0010920732
0.0010431566
0.00099358262
0.00094335698
0.00089249725
0.0008410398
0.00078902549
0.00073654202
0.0006836324
0.00063056669
0.00057725157
0.00052489003
0.00047202138
0.00042489837
0.00037200447
0.00035000876
0.00027093393
0.00053308204
-0.00038318418
0.0051515763
0.0051783929
0.0052004613
0.0052159751
0.005223458
0.0052223083
0.0052118936
0.0051913928
0.0051600774
0.0051174384
0.0050632276
0.004997538
0.0049208608
0.0048340829
0.0047384454
0.0046354597
0.00452682
0.0044142988
0.0042996551
0.0041845964
0.0040707012
0.0039593586
0.0038518335
0.0037493202
0.0036528609
0.0035632422
0.0034809686
0.0034062487
0.0033389432
0.003278524
0.0032240603
0.0031743512
0.0031281239
0.0030841337
0.0030413618
0.0029991979
0.0029573576
0.0029157419
0.0028743697
0.0028332172
0.0027921918
0.0027512314
0.0027103045
0.0026694867
0.002628887
0.0025885238
0.0025483456
0.0025083379
0.0024685615
0.0024290019
0.0023895762
0.002350231
0.0023110111
0.002271928
0.0022328651
0.0021937765
0.0021547221
0.0021156705
0.0020765033
0.002037226
0.0019978892
0.0019583577
0.0019186154
0.0018787169
0.0018385441
0.0017980804
0.001757369
0.0017162926
0.0016748486
0.0016330664
0.001590846
0.0015481901
0.00150508
0.0014614755
0.0014173663
0.0013727145
0.0013275084
0.0012817244
0.0012353409
0.001188344
0.0011407159
0.0010924448
0.0010435221
0.00099394426
0.00094371514
0.00089284741
0.0008413718
0.00078932834
0.00073681252
0.00068388602
0.00063083883
0.00057758495
0.00052530385
0.00047251484
0.00042541612
0.00037254121
0.00035048148
0.00027104884
0.00052953387
-0.00037527515
0.0051132933
0.0051380326
0.005158457
0.0051727521
0.0051794467
0.0051779258
0.0051675833
0.0051476449
0.0051174197
0.0050764254
0.0050244212
0.0049614713
0.0048880002
0.0048047973
0.0047129838
0.0046139438
0.0045092456
0.0044005508
0.0042895291
0.0041778124
0.0040669289
0.0039582481
0.003853019
0.0037524085
0.0036574379
0.0035688917
0.0034872854
0.0034128486
0.0033454797
0.0032847105
0.0032296988
0.0031793411
0.0031324505
0.0030878616
0.0030446045
0.0030020701
0.0029599528
0.0029181273
0.0028765822
0.0028352826
0.0027941375
0.0027530836
0.0027120897
0.0026712175
0.0026305625
0.0025901426
0.0025499132
0.0025098592
0.0024700318
0.002430418
0.0023909419
0.0023515527
0.0023122864
0.0022731519
0.0022340433
0.0021949142
0.0021558154
0.0021167178
0.0020775114
0.0020381961
0.0019988167
0.0019592486
0.001919472
0.0018795354
0.0018393296
0.0017988345
0.0017580887
0.0017169829
0.0016755105
0.0016336981
0.001591451
0.0015487687
0.0015056331
0.0014620045
0.0014178716
0.0013731976
0.00132797
0.0012821655
0.0012357627
0.0011887473
0.0011411022
0.0010928157
0.0010438797
0.00099429126
0.00094405484
0.00089318244
0.00084170297
0.00078965286
0.00073712262
0.00068417146
0.00063109312
0.00057781714
0.00052553669
0.00047278926
0.00042572741
0.00037290653
0.0003508191
0.00027098846
0.00052536322
-0.00036649713
0.0050751527
0.0050978943
0.0051166951
0.0051297636
0.0051356568
0.0051337545
0.0051234704
0.0051040716
0.0050749013
0.0050354998
0.004985631
0.004925333
0.0048549695
0.0047752405
0.0046871558
0.0045919793
0.0044911592
0.0043862487
0.0042788274
0.0041704518
0.0040625965
0.0039566044
0.0038537046
0.0037550369
0.0036616013
0.0035741785
0.0034932937
0.0034191969
0.0033518234
0.0032907628
0.0032352572
0.003184297
0.0031367793
0.0030916154
0.0030478847
0.0030049832
0.0029625879
0.00292055
0.0028788308
0.0028373835
0.0027961184
0.0027549706
0.0027139081
0.0026729804
0.0026322699
0.0025917938
0.002551513
0.0025114123
0.0024715341
0.0024318664
0.0023923399
0.0023529061
0.002313593
0.0022744073
0.0022352524
0.002196082
0.0021569385
0.0021177946
0.0020785482
0.0020391943
0.0019997717
0.0019601664
0.0019203547
0.0018803795
0.0018401399
0.0017996127
0.0017588321
0.0017176961
0.0016761946
0.0016343513
0.0015920768
0.0015493676
0.0015062057
0.0014625522
0.001418395
0.0013736981
0.0013284482
0.0012826224
0.0012361992
0.0011891642
0.0011415005
0.0010931962
0.0010442436
0.00099463997
0.00094439005
0.00089350637
0.00084201828
0.00078996205
0.00073742675
0.00068446863
0.00063137616
0.00057807663
0.00052576029
0.00047298416
0.00042588477
0.0003730711
0.00035096491
0.00027067315
0.0005205907
-0.0003568771
0.0050371398
0.0050579667
0.0050751781
0.0050870265
0.0050921134
0.0050898221
0.0050795832
0.0050607
0.0050325476
0.0049946854
0.0049468801
0.0048891457
0.004821791
0.0047454335
0.00466098
0.0045695813
0.0044725713
0.0043713973
0.0042675493
0.0041625079
0.0040576918
0.0039544111
0.0038538709
0.0037571839
0.0036653285
0.0035790799
0.0034989712
0.0034252723
0.003357954
0.0032966622
0.0032407188
0.0031892042
0.0031410978
0.0030953849
0.0030511943
0.0030079309
0.0029652582
0.0029230064
0.0028811121
0.0028395173
0.0027981321
0.00275689
0.0027157578
0.0026747736
0.0026340076
0.0025934757
0.0025531437
0.002512996
0.0024730672
0.002433346
0.0023937692
0.0023542902
0.0023149303
0.0022756934
0.0022364918
0.0021972795
0.002158091
0.0021189005
0.0020796133
0.0020402201
0.0020007542
0.0019611107
0.0019212633
0.0018812492
0.0018409749
0.0018004149
0.001759599
0.0017184321
0.0016769009
0.0016350262
0.0015927236
0.0015499868
0.0015067981
0.0014631192
0.0014189369
0.0013742165
0.0013289437
0.0012830958
0.0012366515
0.0011895961
0.0011419128
0.0010935898
0.0010446192
0.00099499842
0.00094473222
0.00089383331
0.00084233131
0.0007902629
0.00073771733
0.00068475093
0.00063165022
0.00057834079
0.00052600343
0.00047319961
0.00042603354
0.00037316327
0.00035098202
0.00027010607
0.00051515122
-0.00034644435
0.004999244
0.0050182418
0.0050339082
0.0050445549
0.0050488388
0.0050461538
0.0050359475
0.0050175558
0.004990383
0.0049540056
0.0049081913
0.0048529322
0.004788487
0.0047153977
0.0046344759
0.004546766
0.0044534935
0.0043560031
0.0042556955
0.0041539757
0.0040522039
0.0039516529
0.0038534996
0.0037588291
0.0036685977
0.0035835732
0.0035042955
0.0034310529
0.003363851
0.0033023896
0.0032460662
0.0031940473
0.0031453926
0.0030991592
0.0030545246
0.0030109066
0.0029679584
0.0029254923
0.002883423
0.0028416811
0.002800176
0.0027588396
0.0027176367
0.0026765953
0.0026357739
0.0025951868
0.0025548037
0.002514609
0.0024746301
0.0024348559
0.0023952288
0.0023557044
0.0023162975
0.0022770096
0.002237761
0.0021985063
0.0021592724
0.0021200351
0.0020807065
0.0020412735
0.0020017638
0.0019620816
0.0019221978
0.0018821442
0.0018418346
0.0018012412
0.0017603895
0.001719191
0.0016776294
0.0016357228
0.0015933915
0.0015506266
0.0015074104
0.0014637054
0.0014194976
0.001374753
0.0013294567
0.0012835862
0.0012371201
0.0011900437
0.0011423402
0.0010939976
0.0010450082
0.00099536927
0.00094508555
0.00089416974
0.00084265143
0.00079056736
0.00073800682
0.00068502646
0.00063191211
0.00057859028
0.00052623506
0.00047341376
0.00042619197
0.00037326596
0.00035092492
0.0002698761
0.00050855916
-0.00033510202
0.0049614592
0.0049787145
0.0049928881
0.0050023608
0.005005852
0.0050027724
0.0049925875
0.0049746633
0.0049484312
0.0049134831
0.0048695872
0.004816715
0.0047550799
0.0046851547
0.0046076632
0.0045235504
0.0044339386
0.0043400736
0.0042432681
0.0041448513
0.0040461236
0.0039483157
0.0038525734
0.0037599526
0.0036713872
0.0035876361
0.0035092442
0.0034365172
0.0033694938
0.0033079254
0.0032512814
0.0031988103
0.0031496499
0.0031029264
0.0030578662
0.0030139028
0.0029706829
0.0029280034
0.0028857597
0.0028438717
0.0028022476
0.0027608171
0.002719543
0.0026784437
0.0026375672
0.0025969255
0.0025564918
0.0025162501
0.0024762214
0.002436395
0.0023967178
0.0023571478
0.0023176939
0.0022783552
0.0022390595
0.0021997618
0.0021604824
0.0021211981
0.0020818275
0.0020423541
0.0020028004
0.0019630788
0.001923158
0.0018830644
0.0018427189
0.0018020915
0.0017612035
0.0017199726
0.0016783801
0.0016364411
0.0015940804
0.0015512868
0.0015080426
0.001464311
0.0014200771
0.0013753078
0.0013299875
0.0012840938
0.0012376054
0.0011905074
0.001142783
0.0010944203
0.0010454114
0.00099575359
0.00094545152
0.00089451784
0.00084298202
0.00079088072
0.00073830296
0.00068530546
0.00063217296
0.00057883325
0.00052645423
0.00047361194
0.00042633376
0.00037336044
0.00035074189
0.00027049758
0.00050053733
-0.00032291916
0.0049237823
0.0049393818
0.0049521207
0.0049604548
0.0049631698
0.0049596984
0.0049495251
0.0049320449
0.0049067146
0.0048731402
0.0048310897
0.0047805163
0.004721592
0.0046547266
0.0045805627
0.0044999524
0.0044139206
0.0043236181
0.0042302708
0.0041351329
0.0040394432
0.0039443871
0.0038510759
0.0037605354
0.0036736762
0.0035912467
0.003513795
0.0034416431
0.003374861
0.0033132495
0.0032563457
0.0032034765
0.0031538548
0.0031066741
0.0030612091
0.0030169117
0.0029734255
0.0029305348
0.0028881183
0.0028460859
0.0028043438
0.0027628199
0.0027214743
0.002680317
0.0026393859
0.0025986904
0.0025582066
0.0025179181
0.0024778403
0.0024379622
0.0023982355
0.0023586196
0.0023191188
0.0022797298
0.0022403868
0.0022010456
0.0021617206
0.0021223891
0.0020829761
0.0020434617
0.0020038638
0.0019641022
0.0019241438
0.0018840099
0.0018436277
0.0018029656
0.0017620409
0.0017207771
0.001679153
0.001637181
0.0015947904
0.0015519675
0.0015086946
0.0014649359
0.0014206754
0.0013758809
0.0013305359
0.0012846186
0.0012381074
0.0011909872
0.0011432415
0.0010948581
0.0010458292
0.00099615187
0.00094583081
0.00089487851
0.00084332434
0.00079120483
0.00073860859
0.00068559233
0.00063243931
0.0005790785
0.00052667067
0.00047380179
0.0004264586
0.00037343098
0.00035045462
0.00027166389
0.00049158534
-0.00031023628
0.0048862132
0.0049002433
0.0049116095
0.004918846
0.0049208067
0.0049169497
0.0049067803
0.0048897214
0.0048652543
0.0048329979
0.0047927206
0.0047443582
0.0046880457
0.0046241353
0.004553195
0.0044759904
0.0043934544
0.0043066467
0.0042167087
0.0041248198
0.0040321565
0.003939856
0.0038489923
0.0037605597
0.0036754446
0.0035943835
0.003517926
0.0034464087
0.0033799313
0.0033183413
0.0032612399
0.0032080281
0.0031579918
0.0031103889
0.0030645422
0.0030199245
0.0029761793
0.0029330811
0.0028904945
0.0028483199
0.0028064615
0.0027648453
0.0027234284
0.0026822132
0.002641228
0.0026004798
0.0025599465
0.0025196117
0.0024794855
0.0024395566
0.0023997807
0.0023601192
0.0023205716
0.0022811326
0.0022417423
0.0022023574
0.0021629866
0.002123608
0.0020841519
0.0020445962
0.0020049538
0.0019651516
0.001925155
0.0018849805
0.0018445611
0.0018038637
0.0017629018
0.0017216043
0.0016799481
0.0016379425
0.0015955213
0.0015526686
0.0015093666
0.0014655802
0.0014212925
0.0013764721
0.0013311022
0.0012851606
0.0012386261
0.0011914833
0.0011437157
0.0010953111
0.0010462617
0.00099656432
0.00094622369
0.00089525217
0.00084367896
0.00079154044
0.00073892479
0.00068588863
0.00063271356
0.00057932978
0.00052688987
0.00047399084
0.00042657448
0.00037348463
0.00035010346
0.00027295284
0.00048228845
-0.00029736101
0.0048487541
0.0048613001
0.0048713583
0.0048775427
0.0048787753
0.0048745421
0.0048643709
0.004847712
0.00482407
0.0047930766
0.0047545004
0.0047082621
0.004654463
0.0045934029
0.0045255813
0.0044516837
0.0043725561
0.0042891712
0.0042025884
0.0041139131
0.004024259
0.003934713
0.003846309
0.0037600087
0.0036766733
0.0035970258
0.0035216155
0.003450792
0.003384683
0.0033231799
0.0032659442
0.0032124471
0.0031620443
0.0031140567
0.0030678537
0.0030229316
0.0029789366
0.0029356362
0.0028928832
0.0028505696
0.0028085973
0.0027668902
0.0027254028
0.0026841299
0.0026430917
0.0026022919
0.0025617101
0.0025213296
0.0024811558
0.0024411772
0.0024013528
0.0023616457
0.0023220516
0.0022825631
0.0022431255
0.0022036966
0.00216428
0.0021248543
0.0020853548
0.0020457573
0.0020060703
0.001966227
0.0019261916
0.0018859762
0.0018455189
0.0018047856
0.0017637861
0.0017224543
0.0016807653
0.0016387258
0.0015962733
0.0015533902
0.0015100585
0.0014662438
0.0014219284
0.0013770817
0.0013316861
0.0012857197
0.0012391614
0.0011919955
0.0011442056
0.0010957794
0.0010467088
0.00099699095
0.00094663023
0.00089563894
0.00084404607
0.00079188787
0.00073925198
0.00068619499
0.00063299657
0.00057958836
0.00052711377
0.00047418227
0.00042668521
0.00037354376
0.00034970431
0.00027425242
0.00047290625
-0.00028450887
0.0048114093
0.0048225548
0.0048313712
0.004836552
0.0048370864
0.0048324895
0.0048223129
0.004806034
0.00478318
0.0047533953
0.0047164492
0.004672249
0.0046208656
0.0045625514
0.0044977432
0.0044270518
0.0043512423
0.0042712043
0.0041879178
0.0041024155
0.004015748
0.0039289501
0.0038430141
0.003758867
0.0036773441
0.0035991534
0.0035248422
0.0034547715
0.0033890945
0.003327744
0.0032704381
0.0032167144
0.0031659954
0.0031176622
0.003071131
0.0030259226
0.0029816891
0.0029381934
0.0028952789
0.0028528303
0.0028107472
0.0027689514
0.0027273945
0.0026860649
0.0026449748
0.0026041249
0.0025634957
0.0025230703
0.00248285
0.0024428227
0.0024029506
0.0023631982
0.002323558
0.0022840206
0.0022445359
0.0022050629
0.0021656006
0.0021261277
0.0020865845
0.0020469449
0.0020072132
0.0019673283
0.0019272536
0.0018869969
0.0018465011
0.0018057314
0.0017646938
0.0017233271
0.0016816048
0.0016395308
0.0015970465
0.0015541324
0.0015107704
0.0014669268
0.0014225832
0.0013777095
0.0013322877
0.0012862961
0.0012397135
0.0011925239
0.0011447111
0.0010962627
0.0010471706
0.00099743173
0.0009470504
0.00089603879
0.00084442569
0.00079224716
0.00073959027
0.00068651158
0.00063328862
0.00057985469
0.00052734298
0.00047437708
0.00042679198
0.00037361052
0.00034928008
0.00027554145
0.00046348145
-0.00027172982
0.0047741846
0.0047840113
0.0047916529
0.0047958807
0.0047957494
0.004790804
0.0047806202
0.0047647028
0.0047426011
0.004713972
0.004678586
0.0046363389
0.0045872746
0.0045316025
0.0044697019
0.004402115
0.0043295306
0.0042527601
0.0041727063
0.0040903313
0.0040066224
0.0039225614
0.0038390969
0.0037571205
0.00367744
0.0036007471
0.0035275855
0.0034583256
0.003393144
0.0033320121
0.0032747009
0.0032208104
0.003169827
0.0031211898
0.0030743606
0.0030288864
0.0029844276
0.0029407454
0.0028976756
0.002855097
0.0028129068
0.002771025
0.0027294004
0.0026880154
0.0026468749
0.0026059765
0.0025653014
0.0025248321
0.0024845666
0.0024444919
0.002404573
0.0023647759
0.0023250902
0.0022855046
0.002245973
0.0022064558
0.0021669478
0.002127428
0.0020878409
0.0020481587
0.0020083823
0.0019684553
0.0019283409
0.0018880426
0.0018475078
0.0018067011
0.0017656251
0.0017242228
0.0016824665
0.0016403575
0.0015978408
0.0015548952
0.0015115023
0.0014676292
0.0014232568
0.0013783557
0.0013329072
0.0012868898
0.0012402822
0.0011930685
0.0011452323
0.0010967612
0.0010476471
0.00099788661
0.00094748414
0.00089645167
0.00084481774
0.00079261824
0.00073993962
0.00068683838
0.00063358972
0.00058012882
0.00052757754
0.00047457543
0.00042689533
0.00037366631
0.00034886139
0.00027679811
0.00045398831
-0.00025898388
0.0047370872
0.0047456745
0.004752208
0.0047555348
0.0047547723
0.0047494956
0.004739305
0.0047237322
0.0047023484
0.004674823
0.0046409288
0.0046005514
0.0045537107
0.0045005776
0.004441479
0.0043768936
0.0043074394
0.0042338533
0.0041569648
0.0040776663
0.0039968829
0.0039155425
0.0038345488
0.0037547565
0.0036769452
0.0036017888
0.0035298255
0.0034614333
0.0033968099
0.0033359626
0.0032787114
0.0032247151
0.0031735205
0.0031246227
0.003077528
0.0030318108
0.0029871423
0.0029432839
0.0029000665
0.0028573639
0.0028150712
0.0027731068
0.0027314168
0.0026899782
0.0026487893
0.0026078445
0.0025671251
0.0025266134
0.0024863041
0.0024461835
0.0024062189
0.0023663778
0.0023266472
0.0022870141
0.0022474362
0.0022078748
0.0021683214
0.0021287549
0.0020891236
0.0020493987
0.0020095774
0.0019696081
0.0019294534
0.0018891133
0.001848539
0.0018076948
0.0017665799
0.0017251415
0.0016833507
0.0016412062
0.0015986564
0.0015556786
0.0015122544
0.0014683512
0.0014239495
0.0013790202
0.0013335445
0.0012875007
0.0012408677
0.0011936293
0.0011457692
0.0010972748
0.0010481381
0.00099835554
0.00094793139
0.00089687748
0.00084522212
0.00079300099
0.00074029987
0.00068717524
0.0006338997
0.00058041057
0.00052781726
0.00047477714
0.00042699466
0.00037371126
0.00034845391
0.00027800486
0.00044440983
-0.00024624307
0.0047001251
0.00470755
0.0047130416
0.0047155197
0.0047141621
0.004708573
0.0046983777
0.0046831343
0.0046624356
0.0046359637
0.0046034943
0.0045649047
0.0045201939
0.0044694978
0.0044130958
0.0043514084
0.0042849875
0.0042145001
0.0041407052
0.004064428
0.003986532
0.0039078909
0.0038293626
0.003751764
0.0036758453
0.0036022612
0.0035315431
0.003464074
0.0034000709
0.0033395737
0.0032824481
0.0032284077
0.0031770566
0.0031279435
0.0030806181
0.003034683
0.0029898223
0.0029458
0.0029024441
0.0028596246
0.0028172351
0.0027751923
0.0027334399
0.0026919501
0.002650715
0.0026097261
0.0025689645
0.002528412
0.0024880606
0.0024478958
0.0024078869
0.0023680027
0.002328228
0.0022885484
0.0022489247
0.0022093194
0.0021697209
0.0021301079
0.0020904324
0.0020506646
0.0020107985
0.0019707865
0.0019305912
0.0018902091
0.0018495948
0.0018087125
0.0017675584
0.0017260833
0.0016842573
0.0016420769
0.0015994934
0.001556483
0.0015130268
0.0014690929
0.0014246612
0.0013797033
0.0013341997
0.001288129
0.00124147
0.0011942063
0.0011463217
0.0010978036
0.0010486437
0.00099883852
0.0009483921
0.00089731616
0.00084563873
0.00079339529
0.00074067088
0.00068752196
0.00063421831
0.00058069966
0.00052806175
0.00047498182
0.00042708925
0.00037374659
0.00034805201
0.00027915602
0.00043474745
-0.00023350189
0.0046633073
0.0046696441
0.0046741586
0.0046758405
0.0046739246
0.0046680436
0.0046578471
0.0046429194
0.0046228747
0.0045974078
0.0045662981
0.0045294164
0.0044867432
0.0044383834
0.0043845733
0.00432568
0.0042621943
0.0041947171
0.0041239407
0.0040506252
0.0039755737
0.0038996059
0.0038235331
0.0037481337
0.0036741274
0.0036021487
0.00353272
0.0034662279
0.003402906
0.0033428239
0.0032858895
0.0032318673
0.0031804155
0.003131134
0.0030836148
0.0030374891
0.002992456
0.0029482841
0.0029048003
0.0028618723
0.0028193924
0.0027772763
0.0027354653
0.0026939271
0.0026526487
0.0026116183
0.002570817
0.0025302257
0.0024898341
0.002449627
0.0024095754
0.0023696492
0.0023298315
0.0022901066
0.0022504377
0.0022107888
0.0021711457
0.0021314866
0.0020917669
0.0020519561
0.0020120453
0.0019719903
0.0019317541
0.0018913297
0.0018506751
0.0018097542
0.0017685606
0.0017270482
0.0016851865
0.0016429698
0.0016003519
0.0015573083
0.0015138195
0.0014698544
0.0014253922
0.0013804051
0.0013348731
0.0012887748
0.0012420892
0.0011947997
0.0011468901
0.0010983476
0.001049164
0.00099933556
0.00094886628
0.00089776768
0.00084606751
0.00079380104
0.0007410525
0.00068787835
0.0006345453
0.00058099577
0.00052831058
0.00047518893
0.00042717833
0.00037377111
0.00034765367
0.00028024792
0.0004250069
-0.00022076633
0.004626643
0.0046319635
0.0046355643
0.0046365018
0.0046340647
0.0046279131
0.0046177204
0.0046030964
0.0045836761
0.0045591676
0.0045293546
0.0044941029
0.004453377
0.0044072544
0.0043559324
0.0042997293
0.0042390793
0.0041745219
0.0041066857
0.0040362684
0.0039640139
0.0038906886
0.003817057
0.0037438579
0.0036717801
0.0036014366
0.0035333391
0.003467876
0.0034052947
0.0033456918
0.0032890137
0.0032350724
0.0031835769
0.0031341754
0.0030865012
0.0030402147
0.002995031
0.0029507256
0.0029071263
0.0028640994
0.0028215368
0.0027793532
0.0027374879
0.002695905
0.0026545866
0.0026135181
0.0025726796
0.0025320519
0.0024916225
0.0024513753
0.0024112828
0.0023713159
0.0023314565
0.0022916874
0.0022519743
0.0022122824
0.0021725951
0.0021328905
0.0020931267
0.002053273
0.0020133176
0.0019732195
0.0019329421
0.0018924753
0.0018517799
0.0018108201
0.0017695866
0.0017280364
0.0016861385
0.0016438849
0.0016012322
0.0015581548
0.0015146329
0.001470636
0.0014261427
0.0013811257
0.0013355647
0.0012894383
0.0012427256
0.0011954096
0.0011474743
0.0010989069
0.0010496989
0.00099984669
0.00094935393
0.00089823202
0.00084650842
0.00079421815
0.0007414446
0.00068824423
0.00063488043
0.00058129857
0.00052856328
0.0004753979
0.00042726103
0.00037378243
0.00034726134
0.00028127458
0.00041519516
-0.00020804701
0.004590142
0.0045945148
0.0045972635
0.0045975075
0.0045945865
0.0045881862
0.0045780034
0.0045636724
0.004544849
0.0045212541
0.0044926768
0.0044589794
0.0044201127
0.0043761298
0.0043271933
0.0042735769
0.0042156627
0.0041539327
0.0040889557
0.0040213693
0.0039518602
0.003881142
0.0038099325
0.0037389309
0.0036687939
0.0036001118
0.0035333845
0.0034689998
0.0034072168
0.0033481561
0.0032917991
0.0032380016
0.0031865199
0.0031370484
0.0030892599
0.0030428442
0.002997534
0.0029531132
0.0029094122
0.0028662975
0.0028236609
0.0027814167
0.0027395026
0.0026978793
0.0026565248
0.0026154216
0.0025745493
0.0025338879
0.0024934232
0.0024531384
0.0024130071
0.0023730012
0.0023331014
0.0022932897
0.0022535335
0.0022137992
0.0021740684
0.002134319
0.0020945114
0.0020546148
0.0020146151
0.0019744739
0.0019341549
0.0018936457
0.0018529092
0.00181191
0.0017706364
0.0017290479
0.0016871133
0.0016448224
0.0016021343
0.0015590226
0.001515467
0.0014714377
0.0014269127
0.0013818653
0.0013362747
0.0012901196
0.0012433791
0.0011960362
0.0011480746
0.0010994817
0.0010502487
0.001000372
0.0009498551
0.0008987092
0.00084696143
0.00079464657
0.00074184707
0.00068861943
0.00063522344
0.00058160773
0.00052881939
0.00047560814
0.00042733636
0.00037378167
0.00034686987
0.00028222254
0.00040532309
-0.0001953565
0.0045538139
0.004557305
0.0045592612
0.0045588615
0.0045554932
0.0045488667
0.0045387005
0.0045246533
0.0045064006
0.0044836767
0.0044562764
0.0044240598
0.0043869664
0.0043450279
0.0042983757
0.0042472431
0.0041919644
0.0041329683
0.0040707669
0.0040059409
0.0039391216
0.0038709708
0.0038021601
0.0037333486
0.0036651607
0.0035981629
0.0035328417
0.0034695824
0.0034086534
0.0033501962
0.0032942243
0.0032406331
0.0031892234
0.0031397328
0.0030918726
0.0030453616
0.002999951
0.0029554349
0.0029116478
0.0028684577
0.002825757
0.00278346
0.0027415033
0.0026998447
0.0026584586
0.0026173249
0.0025764224
0.0025357305
0.0024952335
0.0024549138
0.0024147461
0.0023747031
0.0023347647
0.0022949119
0.0022551139
0.0022153381
0.0021755647
0.0021357712
0.0020959202
0.002055981
0.0020159373
0.001975753
0.0019353925
0.0018948408
0.001854063
0.001813024
0.00177171
0.0017300828
0.001688111
0.0016457824
0.0016030584
0.0015599118
0.001516322
0.0014722597
0.0014277026
0.0013826241
0.0013370033
0.0012908189
0.00124405
0.0011966794
0.0011486911
0.0011000719
0.0010508134
0.0010009116
0.00095036985
0.00089919926
0.00084742655
0.00079508625
0.00074225982
0.0006890038
0.00063557412
0.00058192292
0.00052907841
0.00047581905
0.00042740325
0.00037377111
0.00034646976
0.00028307951
0.00039540192
-0.00018270742
0.0045176686
0.0045203411
0.0045215621
0.0045205669
0.0045167874
0.0045099569
0.0044998151
0.0044860436
0.0044683372
0.0044464435
0.0044201636
0.0043893569
0.0043539534
0.0043139662
0.0042694988
0.0042207481
0.0041680048
0.0041116479
0.0040521366
0.0039899976
0.0039258087
0.0038601816
0.003793742
0.0037271091
0.0036608744
0.00359558
0.0035316973
0.0034696075
0.0034095859
0.0033517921
0.0032962678
0.0032429453
0.0031916659
0.0031422085
0.0030943205
0.0030477498
0.003002267
0.0029576776
0.0029138219
0.0028705703
0.0028278167
0.0027854759
0.0027434837
0.0027017957
0.0026603831
0.0026192236
0.002578295
0.0025375762
0.0024970502
0.0024566988
0.0024164973
0.0023764196
0.0023364445
0.0022965525
0.0022567142
0.0022168981
0.002177083
0.0021372463
0.0020973526
0.0020573711
0.0020172839
0.0019770566
0.0019366544
0.0018960603
0.001855241
0.001814162
0.0017728074
0.0017311411
0.0016891317
0.0016467651
0.0016040046
0.0015608226
0.001517198
0.0014731022
0.0014285123
0.0013834022
0.0013377507
0.0012915364
0.0012447385
0.0011973397
0.0011493238
0.0011006779
0.0010513931
0.0010014655
0.00095089828
0.00089970224
0.00084790379
0.00079553718
0.0007426828
0.00068939722
0.00063593225
0.00058224384
0.00052933989
0.00047603004
0.00042746064
0.00037375303
0.00034603439
0.00028385232
0.00038544373
-0.00017011699
0.0044817155
0.0044836296
0.0044841705
0.0044826264
0.0044784708
0.0044714586
0.0044613492
0.0044478462
0.0044306633
0.0044095611
0.0043843476
0.0043548824
0.0043210879
0.0042829611
0.0042405809
0.0041941116
0.0041438037
0.0040899908
0.0040330827
0.0039735546
0.0039119336
0.0038487825
0.0037846822
0.0037202121
0.0036559307
0.0035923548
0.0035299397
0.0034690605
0.003409997
0.0033529241
0.003297909
0.0032449165
0.0031938261
0.0031444544
0.0030965842
0.0030499912
0.0030044664
0.0029598277
0.0029159224
0.0028726247
0.0028298307
0.0027874563
0.0027454368
0.0027037261
0.0026622929
0.0026211128
0.0025801628
0.0025394213
0.0024988701
0.0024584903
0.0024182583
0.0023781482
0.0023381388
0.0022982097
0.0022583327
0.0022184776
0.0021786222
0.0021387434
0.0020988076
0.0020587843
0.0020186541
0.0019783841
0.0019379404
0.001897304
0.0018564431
0.0018153239
0.0017739286
0.0017322229
0.0016901753
0.0016477704
0.0016049729
0.0015617551
0.0015180953
0.0014739654
0.0014293422
0.0013841999
0.001338517
0.0012922722
0.0012454447
0.001198017
0.001149973
0.0011012997
0.001051988
0.0010020339
0.00095144047
0.00090021823
0.0008483932
0.00079599936
0.00074311593
0.00068979957
0.00063629763
0.00058257018
0.00052960335
0.00047624048
0.00042750742
0.00037373014
0.0003455315
0.00028455179
0.00037546168
-0.0001576099
0.004445964
0.0044471771
0.0044470906
0.0044450422
0.0044405446
0.0044333724
0.0044233038
0.0044100632
0.0043933824
0.0043730349
0.004348836
0.0043206464
0.0042883826
0.004252028
0.0042116398
0.0041673528
0.0041193812
0.0040680169
0.0040136236
0.0039566283
0.0038975096
0.0038367834
0.0037749865
0.0037126594
0.0036503272
0.0035884811
0.0035275588
0.0034679278
0.0034098703
0.0033535738
0.0032991273
0.0032465256
0.0031956823
0.0031464498
0.0030986438
0.0030520677
0.0030065328
0.0029618706
0.0029179367
0.0028746099
0.0028317893
0.0027893925
0.0027473549
0.0027056293
0.0026641821
0.0026229874
0.0025820212
0.0025412616
0.0025006893
0.0024602851
0.0024200258
0.0023798864
0.0023398451
0.0022998813
0.0022599678
0.0022200753
0.0021801808
0.0021402612
0.0021002842
0.0020602199
0.0020200473
0.0019797351
0.00193925
0.0018985715
0.0018576691
0.0018165095
0.0017750734
0.0017333279
0.001691242
0.0016487984
0.0016059635
0.0015627093
0.0015190139
0.0014748493
0.0014301923
0.0013850172
0.0013393024
0.0012930265
0.0012461688
0.0011987116
0.0011506389
0.0011019374
0.0010525982
0.001002617
0.00095199653
0.00090074729
0.00084889482
0.00079647278
0.00074355918
0.00069021074
0.00063667007
0.00058290162
0.00052986832
0.00047644977
0.00042754236
0.00037370676
0.00034494707
0.0002851703
0.00036546531
-0.00014521238
0.004410423
0.0044109896
0.0044103258
0.0044078161
0.0044030092
0.0043956983
0.004385679
0.0043726953
0.0043564966
0.0043368689
0.0043136352
0.004286658
0.0042558495
0.0042211815
0.0041826921
0.0041404901
0.0040947569
0.0040457459
0.0039937783
0.0039392359
0.0038825514
0.0038241956
0.0037646626
0.0037044545
0.0036440634
0.0035839541
0.0035245461
0.0034661975
0.0034091908
0.0033537234
0.0032999032
0.0032477515
0.0031972131
0.0031481733
0.0031004791
0.0030539604
0.0030084492
0.0029637911
0.0029198511
0.0028765138
0.002833682
0.0027912752
0.0027492298
0.0027074978
0.0026660442
0.0026248414
0.002583865
0.0025430925
0.0025025038
0.0024620795
0.0024217967
0.0023816312
0.002341561
0.0023015651
0.0022616173
0.0022216892
0.0021817574
0.0021417984
0.0021017814
0.0020616769
0.0020214627
0.0019811088
0.0019405826
0.0018998624
0.0018589185
0.0018177185
0.0017762415
0.0017344562
0.0016923315
0.001649849
0.0016069764
0.0015636854
0.0015199538
0.0014757541
0.0014310627
0.0013858543
0.001340107
0.0012937995
0.0012469109
0.0011994237
0.0011513216
0.0011025913
0.0010532238
0.0010032147
0.00095256654
0.00090128949
0.00084940868
0.00079695744
0.0007440125
0.0006906306
0.00063704936
0.00058323786
0.00053013431
0.00047665725
0.00042756436
0.00037368315
0.00034427867
0.00028569839
0.00035546151
-0.00013294681
0.0043751009
0.0043750728
0.0043738796
0.0043709494
0.0043658646
0.0043584354
0.0043484738
0.0043357423
0.004320007
0.0043010661
0.0042787502
0.0042529248
0.004223499
0.0041904347
0.0041537537
0.0041135415
0.00406995
0.0040231976
0.0039735662
0.0039213955
0.0038670749
0.0038110318
0.0037537198
0.0036956029
0.0036371406
0.0035787711
0.0035208949
0.0034638591
0.0034079447
0.0033533563
0.0033002178
0.0032485738
0.0031983973
0.0031496038
0.0031020695
0.0030556501
0.0030101978
0.0029655733
0.0029216515
0.0028783238
0.0028354973
0.0027930944
0.0027510527
0.002709324
0.0026678723
0.0026266688
0.0025856887
0.0025449089
0.0025043092
0.0024638694
0.0024235674
0.0023833795
0.0023432837
0.0023032587
0.0022632791
0.0022233175
0.0021833502
0.0021433535
0.0021032978
0.0020631541
0.0020228993
0.0019825044
0.0019419376
0.001901176
0.0018601909
0.0018189505
0.0017774328
0.0017356074
0.0016934438
0.0016509222
0.0016080114
0.0015646834
0.0015209152
0.0014766799
0.0014319537
0.0013867114
0.001340931
0.0012945912
0.0012476713
0.0012001533
0.0011520212
0.0011032615
0.001053865
0.0010038273
0.00095315061
0.00090184491
0.00084993483
0.00079745335
0.00074447582
0.00069105904
0.00063743529
0.00058357857
0.00053040083
0.00047686223
0.00042757233
0.00037365572
0.00034353365
0.00028612902
0.00034545822
-0.00012083549
0.0043400057
0.0043394318
0.0043377545
0.0043344426
0.0043291098
0.0043215821
0.0043116864
0.004299203
0.0042839135
0.0042656279
0.0042441851
0.0042194535
0.0041913404
0.0041597999
0.0041248395
0.0040865241
0.0040449793
0.0040003916
0.0039530068
0.0039031257
0.0038510966
0.0037973064
0.0037421689
0.0036861117
0.003629562
0.0035729313
0.0035166002
0.0034609039
0.0034061196
0.003352457
0.0033000532
0.0032489728
0.003199214
0.0031507201
0.0031033944
0.0030571171
0.0030117605
0.0029672005
0.0029233229
0.0028800264
0.0028372234
0.0027948395
0.0027528141
0.0027110994
0.0026696587
0.0026284628
0.0025874861
0.0025467056
0.0025061004
0.0024656505
0.002425334
0.0023851277
0.0023450099
0.002304959
0.0022649506
0.002224958
0.0021849573
0.0021449248
0.002104832
0.0020646503
0.0020243561
0.001983921
0.0019433141
0.0019025118
0.0018614858
0.0018202051
0.0017786468
0.0017367814
0.0016945786
0.0016520177
0.0016090686
0.0015657031
0.001521898
0.0014776266
0.0014328651
0.0013875885
0.0013417745
0.0012954019
0.0012484499
0.0012009006
0.0011527378
0.001103948
0.0010545219
0.0010044548
0.00095374881
0.00090241359
0.00085047329
0.00079796048
0.00074494909
0.00069149593
0.00063782765
0.0005839234
0.00053066737
0.00047706399
0.00042756512
0.00037362262
0.00034273492
0.00028644007
0.00033546026
-0.00010890253
0.0043051447
0.0043040713
0.0043019527
0.004298296
0.0042927437
0.0042851361
0.0042753145
0.0042630752
0.0042482149
0.0042305552
0.0042099425
0.0041862494
0.0041593821
0.0041292884
0.0040959634
0.0040594544
0.004019863
0.0039773473
0.00393212
0.0038844455
0.0038346343
0.0037830346
0.0037300223
0.0036759898
0.0036213326
0.0035664357
0.0035116591
0.0034573248
0.0034037048
0.0033510114
0.0032993923
0.0032489294
0.003199643
0.0031515013
0.003104433
0.0030583414
0.0030131186
0.0029686555
0.0029248495
0.0028816075
0.0028388475
0.002796499
0.0027545038
0.0027128148
0.0026713955
0.002630216
0.0025892507
0.0025484765
0.0025078723
0.002467418
0.002427092
0.002386872
0.0023467362
0.0023066632
0.0022666292
0.0022266082
0.0021865765
0.0021465104
0.0021063823
0.002066164
0.0020258316
0.0019853574
0.0019447113
0.0019038688
0.0018628025
0.0018214818
0.0017798831
0.0017379777
0.0016957357
0.0016531355
0.0016101478
0.0015667445
0.0015229021
0.0014785943
0.001433797
0.0013884855
0.0013426375
0.0012962315
0.0012492469
0.0012016657
0.0011534716
0.001104651
0.0010551946
0.0010050973
0.0009543612
0.00090299559
0.00085102407
0.00079847882
0.00074543223
0.00069194112
0.00063822618
0.00058427199
0.00053093338
0.00047726175
0.00042754154
0.0003735824
0.00034189645
0.00028660028
0.00032548559
-9.7173033e-05
0.0042705246
0.0042689954
0.004266476
0.0042625091
0.0042567641
0.0042490945
0.0042393546
0.0042273559
0.0042129093
0.0041958473
0.0041760242
0.0041533168
0.0041276311
0.00409891
0.0040671384
0.0040323477
0.0039946188
0.0039540837
0.0039109253
0.0038653746
0.0038177064
0.0037682328
0.0037172938
0.0036652478
0.0036124593
0.003559287
0.0035060701
0.0034531164
0.0034006909
0.0033490068
0.0032982195
0.0032484255
0.0031996644
0.0031519269
0.0031051647
0.003059303
0.0030142529
0.0029699206
0.0029262152
0.0028830523
0.0028403563
0.002798061
0.0027561109
0.0027144607
0.0026730738
0.0026319206
0.0025909754
0.0025502153
0.0025096191
0.0024691667
0.002428837
0.0023886082
0.0023484588
0.0023083678
0.0022683117
0.0022282655
0.0021882055
0.0021481082
0.0021079467
0.0020676936
0.0020273246
0.0019868125
0.001946128
0.0019052462
0.0018641401
0.0018227798
0.0017811411
0.0017391959
0.0016969147
0.0016542751
0.0016112487
0.0015678074
0.0015239274
0.0014795829
0.0014347495
0.0013894026
0.00134352
0.0012970801
0.0012500624
0.0012024486
0.0011542226
0.0011053706
0.001055883
0.0010057549
0.00095498783
0.00090359091
0.00085158716
0.00079900831
0.00074592513
0.00069239443
0.00063863063
0.00058462393
0.0005311983
0.0004774547
0.00042750036
0.00037353396
0.00034096651
0.00028654875
0.00031562428
-8.5657398e-05
0.0042361514
0.0042342075
0.0042313255
0.004227081
0.0042211685
0.0042134538
0.0042038028
0.0041920415
0.0041779937
0.0041615029
0.0041424307
0.0041206586
0.0040960933
0.0040686737
0.0040383763
0.0040052188
0.0039692636
0.0039306196
0.0038894424
0.0038459325
0.0038003319
0.0037529185
0.0037039985
0.0036538976
0.0036029506
0.0035514899
0.0034998338
0.0034482751
0.0033970706
0.0033464319
0.0032965204
0.003247444
0.0031992593
0.0031519767
0.0031055689
0.0030599818
0.0030151441
0.0029709776
0.0029274031
0.0028843454
0.0028417356
0.0027995126
0.0027576241
0.0027160265
0.0026746843
0.0026335682
0.0025926527
0.0025519151
0.0025113345
0.0024708909
0.0024305637
0.0023903316
0.0023501737
0.002310069
0.0022699948
0.0022299268
0.0021898415
0.0021497157
0.0021095233
0.0020692373
0.0020288333
0.0019882848
0.001947563
0.001906643
0.0018654978
0.0018240985
0.0017824202
0.0017404354
0.0016981151
0.0016554363
0.001612371
0.0015688915
0.0015249738
0.0014805922
0.0014357223
0.0013903397
0.001344422
0.0012979477
0.0012508963
0.0012032494
0.0011549908
0.0011061067
0.0010565873
0.0010064276
0.00095562872
0.00090419956
0.00085216252
0.00079954887
0.00074642766
0.00069285565
0.00063904071
0.00058497879
0.00053146154
0.00047764196
0.00042744033
0.00037347688
0.00033987079
0.00028623831
0.00030596642
-7.435983e-05
0.0042020304
0.0041997105
0.0041965015
0.0041920103
0.0041859541
0.0041782098
0.0041686546
0.0041571274
0.0041434646
0.0041275197
0.0041091618
0.0040882771
0.0040647736
0.0040385874
0.004009688
0.0039780813
0.0039438136
0.0039069731
0.0038676907
0.0038261392
0.0037825302
0.0037371099
0.0036901526
0.0036419529
0.0035928166
0.0035430508
0.0034929526
0.0034427993
0.0033928378
0.0033432771
0.0032942817
0.003245969
0.0031984095
0.0031516312
0.0031056257
0.0030603574
0.0030157728
0.0029718079
0.0029283958
0.0028854707
0.0028429708
0.0028008405
0.002759031
0.0027175013
0.0026762171
0.0026351497
0.0025942743
0.0025535686
0.0025130119
0.0024725846
0.0024322666
0.0023920374
0.0023518763
0.0023117628
0.0022716748
0.0022315889
0.0021914818
0.0021513304
0.0021111096
0.0020707929
0.002030356
0.0019897726
0.001949015
0.0019080578
0.0018668746
0.0018254368
0.0017837195
0.0017416955
0.0016993364
0.0016566184
0.0016135143
0.0015699966
0.001526041
0.001481622
0.0014367153
0.0013912966
0.0013453434
0.0012988343
0.0012517486
0.0012040681
0.0011557762
0.0011068594
0.0010573075
0.0010071153
0.00095628383
0.00090482149
0.00085275009
0.0008001004
0.00074693967
0.00069332457
0.00063945607
0.00058533612
0.00053172245
0.00047782259
0.00042736019
0.00037341268
0.00033861035
0.00028564031
0.00029649569
-6.3283849e-05
0.004168166
0.0041655063
0.0041620039
0.0041572946
0.0041511169
0.0041433579
0.0041339046
0.0041226085
0.0041093175
0.0040938945
0.0040762161
0.0040561733
0.0040336757
0.0040086579
0.0039810833
0.0039509481
0.0039182843
0.0038831617
0.0038456894
0.0038060145
0.0037643211
0.0037208259
0.0036757732
0.0036294282
0.003582069
0.0035339777
0.0034854306
0.0034366888
0.0033879886
0.0033395344
0.003291492
0.0032439858
0.0031970981
0.0031508716
0.0031053151
0.0030604101
0.0030161192
0.0029723927
0.0029291756
0.0028864116
0.0028440466
0.0028020306
0.002760319
0.0027188735
0.0026776615
0.0026366556
0.0025958315
0.0025551677
0.002514644
0.0024742412
0.0024339398
0.00239372
0.0023535617
0.0023134448
0.0022733479
0.0022332481
0.0021931229
0.0021529495
0.0021127031
0.0020723583
0.0020318905
0.0019912743
0.0019504823
0.0019094892
0.001868269
0.0018267938
0.0017850382
0.0017429755
0.0017005778
0.001657821
0.0016146782
0.0015711222
0.0015271285
0.001482672
0.0014377283
0.0013922732
0.0013462841
0.0012997397
0.0012526193
0.0012049045
0.0011565789
0.0011076286
0.0010580435
0.0010078181
0.00095695312
0.00090545663
0.00085334976
0.00080066275
0.00074746095
0.0006938009
0.00063987636
0.00058569539
0.00053198037
0.00047799555
0.00042725853
0.00037334426
0.00033720884
0.00028471194
0.00028717972
-5.2432134e-05
0.0041345625
0.0041315966
0.0041278322
0.0041229316
0.0041166532
0.004108893
0.0040995475
0.0040884793
0.0040755475
0.0040606238
0.0040435919
0.0040243476
0.0040028029
0.0039788911
0.0039525713
0.0039238312
0.0038926904
0.0038592027
0.0038234572
0.0037855784
0.0037457249
0.0037040861
0.0036608785
0.0036163396
0.0035707209
0.0035242805
0.0034772739
0.0034299456
0.0033825207
0.0033351974
0.0032881413
0.0032414812
0.003195309
0.0031496801
0.0031046182
0.0030601203
0.0030161638
0.002972713
0.0029297243
0.0028871512
0.0028449472
0.0028030683
0.0027614745
0.0027201307
0.0026790064
0.0026380756
0.0025973151
0.0025567041
0.0025162232
0.0024758537
0.0024355769
0.0023953737
0.0023552247
0.0023151102
0.0022750096
0.0022349007
0.0021947615
0.0021545696
0.002114301
0.0020739308
0.0020334347
0.0019927877
0.0019519632
0.0019109358
0.0018696799
0.0018281681
0.0017863751
0.0017442744
0.0017018386
0.0016590433
0.001615862
0.0015722678
0.0015282361
0.001483742
0.001438761
0.0013932691
0.0013472439
0.0013006637
0.0012535081
0.0012057586
0.0011573986
0.0011084143
0.0010587953
0.0010085358
0.00095763649
0.00090610487
0.00085396141
0.00080123576
0.00074799128
0.00069428434
0.00064030118
0.00058605606
0.0005322346
0.00047815974
0.00042713412
0.00037326252
0.00033568496
0.00028345187
0.0002780031
-4.1804929e-05
0.0041012219
0.0040979814
0.0040939842
0.0040889175
0.0040825575
0.0040748087
0.0040655759
0.0040547326
0.0040421478
0.0040277017
0.004011285
0.0039927981
0.0039721557
0.0039492908
0.0039241588
0.0038967403
0.0038670446
0.0038351111
0.0038010115
0.0037648497
0.0037267609
0.0036869099
0.003645487
0.0036027037
0.0035587866
0.0035139702
0.0034684898
0.0034225734
0.0033764338
0.003330262
0.0032842213
0.0032384438
0.003193028
0.0031480402
0.0031035169
0.003059469
0.0030158877
0.0029727501
0.0029300239
0.0028876722
0.0028456564
0.0028039387
0.0027624839
0.0027212604
0.0026802402
0.0026393991
0.0025987152
0.0025581687
0.0025177412
0.0024774146
0.0024371711
0.0023969924
0.0023568597
0.002316754
0.0022766553
0.0022365424
0.0021963938
0.0021561874
0.0021159002
0.0020755077
0.0020349861
0.0019943107
0.0019534556
0.0019123957
0.0018711056
0.0018295585
0.0017877291
0.0017455912
0.0017031179
0.0016602846
0.0016170651
0.0015734328
0.0015293632
0.0014848314
0.001439813
0.0013942842
0.0013482224
0.0013016062
0.001254415
0.0012066302
0.0011582353
0.0011092163
0.0010595626
0.0010092684
0.00095833383
0.00090676608
0.00085458486
0.00080181921
0.00074853042
0.00069477457
0.0006407301
0.00058641757
0.00053248441
0.00047831409
0.00042698612
0.00037313919
0.00033408372
0.00028189388
0.00026891581
-3.1391872e-05
0.0037093775
0.00382694
0.0039977348
0.0041839279
0.0043961767
0.0046265194
0.0048671134
0.0051316296
0.0054061618
0.0058514094
0.0037093703
0.003826924
0.0039977077
0.0041838791
0.0043960797
0.0046263192
0.004866699
0.0051303142
0.0054025451
0.0057829759
0.0037093563
0.0038268951
0.0039976581
0.0041837875
0.004395898
0.0046259488
0.0048659119
0.0051280889
0.0053963894
0.0057388901
0.0037093341
0.0038268495
0.0039975799
0.0041836426
0.0043956109
0.0046253647
0.0048646748
0.0051247804
0.0053881643
0.005701686
0.0037093028
0.0038267856
0.0039974703
0.0041834392
0.0043952085
0.0046245476
0.004862957
0.0051204062
0.0053773555
0.0056653778
0.0037092616
0.0038267016
0.0039973262
0.0041831722
0.0043946811
0.0046234792
0.0048607311
0.0051149657
0.0053642757
0.0056297295
0.0037092097
0.0038265958
0.0039971445
0.0041828356
0.0043940174
0.0046221393
0.0048579687
0.0051084398
0.0053497039
0.0055943229
0.0037091461
0.003826466
0.0039969216
0.004182423
0.0043932055
0.0046205066
0.0048546406
0.0051008386
0.0053337468
0.0055591123
0.0037090695
0.00382631
0.0039966537
0.0041819274
0.004392233
0.0046185596
0.004850719
0.0050921716
0.0053164516
0.0055240852
0.0037089789
0.0038261256
0.0039963368
0.0041813417
0.0043910867
0.0046162764
0.0048461768
0.0050824483
0.0052978946
0.0054892199
0.003708873
0.0038259101
0.0039959664
0.0041806581
0.0043897528
0.0046136348
0.0048409885
0.0050716802
0.0052781558
0.0054544892
0.0037087504
0.0038256609
0.003995538
0.0041798685
0.004388217
0.0046106126
0.0048351299
0.0050598811
0.0052573102
0.0054198646
0.0037086097
0.003825375
0.0039950467
0.004178964
0.0043864642
0.0046071871
0.0048285784
0.005047067
0.0052354285
0.0053853183
0.0037084493
0.0038250494
0.0039944871
0.0041779357
0.0043844789
0.0046033359
0.0048213133
0.0050332553
0.0052125779
0.0053508231
0.0037082675
0.0038246808
0.0039938535
0.0041767737
0.0043822451
0.0045990368
0.0048133158
0.0050184657
0.0051888221
0.0053163533
0.0037080626
0.0038242656
0.0039931401
0.004175468
0.004379746
0.0045942674
0.0048045692
0.0050027191
0.0051642216
0.0052818851
0.0037078325
0.0038238
0.0039923404
0.0041740078
0.0043769647
0.0045890061
0.0047950592
0.0049860382
0.0051388337
0.0052473974
0.0037075753
0.0038232801
0.0039914478
0.004172382
0.0043738834
0.0045832316
0.0047847736
0.0049684471
0.0051127123
0.0052128718
0.0037072886
0.0038227016
0.003990455
0.0041705787
0.0043704845
0.0045769233
0.0047737028
0.0049499712
0.0050859086
0.0051782934
0.0037069701
0.00382206
0.0039893544
0.0041685858
0.0043667495
0.0045700613
0.0047618398
0.0049306371
0.0050584706
0.0051436504
0.0037066173
0.0038213503
0.0039881381
0.0041663905
0.0043626602
0.0045626267
0.00474918
0.0049104727
0.0050304437
0.0051089348
0.0037062273
0.0038205674
0.0039867977
0.0041639796
0.0043581979
0.0045546015
0.0047357217
0.0048895067
0.0050018708
0.0050741416
0.0037057973
0.003819706
0.0039853241
0.0041613393
0.004353344
0.0045459692
0.0047214655
0.0048677689
0.0049727925
0.005039269
0.0037053242
0.0038187602
0.0039837081
0.0041584554
0.0043480797
0.0045367143
0.004706415
0.0048452899
0.0049432471
0.0050043183
0.0037048045
0.0038177239
0.0039819397
0.0041553134
0.0043423867
0.0045268231
0.0046905762
0.0048221007
0.0049132711
0.0049692934
0.0037042348
0.0038165907
0.0039800086
0.0041518983
0.0043362467
0.0045162834
0.0046739577
0.0047982334
0.0048828991
0.0049342005
0.0037036111
0.0038153537
0.0039779041
0.0041481947
0.0043296418
0.0045050845
0.0046565706
0.0047737203
0.0048521644
0.0048990479
0.0037029294
0.0038140058
0.0039756147
0.0041441869
0.0043225545
0.0044932179
0.0046384284
0.004748594
0.0048210985
0.0048638456
0.0037021853
0.0038125392
0.0039731288
0.004139859
0.0043149682
0.0044806768
0.004619547
0.0047228877
0.0047897323
0.004828605
0.0037013742
0.0038109461
0.003970434
0.0041351949
0.0043068666
0.0044674566
0.0045999443
0.0046966345
0.004758095
0.0047933389
0.0037004912
0.0038092181
0.0039675176
0.0041301784
0.0042982347
0.0044535547
0.0045796405
0.0046698678
0.0047262153
0.0047580607
0.0036995309
0.0038073463
0.0039643664
0.0041247932
0.0042890583
0.0044389707
0.0045586574
0.0046426208
0.0046941209
0.0047227845
0.0036984877
0.0038053215
0.0039609668
0.0041190229
0.0042793242
0.0044237063
0.0045370188
0.0046149267
0.0046618385
0.0046875251
0.0036973557
0.0038031341
0.0039573047
0.0041128513
0.0042690205
0.0044077656
0.0045147499
0.0045868185
0.0046293944
0.0046522974
0.0036961286
0.003800774
0.0039533656
0.0041062626
0.004258137
0.0043911548
0.0044918772
0.0045583287
0.0045968138
0.0046171165
0.0036947995
0.0037982307
0.0039491349
0.0040992409
0.0042466645
0.0043738822
0.0044684285
0.0045294899
0.0045641214
0.0045819973
0.0036933614
0.0037954933
0.0039445972
0.004091771
0.0042345957
0.0043559584
0.0044444326
0.0045003336
0.0045313412
0.0045469549
0.0036918066
0.0037925505
0.0039397373
0.0040838381
0.0042219248
0.004337396
0.0044199192
0.0044708913
0.0044984963
0.0045120038
0.0036901271
0.0037893906
0.0039345396
0.0040754279
0.004208648
0.0043182097
0.0043949183
0.0044411934
0.004465609
0.0044771583
0.0036883145
0.0037860014
0.0039289881
0.0040665269
0.004194763
0.004298416
0.0043694607
0.00441127
0.0044327009
0.0044424321
0.0036863597
0.0037823704
0.0039230671
0.0040571226
0.0041802698
0.0042780333
0.0043435773
0.00438115
0.0043997928
0.0044078386
0.0036842532
0.0037784847
0.0039167606
0.0040472031
0.0041651698
0.0042570814
0.004317299
0.0043508617
0.0043669044
0.0043733904
0.0036819851
0.0037743312
0.0039100526
0.0040367579
0.0041494669
0.0042355818
0.0042906568
0.0043204325
0.0043340547
0.0043390996
0.0036795448
0.0037698964
0.0039029274
0.0040257774
0.0041331665
0.0042135575
0.0042636814
0.0042898885
0.0043012615
0.0043049773
0.0036769211
0.0037651666
0.0038953695
0.0040142533
0.0041162761
0.0041910322
0.004236403
0.004259255
0.0042685419
0.004271034
0.0036741025
0.0037601276
0.0038873634
0.0040021789
0.0040988052
0.0041680311
0.0042088516
0.0042285561
0.0042359117
0.0042372796
0.0036710767
0.0037547653
0.0038788943
0.0039895488
0.0040807649
0.0041445799
0.0041810564
0.0041978148
0.0042033858
0.0042037227
0.0036678309
0.0037490653
0.0038699477
0.003976359
0.0040621681
0.0041207051
0.004153046
0.0041670529
0.004170978
0.0041703713
0.0036643523
0.0037430137
0.0038605101
0.0039626077
0.0040430291
0.0040964333
0.0041248479
0.004136291
0.004138701
0.0041372329
0.003660628
0.0037365974
0.0038505685
0.0039482949
0.0040233637
0.0040717907
0.0040964879
0.0041055471
0.004106565
0.004104312
0.0036564747
0.0037295205
0.0038396724
0.0039328032
0.0040023521
0.0040457676
0.0040668096
0.0040735651
0.0040732521
0.0040702549
0.0036513626
0.0037209371
0.0038265411
0.0039143865
0.0039777245
0.0040156382
0.0040327667
0.0040371034
0.004035411
0.0040316508
0.0036447053
0.0037099978
0.0038099206
0.0038914333
0.0039475509
0.0039792411
0.0039920699
0.0039938166
0.0039906761
0.0039861276
0.003635948
0.0036960515
0.0037888962
0.0038628898
0.0039107907
0.0039356129
0.0039438507
0.00394292
0.0039383181
0.003932984
0.0036242897
0.0036782787
0.0037623962
0.0038275397
0.0038663243
0.0038837995
0.0038873025
0.0038837161
0.0038777161
0.0038716558
0.003608606
0.0036556028
0.00372924
0.003784095
0.0038130579
0.0038229767
0.0038218033
0.0038156948
0.0038083977
0.0038016689
0.0035874854
0.0036266855
0.0036880202
0.0037311881
0.0037499579
0.0037524882
0.0037469659
0.0037386641
0.0037303404
0.0037231338
0.0035591533
0.0035898468
0.0036372196
0.0036675947
0.0036762684
0.0036719925
0.003662607
0.0036523598
0.0036431103
0.0036354894
0.0035214235
0.0035430967
0.003575343
0.0035923923
0.0035916205
0.0035816447
0.0035694149
0.0035580071
0.0035483613
0.0035406294
0.0034717716
0.0034842826
0.0035010993
0.0035051353
0.0034959942
0.0034812431
0.0034664807
0.0034538654
0.0034437664
0.0034359649
0.0034075661
0.0034113324
0.003413585
0.0034060476
0.0033907079
0.0033735907
0.0033583212
0.003345829
0.0033359738
0.0033284028
0.0033265535
0.0033226124
0.0033124595
0.0032951122
0.0032740959
0.0032539887
0.0032372718
0.0032243061
0.0032145276
0.0032072479
0.0032273716
0.0032177209
0.0031989488
0.0031767763
0.0031555659
0.0031372345
0.0031222092
0.003110337
0.0031012377
0.0030944231
0.0031106811
0.0030972352
0.0030713379
0.0030424459
0.003016723
0.0029961859
0.0029806172
0.002969071
0.0029605868
0.0029543915
0.002979699
0.0029672742
0.002945482
0.0029238254
0.0029055143
0.0028902897
0.0028777444
0.0028677865
0.0028602024
0.0028545692
0.0028388783
0.002820326
0.002788757
0.0027585468
0.0027360105
0.0027200106
0.0027082317
0.0026994379
0.0026929787
0.0026883071
0.0027065794
0.0027089293
0.0027029549
0.0026916992
0.0026790975
0.0026672068
0.0026571393
0.0026492082
0.0026431837
0.0026386824
0.0025476603
0.0025101188
0.0024699459
0.0024414935
0.0024220304
0.002407806
0.0023972996
0.0023897075
0.0023842799
0.0023803871
0.0040667712
0.0040632764
0.0040590658
0.0040538511
0.0040474252
0.0040397005
0.0040305901
0.0040199778
0.0040077425
0.0039937727
0.0039779656
0.003960227
0.0039404744
0.0039186409
0.0038946791
0.0038685639
0.0038402949
0.0038098987
0.0037774309
0.003742976
0.0037066477
0.0036685868
0.0036289588
0.0035879498
0.0035457616
0.0035026056
0.0034586963
0.0034142444
0.0033694495
0.0033244941
0.0032795377
0.0032347134
0.0031901251
0.003145848
0.0031019297
0.0030583942
0.0030152457
0.0029724736
0.0029300569
0.0028879685
0.002846178
0.0028046543
0.0027633674
0.0027222897
0.0026813963
0.0026406649
0.0026000754
0.0025596093
0.0025192492
0.0024789781
0.002438779
0.0023986345
0.0023585267
0.0023184374
0.0022783472
0.0022382359
0.0021980827
0.002157866
0.0021175634
0.0020771514
0.0020366064
0.0019959043
0.0019550198
0.0019139281
0.0018726042
0.0018310218
0.0017891556
0.00174698
0.0017044684
0.0016615961
0.0016183373
0.0015746657
0.0015305568
0.0014859857
0.0014409283
0.0013953609
0.0013492608
0.0013026067
0.0012553779
0.001207556
0.0011591242
0.0011100683
0.0010603779
0.0010100467
0.00095907447
0.00090746803
0.00085524627
0.0008024375
0.00074910074
0.0006952918
0.00064118053
0.0005867943
0.00053273897
0.00047846338
0.00042680599
0.00037294046
0.00033236243
0.00027999533
0.00025948194
-2.0782683e-05
0.004027769
0.0040240201
0.0040195992
0.0040142435
0.0040077638
0.0040000803
0.0039911151
0.0039807626
0.0039689122
0.003955461
0.0039403139
0.0039233821
0.0039045866
0.0038838616
0.0038611575
0.0038364436
0.0038097105
0.0037809724
0.0037502688
0.003717665
0.0036832523
0.0036471471
0.003609489
0.0035704372
0.0035301671
0.0034888652
0.0034467229
0.0034039315
0.0033606749
0.0033171246
0.0032734345
0.0032297365
0.0031861383
0.0031427227
0.0030995479
0.0030566504
0.0030140473
0.0029717413
0.0029297234
0.0028879772
0.0028464815
0.0028052131
0.0027641483
0.0027232641
0.0026825395
0.002641955
0.0026014928
0.002561136
0.0025208688
0.0024806754
0.00244054
0.0024004464
0.0023603778
0.0023203168
0.0022802452
0.0022401437
0.0021999921
0.00215977
0.0021194556
0.0020790262
0.0020384589
0.0019977302
0.0019568154
0.0019156904
0.0018743303
0.0018327097
0.0017908034
0.0017485862
0.0017060321
0.0016631162
0.0016198132
0.0015760973
0.0015319437
0.001487328
0.0014422261
0.0013966145
0.0013504704
0.0013037726
0.0012565006
0.0012086356
0.0011601609
0.0011110624
0.0010613291
0.0010109546
0.00095993817
0.00090828621
0.00085601656
0.00080315668
0.00074976286
0.00069589044
0.00064169914
0.00058722407
0.00053302208
0.00047861774
0.00042656784
0.00037262585
0.00033033581
0.00027752648
0.00024876488
-9.1183512e-06
0.0039818408
0.0039778368
0.0039732087
0.0039677215
0.0039612053
0.0039535891
0.0039448037
0.0039347552
0.0039233441
0.0039104772
0.0038960674
0.0038800327
0.0038622983
0.0038428002
0.0038214874
0.0037983244
0.0037732934
0.0037463965
0.0037176571
0.0036871208
0.0036548562
0.0036209541
0.0035855265
0.0035487041
0.0035106335
0.0034714732
0.0034313888
0.0033905488
0.0033491183
0.0033072546
0.0032651027
0.0032227906
0.0031804275
0.003138102
0.0030958816
0.0030538146
0.0030119315
0.0029702483
0.0029287692
0.0028874899
0.0028463998
0.0028054848
0.0027647288
0.0027241152
0.0026836276
0.0026432504
0.0026029689
0.0025627688
0.0025226361
0.0024825569
0.0024425172
0.0024025022
0.0023624965
0.002322484
0.0022824478
0.0022423699
0.0022022313
0.0021620124
0.0021216926
0.0020812502
0.0020406632
0.0019999087
0.0019589633
0.001917803
0.0018764039
0.0018347411
0.0017927899
0.0017505256
0.0017079228
0.0016649566
0.0016216023
0.0015778344
0.0015336283
0.0014889599
0.0014438052
0.0013981408
0.0013519442
0.001305194
0.0012578698
0.0012099528
0.0011614263
0.0011122757
0.0010624902
0.0010120627
0.00096099204
0.00090928393
0.00085695496
0.00080403147
0.00075056636
0.00069661411
0.0006423222
0.00058773397
0.00053334802
0.00047877505
0.00042624007
0.00037214593
0.00032783773
0.00027421272
0.0002362493
3.7828548e-06
0.0039282966
0.0039240464
0.0039192248
0.0039136251
0.0039070977
0.0038995805
0.0038910135
0.0038813144
0.0038703953
0.0038581736
0.0038445708
0.0038295123
0.0038129287
0.0037947585
0.0037749505
0.0037534655
0.0037302786
0.0037053804
0.0036787792
0.003650502
0.0036205947
0.0035891227
0.0035561699
0.0035218374
0.0034862417
0.0034495112
0.0034117834
0.0033732008
0.0033339065
0.00329404
0.0032537336
0.003213108
0.0031722704
0.0031313119
0.0030903072
0.0030493143
0.0030083762
0.0029675219
0.0029267689
0.0028861257
0.0028455936
0.0028051687
0.0027648439
0.0027246103
0.0026844575
0.0026443752
0.0026043525
0.0025643785
0.0025244424
0.0024845325
0.0024446371
0.0024047435
0.0023648382
0.0023249069
0.0022849342
0.0022449038
0.0022047982
0.0021645992
0.0021242875
0.0020838427
0.002043244
0.0020024695
0.0019614969
0.0019203031
0.0018788649
0.0018371584
0.0017951595
0.0017528441
0.0017101875
0.0016671652
0.0016237529
0.0015799257
0.0015356593
0.0014909298
0.0014457135
0.0013999873
0.0013537288
0.0013069166
0.0012595304
0.0012115513
0.0011629624
0.0011137493
0.0010639004
0.0010134084
0.00096227153
0.00091049442
0.00085809219
0.0008050896
0.00075153546
0.00069748265
0.00064306421
0.00058833116
0.00053371513
0.00047891833
0.00042579109
0.00037142328
0.00032477563
0.00026987816
0.00022199993
1.7296705e-05
0.0038666118
0.003862148
0.0038571668
0.0038514914
0.0038449931
0.0038376185
0.0038293163
0.0038200161
0.0038096419
0.0037981215
0.003785386
0.0037713685
0.0037560058
0.0037392403
0.0037210216
0.0037013085
0.0036800703
0.0036572884
0.0036329577
0.003607088
0.0035797046
0.0035508485
0.0035205767
0.0034889612
0.0034560879
0.0034220547
0.0033869693
0.003350946
0.0033141029
0.0032765584
0.0032384279
0.0031998206
0.0031608371
0.0031215673
0.0030820888
0.0030424665
0.0030027528
0.0029629883
0.002923203
0.0028834179
0.0028436462
0.0028038954
0.0027641686
0.0027244653
0.0026847829
0.0026451173
0.0026054629
0.0025658135
0.002526162
0.0024865002
0.0024468192
0.0024071093
0.0023673594
0.0023275575
0.0022876906
0.0022477442
0.002207703
0.0021675504
0.002127269
0.0020868401
0.0020462441
0.0020054609
0.0019644692
0.0019232475
0.0018817734
0.0018400242
0.0017979768
0.0017556077
0.0017128931
0.0016698093
0.0016263325
0.0015824384
0.0015381033
0.0014933036
0.0014480161
0.0014022177
0.0013558865
0.001309001
0.0012615411
0.0012134879
0.0011648243
0.0011155356
0.0010656099
0.0010150394
0.0009638213
0.00091195914
0.00085946607
0.00080636476
0.00075269901
0.00069851898
0.000643941
0.00058902159
0.00053411818
0.00047902194
0.00042517891
0.00037035292
0.00032104283
0.00026440478
0.00020637908
3.0464226e-05
0.0037963063
0.0037916706
0.0037865756
0.0037808693
0.003774444
0.003767256
0.0037592625
0.0037504041
0.0037406165
0.0037298381
0.0037180093
0.0037050716
0.0036909686
0.0036756474
0.0036590601
0.003641165
0.0036219277
0.0036013227
0.0035793344
0.0035559582
0.0035312013
0.0035050834
0.0034776371
0.0034489071
0.0034189507
0.0033878359
0.0033556403
0.0033224494
0.0032883542
0.0032534491
0.0032178291
0.0031815875
0.0031448135
0.0031075903
0.0030699935
0.0030320903
0.0029939384
0.0029555866
0.0029170746
0.0028784343
0.0028396903
0.002800861
0.0027619597
0.0027229955
0.0026839744
0.0026448996
0.0026057722
0.0025665915
0.0025273553
0.0024880601
0.0024487009
0.0024092713
0.0023697638
0.0023301694
0.0022904777
0.0022506773
0.0022107551
0.0021706971
0.002130488
0.0020901111
0.0020495492
0.0020087836
0.0019677952
0.0019265636
0.0018850683
0.0018432878
0.0018012001
0.0017587832
0.0017160142
0.0016728703
0.0016293284
0.0015853653
0.0015409579
0.001496083
0.001450718
0.0014048403
0.0013584281
0.0013114604
0.0012639169
0.0012157789
0.0011670291
0.0011176524
0.0010676367
0.0010169732
0.00096565804
0.00091369333
0.00086108973
0.00080786704
0.00075406305
0.00069972346
0.00064494571
0.00058978755
0.00053452723
0.00047903195
0.00042433262
0.00036879968
0.00031649626
0.00025767953
0.00019031541
4.2158956e-05
0.0037175628
0.0037128192
0.0037076721
0.0037019983
0.0036957071
0.0036887618
0.0036811276
0.0036727557
0.003663593
0.0036535879
0.00364269
0.0036308491
0.0036180161
0.0036041436
0.0035891874
0.0035731071
0.003555867
0.0035374374
0.0035177952
0.0034969251
0.0034748201
0.0034514826
0.0034269245
0.0034011674
0.0033742428
0.0033461916
0.0033170634
0.0032869155
0.0032558118
0.0032238211
0.0031910154
0.0031574683
0.0031232531
0.0030884412
0.0030531006
0.0030172946
0.002981081
0.0029445117
0.0029076321
0.0028704813
0.0028330926
0.0027954937
0.0027577071
0.0027197513
0.0026816408
0.0026433867
0.0026049975
0.0025664791
0.0025278354
0.0024890682
0.0024501774
0.0024111613
0.0023720164
0.0023327376
0.0022933184
0.0022537505
0.0022140242
0.0021741285
0.002134051
0.0020937779
0.0020532943
0.0020125842
0.0019716305
0.0019304152
0.0018889195
0.0018471239
0.0018050081
0.0017625516
0.001719733
0.0016765307
0.0016329228
0.0015888873
0.0015444019
0.0014994443
0.0014539925
0.0014080246
0.0013615192
0.0013144556
0.0012668138
0.001218575
0.0011697219
0.0011202391
0.0010701136
0.0010193359
0.00096790076
0.00091580823
0.00086306593
0.0008096898
0.00075571039
0.0007011666
0.00064613479
0.00059066742
0.00053496141
0.00047893534
0.00042322013
0.0003666593
0.0003111491
0.00024952333
0.00017475473
5.1223678e-05
0.0036297755
0.0036250017
0.0036198765
0.0036142972
0.003608194
0.0036015391
0.0035943043
0.0035864495
0.0035779315
0.0035687082
0.0035587379
0.0035479785
0.003536388
0.0035239253
0.0035105506
0.0034962265
0.0034809182
0.0034645943
0.0034472277
0.0034287961
0.003409283
0.0033886777
0.0033669767
0.0033441833
0.0033203081
0.0032953692
0.0032693919
0.0032424083
0.0032144568
0.0031855813
0.0031558301
0.0031252552
0.0030939106
0.0030618515
0.003029133
0.002995809
0.0029619312
0.0029275485
0.0028927061
0.0028574456
0.0028218043
0.0027858155
0.0027495086
0.0027129088
0.0026760382
0.0026389151
0.0026015553
0.0025639714
0.0025261736
0.0024881698
0.0024499655
0.0024115643
0.0023729678
0.0023341755
0.0022951853
0.0022559932
0.0022165934
0.0021769789
0.0021371406
0.0020970685
0.0020567507
0.0020161743
0.0019753252
0.0019341882
0.0018927469
0.0018509844
0.0018088826
0.0017664229
0.001723586
0.001680352
0.0016367006
0.0015926112
0.0015480628
0.0015030342
0.0014575045
0.0014114527
0.0013648578
0.0013176997
0.0012699588
0.0012216163
0.0011726548
0.0011230585
0.0010728137
0.0010219097
0.00097033952
0.00091810061
0.00086519676
0.00081163879
0.00075744855
0.00070265519
0.00064731177
0.00059145696
0.00053520697
0.00047849845
0.00042160196
0.00036367387
0.00030488214
0.00024017761
0.00016030846
5.6797959e-05
0.0035349136
0.0035301738
0.003525136
0.0035197201
0.0035138657
0.0035075494
0.0035007495
0.0034934349
0.0034855708
0.0034771233
0.0034680583
0.0034583414
0.0034479374
0.0034368115
0.0034249291
0.0034122568
0.0033987621
0.0033844147
0.0033691862
0.0033530511
0.0033359873
0.0033179763
0.0032990039
0.0032790608
0.0032581424
0.0032362494
0.003213388
0.0031895697
0.0031648112
0.0031391343
0.0031125655
0.003085135
0.0030568769
0.0030278277
0.0029980261
0.0029675119
0.0029363255
0.0029045069
0.0028720952
0.0028391283
0.002805642
0.0027716701
0.0027372438
0.0027023918
0.0026671403
0.0026315128
0.00259553
0.0025592103
0.0025225696
0.0024856215
0.002448377
0.0024108452
0.0023730329
0.002334945
0.0022965843
0.0022579516
0.0022190459
0.0021798645
0.002140403
0.0021006551
0.0020606134
0.0020202686
0.0019796103
0.0019386269
0.0018973053
0.0018556316
0.0018135908
0.001771167
0.0017283433
0.0016851025
0.0016414262
0.0015972958
0.0015526922
0.0015075959
0.0014619871
0.001415846
0.0013691529
0.001321888
0.0012740324
0.0012255675
0.0011764758
0.0011267411
0.0010763489
0.0010252869
0.00097354582
0.00092112006
0.00086800858
0.0008142156
0.0007597525
0.00070463541
0.00064889172
0.00059253712
0.00053561002
0.00047803069
0.00041976857
0.00036015888
0.00029815665
0.00023085068
0.00014769219
5.9046859e-05
0.0034303368
0.0034257389
0.0034208795
0.0034156957
0.0034101474
0.0034042177
0.0033978886
0.0033911347
0.0033839291
0.0033762447
0.0033680545
0.0033593304
0.0033500439
0.0033401659
0.0033296673
0.0033185192
0.0033066928
0.00329416
0.0032808939
0.0032668687
0.0032520601
0.0032364461
0.0032200068
0.0032027252
0.0031845873
0.0031655822
0.0031457027
0.0031249453
0.0031033105
0.0030808025
0.0030574293
0.0030332026
0.0030081379
0.0029822535
0.0029555706
0.002928113
0.0028999064
0.0028709778
0.0028413554
0.0028110678
0.0027801439
0.0027486122
0.0027165004
0.0026838354
0.002650643
0.0026169472
0.0025827709
0.0025481348
0.0025130582
0.0024775583
0.0024416504
0.0024053481
0.0023686627
0.0023316039
0.0022941793
0.0022563946
0.0022182537
0.0021797587
0.0021409099
0.0021017059
0.0020621436
0.0020222186
0.0019819246
0.0019412542
0.0019001984
0.0018587473
0.0018168894
0.0017746124
0.0017319028
0.0016887462
0.0016451274
0.0016010302
0.0015564379
0.0015113332
0.0014656982
0.0014195147
0.0013727643
0.0013254285
0.001277489
0.0012289276
0.0011797268
0.0011298699
0.0010793415
0.0010281275
0.00097621577
0.00092359677
0.00087026359
0.00081621223
0.00076144177
0.0007059519
0.00064974232
0.00059279756
0.00053508397
0.00047647922
0.00041673014
0.00035526253
0.00029040693
0.00022100016
0.00013631842
5.7980165e-05
0.0033229662
0.0033185337
0.0033138841
0.0033089704
0.0033037547
0.0032982221
0.0032923596
0.0032861481
0.0032795663
0.0032725929
0.0032652062
0.003257384
0.0032491031
0.0032403401
0.0032310714
0.0032212733
0.003210921
0.0031999893
0.0031884534
0.0031762892
0.0031634735
0.0031499834
0.0031357972
0.0031208946
0.0031052566
0.0030888662
0.0030717083
0.0030537699
0.0030350407
0.0030155126
0.0029951805
0.0029740419
0.002952097
0.0029293488
0.0029058032
0.0028814683
0.0028563547
0.0028304753
0.0028038447
0.0027764792
0.0027483965
0.0027196154
0.0026901553
0.0026600362
0.0026292783
0.0025979015
0.0025659256
0.0025333699
0.0025002526
0.0024665914
0.0024324027
0.0023977016
0.0023625022
0.0023268169
0.0022906569
0.0022540315
0.002216949
0.0021794156
0.0021414363
0.0021030143
0.0020641514
0.002024848
0.0019851026
0.0019449126
0.0019042738
0.0018631808
0.0018216266
0.0017796032
0.0017371011
0.0016941098
0.0016506176
0.0016066116
0.0015620783
0.0015170029
0.0014713701
0.0014251639
0.0013783676
0.0013309643
0.0012829364
0.0012342667
0.0011849377
0.0011349322
0.0010842335
0.0010328256
0.00098069308
0.00092782156
0.00087419727
0.00081980651
0.00076463444
0.00070866178
0.00065185956
0.00059417705
0.00053551852
0.0004757116
0.00041436848
0.00035098493
0.00028374043
0.00021276035
0.00012798079
5.612901e-05
0.003202119
0.0031979886
0.0031936647
0.0031891109
0.0031843068
0.0031792427
0.0031739066
0.0031682832
0.0031623558
0.003156108
0.0031495228
0.0031425824
0.0031352685
0.0031275619
0.0031194433
0.0031108926
0.0031018891
0.0030924121
0.0030824403
0.0030719524
0.003060927
0.0030493429
0.003037179
0.0030244146
0.0030110296
0.0029970044
0.0029823206
0.0029669604
0.0029509077
0.0029341475
0.0029166663
0.0028984523
0.0028794956
0.0028597881
0.0028393237
0.0028180982
0.0027961094
0.0027733572
0.0027498434
0.0027255715
0.0027005468
0.0026747764
0.0026482687
0.0026210334
0.0025930812
0.0025644239
0.0025350739
0.0025050442
0.0024743479
0.0024429985
0.0024110093
0.0023783932
0.002345163
0.0023113309
0.0022769082
0.0022419057
0.0022063333
0.0021701996
0.0021335126
0.0020962789
0.002058504
0.0020201922
0.0019813469
0.0019419698
0.0019020617
0.0018616219
0.0018206484
0.0017791381
0.0017370861
0.0016944866
0.0016513321
0.0016076142
0.0015633228
0.0015184469
0.0014729743
0.0014268917
0.001380185
0.0013328392
0.0012848384
0.0012361662
0.0011868053
0.0011367384
0.0010859474
0.0010344139
0.00098211892
0.00092904262
0.00087516355
0.00082045742
0.00076489465
0.00070843628
0.00065102631
0.00059258101
0.00053295909
0.00047195202
0.00040912481
0.00034406276
0.00027510136
0.00020320272
0.00011945285
5.2037653e-05
0.0030896153
0.003085728
0.0030816794
0.0030774463
0.0030730047
0.0030683439
0.0030634561
0.0030583299
0.0030529524
0.0030473102
0.00304139
0.0030351777
0.0030286588
0.0030218177
0.0030146382
0.0030071036
0.0029991972
0.0029909019
0.0029822003
0.0029730741
0.0029635045
0.0029534727
0.0029429597
0.0029319461
0.0029204127
0.0029083403
0.0028957098
0.0028825026
0.0028686999
0.0028542841
0.0028392374
0.0028235426
0.002807184
0.0027901472
0.0027724189
0.0027539865
0.0027348387
0.0027149656
0.0026943588
0.0026730114
0.0026509178
0.002628074
0.0026044773
0.0025801266
0.0025550221
0.0025291653
0.0025025588
0.0024752065
0.0024471131
0.0024182843
0.0023887265
0.0023584466
0.0023274523
0.0022957514
0.0022633521
0.0022302632
0.0021964933
0.0021620512
0.0021269452
0.0020911832
0.0020547727
0.0020177207
0.0019800335
0.0019417164
0.0019027739
0.0018632095
0.0018230252
0.0017822218
0.0017407989
0.0016987546
0.0016560857
0.0016127875
0.0015688539
0.0015242773
0.0014790487
0.0014331577
0.0013865929
0.0013393415
0.0012913894
0.0012427213
0.0011933207
0.0011431698
0.0010922495
0.0010405392
0.00098801613
0.00093465521
0.00088042748
0.0008252985
0.00076922528
0.00071215193
0.00065400163
0.00059466795
0.00053398689
0.00047174311
0.00040752453
0.00034104008
0.00027089207
0.00019857126
0.00011595257
5.0735369e-05
0.0029500911
0.0029466613
0.0029430867
0.0029393456
0.0029354298
0.0029313341
0.0029270501
0.0029225677
0.0029178768
0.0029129669
0.0029078275
0.0029024471
0.0028968138
0.0028909154
0.0028847391
0.0028782713
0.0028714983
0.0028644057
0.0028569786
0.0028492017
0.0028410591
0.0028325344
0.0028236111
0.0028142719
0.0028044996
0.0027942762
0.0027835838
0.0027724042
0.0027607191
0.00274851
0.0027357586
0.002722446
0.0027085539
0.0026940646
0.0026789605
0.0026632246
0.0026468409
0.0026297936
0.0026120674
0.0025936479
0.0025745217
0.0025546761
0.0025340994
0.0025127812
0.0024907118
0.0024678828
0.0024442868
0.0024199174
0.0023947696
0.0023688391
0.0023421228
0.0023146187
0.0022863257
0.0022572439
0.0022273745
0.0021967199
0.0021652831
0.0021330675
0.0021000782
0.0020663211
0.0020318029
0.0019965309
0.001960513
0.0019237571
0.0018862714
0.0018480635
0.0018091397
0.0017695049
0.0017291626
0.0016881149
0.0016463624
0.0016039042
0.0015607374
0.0015168578
0.0014722595
0.0014269349
0.0013808752
0.0013340694
0.0012865047
0.0012381666
0.0011890391
0.0011391038
0.0010883405
0.0010367262
0.00098423488
0.0009308365
0.00087649581
0.00082117048
0.00076480767
0.00070733988
0.00064867931
0.00058871255
0.00052727783
0.00046418232
0.00039908059
0.00033181054
0.00026126687
0.00018922987
0.00010866699
4.6429778e-05
0.0028506126
0.0028474149
0.0028440953
0.0028406425
0.0028370377
0.0028332723
0.0028293415
0.0028252382
0.002820954
0.0028164799
0.0028118072
0.0028069265
0.002801828
0.0027965017
0.0027909368
0.0027851224
0.0027790468
0.0027726981
0.0027660639
0.0027591311
0.0027518863
0.0027443157
0.0027364048
0.0027281389
0.0027195026
0.00271048
0.002701055
0.002691211
0.002680931
0.0026701975
0.0026589929
0.0026472995
0.0026350992
0.0026223734
0.0026091033
0.0025952707
0.0025808569
0.0025658436
0.0025502126
0.0025339461
0.0025170266
0.0024994363
0.0024811584
0.0024621761
0.0024424735
0.002422035
0.0024008459
0.0023788918
0.0023561591
0.0023326347
0.0023083061
0.0022831607
0.0022571874
0.0022303695
0.0022027007
0.002174203
0.0021448791
0.0021147217
0.0020837278
0.0020518994
0.0020192399
0.0019857531
0.0019514436
0.0019163164
0.0018803766
0.0018436286
0.0018060757
0.0017677216
0.0017285699
0.0016886238
0.0016478846
0.0016063524
0.0015640256
0.0015208999
0.001476969
0.0014322277
0.0013866708
0.0013402893
0.0012930713
0.0012450033
0.0011960696
0.0011462524
0.001095531
0.0010438815
0.00099127634
0.00093768318
0.00088306378
0.00082737233
0.00077055304
0.0007125374
0.0006532393
0.00059255283
0.00053033597
0.00046643562
0.00040057599
0.00033269976
0.00026184133
0.00018987915
0.00010969625
4.740681e-05
0.002685091
0.0026825349
0.0026798684
0.0026770783
0.0026741626
0.002671118
0.0026679379
0.0026646152
0.0026611431
0.0026575147
0.0026537224
0.0026497585
0.0026456149
0.002641283
0.0026367539
0.0026320183
0.0026270664
0.0026218881
0.0026164727
0.0026108092
0.0026048861
0.0025986913
0.0025922123
0.0025854361
0.0025783489
0.0025709367
0.002563185
0.0025550791
0.0025466032
0.0025377411
0.0025284765
0.0025187923
0.0025086711
0.0024980949
0.002487045
0.0024755023
0.0024634471
0.0024508594
0.002437719
0.0024240053
0.0024096973
0.0023947737
0.0023792128
0.0023629929
0.0023460918
0.0023284871
0.0023101561
0.0022910759
0.0022712231
0.002250574
0.0022291042
0.0022067884
0.0021836004
0.002159512
0.0021344917
0.0021085155
0.0020815811
0.0020536957
0.0020248669
0.0019951041
0.0019644217
0.0019328401
0.0019003859
0.0018670942
0.0018330073
0.0017981433
0.0017624861
0.001726018
0.0016887334
0.0016506299
0.0016117004
0.0015719351
0.0015313242
0.0014898583
0.0014475271
0.0014043194
0.0013602231
0.0013152245
0.0012693089
0.0012224598
0.0011746591
0.0011258865
0.0010761194
0.0010253322
0.00097349597
0.00092057743
0.00086653829
0.00081133394
0.00075491202
0.00069721086
0.0006381567
0.00057766443
0.00051562664
0.00045194279
0.00038642351
0.00031912005
0.00024929725
0.00017895499
0.0001019281
4.3165789e-05
0.0026355016
0.0026329208
0.0026302512
0.0026274851
0.0026246034
0.0026215982
0.0026184669
0.0026152048
0.0026118053
0.0026082616
0.0026045669
0.0026007143
0.0025966962
0.002592505
0.0025881324
0.0025835698
0.0025788084
0.0025738388
0.002568651
0.0025632349
0.0025575797
0.0025516742
0.0025455068
0.0025390651
0.0025323366
0.0025253078
0.002517965
0.0025102939
0.0025022795
0.0024939065
0.0024851588
0.0024760202
0.0024664733
0.0024565004
0.0024460834
0.0024352034
0.0024238411
0.0024119768
0.00239959
0.0023866597
0.0023731648
0.0023590839
0.0023443952
0.0023290769
0.0023131066
0.0022964621
0.0022791213
0.0022610623
0.0022422635
0.0022227038
0.0022023626
0.0021812207
0.0021592589
0.0021364647
0.0021128168
0.0020882734
0.0020628166
0.0020364421
0.0020091452
0.0019809199
0.0019517629
0.0019216758
0.0018906638
0.0018587376
0.0018259132
0.001792206
0.0017576276
0.0017221983
0.0016859411
0.0016488506
0.0016109032
0.0015720792
0.0015323644
0.0014917449
0.0014502053
0.0014077296
0.0013643014
0.0013199042
0.0012745205
0.0012281319
0.0011807186
0.0011322595
0.0010827313
0.001032109
0.00098036431
0.0009274661
0.00087337908
0.00081806326
0.00076147284
0.00070355529
0.0006442491
0.00058348496
0.0005211745
0.00045723826
0.0003915028
0.00032402438
0.00025401089
0.00018337307
0.00010544157
4.5212818e-05
0.0023777083
0.0023755833
0.0023733723
0.0023710647
0.0023686592
0.0023661535
0.0023635424
0.0023608206
0.0023579827
0.0023550234
0.002351937
0.0023487175
0.0023453586
0.0023418536
0.0023381958
0.0023343778
0.0023303921
0.0023262308
0.0023218856
0.0023173477
0.0023126083
0.0023076578
0.0023024865
0.0022970839
0.0022914396
0.0022855423
0.0022793805
0.0022729421
0.0022662149
0.0022591858
0.0022518415
0.0022441683
0.0022361519
0.0022277777
0.0022190306
0.0022098954
0.002200356
0.0021903966
0.0021800005
0.0021691512
0.0021578318
0.0021460253
0.0021337146
0.0021208827
0.0021075124
0.002093587
0.0020790898
0.0020640051
0.0020483173
0.0020320118
0.002015075
0.0019974946
0.0019792598
0.001960361
0.0019407938
0.0019205524
0.0018996109
0.0018779359
0.0018554955
0.0018322594
0.0018081957
0.0017832698
0.0017574458
0.0017306851
0.001702948
0.0016742204
0.0016445188
0.0016138684
0.0015822876
0.0015497641
0.0015162696
0.0014817802
0.0014462777
0.0014097441
0.0013721599
0.0013335053
0.0012937606
0.0012529063
0.0012109224
0.0011677886
0.0011234842
0.0010779879
0.0010312774
0.00098332981
0.00093412112
0.00088362614
0.00083181844
0.0007786703
0.00072415266
0.00066823555
0.00061088771
0.00055207986
0.00049177753
0.00042997051
0.00036658521
0.00030178679
0.00023501374
0.0001682204
9.5676312e-05
4.0470544e-05
)
;

boundaryField
{
    inlet
    {
        type            zeroGradient;
    }
    top
    {
        type            zeroGradient;
    }
    outlet
    {
        type            fixedValue;
        value           uniform 0;
    }
    slipsurface
    {
        type            slip;
    }
    bottom
    {
        type            zeroGradient;
    }
    frontandback
    {
        type            empty;
    }
}


// ************************************************************************* //
