/*--------------------------------*- C++ -*----------------------------------*\
  =========                 |
  \\      /  F ield         | OpenFOAM: The Open Source CFD Toolbox
   \\    /   O peration     | Website:  https://openfoam.org
    \\  /    A nd           | Version:  12
     \\/     M anipulation  |
\*---------------------------------------------------------------------------*/
FoamFile
{
    format      ascii;
    class       volScalarField;
    location    "1900";
    object      p;
}
// * * * * * * * * * * * * * * * * * * * * * * * * * * * * * * * * * * * * * //

dimensions      [0 2 -2 0 0 0 0];

internalField   nonuniform List<scalar> 
7480
(
0.0060437312
0.0060764033
0.0060415754
0.0060315433
0.0060521047
0.0060672163
0.0060702156
0.0060382455
0.0059669459
0.005877066
0.0057605982
0.0056176802
0.0054535649
0.005274382
0.0050841038
0.0048941678
0.0047019636
0.0045129259
0.0043294915
0.0041575437
0.003993172
0.0038373139
0.0036934325
0.0035631805
0.0034464848
0.0033440192
0.0032563514
0.0031836142
0.0031251687
0.003078916
0.0030431973
0.0030145591
0.0029875665
0.002958713
0.0029261554
0.0028898602
0.0028517386
0.002813792
0.0027760098
0.0027378274
0.0026988838
0.002659187
0.0026196221
0.0025803322
0.0025408504
0.002501261
0.0024620514
0.0024234589
0.0023849492
0.0023462947
0.0023077442
0.0022695774
0.0022315337
0.002193292
0.0021551287
0.0021171653
0.0020790906
0.002040818
0.0020025925
0.0019643529
0.0019257927
0.0018871433
0.0018483933
0.0018092703
0.0017699527
0.0017304322
0.0016905042
0.0016503
0.0016097934
0.0015688359
0.0015275083
0.0014857683
0.0014435807
0.0014009326
0.0013577795
0.001314137
0.0012699708
0.0012252577
0.0011799888
0.0011341535
0.0010877425
0.0010407499
0.00099317472
0.00094502086
0.00089630142
0.00084703621
0.00079726709
0.00074703559
0.0006964577
0.00064557561
0.00059476359
0.00054383168
0.0004943051
0.00044419199
0.0004008894
0.00035141666
0.00033413634
0.00025138045
0.00055828252
-0.00046957112
0.005964356
0.0059919208
0.0059582257
0.0059688761
0.005999602
0.0060184761
0.0060120454
0.0059828693
0.0059357986
0.0058641465
0.0057645138
0.0056380944
0.0054892728
0.0053229071
0.005145316
0.0049590295
0.0047719745
0.0045848666
0.0044009223
0.0042273369
0.0040610867
0.0039028594
0.0037551203
0.003620205
0.0034991129
0.0033923229
0.0033002064
0.0032228261
0.003159329
0.0031073614
0.0030656393
0.0030314908
0.0030000276
0.00296805
0.0029338351
0.0028970739
0.0028592326
0.0028218318
0.0027844428
0.0027463341
0.0027072083
0.0026672184
0.0026273579
0.0025877907
0.0025480402
0.0025081857
0.0024687082
0.0024298446
0.0023910668
0.0023521544
0.0023133559
0.0022749482
0.0022366684
0.0021981974
0.0021598144
0.00212164
0.0020833616
0.0020448937
0.0020064821
0.0019680641
0.0019293325
0.00189052
0.0018516143
0.0018123426
0.0017728839
0.0017332287
0.001693172
0.0016528456
0.0016122226
0.0015711542
0.001529721
0.0014878806
0.0014455975
0.0014028585
0.0013596188
0.0013158941
0.0012716495
0.0012268618
0.0011815219
0.001135619
0.0010891436
0.0010420897
0.00099445611
0.00094624663
0.00089747419
0.00084815851
0.00079834132
0.00074806403
0.00069744253
0.00064651893
0.00059566751
0.00054469802
0.00049513626
0.00044498921
0.00040165677
0.00035215421
0.00033483351
0.00025218278
0.0005591384
-0.00046890265
0.0059022443
0.0059418779
0.0059323263
0.005948266
0.0059732995
0.0059846394
0.0059747846
0.0059474634
0.0058989028
0.0058211185
0.0057158816
0.0055853285
0.0054334405
0.0052652868
0.0050865644
0.0049007279
0.004715821
0.0045318232
0.0043524081
0.0041834174
0.0040233821
0.0038721006
0.0037312477
0.0036033083
0.0034895843
0.003390251
0.003305542
0.0032352088
0.0031781693
0.0031322232
0.003094386
0.0030613111
0.0030292455
0.0029951681
0.0029578026
0.0029171232
0.0028750227
0.0028337625
0.0027934424
0.0027534528
0.0027133694
0.0026731114
0.0026333914
0.0025940394
0.0025543529
0.0025143865
0.0024746997
0.0024355962
0.0023965772
0.0023574408
0.0023184334
0.0022798253
0.0022413495
0.0022026901
0.0021641311
0.0021257889
0.0020873469
0.0020487209
0.0020101585
0.0019715947
0.001932721
0.0018937731
0.0018547368
0.0018153386
0.001775759
0.0017359874
0.0016958183
0.0016553845
0.0016146581
0.00157349
0.0015319616
0.0014900296
0.0014476588
0.0014048357
0.0013615153
0.0013177133
0.0012733947
0.0012285361
0.0011831283
0.0011371603
0.0010906226
0.001043509
0.0009958183
0.00094755411
0.0008987293
0.00084936347
0.00079949828
0.00074917504
0.00069850961
0.00064754395
0.00059665246
0.00054564449
0.00049604663
0.00044586413
0.00040250102
0.00035296405
0.00033562431
0.00025305678
0.00056003771
-0.00046824522
0.0058449301
0.0058907244
0.0058929194
0.0059074722
0.0059279715
0.0059374122
0.005928735
0.0059020764
0.005853542
0.0057787403
0.0056795297
0.0055569953
0.0054140644
0.0052550879
0.0050851039
0.0049077593
0.0047296429
0.0045513814
0.0043765593
0.0042096544
0.0040509044
0.0038996642
0.0037577069
0.0036276635
0.0035108674
0.0034076485
0.0033184817
0.0032434607
0.0031820763
0.0031329559
0.003092779
0.0030585108
0.0030274203
0.0029961271
0.0029627014
0.0029267762
0.0028889332
0.0028499632
0.0028102091
0.0027695286
0.002727685
0.0026849507
0.0026427127
0.0026013555
0.0025603805
0.0025197399
0.0024798568
0.0024408108
0.0024018513
0.0023626725
0.0023235377
0.0022847635
0.0022461077
0.0022072694
0.0021685411
0.0021300328
0.0020914258
0.0020526411
0.0020139287
0.0019752197
0.0019362042
0.001897122
0.0018579562
0.0018184316
0.0017787316
0.0017388436
0.0016985613
0.0016580192
0.0016171882
0.001575919
0.0015342936
0.0014922681
0.0014498073
0.0014068978
0.0013634942
0.0013196125
0.0012752172
0.0012302851
0.0011848066
0.0011387709
0.0010921682
0.0010449923
0.00099724181
0.00094892032
0.00090004058
0.00085062211
0.00080070649
0.00075033493
0.00069962325
0.00064861329
0.00059767946
0.00054663081
0.00049699451
0.00044677438
0.00040337758
0.0003538031
0.00033644602
0.0002538221
0.00056092195
-0.00046765601
0.005789971
0.0058389808
0.005850249
0.0058667453
0.0058861593
0.0058947826
0.0058859409
0.0058589347
0.0058111518
0.0057390449
0.005643146
0.0055242635
0.0053851219
0.0052298547
0.0050632939
0.0048891187
0.0047132296
0.0045372218
0.004364441
0.0041989077
0.0040418221
0.003892491
0.0037525886
0.0036245454
0.0035096748
0.0034083502
0.0033209253
0.0032473959
0.003187114
0.0031384633
0.0030980863
0.003063017
0.0030305162
0.002997296
0.0029618128
0.002924476
0.0028859583
0.0028469622
0.0028084001
0.0027701599
0.0027316053
0.0026924136
0.0026525656
0.0026121097
0.0025711133
0.0025295238
0.0024881165
0.0024475624
0.0024074485
0.002367547
0.0023280765
0.0022892303
0.0022505765
0.0022116995
0.0021728859
0.0021342632
0.0020955265
0.002056611
0.002017771
0.0019789321
0.0019397854
0.0019005789
0.0018612917
0.0018216472
0.0017818324
0.0017418324
0.0017014404
0.0016607928
0.0016198592
0.0015784899
0.001536768
0.0014946489
0.0014520975
0.0014091003
0.001365612
0.0013216485
0.0012771743
0.0012321661
0.0011866143
0.0011405078
0.001093837
0.0010465956
0.00099878206
0.00095039992
0.00090146187
0.00085198735
0.00080201787
0.00075159457
0.00070083323
0.00064977556
0.000598796
0.00054770335
0.00049802504
0.00044776399
0.00040432916
0.00035471348
0.0003373319
0.00025461421
0.00056183493
-0.00046696072
0.0057377001
0.005788706
0.0058072416
0.0058258965
0.0058441112
0.0058512833
0.0058417566
0.0058145941
0.0057675879
0.0056974741
0.0056043531
0.0054892146
0.0053546157
0.0052043564
0.0050429311
0.0048739298
0.0047026781
0.0045312017
0.0043626816
0.0042003881
0.0040461557
0.0038992887
0.0037614036
0.0036347513
0.0035206902
0.0034197112
0.0033321182
0.003257886
0.0031964225
0.0031462158
0.0031042218
0.0030676586
0.0030339158
0.0029999481
0.0029642978
0.0029270782
0.0028885505
0.0028492416
0.0028099618
0.0027706074
0.0027309406
0.0026910793
0.0026508936
0.0026108817
0.0025714688
0.0025323537
0.0024933236
0.0024541754
0.0024146841
0.0023746899
0.0023345126
0.0022947588
0.0022553016
0.0022158664
0.0021767597
0.0021380418
0.002099272
0.0020603135
0.0020214107
0.0019824911
0.0019432518
0.0019039547
0.001864573
0.0018248295
0.0017849184
0.0017448226
0.0017043343
0.0016635934
0.0016225678
0.0015811074
0.0015392971
0.0014970912
0.0014544551
0.0014113753
0.0013678062
0.0013237644
0.0012792139
0.0012341315
0.0011885078
0.0011423316
0.0010955932
0.0010482864
0.0010004096
0.00095196624
0.00090296909
0.00085343751
0.00080341296
0.00075293654
0.00070212398
0.00065101693
0.00059998978
0.00054885122
0.00049912864
0.0004488246
0.00040534834
0.00035568864
0.00033827683
0.00025546608
0.00056275456
-0.00046610765
0.0056878934
0.0057400053
0.0057640484
0.0057842953
0.0058013078
0.0058071814
0.0057971645
0.0057700453
0.0057237784
0.0056555297
0.0055652622
0.0054539674
0.005323938
0.0051786195
0.0050221715
0.0048580832
0.004691191
0.0045237792
0.0043588219
0.0041994406
0.0040474812
0.0039026134
0.0037664271
0.0036410476
0.003527823
0.0034272843
0.0033397459
0.0032651836
0.0032030536
0.0031519616
0.0031090476
0.0030715718
0.0030370194
0.0030025195
0.002966544
0.0029290472
0.0028902833
0.002850812
0.0028114043
0.0027720114
0.002732437
0.0026926051
0.0026522964
0.0026119773
0.0025720064
0.0025323579
0.0024928279
0.0024534029
0.0024144685
0.0023759189
0.0023374911
0.0022990011
0.0022602181
0.0022209663
0.002181564
0.0021423512
0.0021030917
0.002063766
0.0020246684
0.0019856751
0.001946395
0.0019070601
0.001867629
0.001827824
0.0017878514
0.0017476891
0.0017071288
0.0016663156
0.0016252161
0.0015836805
0.0015417958
0.0014995154
0.0014568055
0.0014136527
0.0013700115
0.0013258988
0.0012812785
0.0012361276
0.0011904368
0.001144195
0.0010973926
0.0010500232
0.0010020855
0.00095358289
0.00090452811
0.00085494056
0.00080486169
0.0007543326
0.00070346897
0.00065231247
0.00060123736
0.00055005236
0.00050028448
0.00044993653
0.00040641644
0.00035671079
0.00033926474
0.00025635723
0.0005636434
-0.00046508531
0.0056401589
0.0056925143
0.0057205938
0.0057420571
0.0057581014
0.0057629524
0.0057525861
0.0057255918
0.0056800996
0.0056137051
0.005526257
0.0054186671
0.0052930059
0.0051524196
0.0050007676
0.0048414276
0.0046788208
0.0045154017
0.0043539995
0.0041975955
0.0040480417
0.0039053702
0.003771072
0.0036471492
0.003534927
0.0034349776
0.0033476326
0.0032728855
0.0032102046
0.0031582497
0.0031143511
0.0030758538
0.0030403594
0.0030051677
0.0029687251
0.0029309234
0.0028920005
0.0028524588
0.0028129832
0.0027735367
0.0027339071
0.0026939931
0.0026536455
0.0026132988
0.0025732947
0.002533598
0.0024939655
0.0024544058
0.0024152356
0.0023763726
0.0023375865
0.0022987663
0.0022601795
0.0022218998
0.0021836781
0.0021453296
0.0021066371
0.0020675112
0.0020282917
0.001989022
0.0019494514
0.0019099075
0.0018703724
0.0018305156
0.0017905129
0.001750319
0.001709719
0.0016688647
0.0016277193
0.0015861324
0.0015441941
0.0015018573
0.0014590897
0.001415878
0.001372177
0.0013280045
0.0012833243
0.0012381137
0.0011923635
0.0011460629
0.0010992023
0.0010517756
0.0010037815
0.00095522349
0.00090611438
0.00085647363
0.00080634275
0.00075576286
0.00070484966
0.00065364484
0.0006025225
0.00055129158
0.00050147831
0.00045108643
0.00040752078
0.00035776796
0.00034028416
0.00025727196
0.0005644711
-0.0004638728
0.0055941684
0.0056460192
0.0056769309
0.0056993431
0.0057146372
0.0057186744
0.0057080577
0.0056812825
0.0056366492
0.0055721101
0.0054874241
0.0053834213
0.0052619898
0.0051260103
0.0049790598
0.0048243902
0.0046660645
0.0045066377
0.004348829
0.0041954639
0.0040484119
0.0039079927
0.0037756202
0.0036531883
0.003542
0.003442667
0.0033555361
0.0032806137
0.0032173808
0.0031645574
0.0031196638
0.0030801607
0.0030437367
0.0030078387
0.0029709381
0.0029328589
0.002893782
0.0028541422
0.0028145538
0.002774991
0.0027352549
0.0026952654
0.0026549034
0.0026145552
0.0025745424
0.0025348235
0.0024951786
0.0024556198
0.0024164091
0.0023774578
0.002338553
0.0022996234
0.0022609165
0.0022224909
0.0021839816
0.0021453538
0.0021068793
0.0020685095
0.0020300635
0.001991349
0.0019521888
0.0019127839
0.0018731899
0.0018331668
0.0017929978
0.0017526998
0.001712045
0.0016711641
0.001629997
0.0015883849
0.0015464198
0.0015040517
0.0014612485
0.0014179975
0.0013742539
0.0013300369
0.0012853102
0.0012400518
0.0011942529
0.001147903
0.0011009927
0.0010535162
0.0010054723
0.00095686474
0.00090770642
0.00085801693
0.0008078379
0.00075721053
0.00070625055
0.00065499975
0.00060383206
0.00055255673
0.00050269887
0.00045226387
0.00040865158
0.00035885101
0.00034132628
0.00025820107
0.00056520976
-0.00046244082
0.0055496344
0.0056003976
0.0056331336
0.0056562211
0.0056709127
0.0056743024
0.005663539
0.0056370936
0.0055934146
0.0055307475
0.0054487962
0.0053483111
0.0052310166
0.0050995497
0.0049572207
0.0048071471
0.0046530795
0.0044976206
0.0043433969
0.0041930907
0.0040485824
0.003910426
0.0037799884
0.0036590647
0.0035489342
0.0034502415
0.0033633479
0.0032882714
0.0032245119
0.003170854
0.0031249944
0.0030845104
0.0030471741
0.003010574
0.002973214
0.0029348459
0.0028955971
0.0028558405
0.0028161266
0.0027764456
0.0027366147
0.002696562
0.0026561802
0.0026158142
0.0025757657
0.0025359986
0.0024963193
0.0024567394
0.0024174977
0.0023785186
0.0023396055
0.002300684
0.0022619539
0.0022234324
0.0021848045
0.0021461016
0.0021075649
0.002069092
0.0020303819
0.0019915365
0.0019527604
0.0019138839
0.0018747408
0.0018351526
0.0017952438
0.0017550214
0.0017143026
0.0016733158
0.0016320679
0.0015904096
0.0015484225
0.0015060397
0.0014632221
0.0014199542
0.0013761898
0.0013319481
0.0012871926
0.0012419022
0.0011960686
0.0011496818
0.001102733
0.0010552166
0.0010071318
0.00095848261
0.00090928212
0.00085955015
0.00080932846
0.00075865844
0.00070765587
0.00065636273
0.0006051527
0.00055383556
0.00050393487
0.00045345845
0.00040979913
0.00035995092
0.00034238251
0.00025913598
0.00056583214
-0.00046075618
0.0055063107
0.0055555535
0.0055892731
0.0056127487
0.005626925
0.0056297984
0.0056189833
0.0055929697
0.0055503342
0.005489567
0.0054103418
0.0053133285
0.0052000982
0.0050730641
0.0049352856
0.0047897401
0.0046399032
0.0044883856
0.004337732
0.004190499
0.0040485677
0.003912688
0.0037841976
0.003664801
0.0035557528
0.0034577251
0.0033710933
0.0032958882
0.0032316322
0.0031771739
0.0031303743
0.0030889269
0.0030506899
0.0030133872
0.0029755565
0.0029368846
0.0028974498
0.0028575675
0.0028177269
0.002777929
0.0027380042
0.0026978844
0.0026574733
0.0026170812
0.0025769905
0.0025371753
0.0024974616
0.0024578565
0.0024185791
0.002379564
0.0023406219
0.0023016759
0.0022629124
0.0022243547
0.0021857269
0.0021470345
0.0021084596
0.0020698883
0.0020310902
0.0019922139
0.0019534255
0.0019143563
0.0018750018
0.0018355841
0.0017960088
0.0017561368
0.0017157974
0.0016750968
0.0016339849
0.0015923281
0.0015502826
0.0015078445
0.0014649958
0.0014217133
0.0013779404
0.0013336916
0.0012889266
0.0012436229
0.0011977719
0.001151364
0.0011043907
0.001056847
0.0010087326
0.00096005179
0.00091081817
0.00086105181
0.0008107947
0.00076008845
0.00070904895
0.00065771845
0.00060647035
0.00055511513
0.00050517442
0.00045465922
0.00041095322
0.00036105814
0.00034344386
0.00026006702
0.00056631338
-0.00045878146
0.0054639906
0.0055114023
0.0055454177
0.0055689983
0.0055826974
0.0055851471
0.0055743528
0.0055488519
0.0055073336
0.0054484924
0.0053719874
0.0052784082
0.0051691821
0.0050465146
0.0049132293
0.0047721586
0.0046265326
0.0044789401
0.0043318506
0.0041877089
0.0040483896
0.0039148053
0.0037882756
0.0036704237
0.0035624797
0.0034651389
0.0033787908
0.0033034801
0.0032387545
0.0031835261
0.0031358094
0.0030934153
0.0030542896
0.0030162837
0.0029779719
0.0029389847
0.0028993522
0.0028593354
0.0028193643
0.0027794467
0.0027394248
0.0026992339
0.0026587893
0.0026183692
0.0025782363
0.0025383733
0.0024986229
0.0024589887
0.00241967
0.0023806086
0.002341628
0.0023026552
0.0022638611
0.0022252711
0.0021866283
0.0021479139
0.0021092982
0.0020706969
0.0020319084
0.001993035
0.0019541757
0.0019150209
0.0018756425
0.0018362344
0.0017965197
0.0017564662
0.0017162031
0.0016757057
0.0016348535
0.0015935227
0.0015517502
0.0015094547
0.0014666363
0.0014233284
0.0013795232
0.0013352566
0.0012904851
0.0012451792
0.0011993259
0.0011529133
0.0011059317
0.0010583758
0.0010102455
0.00096154559
0.00091229001
0.00086249927
0.00081221572
0.0007614813
0.00071041208
0.00065905062
0.00060777002
0.00055638168
0.00050640481
0.00045585449
0.00041210299
0.00036216253
0.00034450082
0.00026098352
0.00056660523
-0.00045647485
0.0054225016
0.0054678678
0.0055016278
0.0055250478
0.005538271
0.0055403557
0.0055296308
0.0055046996
0.0054643519
0.0054074512
0.0053336536
0.0052434705
0.0051381934
0.0050198348
0.0048909951
0.0047543578
0.0046129312
0.0044692579
0.0043257359
0.0041847093
0.0040480403
0.0039167747
0.0037922219
0.0036759335
0.0035691158
0.0034724839
0.0033864412
0.0033110475
0.0032458786
0.0031899098
0.0031413002
0.0030979778
0.0030579768
0.0030192686
0.0029804674
0.0029411539
0.0029013121
0.0028611511
0.0028210443
0.0027810032
0.0027408813
0.0027006168
0.0026601353
0.002619685
0.0025795092
0.0025395974
0.0024998085
0.0024601431
0.0024207814
0.0023816719
0.0023426512
0.0023036494
0.0022648204
0.002226188
0.0021875125
0.0021487712
0.0021101261
0.0020715018
0.0020327045
0.0019938086
0.0019549065
0.0019157424
0.0018763787
0.0018369312
0.0017971493
0.0017570709
0.0017168176
0.0016761988
0.0016352071
0.0015939117
0.0015522758
0.0015101996
0.0014676573
0.0014245869
0.0013809108
0.0013366796
0.0012918994
0.0012465791
0.0012007195
0.001154307
0.0011073276
0.001059773
0.0010116411
0.00096293613
0.00091367169
0.00086386856
0.00081356941
0.0007628166
0.00071172641
0.00066034186
0.00060903569
0.00055762042
0.00050761244
0.00045703169
0.00041323674
0.00036325316
0.00034554314
0.00026187548
0.00056666222
-0.00045379658
0.0053816999
0.0054248806
0.0054579531
0.0054809724
0.0054936959
0.005495449
0.0054848228
0.0054604975
0.0054213526
0.0053663921
0.005295277
0.005208445
0.0051070596
0.0049929529
0.0048685143
0.0047362752
0.0045990408
0.0044592886
0.0043193453
0.0041814634
0.0040474872
0.0039185698
0.0037960159
0.003681314
0.0035756479
0.0034797494
0.0033940362
0.0033185842
0.0032529999
0.0031963219
0.0031468456
0.0031026153
0.0030617535
0.0030223457
0.0029830479
0.0029433978
0.0029033352
0.0028630199
0.0028227721
0.0027826039
0.0027423791
0.0027020385
0.0026615162
0.0026210329
0.0025808128
0.0025408512
0.0025010222
0.0024613238
0.0024219186
0.0023827606
0.0023436988
0.002304666
0.0022657995
0.0022271217
0.0021884104
0.0021496411
0.0021109623
0.0020723033
0.0020334794
0.0019945568
0.0019556282
0.0019164554
0.0018770817
0.0018376032
0.0017978035
0.0017577279
0.0017174548
0.0016767911
0.0016357804
0.0015944677
0.0015527204
0.001510569
0.0014680343
0.0014250608
0.0013815957
0.0013376068
0.0012930165
0.0012477982
0.0012019709
0.0011555601
0.0011085786
0.001061026
0.001012899
0.00096419919
0.00091493809
0.00086513521
0.00081483268
0.00076407281
0.00071297199
0.0006615737
0.00061025028
0.00055881556
0.00050878267
0.00045817728
0.00041434186
0.00036431815
0.00034655978
0.00026273034
0.0005664452
-0.00045069674
0.0053414659
0.0053823784
0.0054144318
0.0054368405
0.0054490252
0.0054504621
0.0054399501
0.0054162503
0.0053783229
0.0053252884
0.0052568181
0.0051732823
0.0050757241
0.0049658074
0.0048457225
0.0047178468
0.0045847975
0.0044489718
0.0043126237
0.0041779206
0.0040466837
0.0039201504
0.0037996235
0.0036865368
0.0035820523
0.0034869162
0.0034015604
0.0033260784
0.0032601096
0.003202756
0.0031524416
0.0031073257
0.0030656193
0.0030255164
0.0029857163
0.00294572
0.0029054254
0.0028649463
0.002824552
0.0027842531
0.0027439225
0.002703503
0.0026629358
0.0026224164
0.0025821505
0.0025421382
0.0025022675
0.0024625345
0.0024230847
0.0023838776
0.0023447735
0.0023057078
0.0022668026
0.0022280788
0.0021893311
0.0021505321
0.0021118164
0.0020731185
0.0020342649
0.0019953141
0.0019563532
0.0019171566
0.0018777584
0.0018382541
0.0017984436
0.0017583589
0.0017180693
0.0016773945
0.0016363736
0.0015950451
0.001553277
0.0015111209
0.0014685253
0.0014254502
0.001381939
0.0013379646
0.0012934891
0.0012484664
0.0012028397
0.0011565746
0.0011096686
0.001062143
0.001014024
0.00096532956
0.00091607553
0.00086628043
0.00081598451
0.00076522867
0.0007141283
0.00066272678
0.00061139573
0.0005599503
0.00050989991
0.00045927674
0.00041540479
0.00036534464
0.00034753883
0.00026353306
0.00056591735
-0.00044711612
0.0053017009
0.0053403057
0.0053710923
0.0053927126
0.0054043116
0.0054054353
0.0053950429
0.0053719762
0.0053352675
0.0052841337
0.0052182596
0.0051379549
0.0050441508
0.0049383545
0.0048225691
0.0046990181
0.0045701428
0.0044382485
0.0043055138
0.0041740254
0.0040455765
0.0039214682
0.0038030025
0.0036915651
0.0035882976
0.0034939578
0.0034089921
0.0033335128
0.0032671941
0.0032092015
0.0031580805
0.003112104
0.0030695714
0.0030287798
0.0029884733
0.0029481223
0.0029075856
0.0028669334
0.0028263872
0.002785954
0.0027455146
0.0027050133
0.0026643973
0.0026238387
0.0025835252
0.0025434612
0.0025035473
0.0024637778
0.0024242826
0.0023850256
0.0023458779
0.0023067778
0.0022678329
0.0022290624
0.0021902769
0.0021514464
0.0021126924
0.0020739549
0.0020350707
0.0019960898
0.0019570926
0.0019178678
0.001878443
0.0018389092
0.0017990773
0.0017589711
0.0017186583
0.0016779715
0.001636941
0.0015956019
0.0015538349
0.001511665
0.001469051
0.0014259727
0.0013824363
0.0013383869
0.0012938375
0.0012487839
0.0012032031
0.0011570675
0.0011103362
0.0010629708
0.001014959
0.00096631833
0.00091708652
0.00086730257
0.00081701615
0.00076626988
0.00071517801
0.00066378274
0.00061245385
0.00056100722
0.00051094775
0.00046031466
0.00041641108
0.00036631884
0.00034846748
0.00026426927
0.00056504067
-0.00044299903
0.0052623239
0.005298614
0.0053279554
0.005348641
0.0053596049
0.0053604098
0.0053501357
0.0053277009
0.0052922022
0.0052429358
0.0051796012
0.0051024546
0.0050123233
0.0049105695
0.0047990211
0.0046797494
0.0045550299
0.0044270677
0.0042979628
0.0041697241
0.004044112
0.0039224725
0.0038061065
0.0036963575
0.0035943471
0.0035008426
0.0034163047
0.0033408655
0.0032742358
0.0032156442
0.0031637517
0.0031169424
0.0030736043
0.0030321328
0.0029913178
0.0029506049
0.0029098167
0.0028689827
0.0028282794
0.0027877085
0.0027471576
0.0027065716
0.0026659028
0.0026253019
0.0025849393
0.0025448225
0.0025048638
0.002465056
0.0024255142
0.0023862066
0.0023470143
0.0023078781
0.0022688924
0.0022300745
0.00219125
0.0021523865
0.0021135934
0.0020748152
0.0020358992
0.0019968866
0.0019578516
0.0019185976
0.0018791451
0.001839579
0.0017997212
0.0017595902
0.0017192504
0.0016785434
0.0016374941
0.0015961363
0.0015543573
0.0015121753
0.0014695579
0.0014264827
0.0013829401
0.00133888
0.0012943078
0.0012492074
0.0012035678
0.0011573857
0.0011106537
0.0010633596
0.0010154811
0.00096699107
0.00091788138
0.00086817221
0.00081792291
0.00076719503
0.00071611534
0.00066473076
0.00061341041
0.00056197049
0.00051191007
0.00046127526
0.00041734572
0.00036722613
0.00034933227
0.000264923
0.00056375283
-0.0004382854
0.0052232687
0.0052572614
0.0052850353
0.0053046709
0.0053149517
0.0053154265
0.0053052641
0.0052834536
0.0052491488
0.0052017108
0.0051408538
0.0050667862
0.0049802404
0.004882444
0.0047750618
0.0046600161
0.0045394258
0.0044153901
0.0042899271
0.0041649696
0.0040422402
0.0039231142
0.0038088893
0.0037008712
0.0036001617
0.0035075359
0.0034234682
0.0033481114
0.0032812137
0.0032220669
0.0031694416
0.0031218307
0.0030777102
0.0030355698
0.0029942464
0.002953166
0.0029121181
0.0028710944
0.0028302294
0.0027895176
0.0027488525
0.0027081792
0.002667454
0.0026268077
0.0025863943
0.0025462237
0.0025062186
0.0024663707
0.0024267815
0.0023874225
0.0023481844
0.0023090105
0.002269983
0.002231117
0.0021922523
0.0021533544
0.0021145211
0.0020757014
0.0020367521
0.0019977066
0.0019586331
0.0019193485
0.001879867
0.0018402671
0.001800382
0.0017602251
0.0017198562
0.0016791256
0.0016380537
0.0015966724
0.0015548736
0.0015126741
0.0014700433
0.0014269565
0.0013834049
0.0013393439
0.0012947718
0.0012496676
0.0012040152
0.0011578031
0.0011110253
0.0010636837
0.0010157819
0.00096732242
0.00091830528
0.00086872472
0.00081859779
0.00076795696
0.00071692647
0.00066556719
0.00061426084
0.00056283158
0.00051277505
0.00046214471
0.00041819426
0.00036805164
0.00035011932
0.00026547666
0.00056199728
-0.00043291185
0.0051844818
0.0052162129
0.0052423418
0.0052608401
0.0052703943
0.0052705247
0.0052604639
0.0052392647
0.0052061319
0.0051604794
0.0051020344
0.0050309632
0.0049479109
0.0048539813
0.0047506873
0.0046398068
0.0045233105
0.004403188
0.004281373
0.0041597227
0.0040399181
0.0039233489
0.0038113072
0.0037050642
0.0036057026
0.0035140024
0.0034304513
0.0033552234
0.003288105
0.0032284505
0.0031751345
0.0031267561
0.0030818793
0.0030390838
0.002997254
0.0029558021
0.0029144877
0.0028732674
0.0028322363
0.0027913809
0.0027505994
0.0027098363
0.0026690514
0.0026283569
0.0025878911
0.0025476658
0.0025076129
0.0024677232
0.0024280856
0.0023886745
0.0023493895
0.0023101765
0.0022711062
0.0022321914
0.0021932852
0.0021543516
0.0021154773
0.0020766152
0.0020376312
0.0019985517
0.0019594388
0.0019201224
0.0018806106
0.001840976
0.0018010624
0.0017608783
0.0017204791
0.0016797234
0.0016386272
0.0015972204
0.0015553995
0.0015131788
0.0014705285
0.0014274236
0.0013838563
0.0013397839
0.0012952035
0.0012500952
0.0012044414
0.0011582278
0.0011114439
0.001064084
0.0010161486
0.0009676475
0.00091859909
0.0008690244
0.0008189572
0.00076841954
0.00071750206
0.00066623338
0.00061498288
0.00056358352
0.00051353809
0.00046291577
0.00041894664
0.00036878258
0.00035081578
0.00026591196
0.0005597206
-0.00042681551
0.0051459199
0.0051754391
0.0051998816
0.0052171809
0.0052259715
0.0052257418
0.0052157697
0.005195165
0.0051631777
0.0051192645
0.0050631636
0.0049950037
0.0049153502
0.0048251926
0.0047259029
0.0046191201
0.0045066743
0.0043904441
0.0042722762
0.004153953
0.0040371094
0.0039231377
0.0038133208
0.0037088979
0.0036109322
0.003520207
0.0034372224
0.0033621735
0.0032948853
0.0032347738
0.0031808127
0.0031317045
0.0030860999
0.0030426656
0.003000334
0.0029585086
0.002916922
0.0028754992
0.0028342983
0.0027932972
0.0027523973
0.0027115425
0.0026706947
0.0026299495
0.00258943
0.0025491491
0.0025090472
0.0024691142
0.0024294273
0.0023899635
0.0023506307
0.0023113771
0.0022722629
0.0022332988
0.0021943499
0.0021553793
0.0021164632
0.0020775578
0.0020385379
0.0019994234
0.0019602702
0.0019209207
0.0018813777
0.0018417074
0.0018017642
0.0017615516
0.001721121
0.001680339
0.0016392175
0.0015977838
0.0015559395
0.0015136959
0.0014710239
0.0014278988
0.0013843122
0.0013402227
0.0012956268
0.0012505058
0.0012048425
0.0011586231
0.0011118368
0.0010644758
0.0010165374
0.00096802525
0.00091895303
0.00086934406
0.00081924466
0.00076869899
0.00071781724
0.00066662795
0.00061547555
0.0005641629
0.00051417089
0.00046357799
0.00041959769
0.00036941165
0.00035141311
0.00026621223
0.00055687382
-0.00041993885
0.0051075487
0.0051349165
0.0051576588
0.0051737199
0.005181718
0.0051811126
0.0051712149
0.0051511849
0.0051203127
0.0050780899
0.0050242634
0.0049589283
0.0048825769
0.0047960935
0.0047007196
0.0045979614
0.0044895153
0.004377149
0.0042626206
0.0041476374
0.0040337853
0.0039224479
0.0038148956
0.0037123371
0.003615816
0.0035261166
0.0034437504
0.0033689337
0.0033015298
0.0032410153
0.0031864578
0.0031366602
0.0030903592
0.0030463049
0.0030034786
0.0029612792
0.0029194166
0.0028777863
0.0028364128
0.0027952642
0.0027542444
0.0027132963
0.002672383
0.0026315848
0.0025910105
0.0025506734
0.0025105215
0.0024705438
0.0024308069
0.0023912899
0.0023519085
0.002312613
0.002273454
0.0022344399
0.0021954474
0.0021564386
0.0021174797
0.0020785303
0.0020394733
0.0020003227
0.0019611285
0.0019217449
0.0018821694
0.0018424626
0.0018024886
0.0017622466
0.0017217836
0.0016809743
0.0016398263
0.0015983647
0.0015564958
0.0015142279
0.0014715332
0.0014283864
0.0013847788
0.0013406701
0.001296056
0.0012509181
0.0012052397
0.0011590073
0.0011122108
0.0010648428
0.0010169008
0.00096838716
0.00091931287
0.00086969671
0.00081958023
0.00076900687
0.00071809464
0.00066688976
0.00061575545
0.00056450103
0.00051458643
0.00046406869
0.00042011614
0.00036992503
0.00035190584
0.00026636462
0.00055342283
-0.00041223851
0.0050693412
0.005094626
0.0051156765
0.0051304798
0.0051376648
0.0051366699
0.0051268314
0.0051073537
0.0050775633
0.0050369799
0.0049853568
0.0049227589
0.0048496117
0.0047667026
0.0046751522
0.0045763407
0.0044718371
0.0043632993
0.004252396
0.0041407592
0.0040299224
0.003921252
0.0038160014
0.0037153502
0.003620322
0.0035317
0.003450006
0.0033754769
0.0033080138
0.0032471527
0.0031920505
0.0031416068
0.0030946433
0.0030499906
0.0030066787
0.0029641072
0.002921966
0.0028801245
0.0028385762
0.0027972789
0.0027561383
0.0027150956
0.0026741147
0.0026332615
0.0025926315
0.0025522379
0.0025120352
0.0024720118
0.0024322243
0.0023926538
0.002353223
0.0023138844
0.0022746798
0.0022356153
0.0021965782
0.00215753
0.0021185276
0.0020795333
0.0020404383
0.0020012504
0.0019620146
0.0019225956
0.0018829868
0.0018432427
0.0018032369
0.0017629645
0.0017224683
0.0016816305
0.001640455
0.0015989647
0.00155707
0.001514777
0.0014720582
0.0014288886
0.0013852588
0.0013411296
0.0012964958
0.0012513393
0.0012056434
0.0011593949
0.0011125835
0.0010652026
0.00101725
0.00096872847
0.00091964936
0.00087003078
0.00081991224
0.00076933349
0.00071840793
0.00066717962
0.00061601589
0.00056474035
0.00051482673
0.00046434555
0.00042043075
0.00037026388
0.00035226355
0.000266343
0.00054936481
-0.00040370205
0.0050312767
0.0050545531
0.0050739372
0.0050874794
0.0050938393
0.0050924434
0.005082649
0.0050637
0.0050349555
0.0049959586
0.0049464669
0.0048865178
0.0048164761
0.0047370398
0.0046492178
0.0045542708
0.0044536467
0.0043488959
0.0042415968
0.004133306
0.0040255023
0.0039195267
0.0038166121
0.0037179092
0.0036244212
0.0035369283
0.0034559611
0.0033817766
0.003314313
0.0032531639
0.003197571
0.0031465273
0.0030989377
0.0030537104
0.0030099248
0.0029669847
0.002924564
0.0028825088
0.0028407842
0.0027993378
0.0027580758
0.0027169378
0.0026758873
0.0026349778
0.0025942915
0.0025538413
0.0025135872
0.0024735172
0.0024336789
0.0023940547
0.002354574
0.0023151914
0.0022759404
0.0022368251
0.0021977427
0.0021586539
0.0021196073
0.0020805676
0.0020414332
0.0020022074
0.0019629291
0.0019234739
0.0018838307
0.0018440486
0.0018040099
0.0017637062
0.001723176
0.0016823088
0.0016411049
0.0015995848
0.0015576635
0.0015153443
0.0014726006
0.0014294072
0.0013857541
0.0013416033
0.0012969487
0.0012517723
0.0012060576
0.0011597913
0.0011129632
0.0010655667
0.0010175997
0.00096906526
0.0009199752
0.00087034799
0.00082022343
0.00076964092
0.00071871228
0.00066747834
0.00061630168
0.00056500329
0.00051505582
0.00046454422
0.00042059667
0.00037040515
0.00035243367
0.00026607119
0.00054472085
-0.00039436609
0.0049933398
0.005014687
0.0050324428
0.0050447343
0.0050502657
0.0050484607
0.0050386958
0.0050202509
0.0049925146
0.0049550499
0.004907617
0.004850228
0.0047831924
0.0047071261
0.0046229348
0.0045317662
0.0044349536
0.0043339422
0.0042302204
0.0041252691
0.0040205099
0.0039172524
0.0038167048
0.003719989
0.0036280871
0.0035417744
0.0034615892
0.0033878076
0.0033204038
0.0032590271
0.0032029997
0.0031514043
0.0031032272
0.0030574517
0.0030132064
0.0029699035
0.0029272041
0.0028849337
0.0028430323
0.0028014368
0.0027600534
0.0027188196
0.0026776983
0.0026367312
0.0025959884
0.0025554817
0.0025151761
0.0024750589
0.0024351697
0.0023954919
0.002355961
0.0023165335
0.0022772356
0.0022380693
0.0021989407
0.0021598104
0.002120719
0.0020816332
0.0020424587
0.0020031939
0.0019638726
0.0019243801
0.0018847016
0.0018448808
0.0018048083
0.0017644724
0.0017239074
0.0016830098
0.0016417767
0.0016002261
0.0015582773
0.001515931
0.0014731615
0.0014299434
0.0013862661
0.0013420928
0.0012974164
0.0012522191
0.0012064844
0.0011601991
0.001113353
0.0010659394
0.0010179562
0.00096940665
0.00092030247
0.00087066235
0.00082052638
0.00076993426
0.00071899801
0.00066775812
0.00061657536
0.00056526804
0.00051530134
0.00046475972
0.00042075216
0.00037047328
0.00035247979
0.00026555618
0.0005394507
-0.00038428147
0.0049555198
0.00497502
0.0049911957
0.005002258
0.0050069653
0.0050047466
0.0049949978
0.0049770321
0.0049502654
0.0049142774
0.0048688299
0.004813912
0.0047497828
0.0046769829
0.0045963223
0.0045088431
0.0044157693
0.0043184441
0.0042182667
0.0041166422
0.0040149331
0.0039144121
0.003816259
0.0037215664
0.0036312949
0.0035462131
0.0034668652
0.0033935454
0.0033262629
0.0032647206
0.0032083168
0.0031562202
0.0031074964
0.0030612014
0.0030165129
0.0029728548
0.0029298791
0.0028873935
0.0028453155
0.0028035715
0.0027620671
0.0027207376
0.0026795448
0.0026385192
0.0025977199
0.0025571572
0.0025168001
0.0024766354
0.0024366954
0.0023969642
0.002357383
0.00231791
0.002278565
0.0022393475
0.0022001722
0.0021609996
0.0021218628
0.0020827304
0.0020435148
0.0020042102
0.0019648454
0.0019253146
0.0018856001
0.0018457398
0.0018056326
0.0017652636
0.0017246631
0.0016837343
0.001642471
0.0016008892
0.001558912
0.0015165379
0.0014737417
0.0014304981
0.0013867958
0.0013425991
0.0012979
0.0012526809
0.0012069254
0.00116062
0.0011137548
0.001066323
0.0010183225
0.00096975637
0.00092063643
0.00087098132
0.00082083113
0.00077022561
0.00071927685
0.00066802549
0.00061683183
0.00056551393
0.00051553225
0.00046497094
0.00042091483
0.00037054661
0.00035245952
0.00026533615
0.00053310691
-0.00037335529
0.0049178098
0.0049355473
0.0049501981
0.004960062
0.0049639565
0.0049613232
0.0049515788
0.0049340678
0.0049082312
0.004873664
0.0048301284
0.0047775927
0.00471627
0.004646632
0.0045694005
0.0044855184
0.0043961065
0.0043024092
0.0042057377
0.0041074212
0.0040087619
0.0039109908
0.0038152562
0.0037226205
0.0036340218
0.0035502203
0.0034717648
0.0033989665
0.0033318677
0.0032702228
0.0032135024
0.003160957
0.0031117295
0.0030649461
0.0030198332
0.0029758297
0.0029325817
0.0028898822
0.0028476286
0.0028057374
0.002764113
0.0027226883
0.0026814233
0.0026403389
0.0025994835
0.0025588654
0.0025184571
0.0024782449
0.0024382544
0.0023984705
0.0023588389
0.0023193201
0.0022799276
0.0022406591
0.0022014367
0.002162221
0.0021230384
0.0020838591
0.0020446016
0.0020052564
0.0019658476
0.0019262777
0.0018865262
0.0018466259
0.0018064831
0.0017660802
0.0017254435
0.0016844826
0.0016431885
0.0016015746
0.0015595682
0.0015171655
0.0014743419
0.001431072
0.0013873439
0.001343123
0.0012984004
0.0012531587
0.0012073815
0.0011610554
0.0011141702
0.0010667192
0.0010187003
0.00097011648
0.00092097958
0.00087130813
0.00082114213
0.00077052123
0.00071955732
0.00066829094
0.00061708169
0.00056574782
0.00051574586
0.00046516194
0.00042105834
0.00037060673
0.00035232278
0.00026590286
0.00052540753
-0.00036163726
0.0048802063
0.0048962664
0.0049094531
0.0049181562
0.0049212554
0.0049182105
0.0049084607
0.0048913803
0.0048664345
0.0048332319
0.0047915348
0.0047412925
0.0046826766
0.0046160955
0.00454219
0.0044618101
0.0043759792
0.0042858465
0.0041926368
0.004097604
0.0040019883
0.0039069757
0.0038136796
0.0037231315
0.003636246
0.0035537732
0.0034762647
0.0034040477
0.0033371957
0.0032755125
0.0032185365
0.0031655966
0.0031159105
0.0030686718
0.0030231556
0.0029788186
0.0029353042
0.0028923933
0.0028499662
0.0028079297
0.0027661867
0.0027246677
0.0026833306
0.0026421873
0.0026012763
0.0025606037
0.0025201448
0.0024798855
0.002439845
0.0024000089
0.0023603275
0.0023207626
0.0022813226
0.0022420032
0.0022027334
0.0021634742
0.0021242455
0.0020850189
0.0020457189
0.0020063325
0.0019668792
0.0019272695
0.0018874803
0.0018475394
0.0018073602
0.0017669225
0.0017262491
0.0016852553
0.0016439294
0.0016022828
0.0015602464
0.0015178144
0.0014749626
0.0014316656
0.0013879111
0.0013436652
0.0012989184
0.0012536534
0.0012078537
0.0011615059
0.0011145999
0.0010671289
0.0010190908
0.00097048839
0.00092133351
0.00087164463
0.00082146161
0.00077082396
0.00071984326
0.00066855982
0.00061733224
0.00056597882
0.00051595146
0.00046533917
0.00042118075
0.0003706367
0.00035208097
0.00026700371
0.00051680929
-0.00034945456
0.0048427087
0.0048571769
0.0048689637
0.0048765491
0.0048788759
0.0048754261
0.0048656631
0.0048489905
0.0048248964
0.0047930022
0.0047530705
0.0047050335
0.0046490248
0.0045853955
0.0045147117
0.0044377369
0.0043554024
0.0042687664
0.0041789692
0.0040871899
0.003994606
0.0039023555
0.0038115143
0.0037230813
0.003637947
0.0035568497
0.0034803424
0.0034087663
0.0033422248
0.0032805681
0.003223399
0.0031701206
0.0031200226
0.0030723642
0.0030264682
0.0029818117
0.0029380385
0.0028949203
0.0028523225
0.0028101434
0.0027682839
0.0027266719
0.0026852631
0.0026440613
0.0026030955
0.0025623696
0.0025218609
0.0024815548
0.0024414653
0.002401578
0.002361847
0.0023222361
0.0022827489
0.002243379
0.0022040617
0.0021647584
0.0021254834
0.0020862095
0.0020468664
0.0020074382
0.0019679401
0.0019282898
0.0018884622
0.0018484802
0.0018082638
0.0017677908
0.0017270799
0.0016860524
0.0016446941
0.0016030141
0.001560947
0.0015184849
0.0014756042
0.0014322794
0.0013884977
0.0013442261
0.0012994544
0.0012541653
0.0012083424
0.0011619723
0.0011150449
0.0010675531
0.0010194949
0.00097087309
0.00092169937
0.00087199211
0.00082179103
0.00077113548
0.00072013667
0.00066883468
0.00061758683
0.00056621155
0.00051615525
0.0004655105
0.00042128967
0.00037064125
0.00035177394
0.00026824413
0.00050785794
-0.00033709767
0.0048053189
0.00481828
0.0048287337
0.0048352485
0.00483683
0.0048329855
0.0048232037
0.0048069173
0.0047836365
0.0047529953
0.0047147566
0.0046688372
0.004615337
0.0045545544
0.0044869869
0.004413318
0.0043343922
0.0042511806
0.0041647415
0.0040761801
0.0039866107
0.0038971208
0.0038087464
0.003722453
0.0036391053
0.0035594288
0.0034839757
0.0034131001
0.0033469328
0.0032853682
0.0032280695
0.00317451
0.0031240488
0.0030760081
0.0030297582
0.0029847985
0.002940776
0.0028974561
0.0028546918
0.0028123735
0.0027704
0.0027286969
0.0026872173
0.0026459576
0.0026049381
0.0025641603
0.0025236029
0.0024832509
0.0024431133
0.0024031757
0.0023633961
0.0023237394
0.0022842051
0.0022447853
0.0022054205
0.002166073
0.0021267517
0.0020874303
0.0020480436
0.0020085732
0.00196903
0.0019293386
0.0018894719
0.0018494484
0.0018091941
0.0017686849
0.0017279361
0.0016868741
0.0016454827
0.0016037687
0.0015616701
0.0015191772
0.0014762669
0.0014329137
0.0013891041
0.0013448061
0.0013000088
0.001254695
0.0012088482
0.0011624551
0.0011155054
0.0010679922
0.0010199132
0.00097127128
0.00092207793
0.00087235145
0.00082213139
0.00077145694
0.00072043885
0.000669117
0.0006178472
0.00056644826
0.00051636003
0.00046567995
0.00042138957
0.00037064254
0.00035141206
0.0002695092
0.00049880179
-0.00032476021
0.0047680405
0.0047795786
0.0047887672
0.0047942614
0.0047951282
0.004790902
0.0047810981
0.0047651777
0.0047426731
0.0047132302
0.004676613
0.0046327247
0.0045816348
0.0045235941
0.0044590373
0.0043885733
0.0043129654
0.0042331021
0.0041499619
0.0040645774
0.0039779995
0.0038912637
0.003805364
0.0037212309
0.0036397028
0.0035614902
0.0034871433
0.003417027
0.0033512977
0.0032898912
0.0032325272
0.0031787454
0.0031279715
0.0030795882
0.0030330124
0.002987768
0.0029435079
0.0028999934
0.0028570678
0.0028146144
0.0027725303
0.0027307384
0.0026891894
0.0026478728
0.0026068011
0.002565973
0.0025253683
0.0024849713
0.0024447868
0.0024048003
0.0023649728
0.0023252708
0.00228569
0.0022462208
0.0022068089
0.002167417
0.0021280494
0.0020886806
0.0020492499
0.0020097369
0.0019701485
0.0019304155
0.0018905091
0.0018504437
0.0018101509
0.001769605
0.0017288177
0.0016877206
0.0016462954
0.0016045467
0.001562416
0.0015198917
0.0014769511
0.0014335687
0.0013897305
0.0013454055
0.0013005819
0.0012552427
0.0012093714
0.0011629547
0.0011159821
0.0010684468
0.0010203463
0.00097168347
0.00092246974
0.00087272326
0.00082248338
0.00077178911
0.00072075067
0.00066940779
0.00061811449
0.00056669021
0.00051656723
0.0004658494
0.00042148217
0.00037065408
0.00035100151
0.00027077996
0.00048968577
-0.00031248637
0.0047308791
0.0047410764
0.0047490684
0.0047535939
0.0047537794
0.0047491872
0.0047393599
0.0047237871
0.0047020227
0.0046737247
0.0046386588
0.0045967163
0.0045479396
0.0044925366
0.0044308843
0.004363523
0.00429114
0.0042145449
0.0041346399
0.0040523861
0.0039687715
0.0038847783
0.0038013567
0.0037194011
0.0036397224
0.0035630147
0.0034898244
0.0034205254
0.0033552977
0.0032941153
0.003236751
0.003182807
0.0031317724
0.0030830882
0.0030362171
0.0029907086
0.0029462244
0.0029025241
0.0028594437
0.0028168606
0.0027746697
0.002732792
0.0026911756
0.0026498036
0.0026086814
0.0025678049
0.0025271544
0.0024867137
0.0024464838
0.0024064498
0.0023665755
0.0023268287
0.0022872022
0.0022476843
0.0022082256
0.0021687894
0.0021293756
0.0020899597
0.0020504849
0.002010929
0.0019712952
0.0019315201
0.0018915737
0.0018514661
0.0018111342
0.0017705509
0.0017297246
0.0016885917
0.001647132
0.0016053481
0.0015631846
0.0015206283
0.0014776567
0.0014342445
0.0013903772
0.0013460244
0.0013011739
0.0012558087
0.0012099123
0.0011634712
0.0011164751
0.001068917
0.0010207944
0.00097211001
0.0009228752
0.00087310798
0.00082284747
0.0007721325
0.00072107271
0.00066970767
0.00061838938
0.00056693821
0.00051677765
0.00046601983
0.00042156853
0.00037065989
0.0003505708
0.00027204119
0.00048048597
-0.00030023255
0.0046938417
0.0047027783
0.004709642
0.0047132518
0.0047127913
0.004707851
0.0046980011
0.0046827592
0.0046617005
0.0046344954
0.0046009119
0.0045608315
0.0045142723
0.0044614034
0.0044025496
0.0043381878
0.0042689341
0.0041955241
0.0041187862
0.0040396123
0.0039589275
0.0038776603
0.0037967157
0.0037169509
0.0036391483
0.003563984
0.003491999
0.0034235744
0.0033589111
0.0032980188
0.0032407197
0.0031866745
0.0031354327
0.0030864912
0.0030393573
0.0029936079
0.0029489153
0.0029050399
0.0028618125
0.0028191057
0.002776813
0.0027348531
0.0026931717
0.0026517463
0.0026105758
0.0025696529
0.0025289585
0.0024884756
0.0024482019
0.002408122
0.0023682023
0.0023284116
0.00228874
0.0022491746
0.0022096695
0.0021701891
0.0021307296
0.0020912667
0.0020517476
0.0020121487
0.0019724696
0.0019326521
0.0018926651
0.001852515
0.0018121436
0.0017715224
0.0017306568
0.0016894874
0.0016479927
0.001606173
0.0015639761
0.0015213871
0.001478384
0.0014349413
0.0013910442
0.0013466631
0.0013017851
0.0012563932
0.0012104709
0.0011640049
0.0011169847
0.0010694031
0.0010212577
0.00097255116
0.00092329458
0.00087350589
0.00082322398
0.00077248746
0.00072140534
0.00067001707
0.00061867231
0.00056719274
0.00051699172
0.00046619178
0.0004216489
0.00037064972
0.00035013978
0.00027327271
0.00047117925
-0.00028795861
0.004656936
0.0046646901
0.0046704928
0.0046732403
0.0046721705
0.0046669019
0.0046570318
0.0046421057
0.0046217199
0.0045955574
0.0045633891
0.0045250886
0.0044806527
0.0044302156
0.0043740547
0.0043125883
0.0042463669
0.0041760558
0.0041024132
0.0040262634
0.00394847
0.0038699073
0.0037914341
0.0037138695
0.003637966
0.003564381
0.003493648
0.0034261532
0.0033621164
0.0033015799
0.0032444117
0.0031903271
0.0031389329
0.0030897795
0.0030424179
0.0029964528
0.0029515695
0.0029075315
0.0028641664
0.0028213434
0.0027789544
0.0027369166
0.0026951733
0.0026536971
0.0026124807
0.002571514
0.0025307778
0.0024902546
0.0024499389
0.002409815
0.0023698513
0.0023300178
0.0022903021
0.0022506901
0.0022111394
0.0021716151
0.0021321103
0.0020926008
0.0020530375
0.0020133954
0.0019736711
0.0019338109
0.0018937831
0.0018535903
0.0018131788
0.0017725193
0.001731614
0.0016904076
0.0016488773
0.0016070214
0.0015647904
0.0015221681
0.0014791328
0.0014356592
0.0013917316
0.0013473216
0.0013024154
0.0012569962
0.0012110475
0.0011645559
0.0011175109
0.0010699053
0.0010217365
0.0009730071
0.00092372806
0.0008739172
0.00082361311
0.00077285422
0.00072174879
0.0006703362
0.0006189635
0.00056745402
0.00051720958
0.00046636544
0.00042172295
0.00037062522
0.00034970939
0.0002744631
0.00046175929
-0.00027564576
0.0046201709
0.0046268177
0.0046316257
0.0046335641
0.0046319226
0.0046263466
0.0046164605
0.0046018368
0.0045820929
0.0045569244
0.0045261062
0.0044895053
0.0044471001
0.0043989938
0.0043454206
0.0042867456
0.0042234579
0.004156157
0.0040855341
0.0040123486
0.0039374034
0.0038615186
0.0037855066
0.0037101473
0.0036361629
0.0035641899
0.0034947531
0.0034282419
0.0033648925
0.003304777
0.0032478052
0.0031937437
0.0031422531
0.0030929349
0.0030453825
0.0029992293
0.0029541754
0.002909989
0.002866497
0.0028235663
0.0027810877
0.0027389772
0.0026971759
0.0026556519
0.0026143925
0.0025733849
0.0025326094
0.002492048
0.0024516924
0.0024115265
0.0023715205
0.0023316454
0.0022918869
0.0022522294
0.0022126339
0.0021730663
0.0021335166
0.0020939611
0.0020543537
0.0020146685
0.0019748991
0.001934996
0.0018949271
0.0018546916
0.0018142396
0.0017735413
0.001732596
0.0016913521
0.0016497857
0.001607893
0.0015656274
0.0015229714
0.0014799033
0.001436398
0.0013924395
0.0013479999
0.0013030649
0.0012576178
0.0012116422
0.0011651244
0.001118054
0.0010704237
0.0010222309
0.00097347793
0.00092417577
0.00087434202
0.00082401499
0.00077323288
0.00072210316
0.00067066519
0.00061926303
0.00056772212
0.00051743119
0.00046654079
0.00042179018
0.00037058797
0.00034927478
0.00027560875
0.00045222559
-0.00026328682
0.0045835555
0.0045891679
0.0045930458
0.0045942276
0.0045920522
0.0045861908
0.0045762941
0.0045619611
0.0045428298
0.0045186086
0.0044890773
0.0044540979
0.004413633
0.004367758
0.0043166685
0.0042606805
0.0042002268
0.0041358452
0.0040681634
0.0039978783
0.0039257335
0.0038524956
0.00377893
0.0037057771
0.0036337275
0.0035633963
0.0034952974
0.0034298216
0.003367219
0.0033075884
0.0032508784
0.0031969028
0.0031453728
0.0030959384
0.0030482343
0.0030019228
0.0029567202
0.0029124018
0.0028687954
0.0028257666
0.0027832063
0.0027410291
0.0026991743
0.0026576062
0.0026163073
0.002575262
0.0025344501
0.0024938529
0.0024534598
0.0024132542
0.0023732078
0.0023332926
0.0022934926
0.0022537912
0.0022141518
0.0021745415
0.0021349476
0.0020953466
0.0020556954
0.0020159671
0.001976153
0.0019362069
0.0018960966
0.0018558184
0.0018153256
0.0017745881
0.0017336025
0.0016923207
0.0016507177
0.0016087879
0.0015664871
0.0015237967
0.0014806953
0.0014371578
0.0013931678
0.001348698
0.0013037337
0.0012582581
0.0012122548
0.0011657103
0.0011186139
0.0010709583
0.0010227408
0.00097396372
0.00092463777
0.00087478042
0.00082442967
0.00077362351
0.0007224685
0.00067100404
0.00061957087
0.00056799699
0.00051765637
0.00046671761
0.00042184994
0.00037053782
0.00034883475
0.00027670599
0.00044257824
-0.00025087985
0.0045470996
0.0045517475
0.0045547579
0.0045552347
0.0045525631
0.0045464391
0.0045365383
0.0045224857
0.0045039394
0.0044806209
0.0044523154
0.0044188817
0.0043802686
0.0043365274
0.0042878185
0.0042344139
0.0041766938
0.004115139
0.0040503168
0.0039828644
0.003913468
0.0038428413
0.0037717029
0.0037007531
0.0036306504
0.003561987
0.0034952648
0.0034308739
0.0033690758
0.0033099932
0.0032536098
0.0031997829
0.0031482711
0.0030987706
0.0030509556
0.0030045177
0.0029591906
0.0029147585
0.0028710517
0.0028279361
0.0027853027
0.0027430658
0.002701163
0.0026595553
0.0026182208
0.0025771415
0.0025362964
0.0024956663
0.0024552384
0.0024149957
0.0023749111
0.0023349575
0.0022951175
0.0022553736
0.0022156916
0.0021760394
0.0021364021
0.0020967564
0.0020570617
0.0020172906
0.001977432
0.001937443
0.0018972913
0.0018569702
0.0018164365
0.0017756595
0.0017346334
0.0016933132
0.001651673
0.0016097057
0.0015673693
0.0015246441
0.0014815088
0.0014379386
0.0013939165
0.0013494159
0.0013044217
0.0012589171
0.0012128856
0.0011663137
0.0011191907
0.0010715092
0.0010232664
0.0009744645
0.00092511407
0.00087523241
0.00082485715
0.0007740261
0.00072284478
0.00067135271
0.00061988693
0.00056827846
0.00051788481
0.0004668956
0.00042190141
0.0003704736
0.00034839509
0.00027774972
0.00043281845
-0.00023842661
0.0045108129
0.0045145632
0.0045167668
0.004516589
0.0045134585
0.0045070947
0.0044971974
0.0044834162
0.004465429
0.0044429706
0.0044158322
0.0043838707
0.0043470234
0.0043053203
0.0042588907
0.0042079661
0.0041528792
0.0040940571
0.0040320108
0.0039673202
0.0039006162
0.0038325607
0.0037638257
0.0036950714
0.0036269236
0.0035599507
0.0034946409
0.0034313817
0.0033704437
0.0033119706
0.0032559776
0.0032023621
0.0031509269
0.0031014113
0.0030535281
0.0030069976
0.0029615725
0.0029170469
0.0028732554
0.0028300656
0.0027873692
0.0027450805
0.002703136
0.0026614938
0.0026201283
0.0025790192
0.0025381447
0.0024974849
0.0024570253
0.0024167482
0.0023766279
0.0023366379
0.0022967598
0.0022569752
0.0022172519
0.0021775587
0.002137879
0.0020981894
0.0020584517
0.0020186382
0.0019787355
0.0019387037
0.0018985105
0.0018581466
0.0018175718
0.001776755
0.0017356882
0.0016943292
0.0016526516
0.0016106464
0.0015682738
0.0015255134
0.0014823437
0.0014387402
0.0013946855
0.0013501536
0.0013051289
0.0012595947
0.0012135344
0.0011669345
0.0011197843
0.0010720764
0.0010238076
0.00097498025
0.00092560466
0.00087569796
0.00082529741
0.00077444058
0.00072323191
0.00067171108
0.00062021102
0.00056856632
0.00051811612
0.00046707431
0.00042194363
0.00037039521
0.00034795853
0.00027873089
0.00042294995
-0.00022593198
0.0044747052
0.004477622
0.004479077
0.0044782934
0.0044747406
0.0044681601
0.0044582743
0.0044447567
0.0044273047
0.0044056658
0.0043796381
0.0043490776
0.0043139126
0.0042741543
0.0042299042
0.0041813576
0.0041288033
0.0040726189
0.0040132627
0.0039512601
0.0038871888
0.0038216604
0.0037553008
0.0036887301
0.0036225411
0.0035572775
0.0034934124
0.0034313289
0.0033713044
0.0033135004
0.0032579606
0.0032046189
0.0031533186
0.0031038402
0.0030559329
0.0030093457
0.0029638508
0.0029192539
0.0028753953
0.0028321453
0.0027893972
0.0027470658
0.0027050868
0.002663416
0.0026220249
0.0025808907
0.002539991
0.0024993051
0.0024588172
0.002418509
0.0023783557
0.0023383316
0.0022984174
0.002258594
0.002218831
0.0021790981
0.002139377
0.0020996445
0.0020598645
0.0020200089
0.0019800627
0.0019399882
0.0018997536
0.0018593472
0.001818731
0.0017778743
0.0017367667
0.0016953686
0.0016536532
0.0016116097
0.0015692006
0.0015264044
0.0014831999
0.0014395626
0.0013954747
0.001350911
0.0013058553
0.0012602908
0.0012142012
0.0011675728
0.0011203948
0.0010726597
0.0010243644
0.00097551093
0.0009261095
0.00087617703
0.00082575036
0.00077486686
0.00072362977
0.00067207898
0.00062054292
0.00056886026
0.00051834985
0.00046725325
0.00042197543
0.00037030549
0.00034751461
0.0002796375
0.00041298046
-0.00021340098
0.004438786
0.0044409306
0.004441693
0.0044403506
0.0044364111
0.0044296366
0.004419771
0.0044065104
0.0043895708
0.0043687129
0.0043437419
0.0043145141
0.0042809504
0.0042430459
0.0042008776
0.0041546081
0.0041044862
0.0040508441
0.0039940905
0.0039346996
0.0038731981
0.0038101487
0.0037461323
0.0036817291
0.0036174988
0.0035539595
0.0034915679
0.0034307009
0.0033716405
0.0033145632
0.0032595379
0.0032065315
0.0031554248
0.0031060365
0.0030581505
0.0030115443
0.0029660098
0.0029213657
0.0028774592
0.0028341646
0.0027913774
0.0027490134
0.0027070082
0.0026653158
0.0026239049
0.002582751
0.0025418308
0.002501123
0.0024606106
0.0024202749
0.0023800917
0.0023400361
0.0023000881
0.0022602281
0.0022204272
0.0021806559
0.0021408947
0.0021011205
0.0020612989
0.002021402
0.0019814128
0.001941296
0.0019010202
0.0018605713
0.0018199138
0.001779017
0.0017378685
0.0016964311
0.0016546775
0.0016125955
0.0015701493
0.001527317
0.0014840772
0.0014404056
0.0013962842
0.0013516881
0.0013066008
0.0012610055
0.001214886
0.0011682285
0.0011210221
0.0010732592
0.0010249368
0.0009760565
0.00092662851
0.00087666952
0.00082621592
0.00077530482
0.0007240382
0.00067245621
0.00062088236
0.00056915994
0.00051858547
0.00046743185
0.00042199556
0.00037020748
0.00034703549
0.0002804734
0.00040291863
-0.0002008378
0.0044030649
0.0044044954
0.0044046186
0.0044027627
0.004398471
0.0043915249
0.0043816884
0.004368679
0.0043522308
0.0043321173
0.0043081512
0.0042801904
0.0042481496
0.0042120106
0.0041718286
0.0041277369
0.0040799481
0.0040287526
0.0039745129
0.0039176553
0.0038586577
0.0037980357
0.0037363263
0.0036740705
0.0036117944
0.0035499902
0.0034890972
0.0034294844
0.0033714357
0.0033151405
0.0032606893
0.0032080787
0.0031572239
0.003107979
0.0030601611
0.003013575
0.0029680332
0.0029233677
0.0028794345
0.0028361123
0.0027932999
0.0027509148
0.0027088927
0.0026671863
0.0026257624
0.0025845947
0.0025436593
0.0025029344
0.0024624018
0.0024220424
0.0023818327
0.0023417486
0.0023017695
0.0022618753
0.0022220385
0.0021822304
0.0021424307
0.0021026161
0.0020627539
0.0020228163
0.0019827849
0.0019426263
0.0019023094
0.0018618184
0.0018211197
0.0017801827
0.0017389933
0.0016975163
0.0016557242
0.0016136035
0.0015711199
0.001528251
0.0014849755
0.0014412692
0.0013971137
0.0013524846
0.0013073652
0.0012617387
0.0012155887
0.0011689015
0.0011216661
0.0010738749
0.0010255246
0.00097661687
0.00092716162
0.00087717534
0.00082669394
0.00077575432
0.00072445702
0.00067284254
0.00062122901
0.00056946496
0.00051882239
0.00046760947
0.0004220027
0.0003701034
0.00034649428
0.00028124991
0.00039277036
-0.00018825423
0.0043675507
0.0043683226
0.0043678576
0.0043655314
0.0043609208
0.0043538248
0.0043440263
0.0043312632
0.0043152866
0.0042958829
0.0042728725
0.0042461154
0.0042155221
0.0041810629
0.0041427741
0.0041007627
0.0040552088
0.0040063642
0.0039545492
0.0039001446
0.0038435823
0.0037853329
0.0037258906
0.0036657579
0.0036054275
0.0035453653
0.0034859921
0.0034276673
0.0033706752
0.0033152146
0.0032613952
0.0032092396
0.0031586945
0.0031096466
0.0030619443
0.003015419
0.0029699037
0.0029252447
0.0028813074
0.0028379764
0.0027951542
0.0027527606
0.0027107319
0.0026690203
0.0026275909
0.0025864162
0.0025454715
0.0025047346
0.0024641865
0.0024238078
0.0023835756
0.0023434662
0.0023034589
0.0022635333
0.0022236629
0.0021838199
0.0021439834
0.0021041298
0.0020642282
0.0020242508
0.001984178
0.0019439782
0.0019036206
0.0018630879
0.0018223481
0.0017813709
0.0017401406
0.0016986239
0.0016567931
0.0016146334
0.0015721121
0.0015292063
0.0014858947
0.0014421532
0.0013979631
0.0013533006
0.0013081486
0.0012624903
0.0012163092
0.0011695917
0.0011223268
0.0010745066
0.0010261278
0.00097719196
0.00092770872
0.00087769437
0.00082718431
0.00077621518
0.000724886
0.00067323769
0.00062158253
0.00056977488
0.00051906
0.00046778541
0.00042199548
0.00036999495
0.00034587516
0.00028196568
0.00038254389
-0.00017566884
0.0043322521
0.0043324178
0.004331413
0.0043286579
0.0043237601
0.0043165353
0.0043067837
0.0042942625
0.0042787393
0.0042600125
0.0042379108
0.0042122969
0.0041830785
0.0041502162
0.0041137299
0.0040737035
0.0040302875
0.003983699
0.0039342188
0.0038821856
0.003827988
0.0037720533
0.0037148348
0.0036567969
0.0035983997
0.0035400822
0.003482246
0.0034252395
0.0033693451
0.003314769
0.0032616366
0.0032099939
0.0031598153
0.0031110181
0.0030634796
0.003017057
0.0029716036
0.0029269807
0.0028830637
0.002839744
0.0027969289
0.0027545406
0.0027125169
0.0026708098
0.0026293834
0.002588209
0.0025472617
0.0025065187
0.0024659603
0.0024255671
0.0023853165
0.0023451856
0.0023051534
0.0022651994
0.002225298
0.0021854224
0.0021455508
0.0021056601
0.0020657204
0.0020257042
0.0019855911
0.0019453508
0.001904953
0.001864379
0.0018235983
0.0017825811
0.0017413101
0.0016997535
0.0016578838
0.001615685
0.0015731257
0.0015301827
0.0014868345
0.0014430574
0.0013988323
0.001354136
0.0013089508
0.0012632601
0.0012170475
0.0011702991
0.001123004
0.0010751542
0.0010267463
0.00097778167
0.00092826971
0.00087822648
0.00082768685
0.0007766872
0.00072532491
0.00067364138
0.00062194255
0.00057008922
0.00051929761
0.00046795891
0.00042197234
0.00036988849
0.00034516005
0.00028260747
0.0003722491
-0.00016309905
0.0042971771
0.0042967862
0.0042952876
0.0042921428
0.0042869881
0.0042796547
0.0042699588
0.0042576757
0.0042425885
0.0042245077
0.0042032699
0.0041787415
0.0041508282
0.0041194828
0.004084711
0.0040465766
0.0040052034
0.0039607767
0.0039135415
0.0038637972
0.0038118917
0.0037582114
0.0037031698
0.0036471949
0.0035907143
0.0035341402
0.0034778541
0.0034221923
0.0033674334
0.0033137884
0.0032613958
0.0032103217
0.0031605657
0.0031120724
0.0030647464
0.0030184695
0.0029731148
0.002928559
0.0028846883
0.0028414019
0.0027986119
0.0027562442
0.0027142382
0.0026725464
0.0026311322
0.0025899665
0.0025490236
0.002508281
0.0024677183
0.0024273157
0.0023870516
0.0023469033
0.0023068499
0.0022668708
0.0022269413
0.0021870354
0.002147131
0.0021072051
0.0020672288
0.0020271753
0.0019870231
0.001946743
0.0019063057
0.001865691
0.0018248698
0.0017838127
0.0017425011
0.0017009047
0.001658996
0.001616758
0.0015741605
0.0015311799
0.0014877948
0.0014439818
0.0013997213
0.0013549906
0.0013097718
0.0012640482
0.0012178034
0.0011710236
0.0011236977
0.0010758177
0.00102738
0.0009783859
0.00092884446
0.00087877153
0.00082820141
0.00077717019
0.0007257735
0.00067405328
0.00062230865
0.00057040746
0.00051953453
0.00046812917
0.0004219318
0.00036978511
0.00034434777
0.0002831587
0.00036189006
-0.00015056085
0.004262333
0.0042614327
0.0042594837
0.0042559861
0.0042506035
0.0042431807
0.004233549
0.0042215005
0.0042068332
0.0041893691
0.0041689526
0.0041454545
0.0041187794
0.0040888738
0.0040557316
0.0040193984
0.0039799746
0.0039376169
0.0038925371
0.0038449987
0.0037953113
0.0037438226
0.0036909084
0.0036369612
0.0035823767
0.0035275405
0.0034728136
0.0034185188
0.0033649293
0.0033122587
0.0032606559
0.0032102042
0.0031609252
0.0031127885
0.003065724
0.0030196363
0.0029744185
0.0029299624
0.0028861657
0.0028429357
0.0028001905
0.0027578599
0.0027158855
0.0026742209
0.0026328293
0.0025916812
0.0025507509
0.0025100156
0.002469455
0.002429049
0.0023887764
0.0023486153
0.0023085448
0.0022685444
0.00222859
0.0021886566
0.0021487219
0.0021087629
0.0020687519
0.0020286624
0.0019884724
0.0019481538
0.0019076776
0.0018670231
0.0018261618
0.001785065
0.0017437132
0.001702077
0.0016601293
0.001617852
0.0015752161
0.0015321977
0.0014887755
0.001444926
0.0014006298
0.0013558642
0.0013106114
0.0012648543
0.0012185769
0.0011717651
0.0011244079
0.001076497
0.0010280289
0.00097900452
0.00092943283
0.00087932937
0.00082872778
0.00077766391
0.0007262315
0.00067447306
0.0006226804
0.00057072908
0.00051977
0.0004682953
0.00042187241
0.00036967951
0.00034346589
0.00028359997
0.00035146935
-0.00013807218
0.0042277268
0.0042263612
0.0042240028
0.0042201877
0.0042146042
0.0042071102
0.004197551
0.0041857339
0.0041714713
0.004154596
0.0041349606
0.00411244
0.0040869391
0.0040583994
0.0040268045
0.0039921846
0.0039546191
0.0039142389
0.0038712257
0.0038258099
0.0037782654
0.0037289036
0.0036780645
0.0036261063
0.0035733939
0.0035202862
0.0034671233
0.0034142138
0.0033618237
0.0033101673
0.0032594013
0.0032096233
0.0031608743
0.0031131461
0.0030663917
0.0030205376
0.0029754957
0.0029311731
0.0028874795
0.0028443308
0.0028016514
0.0027593757
0.0027174481
0.0026758235
0.0026344658
0.0025933452
0.0025524363
0.0025117163
0.0024711647
0.0024307616
0.0023904864
0.0023503175
0.0023102344
0.0022702166
0.002230241
0.0021902832
0.0021503209
0.0021103313
0.0020702877
0.002030164
0.0019899377
0.0019495817
0.0019090677
0.0018683741
0.0018274734
0.0017863374
0.0017449457
0.00170327
0.0016612832
0.0016189666
0.0015762921
0.0015332358
0.0014897761
0.00144589
0.0014015576
0.0013567568
0.0013114694
0.0012656785
0.0012193679
0.0011725235
0.0011251343
0.001077192
0.0010286927
0.00097963742
0.00093003469
0.00087989981
0.00082926579
0.00077816814
0.0007266986
0.00067490036
0.00062305735
0.00057105348
0.00052000324
0.00046845636
0.0004217926
0.00036957042
0.00034253552
0.0002839101
0.0003409919
-0.00012565119
0.0041933645
0.0041915753
0.0041888461
0.0041847463
0.0041789877
0.0041714398
0.0041619606
0.0041503722
0.0041364998
0.0041201871
0.0041012944
0.0040797013
0.0040553133
0.0040280685
0.0039979419
0.0039649499
0.0039291538
0.0038906614
0.0038496271
0.0038062506
0.0037607732
0.0037134722
0.0036646535
0.0036146427
0.0035637746
0.0035123821
0.0034607841
0.003409274
0.0033581095
0.0033075033
0.0032576178
0.0032085622
0.003160394
0.003113125
0.0030667292
0.0030211531
0.002976327
0.002932173
0.0028886128
0.0028455715
0.0028029805
0.0027607788
0.0027189144
0.0026773441
0.0026360324
0.0025949502
0.0025540723
0.002513376
0.0024728412
0.002432448
0.0023921762
0.0023520051
0.0023119144
0.0022718839
0.002231891
0.0021919123
0.0021519254
0.0021119079
0.002071834
0.002031678
0.0019914172
0.0019510253
0.0019104746
0.0018697429
0.0018288037
0.001787629
0.0017461978
0.0017044828
0.0016624572
0.0016201014
0.0015773883
0.0015342938
0.0014907965
0.0014468734
0.0014025045
0.0013576681
0.0013123457
0.0012665204
0.0012201761
0.0011732987
0.0011258769
0.0010779025
0.0010293714
0.00098028445
0.00093064987
0.0008804827
0.0008298152
0.00077868261
0.00072717452
0.00067533479
0.00062343902
0.00057138006
0.00052023346
0.00046861133
0.00042169074
0.0003694564
0.00034155022
0.00028405297
0.00033049174
-0.00011331192
0.0041592515
0.0041570779
0.004154014
0.0041496606
0.0041437509
0.0041361653
0.0041267733
0.0041154107
0.0041019151
0.0040861401
0.0040679537
0.0040472403
0.0040239071
0.0039978891
0.0039691545
0.0039377082
0.0039035953
0.0038669028
0.0038277607
0.003786341
0.0037428544
0.0036975467
0.0036506917
0.003602584
0.0035535293
0.0035038349
0.0034537985
0.0034036978
0.0033537808
0.0033042572
0.0032552924
0.003207005
0.0031594665
0.003112706
0.0030667163
0.0030214629
0.002976893
0.0029329436
0.0028895484
0.002846642
0.002804163
0.0027620559
0.0027202723
0.0026787714
0.0026375191
0.0025964871
0.0025556505
0.0025149874
0.0024744777
0.0024341019
0.0023938405
0.0023536733
0.0023135804
0.002273542
0.0022335363
0.0021935404
0.0021535325
0.0021134901
0.0020733885
0.0020332024
0.0019929091
0.0019524829
0.0019118969
0.0018711284
0.0018301514
0.0017889388
0.0017474687
0.0017057148
0.0016636506
0.0016212557
0.001578504
0.0015353714
0.0014918363
0.001447876
0.0014034704
0.0013585979
0.0013132401
0.0012673801
0.0012210015
0.0011740905
0.0011266356
0.0010786284
0.0010300649
0.00098094545
0.00093127821
0.00088107782
0.00083037581
0.00077920706
0.0007276589
0.00067577594
0.00062382489
0.00057170818
0.0005204598
0.00046875915
0.00042156519
0.00036933657
0.00034044182
0.00028398362
0.00032006048
-0.00010106067
0.0041253924
0.0041228709
0.0041195063
0.0041149284
0.0041088902
0.004101282
0.0040919839
0.0040808444
0.0040677126
0.0040524517
0.0040349372
0.0040150583
0.0039927241
0.0039678679
0.0039404524
0.0039104724
0.0038779589
0.0038429808
0.003805646
0.0037661011
0.0037245292
0.0036811464
0.0036361968
0.0035899452
0.0035426699
0.0034946529
0.003446171
0.0033974856
0.003348834
0.0033004211
0.0032524137
0.0032049372
0.0031580748
0.0031118703
0.0030663335
0.003021447
0.0029771741
0.0029334661
0.0028902685
0.0028475257
0.0028051837
0.0027631929
0.002721509
0.0026800939
0.0026389154
0.0025979462
0.0025571624
0.0025165425
0.002476067
0.0024357169
0.0023954732
0.0023553165
0.0023152275
0.0022751866
0.0022351728
0.0021951641
0.0021551388
0.002115075
0.0020749486
0.002034735
0.0019944114
0.0019539528
0.001913333
0.001872529
0.0018315154
0.0017902656
0.0017487575
0.0017069652
0.0016648626
0.001622429
0.0015796388
0.0015364681
0.0014928951
0.0014488974
0.0014044548
0.0013595459
0.0013141524
0.0012682571
0.0012218439
0.0011748987
0.0011274101
0.0010793696
0.0010307728
0.00098162025
0.0009319195
0.00088168495
0.00083094734
0.0007797412
0.00072815141
0.0006762234
0.00062421443
0.00057203716
0.0005206814
0.00046889867
0.00042141429
0.00036921142
0.00033912558
0.00028368754
0.00030977888
-8.8918236e-05
0.0040917915
0.0040889562
0.0040853225
0.0040805472
0.0040744015
0.0040667847
0.0040575868
0.0040466677
0.0040338875
0.0040191184
0.0040022429
0.0039831555
0.0039617674
0.0039380111
0.0039118446
0.0038832545
0.0038522596
0.0038189126
0.0037833019
0.003745551
0.0037058177
0.0036642911
0.0036211871
0.0035767428
0.0035312098
0.0034848462
0.0034379078
0.0033906395
0.003343267
0.0032959891
0.0032489721
0.003202346
0.0031562032
0.0031106004
0.0030655619
0.0030210861
0.002977151
0.0029337217
0.0028907552
0.0028482057
0.0028060269
0.0027641752
0.002722611
0.0026812994
0.0026402102
0.0025993175
0.0025585987
0.002518033
0.0024776015
0.002437286
0.0023970681
0.0023569291
0.0023168504
0.0022768129
0.0022367963
0.0021967793
0.0021567409
0.0021166594
0.0020765114
0.0020362731
0.0019959218
0.001955433
0.0019147811
0.0018739431
0.0018328943
0.0017916084
0.001750063
0.001708233
0.0016660926
0.0016236206
0.0015807921
0.0015375832
0.0014939723
0.0014499372
0.0014054574
0.0013605119
0.0013150823
0.0012691514
0.001222703
0.0011757231
0.0011282002
0.0010801258
0.0010314952
0.00098230866
0.00093257356
0.0008823039
0.00083152957
0.00078028472
0.00072865169
0.00067667672
0.00062460711
0.00057236631
0.00052089741
0.00046902869
0.0004212364
0.0003690831
0.00033761187
0.00028312393
0.00029965904
-7.6918468e-05
0.0040584503
0.0040553333
0.00405146
0.0040465128
0.0040402792
0.0040326667
0.0040235743
0.0040128729
0.0040004326
0.003986134
0.0039698665
0.0039515298
0.0039310375
0.0039083219
0.0038833375
0.0038560642
0.0038265099
0.0037947135
0.0037607457
0.0037247095
0.0036867397
0.0036470003
0.0036056812
0.0035629936
0.0035191638
0.0034744265
0.0034290171
0.0033831639
0.0033370802
0.0032909575
0.00324496
0.0031992203
0.003153838
0.0031088802
0.0030643841
0.0030203618
0.0029768052
0.002933692
0.0028909909
0.0028486652
0.0028066768
0.0027649884
0.002723565
0.0026823754
0.002641392
0.0026005906
0.0025599498
0.00251945
0.0024790732
0.0024388019
0.0023986184
0.002358505
0.0023184437
0.0022784159
0.0022384023
0.0021983822
0.0021583352
0.00211824
0.0020780741
0.0020378142
0.0019974378
0.0019569212
0.0019162393
0.0018753692
0.0018342865
0.0017929657
0.0017513842
0.0017095172
0.0016673395
0.0016248296
0.0015819631
0.0015387163
0.0014950676
0.0014509949
0.0014064778
0.0013614955
0.0013160295
0.0012700626
0.0012235787
0.0011765636
0.0011290059
0.0010808968
0.0010322317
0.0009830105
0.00093324018
0.00088293442
0.00083212222
0.00078083732
0.00072915937
0.00067713548
0.00062500238
0.00057269501
0.00052110688
0.0004691482
0.00042102941
0.00036894921
0.0003359255
0.00028224094
0.00028967295
-6.504919e-05
0.0036631881
0.0037818305
0.0039519705
0.0041376798
0.0043498368
0.0045805549
0.0048185102
0.0050845554
0.0053476944
0.0058138669
0.0036631809
0.0037818146
0.0039519434
0.0041376309
0.0043497406
0.004580352
0.0048181097
0.0050831892
0.0053447591
0.0057371289
0.0036631669
0.0037817858
0.0039518942
0.0041375395
0.0043495606
0.0045799818
0.0048173449
0.005080973
0.0053394979
0.0056923402
0.0036631447
0.0037817405
0.0039518165
0.0041373949
0.004349276
0.0045793991
0.00481614
0.0050776992
0.0053323856
0.00565604
0.0036631133
0.0037816769
0.0039517073
0.0041371919
0.0043488768
0.0045785839
0.0048144643
0.0050733753
0.0053228459
0.0056198944
0.0036630722
0.0037815934
0.003951564
0.0041369254
0.0043483535
0.0045775186
0.0048122902
0.0050680139
0.0053107793
0.0055843518
0.0036630202
0.0037814881
0.0039513833
0.0041365894
0.0043476951
0.0045761832
0.0048095885
0.0050615884
0.0052969505
0.0055492306
0.0036629565
0.0037813589
0.0039511616
0.0041361777
0.0043468898
0.0045745568
0.0048063308
0.0050540918
0.0052817295
0.0055142245
0.0036628799
0.0037812037
0.0039508952
0.0041356834
0.004345925
0.0045726179
0.0048024895
0.0050455326
0.0052651673
0.0054793152
0.0036627893
0.0037810202
0.0039505801
0.0041350992
0.0043447879
0.0045703449
0.0047980378
0.00503592
0.0052473162
0.005444514
0.0036626834
0.0037808057
0.003950212
0.0041344175
0.0043434647
0.0045677157
0.0047929502
0.0050252647
0.0052282475
0.005409813
0.0036625608
0.0037805576
0.0039497862
0.0041336302
0.0043419413
0.0045647081
0.0047872023
0.0050135798
0.0052080331
0.0053751963
0.0036624201
0.003780273
0.0039492978
0.0041327285
0.0043402028
0.0045612999
0.0047807711
0.0050008802
0.0051867412
0.0053406458
0.0036622598
0.0037799488
0.0039487416
0.0041317035
0.0043382337
0.0045574688
0.0047736353
0.0049871831
0.0051644371
0.0053061426
0.0036620781
0.0037795817
0.0039481121
0.0041305454
0.0043360182
0.0045531924
0.0047657755
0.0049725074
0.0051411837
0.0052716676
0.0036618732
0.0037791682
0.0039474032
0.0041292443
0.0043335397
0.0045484488
0.0047571742
0.0049568737
0.0051170416
0.0052372018
0.0036616433
0.0037787045
0.0039466087
0.0041277894
0.0043307812
0.0045432164
0.004747816
0.0049403042
0.0050920688
0.0052027271
0.0036613863
0.0037781866
0.0039457218
0.0041261696
0.0043277253
0.004537474
0.0047376878
0.0049228227
0.0050663209
0.0051682267
0.0036610998
0.0037776102
0.0039447356
0.0041243733
0.0043243543
0.0045312011
0.0047267789
0.0049044542
0.005039851
0.0051336862
0.0036607817
0.0037769708
0.0039436423
0.0041223883
0.00432065
0.0045243779
0.0047150808
0.0048852252
0.00501271
0.0050990933
0.0036604292
0.0037762634
0.0039424342
0.0041202019
0.0043165941
0.0045169854
0.0047025881
0.0048651634
0.0049849461
0.0050644387
0.0036600398
0.003775483
0.0039411028
0.004117801
0.004312168
0.0045090057
0.0046892976
0.0048442973
0.0049566055
0.0050297156
0.0036596104
0.0037746242
0.0039396392
0.004115172
0.0043073532
0.0045004221
0.0046752088
0.0048226567
0.004927732
0.0049949206
0.0036591379
0.003773681
0.0039380342
0.0041123007
0.004302131
0.0044912192
0.004660324
0.0048002721
0.0048983671
0.0049600528
0.0036586191
0.0037726475
0.003936278
0.0041091727
0.0042964829
0.004481383
0.0046446483
0.0047771746
0.0048685504
0.0049251141
0.0036580502
0.003771517
0.0039343603
0.0041057731
0.0042903906
0.0044709011
0.0046281891
0.0047533961
0.0048383197
0.0048901091
0.0036574277
0.0037702828
0.0039322703
0.0041020866
0.0042838362
0.0044597628
0.0046109568
0.0047289689
0.0048077107
0.0048550445
0.0036567473
0.0037689376
0.0039299969
0.0040980976
0.0042768021
0.004447959
0.0045929639
0.0047039259
0.0047767577
0.004819929
0.0036560047
0.0037674738
0.0039275284
0.0040937904
0.0042692715
0.0044354829
0.0045742258
0.0046783002
0.0047454934
0.0047847731
0.0036551954
0.0037658833
0.0039248525
0.0040891488
0.004261228
0.0044223294
0.0045547599
0.0046521249
0.0047139491
0.0047495887
0.0036543143
0.0037641577
0.0039219566
0.0040841568
0.0042526563
0.0044084955
0.0045345858
0.0046254336
0.0046821548
0.0047143886
0.0036533563
0.0037622883
0.0039188275
0.0040787981
0.0042435419
0.0043939804
0.0045137251
0.0045982594
0.0046501395
0.0046791869
0.0036523158
0.0037602656
0.0039154518
0.0040730565
0.0042338714
0.0043787855
0.0044922015
0.0045706356
0.0046179311
0.0046439978
0.0036511867
0.00375808
0.0039118154
0.0040669158
0.0042236328
0.0043629143
0.0044700401
0.0045425953
0.0045855564
0.0046088363
0.0036499629
0.0037557213
0.0039079039
0.0040603601
0.004212815
0.0043463726
0.0044472676
0.0045141711
0.0045530413
0.0045737173
0.0036486376
0.003753179
0.0039037027
0.0040533738
0.0042014089
0.0043291684
0.004423912
0.0044853954
0.004520411
0.004538656
0.0036472038
0.0037504422
0.0038991966
0.0040459414
0.0041894065
0.0043113117
0.0044000022
0.0044562999
0.0044876895
0.0045036673
0.0036456538
0.0037474993
0.0038943703
0.0040380483
0.0041768018
0.0042928148
0.0043755682
0.0044269159
0.0044549003
0.0044687659
0.0036439797
0.0037443385
0.0038892083
0.0040296801
0.0041635903
0.0042736919
0.0043506407
0.0043972741
0.0044220658
0.0044339662
0.003642173
0.0037409476
0.0038836946
0.0040208234
0.0041497694
0.0042539592
0.0043252505
0.0043674042
0.0043892077
0.004399282
0.0036402249
0.0037373141
0.0038778135
0.0040114653
0.0041353385
0.0042336346
0.0042994292
0.0043373354
0.0043563465
0.0043647267
0.0036381259
0.0037334249
0.0038715489
0.0040015941
0.0041202987
0.0042127378
0.0042732081
0.0043070958
0.0043235021
0.004330313
0.003635866
0.0037292667
0.0038648849
0.003991199
0.0041046532
0.0041912901
0.0042466186
0.0042767128
0.0042906934
0.0042960531
0.0036334348
0.0037248259
0.0038578057
0.0039802703
0.0040884072
0.004169314
0.0042196918
0.0042462126
0.0042579383
0.0042619582
0.0036308213
0.0037200887
0.0038502956
0.0039687996
0.0040715676
0.0041468333
0.0041924584
0.0042156204
0.0042252536
0.004228039
0.0036280137
0.0037150409
0.003842339
0.0039567798
0.0040541434
0.0041238729
0.0041649486
0.0041849603
0.0041926553
0.0041943053
0.003625
0.0037096683
0.0038339209
0.0039442054
0.0040361454
0.0041004586
0.0041371921
0.0041542554
0.0041601582
0.0041607659
0.0036217674
0.0037039564
0.0038250265
0.0039310721
0.0040175863
0.0040766167
0.0041092179
0.0041235276
0.0041277762
0.0041274289
0.0036183035
0.0036978915
0.0038156423
0.0039173778
0.0039984799
0.0040523737
0.0040810533
0.0040927973
0.0040955219
0.0040943017
0.0036145957
0.0036914609
0.0038057552
0.0039031224
0.0039788412
0.004027755
0.0040527237
0.0040620818
0.0040634048
0.0040613885
0.003610462
0.0036843674
0.0037949155
0.0038876905
0.0039578509
0.0040017523
0.0040230756
0.004030128
0.0040301095
0.004027337
0.0036053756
0.0036757621
0.0037818463
0.0038693416
0.0039332411
0.0039716431
0.0039890675
0.0039936975
0.0039922849
0.0039887346
0.0035987537
0.0036647934
0.0037652961
0.0038464688
0.0039030824
0.0039352656
0.0039484088
0.0039504414
0.003947561
0.003943206
0.0035900419
0.0036508105
0.0037443457
0.0038180206
0.0038663364
0.0038916537
0.0039002252
0.0038995686
0.003895202
0.0038900427
0.0035784333
0.0036329985
0.0037179104
0.0037827812
0.0038218933
0.0038398574
0.0038437105
0.0038403843
0.0038345937
0.0038286894
0.0035627977
0.0036102995
0.0036847866
0.0037394434
0.0037686539
0.0037790391
0.003778221
0.0037723547
0.003765239
0.0037586462
0.0035417108
0.0035813756
0.0036435632
0.0036866396
0.0037056017
0.0037085584
0.0037033827
0.0036953067
0.0036871417
0.0036800536
0.0035133963
0.0035445445
0.0035927215
0.003623124
0.0036319614
0.0036280522
0.0036189784
0.0036089291
0.0035998119
0.0035922893
0.0034756674
0.0034978015
0.0035307669
0.0035479535
0.0035473484
0.003537687
0.0035257374
0.0035145124
0.0035049862
0.0034973422
0.0034259949
0.0034389693
0.003456407
0.0034606644
0.0034516987
0.0034371911
0.0034226415
0.0034101672
0.0034001605
0.0033924254
0.0033617363
0.0033659502
0.003368737
0.0033614922
0.0033463834
0.0033295127
0.0033144507
0.0033021008
0.0032923414
0.0032848396
0.0032806103
0.0032770753
0.00326739
0.0032503343
0.003229501
0.0032095445
0.0031929526
0.0031800786
0.0031703638
0.0031631291
0.0031812187
0.0031719395
0.0031536529
0.0031319123
0.0031110402
0.0030929593
0.0030781115
0.0030663633
0.0030573515
0.0030505997
0.0030641421
0.0030509836
0.0030254367
0.0029968096
0.0029712576
0.0029508399
0.0029353639
0.0029238896
0.0029154593
0.0029093028
0.0029325089
0.0029205314
0.0028995068
0.0028785794
0.0028608039
0.0028459268
0.0028335901
0.0028237696
0.0028162839
0.0028107209
0.0027902811
0.0027717144
0.0027405393
0.0027108695
0.0026888205
0.0026730898
0.0026614484
0.0026527518
0.00264637
0.0026417529
0.0026561399
0.0026595488
0.0026549318
0.0026445001
0.0026322926
0.0026206024
0.0026106769
0.0026028473
0.0025968879
0.002592429
0.0024903821
0.0024516291
0.0024104525
0.002381184
0.0023611065
0.0023465564
0.0023359006
0.0023282254
0.0023227396
0.002318805
0.0040239972
0.0040206184
0.0040165252
0.0040114243
0.0040051188
0.0039975234
0.0039885463
0.0039780689
0.003965971
0.0039521414
0.0039364767
0.0039188814
0.0038992722
0.0038775819
0.0038537621
0.0038277866
0.0037996544
0.0037693914
0.003737052
0.0037027203
0.0036665092
0.003628559
0.0035890345
0.0035481217
0.0035060221
0.0034629471
0.0034191112
0.0033747255
0.0033299899
0.0032850872
0.0032401779
0.0031953953
0.0031508445
0.0031066013
0.0030627142
0.0030192079
0.0029760874
0.0029333429
0.0028909542
0.0028488944
0.0028071338
0.0027656416
0.0027243883
0.0026833464
0.0026424915
0.0026018015
0.0025612567
0.0025208388
0.0024805309
0.0024403163
0.0024001785
0.0023601006
0.0023200653
0.002280055
0.002240051
0.0022000335
0.0021599827
0.002119878
0.0020796975
0.0020394188
0.0019990196
0.0019584768
0.0019177661
0.0018768646
0.0018357485
0.0017943928
0.0017527748
0.0017108703
0.0016686546
0.0016261059
0.0015832003
0.0015399143
0.0014962263
0.0014521146
0.0014075585
0.0013625377
0.0013170336
0.0012710288
0.0012245075
0.0011774554
0.0011298608
0.0010817151
0.0010330133
0.00098375512
0.00093394722
0.00088360281
0.00083274994
0.0007814219
0.00072969533
0.00067761835
0.00062541596
0.00057303604
0.00052131683
0.00046926065
0.00042078071
0.00036877369
0.00033402282
0.0002809803
0.0002793333
-5.273467e-05
0.0039849873
0.0039813467
0.0039770362
0.0039717886
0.003965423
0.0039578617
0.0039490222
0.0039387972
0.0039270768
0.0039137585
0.0038987462
0.0038819504
0.0038632915
0.0038427029
0.0038201345
0.0037955546
0.0037689532
0.0037403437
0.0037097648
0.0036772811
0.0036429833
0.0036069873
0.0035694321
0.0035304767
0.0034902962
0.0034490769
0.0034070104
0.0033642879
0.0033210938
0.0032776001
0.0032339609
0.0031903089
0.0031467524
0.0031033749
0.0030602354
0.0030173711
0.0029747999
0.0029325251
0.0028905384
0.0028488239
0.002807361
0.0027661267
0.0027250977
0.0026842516
0.0026435676
0.0026030264
0.0025626106
0.0025223038
0.0024820904
0.0024419551
0.0024018826
0.002361857
0.0023218622
0.0022818815
0.0022418972
0.0022018906
0.0021618425
0.0021217333
0.0020815419
0.0020412466
0.0020008259
0.001960257
0.0019195168
0.0018785823
0.0018374305
0.0017960371
0.0017543793
0.0017124335
0.0016701755
0.0016275834
0.0015846338
0.0015413036
0.0014975711
0.0014534149
0.0014088144
0.0013637495
0.0013182015
0.0012721533
0.0012255887
0.0011784937
0.0011308564
0.0010826681
0.0010339235
0.0009846222
0.00093477023
0.00088438036
0.00083347947
0.00078210029
0.00073031584
0.00067817544
0.00062588991
0.00057342277
0.00052154545
0.00046937161
0.00042045665
0.00036846947
0.00033177164
0.00027912101
0.00026758791
-3.8807975e-05
0.0039390444
0.0039351409
0.0039306157
0.0039252299
0.0039188206
0.0039113183
0.0039026502
0.0038927207
0.003881431
0.0038686882
0.0038544046
0.0038384974
0.0038208914
0.0038015219
0.0037803373
0.0037573015
0.003732396
0.0037056221
0.0036770026
0.0036465826
0.0036144299
0.0035806349
0.0035453091
0.0035085828
0.0034706023
0.003431526
0.0033915196
0.0033507513
0.0033093867
0.0032675835
0.0032254867
0.0031832251
0.0031409084
0.0030986257
0.0030564454
0.0030144161
0.0029725693
0.0029309215
0.0028894776
0.0028482336
0.0028071797
0.002766302
0.002725585
0.0026850122
0.0026445678
0.0026042365
0.0025640038
0.0025238559
0.0024837792
0.0024437602
0.0024037853
0.0023638401
0.00232391
0.0022839795
0.0022440322
0.0022040507
0.002164017
0.0021239122
0.0020837166
0.0020434095
0.00200297
0.0019623764
0.0019216062
0.0018806373
0.001839447
0.0017980121
0.0017563098
0.0017143173
0.001672011
0.0016293689
0.0015863682
0.0015429862
0.0014992015
0.0014549927
0.0014103396
0.0013652222
0.0013196218
0.0012735213
0.0012269048
0.0011797579
0.001132069
0.0010838288
0.0010350322
0.00098567804
0.00093577195
0.00088532603
0.00083436568
0.00078292285
0.00073106611
0.00067884592
0.00062645583
0.00057387755
0.00052180155
0.00046947368
0.00042001796
0.00036796909
0.00032900475
0.0002763148
0.00025386048
-2.2897456e-05
0.0038854706
0.0038813134
0.0038765872
0.0038710816
0.0038646534
0.0038572415
0.0038487829
0.0038391938
0.0038283873
0.0038162806
0.003802795
0.0037878551
0.0037713911
0.0037533411
0.0037336534
0.0037122882
0.0036892199
0.0036644387
0.0036379523
0.0036097869
0.0035799881
0.0035486207
0.0035157682
0.0034815313
0.0034460261
0.003409381
0.0033717333
0.0033332254
0.0032940006
0.0032541988
0.0032139521
0.0031733821
0.003132596
0.0030916857
0.0030507264
0.0030097767
0.00296888
0.002928066
0.0028873529
0.0028467495
0.0028062576
0.0027658739
0.0027255917
0.0026854023
0.0026452959
0.0026052624
0.0025652913
0.0025253722
0.0024854944
0.0024456471
0.0024058187
0.002365997
0.0023261693
0.0022863217
0.0022464396
0.0022065072
0.0021665079
0.0021264243
0.002086238
0.0020459296
0.0020054793
0.0019648665
0.0019240698
0.001883068
0.0018418392
0.001800361
0.0017586113
0.0017165679
0.001674208
0.0016315099
0.0015884513
0.0015450101
0.001501165
0.0014568952
0.0014121806
0.0013670013
0.001321339
0.0012751766
0.0012284981
0.0011812892
0.0011335381
0.0010852354
0.0010363755
0.00098695706
0.00093698474
0.00088646985
0.00083543597
0.0007839139
0.00073196684
0.00067964594
0.00062712448
0.00057440339
0.00052207919
0.00046954484
0.00041942634
0.00036721324
0.00032560038
0.00027227128
0.00023815837
-5.5972358e-06
0.0038237505
0.0038193712
0.0038144765
0.0038088868
0.0038024786
0.0037951996
0.0037869957
0.0037777953
0.0037675232
0.0037561074
0.0037434785
0.0037295691
0.0037143158
0.0036976604
0.0036795524
0.0036599499
0.0036388218
0.0036161489
0.0035919258
0.0035661618
0.0035388815
0.0035101257
0.0034799508
0.0034484286
0.0034156447
0.0033816967
0.0033466921
0.0033107452
0.0032739741
0.0032364973
0.0031984304
0.0031598829
0.0031209558
0.0030817392
0.0030423112
0.0030027372
0.0029630702
0.0029233512
0.0028836107
0.0028438701
0.0028041433
0.0027644381
0.002724758
0.0026851029
0.0026454707
0.0026058574
0.0025662581
0.0025266669
0.0024870769
0.0024474806
0.0024078696
0.0023682345
0.0023285648
0.0022888493
0.0022490753
0.0022092292
0.0021692965
0.0021292614
0.0020891073
0.0020488165
0.0020083706
0.0019677505
0.0019269363
0.0018859078
0.0018446442
0.0018031244
0.001761327
0.0017192307
0.0016768137
0.0016340547
0.0015909322
0.0015474247
0.0015035115
0.001459172
0.0014143865
0.0013691357
0.0013234012
0.001277166
0.0012304143
0.0011831318
0.0011353065
0.0010869288
0.0010379927
0.00098849625
0.00093844313
0.00088784356
0.00083671886
0.00078509811
0.00073303818
0.00068058987
0.00062790336
0.00057499771
0.000522365
0.00046954972
0.00041863219
0.00036608405
0.00032146264
0.00026677958
0.00022066844
1.2067592e-05
0.0037533777
0.0037488185
0.003743801
0.0037381716
0.0037318273
0.0037247251
0.0037168199
0.0037080512
0.0036983554
0.0036876712
0.0036759386
0.0036630988
0.0036490951
0.0036338742
0.0036173881
0.0035995945
0.003580459
0.0035599554
0.0035380678
0.0035147912
0.0034901323
0.0034641107
0.0034367582
0.0034081197
0.0033782517
0.0033472223
0.0033151088
0.0032819965
0.0032479766
0.0032131433
0.0031775917
0.0031414153
0.0031047035
0.0030675398
0.0030300001
0.002992152
0.0029540536
0.0029157539
0.0028772934
0.0028387042
0.0028000114
0.0027612337
0.0027223848
0.0026834744
0.0026445087
0.0026054913
0.0025664237
0.0025273057
0.0024881355
0.0024489099
0.0024096244
0.0023702732
0.0023308493
0.0022913443
0.0022517486
0.0022120512
0.0021722399
0.0021323016
0.0020922217
0.0020519847
0.0020115743
0.0019709732
0.0019301632
0.0018891257
0.0018478415
0.0018062908
0.0017644535
0.0017223094
0.001679838
0.0016370186
0.0015938308
0.001550254
0.001506268
0.001461853
0.0014169896
0.0013716589
0.001325843
0.0012795251
0.0012326894
0.0011853217
0.0011374098
0.0010889439
0.0010399174
0.00099032757
0.000940177
0.00088947437
0.00083823825
0.0007864952
0.00073429468
0.00068168529
0.00062879186
0.00057564723
0.00052263308
0.00046943438
0.00041756826
0.00036442926
0.0003164773
0.00025978772
0.00020196918
2.8620372e-05
0.0036745665
0.0036698908
0.0036648122
0.003659206
0.003652986
0.003646116
0.0036385593
0.0036302663
0.0036211843
0.003611262
0.0036004487
0.0035886942
0.0035759488
0.0035621652
0.0035472988
0.0035313091
0.0035141602
0.0034958218
0.0034762708
0.0034554914
0.0034334765
0.003410228
0.0033857575
0.0033600864
0.003333246
0.0033052769
0.0032762285
0.003246158
0.0032151292
0.0031832108
0.0031504749
0.0031169951
0.0030828449
0.0030480958
0.0030128161
0.0029770692
0.0029409135
0.0029044009
0.0028675772
0.0028304821
0.002793149
0.002755606
0.0027178762
0.0026799783
0.0026419271
0.0026037342
0.0025654085
0.0025269563
0.0024883819
0.0024496874
0.0024108735
0.0023719386
0.0023328801
0.0022936934
0.0022543724
0.0022149098
0.0021752966
0.0021355226
0.0020955761
0.0020554446
0.002015114
0.0019745697
0.0019337957
0.0018927755
0.0018514918
0.0018099268
0.0017680622
0.0017258791
0.0016833586
0.0016404814
0.0015972281
0.0015535794
0.001509516
0.0014650188
0.0014200692
0.0013746491
0.0013287408
0.0012823279
0.0012353949
0.0011879275
0.0011399134
0.0010913425
0.0010422075
0.0009925047
0.00094223529
0.0008914059
0.00084003172
0.00078813566
0.00073575863
0.00068294432
0.00062979037
0.00057633555
0.00052285066
0.00046913242
0.0004161538
0.00036209079
0.00031051969
0.00025134639
0.00018335812
4.2448509e-05
0.0035866459
0.0035819298
0.003576863
0.0035713415
0.0035652995
0.0035587094
0.0035515411
0.0035437542
0.0035353059
0.0035261543
0.0035162575
0.0035055733
0.0034940594
0.0034816748
0.0034683795
0.0034541359
0.0034389091
0.0034226673
0.0034053834
0.0033870349
0.0033676048
0.0033470826
0.0033254642
0.0033027528
0.0032789589
0.0032541003
0.0032282021
0.0032012963
0.0031734211
0.0031446205
0.0031149427
0.0030844396
0.0030531653
0.0030211752
0.0029885243
0.0029552668
0.0029214545
0.0028871365
0.0028523585
0.0028171621
0.0027815851
0.0027456609
0.0027094193
0.0026728859
0.002636083
0.0025990294
0.0025617411
0.0025242312
0.0024865103
0.0024485866
0.0024104663
0.0023721533
0.0023336497
0.0022949556
0.0022560696
0.0022169883
0.0021777068
0.0021382187
0.002098516
0.0020585894
0.0020184283
0.001978021
0.0019373545
0.0018964151
0.0018551881
0.001813658
0.0017718087
0.0017296237
0.0016870857
0.0016441773
0.0016008809
0.0015571784
0.001513052
0.0014684838
0.0014234561
0.0013779516
0.0013319536
0.0012854459
0.0012384133
0.0011908417
0.0011427187
0.0010940338
0.001044779
0.00099494923
0.00094454384
0.0008935669
0.00084202941
0.00078994925
0.00073735743
0.00068428918
0.0006308136
0.00057696436
0.00052290626
0.00046850374
0.00041424395
0.00035887172
0.00030358814
0.00024150501
0.0001659784
5.1988742e-05
0.0034916902
0.0034870024
0.003482016
0.0034766504
0.0034708489
0.0034645888
0.0034578467
0.0034505907
0.0034427868
0.0034344011
0.0034253995
0.0034157474
0.0034054096
0.0033943511
0.0033825375
0.003369935
0.0033565113
0.0033422357
0.0033270798
0.003311018
0.0032940279
0.003276091
0.003257193
0.0032373242
0.00321648
0.003194661
0.0031718731
0.0031481277
0.0031234416
0.0030978364
0.0030713383
0.0030439779
0.0030157889
0.0029868081
0.0029570742
0.002926627
0.0028955071
0.0028637545
0.0028314087
0.0027985075
0.0027650873
0.0027311818
0.0026968226
0.0026620388
0.0026268568
0.0025913002
0.0025553904
0.002519146
0.0024825832
0.0024457161
0.0024085561
0.0023711128
0.0023333936
0.0022954038
0.0022571469
0.0022186244
0.002179836
0.0021407799
0.0021014524
0.0020618484
0.0020219613
0.0019817833
0.0019413052
0.0019005167
0.0018594064
0.0018179621
0.0017761706
0.0017340181
0.0016914902
0.0016485716
0.001605247
0.0015615005
0.0015173159
0.0014726771
0.0014275678
0.0013819719
0.0013358735
0.0012892573
0.0012421086
0.0011944136
0.0011461597
0.001097336
0.0010479334
0.00099794557
0.00094736936
0.00089620553
0.00084445995
0.0007921438
0.0007392766
0.00068588107
0.00063199646
0.00057763892
0.00052287598
0.00046758997
0.00041187124
0.00035481479
0.00029593634
0.00023097032
0.00015081246
5.6882417e-05
0.003386845
0.0033822871
0.0033774686
0.0033723256
0.0033668203
0.0033609363
0.003354654
0.0033479481
0.0033407919
0.0033331585
0.0033250209
0.0033163509
0.0033071198
0.0032972988
0.0032868586
0.0032757703
0.003264005
0.0032515347
0.0032383322
0.0032243718
0.0032096291
0.0031940819
0.0031777104
0.0031604974
0.0031424287
0.0031234935
0.0031036844
0.0030829979
0.0030614343
0.0030389978
0.0030156963
0.0029915416
0.002966549
0.0029407368
0.0029141263
0.0028867413
0.0028586075
0.0028297521
0.0028002033
0.00276999
0.002739141
0.002707685
0.00267565
0.0026430632
0.0026099504
0.0025763361
0.0025422431
0.0025076929
0.0024727047
0.0024372963
0.0024014833
0.0023652797
0.0023286975
0.0022917466
0.0022544353
0.00221677
0.0021787553
0.002140394
0.0021016874
0.0020626349
0.0020232347
0.0019834833
0.0019433758
0.0019029063
0.0018620673
0.0018208506
0.0017792467
0.0017372454
0.0016948353
0.0016520047
0.0016087409
0.0015650307
0.0015208605
0.0014762162
0.0014310835
0.001385448
0.0013392952
0.0012926109
0.001245381
0.0011975923
0.0011492321
0.0011002889
0.0010507526
0.0010006151
0.00094987024
0.00089851459
0.00084654783
0.00079397261
0.00074079523
0.0006870218
0.00063266063
0.00057769906
0.00052211881
0.00046577867
0.00040847919
0.00034950923
0.00028741985
0.00022021931
0.00013776168
5.748465e-05
0.0032794524
0.003275059
0.0032704476
0.0032655712
0.0032603946
0.0032549034
0.0032490832
0.0032429148
0.003236377
0.0032294486
0.003222108
0.0032143327
0.0032060996
0.0031973853
0.0031881671
0.0031784218
0.0031681245
0.003157249
0.0031457704
0.0031336645
0.003120908
0.0031074782
0.0030933532
0.0030785127
0.0030629377
0.003046611
0.0030295175
0.0030116443
0.0029929809
0.0029735193
0.0029532541
0.0029321829
0.0029103059
0.0028876261
0.0028641493
0.0028398837
0.0028148399
0.0027890307
0.0027624709
0.002735177
0.0027071666
0.0026784587
0.0026490728
0.0026190291
0.0025883478
0.0025570493
0.0025251535
0.0024926798
0.0024596469
0.0024260727
0.0023919739
0.0023573662
0.0023222639
0.0022866801
0.0022506263
0.0022141126
0.0021771479
0.0021397393
0.0021018925
0.0020636119
0.0020249003
0.001985759
0.0019461882
0.0019061866
0.0018657517
0.0018248797
0.001783566
0.0017418043
0.0016995879
0.0016569085
0.0016137574
0.0015701247
0.0015259999
0.0014813719
0.0014362288
0.0013905584
0.0013443481
0.0012975852
0.0012502567
0.0012023498
0.0011538522
0.0011047517
0.0010550371
0.001004698
0.00095372484
0.00090210919
0.00084984346
0.00079692018
0.00074333081
0.00068906186
0.00063409048
0.00057836859
0.0005218068
0.00046422069
0.00040523642
0.00034426162
0.00027952764
0.00021068009
0.00012780195
5.6027203e-05
0.003158032
0.0031539289
0.0031496337
0.0031451092
0.0031403359
0.0031353042
0.0031300016
0.0031244124
0.0031185205
0.0031123094
0.0031057621
0.0030988609
0.0030915873
0.0030839224
0.0030758468
0.0030673406
0.0030583834
0.0030489539
0.003039031
0.0030285933
0.0030176196
0.0030060884
0.0029939789
0.0029812702
0.0029679422
0.0029539755
0.0029393514
0.0029240523
0.0029080619
0.0028913653
0.0028739489
0.002855801
0.0028369116
0.0028172726
0.0027968779
0.0027757233
0.0027538067
0.0027311279
0.0027076888
0.002683493
0.0026585458
0.0026328544
0.0026064272
0.0025792741
0.002551406
0.0025228346
0.0024935727
0.0024636333
0.00243303
0.0024017762
0.0023698856
0.0023373716
0.0023042472
0.002270525
0.002236217
0.0022013345
0.0021658879
0.0021298869
0.00209334
0.0020562548
0.0020186378
0.0019804947
0.0019418299
0.0019026466
0.0018629474
0.0018227333
0.0017820044
0.0017407598
0.0016989972
0.0016567134
0.001613904
0.0015705633
0.0015266849
0.0014822612
0.0014372837
0.0013917431
0.0013456292
0.0012989311
0.0012516375
0.0012037365
0.001155216
0.0011060636
0.0010562667
0.0010058123
0.00095468708
0.00090287681
0.00085036578
0.00079713529
0.00074316121
0.00068840941
0.00063282799
0.00057633445
0.00051878814
0.00045996909
0.00039943722
0.00033671252
0.00027012479
0.00020034989
0.00011850127
5.2158503e-05
0.0030458351
0.0030419808
0.0030379648
0.0030337636
0.0030293551
0.0030247294
0.0030198777
0.0030147884
0.0030094487
0.0030038457
0.0029979658
0.0029917952
0.0029853192
0.0029785223
0.0029713876
0.0029638979
0.0029560366
0.0029477875
0.0029391332
0.0029300555
0.0029205355
0.0029105545
0.0029000933
0.0028891328
0.0028776538
0.0028656373
0.0028530641
0.0028399155
0.002826173
0.0028118187
0.0027968342
0.0027812015
0.0027649056
0.002747933
0.00273027
0.0027119039
0.0026928235
0.0026730189
0.0026524817
0.002631205
0.0026091833
0.0025864124
0.00256289
0.0025386148
0.002513587
0.0024878083
0.0024612814
0.0024340101
0.0024059994
0.002377255
0.0023477835
0.0023175921
0.0022866885
0.0022550811
0.0022227785
0.0021897899
0.002156125
0.0021217932
0.0020868039
0.0020511658
0.0020148876
0.0019779775
0.001940443
0.0019022913
0.0018635285
0.0018241601
0.0017841905
0.0017436229
0.0017024596
0.0016607013
0.0016183479
0.001575398
0.001531849
0.0014876969
0.0014429368
0.0013975622
0.0013515656
0.0013049385
0.0012576711
0.0012097524
0.0011611709
0.0011119139
0.0010619678
0.0010113172
0.00095994503
0.00090783136
0.00085495265
0.00080127957
0.00074677389
0.00069138365
0.00063503462
0.00057762011
0.00051897407
0.00045886947
0.00039688485
0.00033267567
0.00026484413
0.00019467144
0.00011415988
5.0498989e-05
0.0029050289
0.0029016218
0.0028980721
0.002894357
0.0028904685
0.002886401
0.0028821461
0.0028776937
0.0028730337
0.002868156
0.0028630497
0.0028577035
0.0028521056
0.0028462437
0.0028401049
0.002833676
0.0028269431
0.0028198919
0.0028125074
0.0028047744
0.0027966771
0.0027881991
0.0027793239
0.0027700342
0.0027603129
0.002750142
0.0027395038
0.00272838
0.0027167523
0.0027046022
0.0026919105
0.002678658
0.0026648266
0.0026503985
0.0026353566
0.0026196846
0.0026033664
0.0025863859
0.002568728
0.0025503783
0.0025313232
0.0025115502
0.0024910476
0.0024698049
0.0024478124
0.0024250617
0.0024015454
0.0023772573
0.0023521921
0.0023263457
0.0022997152
0.0022722985
0.0022440948
0.0022151045
0.0021853293
0.0021547724
0.0021234372
0.0020913279
0.0020584498
0.0020248096
0.0019904148
0.0019552736
0.0019193952
0.0018827889
0.0018454647
0.0018074325
0.0017687019
0.0017292814
0.001689178
0.001648397
0.0016069423
0.0015648166
0.0015220211
0.0014785557
0.0014344185
0.0013896058
0.0013441127
0.0012979323
0.0012510563
0.0012034749
0.001155177
0.0011061498
0.001056378
0.0010058435
0.00095452528
0.00090239833
0.00084943232
0.00079558935
0.0007408209
0.00068506351
0.00062823152
0.00057021026
0.00051083536
0.00044990384
0.00038706418
0.00032211183
0.00025396234
0.0001842227
0.00010608601
4.5795725e-05
0.0028068114
0.0028036492
0.0028003643
0.0027969454
0.0027933751
0.0027896455
0.0027857513
0.0027816851
0.0027774385
0.0027730027
0.0027683689
0.0027635278
0.0027584697
0.0027531844
0.0027476614
0.0027418895
0.0027358572
0.0027295526
0.0027229633
0.0027160763
0.0027088782
0.0027013552
0.0026934929
0.0026852765
0.0026766906
0.0026677193
0.0026583465
0.0026485556
0.0026383296
0.0026276506
0.0026165013
0.0026048647
0.002592722
0.002580054
0.0025668423
0.0025530685
0.0025387141
0.0025237611
0.0025081917
0.0024919883
0.0024751328
0.0024576076
0.0024393957
0.0024204802
0.0024008449
0.0023804741
0.0023593526
0.0023374656
0.0023147988
0.0022913384
0.0022670709
0.0022419823
0.0022160597
0.002189284
0.0021616483
0.0021331841
0.0021039034
0.0020737988
0.0020428649
0.0020111032
0.0019785181
0.0019451141
0.0019108968
0.0018758726
0.0018400491
0.0018034338
0.0017660336
0.001727854
0.0016889005
0.0016491789
0.0016086948
0.0015674531
0.0015254566
0.0014827068
0.0014392032
0.0013949442
0.0013499267
0.0013041456
0.0012575913
0.0012102522
0.0011621197
0.0011131848
0.001063432
0.0010128418
0.00096139098
0.00090905221
0.00085579213
0.00080156945
0.00074633252
0.00069001615
0.00063253652
0.00057378784
0.00051362743
0.00045189475
0.00038831338
0.00032278958
0.00025439484
0.00018482224
0.00010721748
4.6845792e-05
0.0026385706
0.0026360411
0.0026334038
0.0026306448
0.0026277609
0.0026247486
0.0026216013
0.0026183123
0.0026148747
0.0026112815
0.0026075252
0.0026035981
0.0025994921
0.0025951986
0.0025907088
0.0025860132
0.0025811023
0.0025759658
0.0025705931
0.0025649732
0.0025590946
0.0025529452
0.0025465126
0.0025397838
0.0025327452
0.002525383
0.0025176822
0.0025096266
0.0025012008
0.0024923895
0.0024831772
0.0024735471
0.0024634816
0.0024529627
0.0024419715
0.0024304884
0.0024184937
0.0024059675
0.0023928897
0.0023792395
0.002364996
0.0023501377
0.0023346429
0.0023184896
0.0023016553
0.0022841176
0.0022658532
0.0022468389
0.0022270507
0.0022064642
0.0021850543
0.0021627947
0.0021396576
0.0021156132
0.0020906279
0.0020646794
0.0020377694
0.002009904
0.0019810881
0.001951329
0.0019206394
0.0018890373
0.0018565463
0.0018231965
0.0017890231
0.0017540724
0.0017183804
0.0016819382
0.0016447297
0.0016067437
0.0015679715
0.0015284116
0.001488064
0.0014469227
0.0014049787
0.001362223
0.0013186464
0.0012742391
0.0012289897
0.0011828858
0.0011359136
0.0010880575
0.0010392993
0.00098961808
0.00093898972
0.00088738615
0.00083477422
0.00078111449
0.00072635964
0.00067045276
0.00061332457
0.00055489332
0.00049505552
0.0004337098
0.00037067692
0.00030598639
0.00023897309
0.00017147071
9.7750441e-05
4.1676739e-05
0.0025892774
0.0025867186
0.0025840693
0.0025813221
0.0025784597
0.0025754754
0.0025723659
0.0025691259
0.002565749
0.0025622285
0.0025585579
0.00255473
0.0025507374
0.0025465725
0.0025422269
0.0025376922
0.0025329595
0.0025280195
0.0025228622
0.0025174775
0.0025118548
0.0025059828
0.0024998498
0.0024934437
0.0024867518
0.0024797609
0.0024724571
0.0024648262
0.0024568533
0.0024485234
0.0024398209
0.0024307293
0.0024212315
0.00241131
0.0024009467
0.0023901227
0.0023788191
0.002367016
0.0023546924
0.0023418277
0.0023284008
0.0023143906
0.0022997755
0.0022845337
0.0022686435
0.0022520826
0.0022348291
0.0022168612
0.0021981579
0.0021786986
0.0021584636
0.0021374342
0.0021155929
0.0020929293
0.0020694214
0.0020450172
0.0020196899
0.0019934349
0.0019662484
0.0019381239
0.0019090565
0.0018790458
0.0018480953
0.0018162122
0.001783409
0.0017497052
0.0017151223
0.0016796756
0.0016433822
0.0016062713
0.0015683705
0.0015296694
0.0014901447
0.0014497798
0.0014085632
0.001366483
0.0013235255
0.0012796765
0.0012349219
0.0011892465
0.0011426348
0.0010950697
0.001046533
0.00099700428
0.00094646076
0.00089487664
0.00084222238
0.00078846381
0.00073356107
0.00067746739
0.00062012686
0.00056147468
0.00050142723
0.00043990384
0.00037673841
0.00031195615
0.0002448151
0.00017701554
0.00010222354
4.4271598e-05
0.0023160993
0.002313956
0.0023117281
0.0023094041
0.0023069823
0.0023044603
0.0023018329
0.002299095
0.0022962413
0.0022932665
0.0022901648
0.0022869304
0.002283557
0.002280038
0.0022763665
0.0022725355
0.0022685374
0.0022643643
0.002260008
0.00225546
0.0022507112
0.0022457525
0.0022405738
0.0022351653
0.0022295161
0.0022236154
0.0022174518
0.0022110132
0.0022042875
0.0021972619
0.0021899232
0.0021822578
0.0021742518
0.0021658906
0.0021571595
0.0021480432
0.0021385263
0.0021285929
0.0021182269
0.0021074119
0.0020961316
0.0020843692
0.0020721082
0.0020593319
0.0020460238
0.0020321677
0.0020177472
0.0020027469
0.0019871524
0.0019709497
0.0019541261
0.0019366702
0.0019185725
0.0018998249
0.001880424
0.0018603641
0.0018396176
0.0018181518
0.0017959366
0.0017729429
0.0017491396
0.0017244934
0.0016989699
0.0016725328
0.0016451461
0.0016167707
0.0015873815
0.0015569964
0.0015256422
0.0014933466
0.0014601312
0.0014259819
0.0013908732
0.0013547862
0.0013177072
0.0012796218
0.0012405145
0.0012003697
0.0011591726
0.001116908
0.001073561
0.0010291163
0.00098355833
0.00093687124
0.00088903869
0.00084004385
0.00078986941
0.0007384976
0.00068591041
0.00063209004
0.00057701905
0.00052068328
0.00046306707
0.0004041775
0.00034397471
0.00028262456
0.00021967906
0.00015690477
8.9186677e-05
3.7879445e-05
)
;

boundaryField
{
    inlet
    {
        type            zeroGradient;
    }
    top
    {
        type            zeroGradient;
    }
    outlet
    {
        type            fixedValue;
        value           uniform 0;
    }
    slipsurface
    {
        type            slip;
    }
    bottom
    {
        type            zeroGradient;
    }
    frontandback
    {
        type            empty;
    }
}


// ************************************************************************* //
