/*--------------------------------*- C++ -*----------------------------------*\
  =========                 |
  \\      /  F ield         | OpenFOAM: The Open Source CFD Toolbox
   \\    /   O peration     | Website:  https://openfoam.org
    \\  /    A nd           | Version:  12
     \\/     M anipulation  |
\*---------------------------------------------------------------------------*/
FoamFile
{
    format      ascii;
    class       volScalarField;
    location    "1800";
    object      p;
}
// * * * * * * * * * * * * * * * * * * * * * * * * * * * * * * * * * * * * * //

dimensions      [0 2 -2 0 0 0 0];

internalField   nonuniform List<scalar> 
7480
(
0.0087170893
0.0081282931
0.0070201886
0.0064119932
0.0061121945
0.0058667464
0.0056062776
0.0053527052
0.0051126156
0.0048747108
0.0046318768
0.0043831787
0.0041396046
0.0039209378
0.0037506424
0.0036395436
0.0035862742
0.0035514011
0.0035270347
0.0035140333
0.0035033705
0.0034928223
0.0034811954
0.0034549568
0.0034161345
0.0033732531
0.0033304695
0.0032902044
0.0032498113
0.0032099452
0.0031715291
0.0031345536
0.0030995842
0.0030646408
0.0030263608
0.0029852578
0.0029430947
0.0029014322
0.0028616228
0.0028235289
0.002786472
0.0027504469
0.0027155077
0.0026815975
0.0026483157
0.0026150711
0.0025814098
0.0025476649
0.0025139344
0.002478894
0.0024411498
0.0024032437
0.002367622
0.0023346224
0.0023020438
0.0022684839
0.0022331561
0.0021953633
0.0021561882
0.0021170055
0.0020777915
0.002038085
0.0019979619
0.0019574753
0.0019163984
0.0018747562
0.0018326857
0.0017901102
0.0017469954
0.0017034007
0.0016592043
0.0016143636
0.0015689372
0.0015228057
0.0014759766
0.0014284605
0.0013801193
0.0013309911
0.0012810455
0.0012301035
0.0011783748
0.0011255254
0.0010712377
0.0010158439
0.00095826833
0.0008906084
0.00081686447
0.00076201279
0.00070787042
0.00065015966
0.000592095
0.00053549621
0.00048021617
0.00042550779
0.00037321266
0.00032032185
0.00028390948
0.00022600731
0.00038489989
-0.00027975472
0.0082807095
0.0076994618
0.0068348835
0.0063081387
0.0060393357
0.0058145101
0.0055723225
0.0053354441
0.0051150031
0.0049027041
0.0046924869
0.0044828748
0.0042820815
0.0041015447
0.0039515568
0.00383788
0.0037545456
0.0037000011
0.0036592255
0.0036251815
0.0035934653
0.0035602686
0.0035208177
0.0034757063
0.0034287198
0.0033816306
0.0033375774
0.0032968704
0.0032569371
0.0032178101
0.0031799837
0.0031433495
0.0031081017
0.0030724324
0.0030337543
0.0029926951
0.0029508269
0.0029095129
0.0028699122
0.0028317856
0.0027944882
0.0027581116
0.0027227748
0.0026884615
0.0026546967
0.0026208887
0.0025866804
0.0025522236
0.0025176335
0.0024817961
0.0024443566
0.0024072537
0.0023724385
0.0023394132
0.0023063146
0.0022722239
0.0022365484
0.0021985865
0.0021593184
0.0021200453
0.0020807394
0.0020409448
0.0020007393
0.001960173
0.0019190153
0.0018772922
0.0018351395
0.0017924787
0.0017492769
0.0017055953
0.0016613132
0.0016163888
0.0015708806
0.0015246693
0.0014777627
0.0014301714
0.0013817591
0.0013325652
0.001282558
0.0012315573
0.0011797724
0.0011268686
0.001072526
0.0010170683
0.0009592503
0.00089012462
0.00081948566
0.00076662936
0.00071216252
0.00065347833
0.00059474319
0.00053765698
0.00048199143
0.00042699089
0.00037449258
0.00032145263
0.00028492744
0.00022701781
0.00038595621
-0.00027898763
0.0079896879
0.0075790554
0.0069020178
0.0063869663
0.0060969439
0.0058591014
0.0056106703
0.0053669483
0.0051393386
0.0049197053
0.0047017362
0.0044826211
0.0042704908
0.004076242
0.0039117832
0.0037860045
0.0036992698
0.0036490507
0.0036198996
0.0035972807
0.0035744529
0.0035485882
0.0035177748
0.0034843168
0.0034478386
0.0034081351
0.0033670561
0.0033253661
0.0032834882
0.003241786
0.0032007904
0.0031605454
0.0031216892
0.0030833643
0.0030433096
0.0030016357
0.0029595023
0.0029180902
0.0028784559
0.0028402709
0.0028028389
0.0027662692
0.0027306918
0.0026961117
0.0026619576
0.002627642
0.0025929348
0.0025580424
0.0025229909
0.0024868392
0.0024494211
0.0024121664
0.002376976
0.0023434909
0.002310056
0.0022757839
0.0022400176
0.0022020284
0.0021627392
0.0021234133
0.0020840253
0.0020441313
0.0020038219
0.0019631507
0.0019218891
0.0018800683
0.0018378224
0.0017950687
0.0017517743
0.0017080023
0.001663632
0.0016186222
0.0015730315
0.0015267402
0.0014797564
0.0014320906
0.0013836056
0.0013343404
0.0012842637
0.0012331962
0.0011813478
0.0011283831
0.0010739837
0.0010184836
0.00096052685
0.00089094524
0.00082372281
0.00077107962
0.0007161451
0.00065693329
0.00059775203
0.00054024387
0.00048420038
0.00042889486
0.00037615879
0.00032291363
0.00028623166
0.00022831997
0.00038717315
-0.00027802711
0.0077640066
0.0074468281
0.0068507674
0.0063462874
0.0060458389
0.0058103996
0.0055700569
0.0053330296
0.0051112202
0.0048983624
0.0046882799
0.004478559
0.0042770867
0.0040939401
0.0039400316
0.0038227935
0.0037417856
0.003691755
0.0036581787
0.0036280953
0.0035971212
0.0035641406
0.0035283611
0.0034909958
0.0034510707
0.0034093432
0.0033668601
0.0033243127
0.0032834546
0.0032441099
0.003206048
0.0031689424
0.0031321072
0.0030944111
0.003054656
0.003012836
0.0029699891
0.00292746
0.0028866875
0.002847656
0.0028096865
0.0027727473
0.0027368827
0.0027021272
0.0026678463
0.0026333555
0.0025984113
0.0025633351
0.0025280073
0.0024915563
0.0024538541
0.0024162503
0.0023806989
0.0023469273
0.0023133151
0.0022789229
0.0022430745
0.0022050683
0.0021657821
0.0021264237
0.0020869685
0.0020469941
0.0020066074
0.001965858
0.0019245159
0.0018826208
0.0018403026
0.0017974723
0.0017540994
0.0017102489
0.0016658001
0.0016207128
0.0015750459
0.0015286789
0.0014816209
0.0014338825
0.0013853243
0.0013359858
0.0012858371
0.001234699
0.0011827829
0.001129752
0.0010752921
0.0010197384
0.00096177109
0.00089337346
0.00082724622
0.00077408298
0.00071881977
0.00065937354
0.00059995022
0.00054219975
0.00048594528
0.00043045182
0.00037754318
0.00032414722
0.00028735153
0.00022932994
0.00038821966
-0.00027721872
0.0075576178
0.0072962569
0.0067813166
0.0063227425
0.0060321203
0.0058053664
0.0055737209
0.0053417013
0.005122477
0.0049120538
0.0047049341
0.0044990891
0.0043013857
0.0041209096
0.0039670985
0.0038467423
0.0037598253
0.0037017295
0.0036608159
0.0036260084
0.0035929568
0.0035597635
0.0035248157
0.003488214
0.003449158
0.003408269
0.0033663136
0.0033241495
0.0032834469
0.0032440135
0.0032058034
0.0031688849
0.0031320908
0.0030943602
0.0030554408
0.0030152122
0.0029743838
0.002933821
0.0028941203
0.002855368
0.002817368
0.0027799933
0.0027433779
0.0027078973
0.0026731217
0.0026383186
0.002603139
0.0025679023
0.0025324344
0.0024958314
0.0024579796
0.0024202378
0.0023845029
0.0023505062
0.0023166851
0.0022821142
0.0022461347
0.0022080802
0.0021687768
0.0021293714
0.0020898476
0.002049802
0.0020093501
0.0019685309
0.0019271165
0.0018851596
0.0018427784
0.0017998771
0.0017564309
0.0017125073
0.0016679846
0.0016228234
0.0015770832
0.0015306427
0.001483512
0.0014357015
0.0013870716
0.0013376626
0.0012874443
0.0012362375
0.0011842552
0.001131159
0.0010766362
0.0010210196
0.00096305257
0.00089569394
0.00083021962
0.00077689985
0.00072144614
0.00066179736
0.0006021408
0.00054415936
0.0004877005
0.00043201631
0.00037893299
0.00032539529
0.00028848509
0.00023031782
0.00038923853
-0.00027632486
0.0073686511
0.0071507379
0.0067135071
0.0063004178
0.0060145615
0.0057877492
0.0055593715
0.0053301419
0.0051127128
0.0049052602
0.0047011287
0.0045004909
0.0043080656
0.0041320971
0.0039812644
0.003861847
0.0037742051
0.003714169
0.0036716365
0.0036361634
0.0036027239
0.0035689641
0.0035332892
0.0034957347
0.0034559167
0.0034144013
0.0033719266
0.003329377
0.003288125
0.0032480943
0.0032092404
0.0031715017
0.0031337528
0.0030951921
0.0030557172
0.0030151891
0.0029743455
0.0029339754
0.0028943142
0.0028558154
0.0028187139
0.0027826769
0.0027474256
0.0027127219
0.0026781873
0.0026433846
0.0026079273
0.002572248
0.0025364055
0.0024995688
0.002461596
0.0024238029
0.0023879741
0.0023538127
0.0023198226
0.002285117
0.0022490461
0.0022109566
0.0021716362
0.0021321941
0.0020926224
0.0020525232
0.0020120208
0.001971145
0.0019296712
0.0018876647
0.0018452312
0.0018022694
0.0017587605
0.0017147738
0.0016701862
0.0016249596
0.0015791539
0.0015326468
0.0014854497
0.0014375731
0.0013888768
0.0013394025
0.0012891193
0.0012378479
0.0011858033
0.0011326451
0.0010780616
0.0010223813
0.00096439409
0.00089773375
0.000832978
0.00077978835
0.00072427543
0.00066446678
0.00060457999
0.00054634726
0.00048964749
0.00043374539
0.0003804725
0.00032677572
0.00028972514
0.0002313999
0.0003902758
-0.00027523545
0.0071961113
0.0070121803
0.0066408011
0.0062686284
0.0059899349
0.0057654419
0.0055438177
0.0053212519
0.0051085591
0.004906049
0.0047058973
0.0045108094
0.0043236397
0.0041519555
0.0040037766
0.0038847836
0.0037955192
0.0037321625
0.0036858464
0.0036470205
0.003610636
0.0035744257
0.0035370048
0.0034982521
0.0034578129
0.003416011
0.0033734705
0.0033309699
0.0032896601
0.0032495904
0.0032106758
0.0031727936
0.0031349921
0.0030965316
0.0030572065
0.0030168385
0.0029760486
0.0029355146
0.0028955278
0.0028566941
0.0028193096
0.0027831139
0.00274781
0.0027129787
0.0026785666
0.0026444238
0.0026100612
0.0025752452
0.0025397624
0.0025031377
0.002465181
0.002427212
0.0023911064
0.0023566734
0.0023224791
0.002287654
0.0022515404
0.002213462
0.0021741608
0.0021347191
0.0020951353
0.0020550118
0.0020144853
0.001973579
0.0019320686
0.0018900283
0.0018475588
0.0018045544
0.0017609996
0.0017169654
0.0016723271
0.0016270481
0.0015811891
0.0015346264
0.0014873732
0.0014394398
0.0013906854
0.0013411533
0.0012908119
0.0012394819
0.0011873808
0.0011341656
0.0010795254
0.0010237841
0.0009657674
0.00089967539
0.00083563936
0.00078262517
0.00072711798
0.00066720529
0.0006071191
0.00054864501
0.0004917021
0.00043557726
0.00038210817
0.00032824396
0.00029103607
0.0002325448
0.00039128572
-0.00027393578
0.0070379676
0.006880212
0.0065637599
0.0062303354
0.005963032
0.0057428195
0.0055280665
0.0053118382
0.005103297
0.0049039466
0.0047080609
0.0045174107
0.0043347757
0.0041669429
0.0040211757
0.0039025863
0.003811865
0.0037456052
0.0036960802
0.0036546927
0.0036164592
0.0035790278
0.0035409641
0.0035018608
0.0034613091
0.003419491
0.0033769756
0.0033344892
0.0032930478
0.0032527981
0.0032136379
0.003175427
0.0031373492
0.0030986812
0.0030591843
0.0030187363
0.0029778935
0.0029373167
0.0028973514
0.0028585356
0.0028210867
0.0027847218
0.0027491078
0.0027138867
0.0026791244
0.0026447323
0.0026103143
0.0025753932
0.0025398418
0.0025036362
0.0024665506
0.0024294123
0.0023936786
0.0023593267
0.0023250203
0.0022899705
0.0022536891
0.002215559
0.0021762541
0.0021368209
0.0020972562
0.0020571437
0.0020166289
0.0019757282
0.0019342113
0.0018921624
0.0018496806
0.001806656
0.0017630759
0.0017190134
0.0016743421
0.0016290271
0.0015831301
0.0015365258
0.0014892295
0.0014412512
0.0013924494
0.0013428694
0.0012924787
0.0012410979
0.0011889478
0.001135682
0.001080991
0.0010251931
0.00096714781
0.0009015936
0.00083822079
0.00078535134
0.00072987526
0.00066990051
0.00060964845
0.00055095552
0.000493784
0.00043744501
0.00038378265
0.00032975264
0.00029237913
0.00023371438
0.00039221988
-0.00027241172
0.0068922875
0.0067549113
0.0064843024
0.006187058
0.0059334691
0.005718304
0.0055099627
0.0053001813
0.0050963132
0.0049008407
0.0047098062
0.0045239161
0.0043461359
0.0041824637
0.0040393991
0.0039215673
0.0038297771
0.0037610373
0.0037086049
0.0036647501
0.0036245771
0.0035856306
0.0035464482
0.0035064675
0.0034652943
0.0034230495
0.0033802498
0.0033375626
0.0032958716
0.0032553688
0.0032159403
0.0031774232
0.0031390979
0.0031002684
0.0030606864
0.0030202656
0.0029794882
0.0029389749
0.0028990734
0.0028602496
0.0028227133
0.0027862332
0.0027505068
0.0027152245
0.0026804084
0.0026459156
0.0026113127
0.0025761193
0.002540307
0.0025039432
0.0024668764
0.0024297526
0.0023939407
0.0023597473
0.0023259703
0.0022914271
0.0022554059
0.0022174558
0.0021781775
0.0021386628
0.0020990339
0.0020588967
0.0020183878
0.0019775136
0.0019360193
0.0018939918
0.0018515276
0.0018085101
0.0017649298
0.0017208624
0.001676179
0.0016308474
0.0015849304
0.0015383011
0.001490977
0.0014429682
0.0013941321
0.0013445163
0.0012940874
0.0012426658
0.0011904762
0.0011371682
0.0010824338
0.0010265857
0.0009685171
0.00090348495
0.00084072187
0.00078796795
0.00073253378
0.00067252498
0.00061213465
0.00055324541
0.00049586208
0.0004393206
0.00038547151
0.00033128095
0.00029373603
0.00023489072
0.00039304204
-0.00027063233
0.0067572861
0.0066361109
0.0064036577
0.0061393854
0.0059008144
0.0056917583
0.0054899779
0.005287091
0.0050885589
0.0048974243
0.0047111566
0.0045299571
0.0043568166
0.004197066
0.0040565234
0.0039393992
0.0038465884
0.0037754983
0.0037202457
0.0036739091
0.0036317545
0.0035912716
0.0035509925
0.0035102431
0.0034686086
0.0034261272
0.0033832274
0.0033404995
0.0032987029
0.0032580528
0.0032184377
0.0031796786
0.0031411407
0.00310217
0.0030625127
0.0030221031
0.0029813599
0.0029408636
0.0029009661
0.0028620908
0.0028244525
0.0027878584
0.0027520204
0.002716644
0.0026817096
0.0026470753
0.0026123451
0.0025770865
0.0025412618
0.0025048932
0.0024678082
0.002430575
0.002394527
0.0023600734
0.0023261547
0.0022914729
0.0022553881
0.0022177558
0.0021790474
0.0021399695
0.0021005425
0.0020604804
0.0020199333
0.0019790151
0.0019375048
0.0018954858
0.0018530493
0.0018100602
0.0017665053
0.0017224593
0.0016777884
0.001632463
0.0015865471
0.0015399118
0.0014925777
0.0014445548
0.0013956996
0.0013460623
0.0012956082
0.0012441577
0.00119194
0.0011386
0.0010838315
0.0010279417
0.00096985695
0.00090533037
0.00084313607
0.00079047615
0.00073508951
0.00067506792
0.0006145632
0.00055549903
0.0004979208
0.00044118951
0.0003871617
0.00033281712
0.00029509563
0.00023606259
0.00039372045
-0.00026855741
0.0066315258
0.0065235087
0.0063227599
0.0060880677
0.0058652192
0.0056634055
0.0054683962
0.0052725806
0.005079748
0.0048931911
0.0047116321
0.0045351637
0.0043666142
0.0042107567
0.0040727998
0.0039565699
0.0038630106
0.0037898984
0.0037321078
0.003683463
0.003639444
0.0035975111
0.0035561809
0.0035146825
0.0034725611
0.003429782
0.0033866952
0.0033438272
0.0033018377
0.0032609572
0.0032210856
0.0031820329
0.0031432371
0.0031040883
0.0030643267
0.0030238998
0.0029831736
0.0029426886
0.0029027982
0.0028638892
0.0028261699
0.002789474
0.0027535255
0.0027180458
0.0026829926
0.0026482329
0.0026134005
0.0025780858
0.0025422206
0.0025058159
0.0024687441
0.0024315512
0.0023954806
0.002360912
0.0023268077
0.0022918899
0.0022555998
0.0022178841
0.0021791804
0.0021400706
0.0021007098
0.0020610257
0.0020208848
0.0019801976
0.0019388056
0.0018967919
0.0018543318
0.0018113315
0.0017677879
0.0017237695
0.0016791283
0.0016338309
0.0015879389
0.0015413188
0.0014939949
0.0014459764
0.0013971189
0.0013474761
0.0012970116
0.0012455457
0.0011933131
0.001139953
0.0010851612
0.0010292401
0.0009711477
0.00090710994
0.00084544869
0.00079286417
0.0007375291
0.00067751376
0.00061691729
0.00055769969
0.00049994451
0.00044303753
0.00038884037
0.00033434953
0.00029644685
0.00023721834
0.00039422209
-0.00026614077
0.006513844
0.0064167097
0.0062423188
0.0060338686
0.0058269009
0.0056332826
0.0054452453
0.0052565716
0.0050697511
0.0048880793
0.0047113168
0.004539653
0.0043756694
0.0042236631
0.0040883054
0.0039730723
0.0038789356
0.0038040181
0.0037438688
0.0036929984
0.0036471382
0.0036037479
0.0035613287
0.0035190383
0.0034763836
0.0034332705
0.0033899766
0.0033469643
0.0033048024
0.0032637197
0.0032236249
0.003184319
0.0031452992
0.0031059995
0.0030661563
0.003025726
0.0029850301
0.0029445685
0.0029046918
0.0028657539
0.0028279536
0.002791151
0.0027550866
0.0027194998
0.0026843305
0.0026494488
0.0026145099
0.0025791239
0.0025432035
0.0025067622
0.0024697126
0.0024325619
0.0023964492
0.002361741
0.0023274811
0.0022924639
0.0022561404
0.0022184245
0.0021796714
0.0021404293
0.0021009364
0.0020612117
0.0020210251
0.0019803234
0.0019391698
0.0018975152
0.0018553105
0.0018124285
0.0017689033
0.0017248723
0.001680226
0.0016349438
0.0015890807
0.0015424902
0.0014951953
0.0014472009
0.0013983592
0.0013487283
0.0012982696
0.0012468031
0.0011945699
0.0011412027
0.0010863998
0.0010304595
0.00097236916
0.00090880282
0.00084763901
0.00079511255
0.00073983335
0.000679843
0.00061917743
0.00055982874
0.00050191601
0.00044484913
0.00039049354
0.00033586559
0.00029777783
0.00023834579
0.00039448805
-0.00026333257
0.0064032723
0.0063152792
0.0061628534
0.0059774904
0.005786116
0.0056014251
0.0054205938
0.0052391125
0.005058565
0.004882069
0.0047101944
0.004543352
0.004383886
0.0042356772
0.0041029269
0.0039887954
0.0038942691
0.0038177871
0.0037554984
0.0037025392
0.0036549159
0.0036101155
0.003566628
0.0035235582
0.0034803753
0.0034369298
0.0033934281
0.0033502668
0.0033079322
0.0032666425
0.0032263168
0.0031867524
0.0031474981
0.0031080324
0.0030680924
0.0030276399
0.0029869582
0.002946507
0.0029066308
0.0028676549
0.0028297687
0.0027928561
0.0027566747
0.0027209797
0.0026856942
0.0026506889
0.0026156402
0.0025801797
0.0025442074
0.0025077361
0.0024707076
0.0024335893
0.0023974264
0.0023625807
0.0023281774
0.002293066
0.0022566925
0.0022189623
0.0021802104
0.002140971
0.0021014792
0.002061711
0.0020214161
0.0019805865
0.001939367
0.0018976792
0.0018554545
0.0018127309
0.0017695057
0.0017257059
0.001681166
0.0016359042
0.001590037
0.0015434484
0.0014961726
0.0014482087
0.0013993958
0.0013497928
0.0012993566
0.0012479051
0.0011956868
0.0011423265
0.0010875255
0.0010315793
0.00097350151
0.0009103877
0.00084968394
0.00079719891
0.00074198059
0.00068203442
0.00062132297
0.00056186656
0.0005038172
0.00044660792
0.00039210641
0.00033735201
0.00029907595
0.00023943112
0.0003944831
-0.00026008295
0.0062989954
0.0062187854
0.0060847294
0.0059195582
0.0057431657
0.0055679042
0.0053945185
0.0052202578
0.0050461668
0.0048750905
0.0047081989
0.0045461891
0.0043912126
0.0042467733
0.0041166573
0.0040037419
0.0039090158
0.0038312033
0.0037669874
0.0037120736
0.0036627582
0.0036165828
0.0035720337
0.0035281775
0.0034844488
0.0034406477
0.0033969136
0.0033535801
0.0033110601
0.003269556
0.0032289962
0.0031891786
0.0031496949
0.0031100662
0.003070033
0.0030295585
0.0029888922
0.0029484548
0.0029085812
0.0028695721
0.0028316061
0.0027945884
0.0027582936
0.0027224906
0.0026870893
0.0026519609
0.0026168027
0.0025812673
0.0025452437
0.0025087417
0.002471728
0.0024346357
0.0023984241
0.0023634469
0.0023289018
0.0022936892
0.002257257
0.002219512
0.0021807691
0.0021415319
0.0021020259
0.0020622261
0.0020219136
0.0019810829
0.0019398397
0.0018980746
0.0018557352
0.0018129384
0.001769681
0.0017258607
0.001681455
0.0016364482
0.001590773
0.0015442716
0.0014970086
0.001449046
0.0014002437
0.0013506629
0.0013002561
0.0012488314
0.0011966424
0.0011433034
0.0010885181
0.0010325803
0.00097452619
0.0009118443
0.00085156098
0.00079910062
0.00074394846
0.00068406613
0.00062333261
0.00056379289
0.00050562925
0.00044829671
0.00039366341
0.00033879473
0.00030032793
0.00024045953
0.00039416016
-0.00025633105
0.0062003234
0.0061268182
0.0060081913
0.005860612
0.0056983751
0.0055328181
0.0053670879
0.0052000594
0.0050325439
0.0048670913
0.0047052864
0.0045481252
0.0043976181
0.0042569275
0.0041294725
0.0040178796
0.0039231328
0.003844212
0.0037782761
0.0037215486
0.003670622
0.0036231168
0.0035775246
0.0035328862
0.0034886061
0.0034444386
0.0034004613
0.0033569464
0.0033142405
0.0032725251
0.0032317359
0.0031916733
0.0031519661
0.0031121752
0.0030720472
0.0030315448
0.0029908876
0.0029504593
0.0029105829
0.0028715373
0.0028334904
0.0027963657
0.002759955
0.0027240402
0.0026885208
0.0026532683
0.0026179994
0.0025823865
0.0025463096
0.0025097752
0.0024727719
0.0024357018
0.0023994425
0.0023643357
0.0023296473
0.0022943309
0.0022578404
0.0022200822
0.002181347
0.0021421063
0.0021025816
0.0020627555
0.0020224303
0.0019815887
0.001940321
0.0018985361
0.0018561929
0.0018133803
0.0017700586
0.0017261345
0.0016816614
0.0016366222
0.0015909346
0.0015445807
0.0014975348
0.0014497107
0.0014009752
0.0013514018
0.0013009993
0.0012495892
0.0011974291
0.0011441186
0.0010893604
0.0010334455
0.00097542643
0.00091315457
0.00085325014
0.00080079686
0.00074571559
0.00068591666
0.00062518513
0.00056558722
0.00050733282
0.00044989761
0.00039514816
0.00034017885
0.00030151971
0.00024141614
0.0003934634
-0.00025200807
0.0061066684
0.0060389975
0.005933391
0.0058011078
0.0056520738
0.0054962895
0.0053383708
0.0051785737
0.0050177016
0.0048580338
0.004701416
0.0045491194
0.0044030624
0.0042661051
0.004141341
0.0040311757
0.0039365842
0.0038567731
0.0037893253
0.0037309336
0.0036784866
0.0036297042
0.0035830935
0.0035376802
0.0034928443
0.0034482994
0.0034040657
0.0033603568
0.003317459
0.0032755298
0.0032345104
0.0031942062
0.0031542776
0.0031143234
0.0030740981
0.0030335624
0.0029929095
0.0029524879
0.0029126062
0.0028735239
0.0028353982
0.0027981683
0.0027616428
0.0027256161
0.0026899795
0.0026546042
0.0026192251
0.0025835334
0.0025474026
0.0025108357
0.0024738398
0.0024367881
0.0024004809
0.0023652461
0.0023304147
0.0022949939
0.0022584448
0.0022206712
0.0021819407
0.0021426952
0.0021031535
0.0020633035
0.0020229621
0.0019821042
0.0019408136
0.0018990144
0.0018566628
0.0018138313
0.0017704885
0.0017265563
0.0016820664
0.0016369673
0.0015911871
0.0015447828
0.0014977038
0.0014498846
0.0014013126
0.0013519235
0.0013016162
0.0012502416
0.0011980927
0.0011447911
0.0010900525
0.0010341657
0.00097618956
0.00091430359
0.00085473485
0.0008022701
0.00074726325
0.00068756644
0.00062686054
0.00056722964
0.00050890864
0.00045139243
0.0003965437
0.00034148876
0.00030263637
0.00024228468
0.00039235735
-0.0002470489
0.0060175263
0.0059549763
0.0058604128
0.0057414222
0.0056045817
0.0054584623
0.0053084412
0.0051558603
0.0050016568
0.0048478904
0.0046965487
0.0045491331
0.0044075092
0.0042742757
0.0041522371
0.0040436034
0.0039493382
0.0038688482
0.0038000931
0.003740191
0.0036863207
0.0036363188
0.0035887194
0.0035425427
0.0034971501
0.0034522194
0.0034077184
0.0033638055
0.0033207114
0.0032785688
0.0032373215
0.0031967816
0.003156637
0.0031165213
0.0030761983
0.003035626
0.0029949736
0.0029545562
0.0029146668
0.002875547
0.0028373436
0.0028000093
0.0027633691
0.002727229
0.0026914742
0.002655976
0.0026204858
0.0025847132
0.0025485271
0.0025119266
0.0024749342
0.002437896
0.0024015401
0.0023661794
0.0023312054
0.0022956793
0.0022590701
0.0022212787
0.002182551
0.0021433005
0.002103742
0.0020638674
0.002023508
0.001982634
0.0019413229
0.0018995081
0.0018571431
0.0018142926
0.0017709331
0.0017269901
0.0016824823
0.0016373644
0.0015915763
0.0015451509
0.0014980096
0.0014501097
0.0014014985
0.0013520843
0.0013018251
0.0012506134
0.0011986098
0.001145371
0.0010906463
0.0010347686
0.00097682377
0.00091528768
0.00085600532
0.00080350769
0.00074857661
0.0006889991
0.00062834132
0.00056870195
0.00051033844
0.00045276336
0.00039783305
0.00034270852
0.0003036625
0.00024304801
0.00039077641
-0.00024138616
0.0059324625
0.0058744412
0.0057892923
0.0056818603
0.0055561984
0.0054194949
0.00527738
0.0051319803
0.0049844358
0.0048366448
0.0046906515
0.0045481323
0.0044109267
0.0042814118
0.0041621357
0.0040551351
0.0039613613
0.0038803969
0.0038105359
0.0037492807
0.0036940917
0.0036429351
0.0035943835
0.0035474603
0.003501514
0.0034561923
0.0034114155
0.00336729
0.0033239961
0.0032816403
0.0032401676
0.0031993971
0.0031590412
0.0031187649
0.0030783429
0.0030377298
0.0029970731
0.0029566568
0.0029167568
0.0028775984
0.0028393183
0.0028018806
0.002765126
0.0027288718
0.0026929988
0.0026573782
0.0026217769
0.0025859221
0.0025496796
0.002513045
0.0024760526
0.0024390236
0.0024026189
0.0023671344
0.0023320188
0.0022963865
0.002259716
0.0022219047
0.0021831782
0.0021439223
0.0021043465
0.0020644469
0.002024069
0.0019831791
0.0019418472
0.0019000153
0.0018576366
0.0018147685
0.0017713921
0.0017274343
0.0016829081
0.0016377749
0.0015919761
0.0015455328
0.0014983762
0.0014504683
0.001401828
0.0013523476
0.0013020245
0.001250777
0.0011987753
0.0011456451
0.0010910663
0.0010352737
0.00097737508
0.00091614171
0.00085707743
0.00080451173
0.00074964917
0.00069020341
0.00062961358
0.00056998871
0.00051160601
0.000453994
0.00039900002
0.00034382245
0.00030458268
0.00024368819
0.00038866193
-0.00023495066
0.0058511004
0.0057971106
0.0057200301
0.005622665
0.0055071968
0.0053795546
0.005245276
0.0051069973
0.0049660721
0.0048242911
0.0046836979
0.0045460875
0.0044132864
0.0042874874
0.0041710124
0.0040657441
0.0039726211
0.00389138
0.003820611
0.0037581632
0.0037017665
0.0036495264
0.0036000649
0.0035524168
0.003505924
0.0034602088
0.0034151496
0.0033708047
0.0033273078
0.0032847398
0.0032430446
0.0032020491
0.0031614869
0.003121052
0.0030805304
0.0030398732
0.0029992081
0.0029587903
0.0029188776
0.0028796798
0.0028413244
0.0028037848
0.0027669165
0.0027305477
0.0026945563
0.0026588139
0.0026231016
0.002587163
0.002550863
0.0025141931
0.0024771971
0.0024401729
0.0024037186
0.0023681126
0.0023328562
0.0022971167
0.0022603836
0.0022225505
0.0021838233
0.0021445611
0.0021049676
0.0020650428
0.0020246458
0.0019837395
0.0019423865
0.0019005368
0.0018581442
0.0018152586
0.001771864
0.001727891
0.0016833475
0.0016381985
0.0015923856
0.0015459249
0.0014987555
0.0014508366
0.0014021789
0.0013526867
0.0013023525
0.0012510608
0.0011989969
0.0011458305
0.0010912265
0.0010354809
0.00097772756
0.00091686163
0.00085799624
0.00080532377
0.00075050178
0.00069118406
0.00063067214
0.00057107948
0.00051269826
0.00045507012
0.00040003002
0.00034481598
0.00030538207
0.00024418769
0.00038596052
-0.00022767581
0.0057731123
0.005722732
0.0056526036
0.0055640263
0.0054578197
0.00533881
0.0052122254
0.0050809774
0.0049466056
0.0048108336
0.0046756693
0.0045429739
0.0044145637
0.0042924792
0.0041788444
0.0040754049
0.0039830862
0.0039017592
0.0038302761
0.0037667977
0.00370931
0.0036560639
0.0036057407
0.0035573944
0.0035103662
0.0034642586
0.003418913
0.0033743435
0.0033306418
0.0032878634
0.0032459495
0.0032047347
0.0031639719
0.0031233807
0.003082759
0.0030420548
0.0030013775
0.0029609553
0.0029210276
0.0028817898
0.0028433601
0.0028057199
0.0027687387
0.0027322548
0.0026961451
0.0026602814
0.0026244581
0.0025884346
0.0025520759
0.0025153696
0.0024783666
0.0024413429
0.0024048383
0.0023691129
0.002333717
0.0022978696
0.0022610727
0.0022232157
0.002184486
0.0021452168
0.0021056052
0.0020656553
0.0020252385
0.0019843152
0.001942941
0.0019010732
0.0018586661
0.0018157626
0.0017723495
0.0017283608
0.0016838
0.0016386342
0.0015928069
0.0015463298
0.0014991463
0.0014512138
0.0014025401
0.0013530373
0.0013026899
0.0012513905
0.0011993096
0.0011461181
0.0010914756
0.0010356857
0.00097791466
0.0009172814
0.00085863482
0.00080592249
0.00075116666
0.00069197879
0.00063153803
0.00057197994
0.00051361071
0.00045598206
0.00040091109
0.00034567624
0.00030604679
0.0002445303
0.00038262522
-0.0002195033
0.0056982119
0.00565108
0.0055869736
0.0055060899
0.0054082784
0.0052974267
0.0051783302
0.0050539899
0.0049260812
0.0047962855
0.0046665547
0.004538772
0.004414738
0.0042963671
0.0041856113
0.0040840937
0.0039927264
0.0039114973
0.0038394891
0.0037751432
0.0037166861
0.0036625171
0.0036113863
0.0035623738
0.0035148259
0.0034683303
0.0034226969
0.0033779
0.0033339926
0.0032910063
0.0032488783
0.0032074503
0.0031664926
0.0031257481
0.0030850264
0.0030442725
0.0030035795
0.0029631501
0.0029232054
0.002883927
0.0028454244
0.0028076851
0.0027705919
0.0027339931
0.0026977652
0.0026617811
0.002625847
0.0025897376
0.0025533189
0.0025165752
0.0024795618
0.0024425342
0.0024059785
0.002370136
0.0023346019
0.0022986461
0.0022617841
0.0022239013
0.002185167
0.0021458899
0.0021062598
0.0020662847
0.0020258475
0.0019849067
0.0019435112
0.0019016246
0.0018592025
0.0018162809
0.0017728488
0.0017288442
0.0016842657
0.0016390826
0.0015932406
0.0015467468
0.0014995485
0.0014516023
0.0014029132
0.0013533979
0.0013030366
0.0012517307
0.001199629
0.0011464229
0.0010917877
0.001035987
0.00097822615
0.00091770005
0.00085913362
0.00080622303
0.0007515182
0.00069254846
0.00063223118
0.00057272335
0.00051436407
0.00045673563
0.00040163954
0.00034639454
0.00030656525
0.00024469817
0.00037862479
-0.00021039124
0.0056261482
0.0055819528
0.0055230909
0.0054489653
0.0053587541
0.005255562
0.0051436959
0.0050261072
0.0049045481
0.0047806679
0.0046563513
0.0045334681
0.0044137931
0.0042991341
0.0041912944
0.0040917881
0.0040015129
0.0039205581
0.0038482089
0.0037831582
0.0037238573
0.0036688545
0.0036169756
0.0035673341
0.0035192865
0.0034724111
0.0034264913
0.0033814662
0.0033373539
0.003294163
0.0032518262
0.0032101917
0.0031690454
0.003128151
0.0030873298
0.0030465243
0.0030058122
0.0029653732
0.0029254098
0.0028860902
0.0028475159
0.0028096793
0.0027724753
0.0027357618
0.0026994161
0.0026633123
0.0026272679
0.0025910717
0.0025545919
0.0025178094
0.0024807823
0.0024437466
0.002407139
0.0023711816
0.0023355108
0.0022994461
0.0022625178
0.0022246071
0.0021858664
0.0021465806
0.0021069316
0.0020669312
0.0020264728
0.0019855141
0.0019440971
0.0019021914
0.0018597537
0.0018168137
0.0017733624
0.0017293412
0.0016847447
0.0016395441
0.0015936869
0.0015471761
0.0014999625
0.0014520024
0.0014032976
0.0013537692
0.0013033945
0.0012520808
0.0011999575
0.0011467387
0.0010921111
0.0010362935
0.00097860388
0.00091818107
0.00085965496
0.00080655313
0.00075176541
0.00069286885
0.00063264478
0.00057326084
0.00051496988
0.00045735943
0.00040223535
0.00034697727
0.00030693712
0.0002446634
0.00037395657
-0.00020032254
0.0055567
0.0055151702
0.0054609
0.0053927325
0.0053093995
0.0052133625
0.005108429
0.0049974045
0.0048820591
0.0047640087
0.0046450641
0.0045270548
0.0044117174
0.0043007668
0.0041958781
0.0040984676
0.0040094184
0.0039289066
0.0038563952
0.0037908015
0.0037307855
0.0036750429
0.003622481
0.0035722527
0.0035237299
0.0034764868
0.0034302852
0.0033850335
0.0033407186
0.0032973277
0.0032547882
0.0032129544
0.0031716262
0.003130586
0.0030896663
0.0030488076
0.0030080735
0.0029676225
0.0029276389
0.0028882778
0.0028496331
0.0028117012
0.0027743878
0.0027375601
0.0027010972
0.0026648747
0.0026287205
0.0025924368
0.0025558947
0.0025190722
0.0024820281
0.0024449804
0.0024083199
0.0023722498
0.002336444
0.00230027
0.0022632743
0.0022253338
0.0021865846
0.0021472891
0.0021076209
0.002067595
0.002027115
0.0019861377
0.0019446992
0.0019027738
0.00186032
0.0018173614
0.0017738905
0.0017298522
0.0016852374
0.0016400188
0.0015941461
0.001547618
0.0015003887
0.0014524144
0.0014036935
0.0013541517
0.0013037634
0.0012524412
0.001200297
0.0011470657
0.0010924433
0.0010366092
0.00097899445
0.00091866978
0.00086015485
0.00080694412
0.00075207675
0.00069320738
0.00063299295
0.00057358561
0.00051533028
0.00045779797
0.00040270309
0.00034745019
0.00030719138
0.00024441249
0.00036862291
-0.00018929633
0.0054896718
0.0054505706
0.0054003419
0.0053374476
0.0052603411
0.0051709618
0.0050726349
0.004967959
0.0048586703
0.0047463416
0.0046327054
0.0045195308
0.004408504
0.0043012556
0.0041993491
0.004104114
0.0040164175
0.0039365097
0.0038640088
0.003798032
0.003737432
0.003681048
0.0036278732
0.0035771055
0.0035281368
0.003480542
0.0034340664
0.0033885922
0.0033440786
0.0033004935
0.0032577584
0.003215733
0.0031742302
0.003133049
0.0030920323
0.0030511194
0.0030103611
0.0029698959
0.0029298908
0.0028904881
0.0028517745
0.0028137492
0.0027763281
0.0027393871
0.0027028077
0.0026664676
0.0026302043
0.0025938326
0.0025572271
0.0025203632
0.0024832991
0.0024462353
0.0024095209
0.0023733403
0.0023374014
0.0023011181
0.0022640537
0.0022260815
0.0021873219
0.0021480156
0.0021083279
0.0020682763
0.0020277741
0.0019867778
0.0019453176
0.0019033721
0.0018609015
0.001817924
0.0017744332
0.0017303774
0.001685744
0.0016405072
0.0015946183
0.0015480728
0.0015008273
0.0014528384
0.0014041012
0.0013545456
0.0013041435
0.0012528122
0.0012006475
0.0011474033
0.001092786
0.0010369341
0.00097939553
0.00091916796
0.00086068001
0.00080734413
0.00075239249
0.00069356615
0.00063338485
0.00057393762
0.00051564779
0.00045807653
0.00040294663
0.00034774696
0.00030730397
0.00024413954
0.00036245679
-0.00017727417
0.0054248902
0.0053880088
0.0053413559
0.0052831476
0.0052116822
0.0051284793
0.0050364157
0.0049378491
0.0048344404
0.0047277057
0.0046192944
0.0045109013
0.004404151
0.0043005946
0.0042016976
0.0041087116
0.0040224869
0.003943336
0.0038710119
0.0038048094
0.0037437578
0.0036868348
0.003633122
0.0035818669
0.0035324862
0.0034845597
0.0034378215
0.0033921315
0.0033474253
0.0033036529
0.0032607303
0.003218522
0.0031768524
0.0031355354
0.003094424
0.0030534564
0.003012672
0.002972191
0.0029321632
0.0028927191
0.0028539381
0.0028158218
0.0027782947
0.0027412415
0.0027045466
0.0026680903
0.0026317188
0.0025952587
0.0025585889
0.0025216822
0.002484595
0.0024475113
0.002410742
0.002374453
0.0023383831
0.0023019906
0.0022648563
0.0022268506
0.0021880786
0.0021487605
0.0021090527
0.0020689753
0.0020284504
0.0019874345
0.0019459525
0.0019039865
0.0018614986
0.001818502
0.001774991
0.0017309171
0.0016862649
0.0016410093
0.001595104
0.0015485406
0.0015012787
0.0014532747
0.001404521
0.0013549512
0.001304535
0.0012531942
0.0012010092
0.0011477518
0.0010931394
0.0010372719
0.00097980543
0.00091968041
0.00086122362
0.00080775244
0.00075271131
0.00069393061
0.0006337764
0.00057432134
0.0005160068
0.00045838647
0.00040315454
0.00034791592
0.0003070463
0.0002442161
0.00035498542
-0.00016412171
0.0053622002
0.0053273543
0.0052838815
0.0052298545
0.005163506
0.0050860205
0.0049998681
0.0049071531
0.0048094302
0.0047081441
0.0046048563
0.0045011777
0.0043986616
0.0042987822
0.0042029168
0.0041122471
0.0040276054
0.003949356
0.0038773682
0.003811094
0.0037497238
0.0036923673
0.0036381957
0.0035865101
0.0035367557
0.0034885217
0.0034415355
0.0033956396
0.0033507487
0.0033067976
0.0032636968
0.0032213149
0.0031794869
0.0031380402
0.003096837
0.0030558149
0.003015003
0.0029745047
0.0029344538
0.0028949686
0.0028561219
0.0028179169
0.002780286
0.0027431221
0.0027063131
0.002669742
0.0026332632
0.0025967146
0.0025599795
0.0025230286
0.0024859155
0.0024488084
0.0024119829
0.0023755878
0.0023393891
0.0023028874
0.0022656823
0.0022276411
0.0021888548
0.0021495238
0.0021097956
0.0020696923
0.0020291441
0.0019881082
0.0019466042
0.0019046172
0.0018621114
0.0018190955
0.001775564
0.0017314715
0.0016868002
0.0016415256
0.0015956032
0.0015490219
0.001501743
0.0014537237
0.0014049531
0.0013553688
0.0013049382
0.0012535873
0.0012013824
0.0011481116
0.0010935037
0.0010376265
0.00098022207
0.00092020593
0.0008617859
0.00080816418
0.00075303997
0.00069430484
0.00063417733
0.00057471391
0.00051636961
0.00045871913
0.00040340024
0.0003481263
0.00030662418
0.00024487193
0.00034615728
-0.00015026194
0.0053014635
0.0052684894
0.0052278588
0.005177578
0.0051158778
0.0050436765
0.0049630826
0.0048759482
0.0047837021
0.0046877035
0.0045894218
0.0044903772
0.0043920444
0.0042958208
0.0042030035
0.0041147104
0.0040317547
0.0039545425
0.0038830433
0.0038168474
0.0037552911
0.003697609
0.0036430618
0.0035910068
0.0035409215
0.0034924085
0.0034451927
0.0033991032
0.003354038
0.0033099183
0.0032666498
0.0032241046
0.0031821274
0.0031405578
0.0030992664
0.0030581908
0.0030173507
0.0029768342
0.0029367596
0.002897234
0.0028583236
0.0028200325
0.0027823002
0.0027450273
0.0027081057
0.0026714214
0.0026348367
0.0025981997
0.0025613986
0.002524402
0.0024872602
0.0024501261
0.0024132436
0.0023767444
0.0023404191
0.0023038088
0.0022665319
0.0022284534
0.0021896507
0.0021503057
0.0021105567
0.0020704274
0.0020298554
0.0019887989
0.0019472728
0.0019052645
0.0018627403
0.0018197047
0.0017761524
0.0017320409
0.0016873502
0.0016420562
0.0015961164
0.0015495168
0.0015022206
0.0014541854
0.0014053979
0.0013557986
0.0013053535
0.0012539919
0.0012017674
0.0011484832
0.0010938792
0.0010379981
0.00098064499
0.00092074472
0.00086236751
0.00080857928
0.00075338058
0.0006946893
0.00063458829
0.00057511479
0.00051673895
0.00045905513
0.00040365077
0.000348347
0.00030626323
0.00024594652
0.00033676796
-0.00013631285
0.0052425554
0.0052113071
0.0051732292
0.0051263184
0.0050688481
0.0050015256
0.0049261423
0.0048443095
0.0047573188
0.0046664337
0.0045730266
0.0044785225
0.0043843128
0.0042917171
0.0042019581
0.0041160943
0.0040349187
0.0039588707
0.0038880047
0.0038220323
0.0037604213
0.0037025234
0.003647687
0.0035953278
0.0035449586
0.0034961991
0.0034487757
0.0034025083
0.0033572815
0.0033130051
0.0032695805
0.0032268833
0.0031847669
0.0031430819
0.0031017067
0.0030605793
0.003019711
0.0029791757
0.0029390776
0.0028995125
0.0028605406
0.0028221662
0.0027843353
0.0027469555
0.0027099231
0.0026731275
0.0026364382
0.0025997131
0.0025628452
0.0025258018
0.0024886286
0.0024514643
0.0024145237
0.0023779225
0.0023414731
0.0023047547
0.002267405
0.0022292876
0.0021904666
0.0021511064
0.0021113361
0.0020711806
0.0020305845
0.0019895069
0.0019479584
0.0019059286
0.0018633854
0.0018203299
0.0017767565
0.0017326255
0.0016879151
0.0016426015
0.0015966437
0.0015500255
0.0015027117
0.0014546603
0.0014058555
0.0013562409
0.001305781
0.0012544083
0.0012021645
0.0011488667
0.0010942663
0.0010383864
0.00098107494
0.00092129748
0.00086296901
0.00080899761
0.00075373306
0.00069508361
0.00063500883
0.00057552476
0.00051711636
0.00045939713
0.00040390409
0.00034855946
0.00030596174
0.00024708286
0.00032745715
-0.00012264993
0.0051853634
0.0051557105
0.0051199359
0.0050760688
0.0050224542
0.0049596338
0.0048891226
0.0048123088
0.0047303433
0.0046443863
0.00455571
0.0044656415
0.004375485
0.0042864823
0.0041997845
0.0041163948
0.0040370847
0.0039623184
0.0038922224
0.0038266132
0.0037650769
0.0037070737
0.0036520372
0.0035994428
0.0035488409
0.0034998713
0.0034522659
0.0034058395
0.0033604661
0.0033160467
0.0032724792
0.0032296424
0.0031873977
0.0031456057
0.0031041521
0.0030629753
0.0030220794
0.0029815256
0.0029414043
0.0029018011
0.0028627701
0.0028243156
0.002786389
0.0027489048
0.0027117636
0.0026748588
0.0026380666
0.0026012539
0.0025643188
0.0025272271
0.0024900201
0.0024528224
0.0024158229
0.0023791217
0.0023425507
0.002305725
0.0022683018
0.0022301438
0.0021913026
0.002151926
0.002112134
0.0020719522
0.0020313315
0.0019902323
0.0019486614
0.0019066095
0.0018640469
0.0018209713
0.0017773765
0.0017332256
0.0016884951
0.0016431615
0.0015971854
0.0015505484
0.0015032165
0.0014551485
0.0014063263
0.0013566961
0.001306221
0.0012548367
0.0012025738
0.0011492625
0.0010946655
0.001038789
0.00098151343
0.00092186482
0.00086359096
0.00080942072
0.00075409726
0.00069548763
0.00063543903
0.0005759441
0.00051750175
0.00045974512
0.00040415985
0.00034877051
0.00030569119
0.0002481317
0.0003183174
-0.00010944225
0.0051297854
0.0051016107
0.0050679238
0.0050268161
0.0049767231
0.0049180556
0.0048520909
0.0047800141
0.0047028377
0.0046216147
0.004537515
0.0044517665
0.0043655842
0.0042801316
0.0041964906
0.0041156115
0.0040382428
0.0039648665
0.0038956685
0.0038305565
0.0037692214
0.0037112235
0.0036560783
0.0036033207
0.003552541
0.0035034017
0.0034556438
0.0034090802
0.003363578
0.0033190313
0.0032753355
0.0032323726
0.0031900115
0.0031481218
0.003106596
0.0030653731
0.003024451
0.0029838793
0.002943736
0.0029040964
0.0028650089
0.0028264776
0.0027884587
0.0027508728
0.0027136255
0.0026766138
0.0026397204
0.0026028209
0.0025658182
0.0025286771
0.0024914339
0.0024542002
0.0024171407
0.0023803416
0.0023436516
0.0023067196
0.0022692223
0.0022310219
0.0021921587
0.0021527646
0.0021129503
0.0020727422
0.0020320965
0.0019909752
0.0019493817
0.0019073076
0.001864725
0.001821629
0.0017780126
0.0017338414
0.0016890906
0.0016437366
0.0015977418
0.0015510856
0.0015037354
0.0014556504
0.0014068105
0.0013571642
0.0013066738
0.0012552775
0.0012029958
0.0011496709
0.001095077
0.0010392048
0.00098196147
0.00092244775
0.00086422884
0.00080985226
0.00075447429
0.00069590176
0.00063587915
0.00057637288
0.00051789504
0.00046009878
0.00040441803
0.00034898071
0.0003054157
0.00024907444
0.00030933323
-9.6726243e-05
0.0050757285
0.0050489267
0.0050171401
0.0049785432
0.0049316723
0.0048768358
0.0048151068
0.004747489
0.0046748626
0.0045981731
0.0045184871
0.0044369335
0.0043546377
0.0042726843
0.0041920879
0.0041137473
0.0040383863
0.0039664984
0.003898318
0.0038338306
0.0037728197
0.003714937
0.0036597758
0.00360693
0.0035560308
0.0035067659
0.0034588882
0.0034122125
0.0033666019
0.0033219457
0.0032781379
0.0032350638
0.0031925992
0.003150622
0.0031090311
0.0030677665
0.0030268204
0.0029862323
0.0029460683
0.0029063946
0.0028672537
0.0028286493
0.0027905416
0.0027528573
0.0027155065
0.0026783905
0.0026413981
0.0026044128
0.0025673423
0.0025301507
0.0024928692
0.0024555968
0.0024184766
0.0023815817
0.0023447755
0.0023077382
0.0022701662
0.002231922
0.002193035
0.0021536221
0.0021137853
0.0020735506
0.0020328796
0.0019917359
0.0019501195
0.0019080229
0.0018654199
0.0018223031
0.001778665
0.001734473
0.0016897016
0.0016443271
0.001598313
0.0015516375
0.0015042685
0.0014561662
0.0014073083
0.0013576457
0.0013071397
0.0012557308
0.0012034308
0.0011500923
0.0010955011
0.0010396343
0.00098241903
0.00092304704
0.00086487763
0.00081029586
0.00075486529
0.00069632643
0.00063632939
0.00057681122
0.00051829624
0.00046045827
0.00040467732
0.00034919503
0.00030513854
0.0002498984
0.00030052685
-8.4522375e-05
0.0050231076
0.0049975834
0.0049675336
0.0049312292
0.0048873121
0.0048360102
0.0047782224
0.0047147921
0.0046464766
0.0045741155
0.0044986738
0.0044211822
0.0043426766
0.0042641638
0.0041865915
0.0041108085
0.004037512
0.0039672011
0.0039001487
0.0038364062
0.0037758383
0.0037181792
0.0036630955
0.0036102386
0.0035592812
0.0035099383
0.0034619773
0.0034152178
0.0033695217
0.0033247759
0.0032808741
0.0032377049
0.0031951508
0.0031530975
0.0031114496
0.0030701485
0.0030291816
0.0029885791
0.0029483967
0.0029086914
0.0028695006
0.0028308271
0.0027926346
0.0027548554
0.0027174043
0.0026801869
0.0026430979
0.002606028
0.0025688898
0.0025316469
0.0024943251
0.0024570117
0.0024198301
0.0023828413
0.0023459217
0.0023087806
0.0022711335
0.0022328441
0.0021939315
0.0021544987
0.0021146388
0.0020743774
0.0020336808
0.0019925142
0.0019508749
0.0019087556
0.0018661318
0.001822994
0.0017793338
0.0017351207
0.0016903284
0.001644933
0.0015988994
0.0015522042
0.0015048162
0.0014566961
0.00140782
0.0013581408
0.0013076189
0.0012561971
0.0012038788
0.0011505269
0.0010959381
0.0010400779
0.00098288586
0.00092366202
0.00086553738
0.00081075434
0.00075527039
0.00069676142
0.00063678968
0.00057725912
0.00051870538
0.00046082312
0.00040493924
0.00034940374
0.00030487052
0.00025060459
0.0002918964
-7.2845527e-05
0.0049718445
0.0049475118
0.0049190553
0.0048848509
0.0048436465
0.0047956068
0.0047414826
0.0046819773
0.0046177356
0.004549496
0.0044781241
0.0044045546
0.0043297358
0.0042545969
0.0041800204
0.004106805
0.0040356201
0.0039669646
0.0039011414
0.0038382566
0.0037782454
0.0037209163
0.0036660036
0.0036132143
0.0035622628
0.0035128926
0.003464888
0.003418076
0.0033723201
0.0033275069
0.0032835307
0.003240284
0.0031976557
0.0031555386
0.003113843
0.0030725116
0.003031528
0.0029909141
0.002950716
0.0029109824
0.0028717455
0.0028330072
0.0027947344
0.0027568642
0.0027193164
0.0026820007
0.0026448176
0.0026076648
0.0025704592
0.0025331642
0.0024958005
0.002458444
0.0024212004
0.0023841197
0.0023470897
0.0023098462
0.0022721238
0.0022337879
0.0021948481
0.0021553942
0.0021155108
0.0020752226
0.0020345002
0.0019933104
0.0019516479
0.0019095056
0.0018668606
0.0018237015
0.0017800192
0.0017357846
0.0016909711
0.0016455546
0.001599501
0.0015527859
0.0015053785
0.0014572403
0.0014083459
0.0013586497
0.0013081117
0.0012566765
0.0012043404
0.001150975
0.0010963883
0.0010405359
0.0009833651
0.00092429088
0.00086620799
0.00081122787
0.00075568941
0.00069720675
0.00063726013
0.0005777167
0.00051912244
0.00046119346
0.00040520249
0.00034961131
0.00030459854
0.00025118151
0.00028345752
-6.1705476e-05
0.0049218672
0.0048986478
0.0048716582
0.0048393831
0.0048006743
0.0047556469
0.0047049257
0.0046490932
0.0045886926
0.0045243674
0.0044568876
0.0043870952
0.0043158529
0.004244014
0.0041723968
0.0041017502
0.004032714
0.0039657824
0.0039012799
0.0038393579
0.0037800116
0.0037231157
0.0036684669
0.0036158251
0.0035649457
0.0035156018
0.0034675962
0.0034207661
0.0033749789
0.0033301225
0.0032860935
0.0032427884
0.0032001023
0.003157935
0.0031162021
0.0030748478
0.0030338525
0.0029932311
0.0029530207
0.0029132625
0.0028739838
0.0028351856
0.0027968372
0.0027588805
0.0027212398
0.0026838294
0.0026465552
0.0026093211
0.0025720487
0.0025347011
0.002497294
0.0024598926
0.0024225868
0.0023854162
0.0023482787
0.0023109347
0.0022731369
0.0022347532
0.0021957846
0.0021563086
0.0021164012
0.0020760862
0.0020353378
0.0019941243
0.0019524386
0.0019102732
0.0018676066
0.001824426
0.0017807213
0.0017364649
0.00169163
0.001646192
0.0016001182
0.0015533829
0.0015059558
0.0014577992
0.0014088862
0.0013591726
0.0013086183
0.0012571694
0.0012048157
0.0011514371
0.0010968522
0.0010410083
0.00098386082
0.00092493156
0.00086688891
0.00081171618
0.00075612274
0.00069766275
0.00063774091
0.00057818399
0.00051954741
0.00046156903
0.00040546705
0.00034981747
0.00030431793
0.00025163036
0.00027520116
-5.1117688e-05
0.004873109
0.0048509315
0.0048252968
0.0047947993
0.0047583903
0.0047161457
0.004668584
0.0046161836
0.0045593975
0.0044987811
0.0044350141
0.0043688497
0.004301068
0.0042324485
0.0041637462
0.0040956607
0.0040288007
0.0039636512
0.0039005515
0.0038396889
0.0037811098
0.0037247468
0.0036704533
0.0036180391
0.0035672998
0.0035180382
0.0034700773
0.0034232662
0.0033774786
0.0033326056
0.0032885471
0.0032452042
0.0032024783
0.0031602756
0.0031185169
0.0030771481
0.0030361473
0.002995523
0.0029553047
0.0029155263
0.0028762107
0.0028373577
0.0027989389
0.0027609004
0.0027231713
0.00268567
0.0026483079
0.0026109947
0.0025736565
0.0025362559
0.0024988042
0.0024613565
0.0024239882
0.0023867299
0.002349488
0.0023120452
0.0022741722
0.0022357397
0.0021967409
0.0021572417
0.0021173098
0.002076968
0.0020361933
0.001994956
0.0019532469
0.0019110582
0.0018683697
0.0018251674
0.0017814401
0.0017371618
0.0016923051
0.0016468455
0.001600751
0.0015539953
0.0015065483
0.0014583729
0.001409441
0.0013597099
0.0013091391
0.0012576761
0.001205305
0.0011519133
0.00109733
0.0010414956
0.00098437369
0.00092558306
0.00086758035
0.00081221965
0.00075657059
0.00069812984
0.00063823222
0.00057866106
0.00051998023
0.00046194961
0.00040573286
0.00035002188
0.00030402662
0.00025195309
0.0002671814
-4.111918e-05
0.0048255079
0.0048043072
0.0047799277
0.0047510722
0.0047167858
0.0046771137
0.0046324843
0.0045832874
0.0045298965
0.0044727867
0.0044125531
0.004349865
0.0042854233
0.0042199362
0.004154097
0.0040885565
0.0040238905
0.0039605713
0.0038989466
0.0038392316
0.0037815154
0.0037257806
0.0036719319
0.0036198252
0.003569295
0.0035201738
0.0034723057
0.0034255536
0.003379799
0.0033349383
0.0032908755
0.0032475171
0.0032047705
0.0031625484
0.0031207766
0.0030794031
0.0030384039
0.0029977825
0.0029575613
0.0029177678
0.0028784207
0.0028395186
0.0028010351
0.0027629202
0.0027251073
0.0026875195
0.0026500729
0.0026126832
0.0025752802
0.0025378268
0.0025003295
0.0024628343
0.0024254037
0.0023880598
0.0023507164
0.0023131771
0.0022752292
0.0022367471
0.0021977167
0.0021581932
0.0021182365
0.0020778678
0.0020370668
0.0019958054
0.0019540727
0.0019118607
0.00186915
0.0018259258
0.0017821759
0.0017378752
0.0016929966
0.0016475152
0.0016013998
0.0015546234
0.0015071561
0.0014589616
0.0014100107
0.0013602618
0.0013096742
0.0012581968
0.0012058086
0.0011524041
0.0010978222
0.0010419982
0.00098490374
0.00092624548
0.00086828269
0.00081273996
0.00075703194
0.00069860788
0.00063873418
0.00057914797
0.00052042088
0.00046233509
0.000405999
0.00035022889
0.00030371204
0.00025214745
0.00025940697
-3.172178e-05
0.004779006
0.0047587224
0.0047355092
0.004708174
0.0046758494
0.0046385569
0.0045966485
0.0045504389
0.0045002324
0.0044464316
0.0043895534
0.0043301884
0.0042689625
0.0042065154
0.0041434806
0.0040804604
0.0040179969
0.0039565463
0.0038964592
0.0038379713
0.0037812064
0.0037261905
0.0036728731
0.0036211533
0.0035709018
0.0035219806
0.0034742556
0.0034276046
0.003381919
0.0033371015
0.0032930616
0.0032497114
0.0032069648
0.0031647407
0.0031229699
0.0030816026
0.0030406134
0.0030000016
0.0029597834
0.0029199807
0.002880608
0.0028416631
0.0028031209
0.0027649353
0.002727044
0.0026893742
0.0026518472
0.0026143837
0.0025769174
0.0025394115
0.0025018681
0.0024643246
0.0024268318
0.0023894046
0.0023519631
0.0023143294
0.0022763072
0.0022377747
0.0021987115
0.0021591628
0.002119181
0.0020787853
0.002037958
0.0019966723
0.001954916
0.0019126805
0.0018699475
0.0018267012
0.0017829285
0.0017386053
0.0016937046
0.0016482012
0.0016020645
0.0015552672
0.0015077795
0.0014595656
0.0014105955
0.0013608285
0.0013102239
0.0012587318
0.0012063267
0.0011529096
0.001098329
0.0010425163
0.0009854511
0.00092691918
0.00086899582
0.00081328048
0.00075750502
0.00069909634
0.00063924672
0.00057964466
0.00052086927
0.00046272526
0.00040626505
0.000350437
0.0003033503
0.00025220582
0.00025185866
-2.2890395e-05
0.0047335494
0.0047141281
0.004692001
0.0046660764
0.0046355678
0.0046004778
0.0045610942
0.0045176681
0.0044704445
0.0044197607
0.0043660625
0.0043098671
0.0042517302
0.0041922261
0.0041319306
0.0040713983
0.0040111368
0.0039515833
0.0038930864
0.0038358963
0.0037801641
0.003725952
0.0036732495
0.0036219939
0.0035720908
0.0035234304
0.0034759007
0.0034293953
0.0033838167
0.0033390753
0.0032950873
0.0032517708
0.0032090463
0.003166839
0.0031250845
0.0030837355
0.003042766
0.0030021715
0.0029619632
0.0029221578
0.0028827663
0.0028437852
0.0028051911
0.0027669411
0.002728977
0.0026912304
0.0026536272
0.0026160932
0.0025785656
0.0025410077
0.002503418
0.0024658258
0.0024282714
0.0023907631
0.0023532267
0.0023155012
0.0022774054
0.0022388219
0.0021997249
0.0021601501
0.0021201429
0.0020797203
0.0020388666
0.0019975565
0.0019557766
0.0019135177
0.0018707621
0.0018274935
0.001783698
0.0017393521
0.0016944291
0.0016489035
0.0016027454
0.0015559269
0.0015084186
0.0014601849
0.0014111954
0.0013614101
0.0013107884
0.0012592813
0.0012068597
0.0011534302
0.0010988508
0.0010430503
0.00098601594
0.00092760442
0.00086971973
0.00081384308
0.00075798862
0.00069959509
0.00063976993
0.00058015117
0.00052132533
0.00046311972
0.00040653135
0.00035063615
0.00030296831
0.00025209879
0.00024446462
-1.4572942e-05
0.0046890874
0.0046704778
0.0046493645
0.0046247513
0.0045959259
0.0045628758
0.004525835
0.0044850013
0.0044405684
0.0043928164
0.0043421263
0.0042889481
0.0042337716
0.0041771096
0.0041194825
0.0040613983
0.0040033296
0.0039456924
0.0038888291
0.0038329983
0.0037783725
0.0037250435
0.0036730351
0.0036223195
0.0035728337
0.0035244955
0.0034772146
0.0034309011
0.0033854695
0.0033408393
0.0032969338
0.0032536781
0.0032109993
0.0031688288
0.0031271073
0.0030857901
0.0030448511
0.003004283
0.0029640924
0.0029242917
0.0028848887
0.0028458789
0.0028072401
0.0027689324
0.0027309018
0.0026930839
0.0026554093
0.0026178083
0.0025802215
0.0025426128
0.0025049769
0.0024673358
0.0024297206
0.0023921337
0.0023545059
0.0023166911
0.0022785228
0.002239888
0.0022007563
0.0021611547
0.0021211217
0.0020806724
0.0020397924
0.0019984578
0.0019566543
0.0019143719
0.0018715937
0.0018283027
0.0017844843
0.0017401157
0.0016951702
0.0016496222
0.0016034424
0.0015566027
0.0015090735
0.0014608199
0.0014118108
0.001362007
0.001311368
0.0012598457
0.0012074078
0.0011539662
0.0010993879
0.0010436004
0.00098659838
0.00092830144
0.00087045459
0.00081442772
0.00075848261
0.00070010451
0.00064030405
0.00058066749
0.00052178895
0.00046351829
0.00040679707
0.00035082305
0.00030257299
0.00025182449
0.000237237
-6.7652385e-06
0.0046455723
0.0046277277
0.0046075628
0.0045841708
0.0045569072
0.0045257478
0.0044908812
0.0044524608
0.0044106366
0.0043656383
0.0043177891
0.0042674773
0.004215132
0.0041612082
0.0041061737
0.0040504912
0.003994598
0.003938887
0.0038836911
0.0038292724
0.0037758187
0.0037234458
0.0036722066
0.0036221036
0.0035731032
0.0035251486
0.003478171
0.0034320971
0.0033868543
0.0033423721
0.0032985816
0.0032554154
0.0032128073
0.0031706952
0.0031290247
0.003087754
0.0030468576
0.0030063259
0.002966162
0.0029263743
0.0028869679
0.0028479373
0.0028092616
0.0027709037
0.0027328132
0.0026949301
0.0026571892
0.0026195252
0.002581882
0.0025442239
0.0025065423
0.0024688527
0.0024311779
0.0023935149
0.0023557991
0.0023178979
0.0022796583
0.0022409722
0.002201805
0.0021621759
0.0021221171
0.0020816411
0.002040735
0.0019993758
0.0019575488
0.0019152431
0.0018724421
0.0018291288
0.0017852874
0.0017408959
0.0016959279
0.0016503575
0.0016041558
0.0015572946
0.0015097443
0.0014614706
0.0014124418
0.0013626193
0.0013119628
0.0012604251
0.0012079712
0.0011545178
0.0010999406
0.0010441669
0.00098719852
0.00092901046
0.00087120043
0.00081503445
0.00075898729
0.00070062481
0.00064084913
0.00058119357
0.00052225999
0.00046392057
0.00040706184
0.00035099474
0.00030215399
0.000251392
0.00023020927
5.259864e-07
0.0046029592
0.0045858363
0.0045665602
0.0045443072
0.0045184945
0.0044890887
0.0044562404
0.0044200657
0.0043806781
0.0043382634
0.0042930929
0.0042454996
0.0041958566
0.004144565
0.0040920429
0.0040387093
0.0039849667
0.0039311834
0.0038776797
0.003824717
0.0037724933
0.0037211429
0.0036707428
0.0036213221
0.0035728732
0.0035253632
0.0034787437
0.0034329585
0.0033879479
0.0033436518
0.0033000104
0.0032569638
0.0032144529
0.003172422
0.0031308219
0.0030896141
0.0030487735
0.0030082895
0.0029681622
0.0029283968
0.0028889959
0.0028499533
0.002811249
0.0027728488
0.0027347059
0.0026967641
0.0026589624
0.0026212399
0.0025835435
0.0025458378
0.0025081115
0.0024703742
0.002432641
0.0023949049
0.0023571047
0.0023191201
0.0022808106
0.0022420733
0.0022028701
0.0021632131
0.0021231282
0.0020826259
0.0020416938
0.0020003103
0.0019584598
0.0019161308
0.0018733071
0.0018299714
0.0017861072
0.0017416928
0.0016967021
0.0016511092
0.0016048855
0.0015580028
0.0015104312
0.0014621372
0.0014130885
0.0013632472
0.0013125731
0.0012610198
0.0012085502
0.0011550854
0.0011005093
0.0010447501
0.00098781647
0.00092973174
0.00087195726
0.00081566368
0.00075950304
0.00070115581
0.00064140503
0.00058172935
0.00052273832
0.00046432628
0.00040732505
0.00035115071
0.00030171076
0.00025079471
0.00022339454
7.2970416e-06
0.0045612056
0.0045447643
0.0045263224
0.0045051334
0.00448067
0.0044528917
0.0044219172
0.0043878322
0.004350719
0.0043107256
0.0042680777
0.0042230583
0.0041759896
0.004127223
0.0040771297
0.004026087
0.0039744629
0.0039226006
0.0038708051
0.0038193337
0.0037683898
0.0037181214
0.0036686252
0.0036199525
0.003572119
0.0035251136
0.0034789074
0.0034334603
0.0033887263
0.0033446563
0.0033011994
0.0032583039
0.0032159181
0.0031739928
0.0031324838
0.0030913562
0.0030505863
0.0030101626
0.0029700829
0.0029303499
0.0028909643
0.002851919
0.0028131953
0.0027747614
0.0027365738
0.0026985804
0.0026607241
0.002622948
0.0025852019
0.002547451
0.0025096814
0.0024718975
0.0024341079
0.0023963015
0.0023584206
0.0023203558
0.0022819783
0.0022431901
0.0022039506
0.0021642654
0.0021241545
0.0020836261
0.0020426683
0.0020012606
0.0019593868
0.0019170348
0.0018741885
0.0018308304
0.0017869435
0.0017425062
0.0016974928
0.0016518773
0.0016056316
0.0015587271
0.0015111343
0.0014628197
0.0014137511
0.0013638908
0.001313199
0.00126163
0.001209145
0.0011556691
0.0011010941
0.0010453502
0.00098845226
0.00093046545
0.00087272492
0.00081631513
0.00076003121
0.00070169751
0.0006419715
0.00058227462
0.00052322369
0.00046473497
0.000407586
0.00035129013
0.00030123883
0.00025005189
0.00021680322
1.3543993e-05
0.0045202714
0.0045044744
0.0044868165
0.0044666227
0.0044434153
0.0044171485
0.0043879145
0.0043557735
0.0043207824
0.0042830565
0.0042427812
0.0042001952
0.0041555746
0.0041092251
0.0040614742
0.0040126598
0.003963116
0.0039131601
0.0038630807
0.0038131273
0.003763505
0.0037143713
0.0036658378
0.0036179748
0.0035708178
0.0035243755
0.003478637
0.0034335781
0.0033891661
0.0033453629
0.0033021273
0.0032594158
0.0032171843
0.00317539
0.0031339943
0.0030929658
0.0030522826
0.0030119329
0.0029719131
0.0029322237
0.0028928638
0.0028538261
0.0028150927
0.0027766343
0.0027384105
0.0027003731
0.002662469
0.0026246447
0.0025868529
0.0025490597
0.0025112489
0.0024734199
0.002435576
0.0023977025
0.0023597449
0.0023216033
0.0022831598
0.0022443214
0.0022050455
0.0021653318
0.0021251951
0.0020846409
0.0020436579
0.0020022262
0.0019603295
0.0019179546
0.0018750859
0.0018317055
0.001787796
0.0017433359
0.0016982999
0.0016526619
0.001606394
0.0015594677
0.0015118535
0.0014635184
0.0014144296
0.0013645503
0.0013138407
0.001262256
0.0012097559
0.0011562693
0.0011016956
0.0010459674
0.000989106
0.00093121182
0.00087350372
0.0008169854
0.00076057432
0.0007022508
0.00064254869
0.00058282937
0.00052371597
0.00046514629
0.00040784419
0.0003514113
0.00030073721
0.00024916427
0.00021045043
1.9285039e-05
0.0044801184
0.0044649309
0.0044480111
0.004428749
0.0044067119
0.0043818498
0.0043542329
0.0043239007
0.0042908888
0.0042552845
0.0042172386
0.0041769501
0.0041346538
0.0040906138
0.0040451171
0.003998464
0.0039509565
0.0039028859
0.0038545222
0.0038061055
0.0037578388
0.0037098853
0.0036623676
0.0036153712
0.0035689486
0.0035231259
0.0034779088
0.0034332879
0.0033892436
0.003345749
0.0033027724
0.003260279
0.0032182321
0.0031765958
0.0031353368
0.0030944276
0.0030538483
0.0030135877
0.0029736411
0.0029340075
0.002894685
0.0028556657
0.0028169332
0.00277846
0.0027402093
0.0027021361
0.0026641911
0.0026263247
0.002588492
0.0025506597
0.0025128101
0.0024749383
0.0024370425
0.0023991055
0.0023610751
0.0023228604
0.0022843532
0.0022454656
0.0022061535
0.0021664113
0.0021262489
0.0020856695
0.0020446617
0.0020032065
0.001961287
0.0019188898
0.0018759989
0.0018325964
0.0017886644
0.0017441817
0.0016991231
0.0016534626
0.0016071725
0.0015602245
0.0015125888
0.001464233
0.0014151242
0.0013652257
0.0013144983
0.0012628978
0.0012103829
0.001156886
0.0011023137
0.0010466019
0.00098977762
0.00093197089
0.00087429376
0.00081767128
0.00076113462
0.00070281635
0.00064313651
0.00058339342
0.00052421486
0.00046555972
0.00040809884
0.00035151286
0.0003002034
0.0002481389
0.00020435456
2.4530517e-05
0.0044407106
0.0044261001
0.0044098756
0.004391487
0.0043705413
0.0043469855
0.0043208717
0.0042922225
0.004261056
0.004227436
0.0041914829
0.004153361
0.0041132682
0.0040714308
0.0040280987
0.0039835371
0.0039380169
0.0038918036
0.0038451483
0.0037982791
0.0037513944
0.0037046594
0.0036582044
0.0036121266
0.0035664925
0.0035213435
0.0034766999
0.0034325663
0.0033889356
0.0033457917
0.0033031128
0.0032608725
0.0032190419
0.0031775915
0.0031364939
0.0030957254
0.0030552688
0.0030151135
0.0029752546
0.0029356901
0.0028964173
0.0028574285
0.0028187079
0.0027802307
0.0027419626
0.0027038625
0.0026658846
0.0026279825
0.002590114
0.0025522467
0.0025143612
0.0024764492
0.0024385046
0.0024005077
0.0023624089
0.0023241249
0.0022855566
0.002246621
0.0022072731
0.0021675027
0.002127315
0.0020867109
0.002045679
0.0020042007
0.001962259
0.0019198398
0.001876927
0.0018335027
0.0017895486
0.0017450434
0.0016999623
0.0016542795
0.0016079673
0.0015609975
0.0015133404
0.0014649638
0.0014158349
0.0013659173
0.0013151721
0.0012635557
0.0012110264
0.0011575197
0.001102949
0.001047254
0.00099046728
0.00093274301
0.00087509502
0.00081837301
0.00076171338
0.00070339431
0.00064373474
0.0005839666
0.00052472018
0.00046597492
0.00040834938
0.00035159365
0.00029963484
0.00024698609
0.00019854143
2.9285112e-05
0.0044020136
0.0043879497
0.0043723812
0.0043548119
0.0043348848
0.0043125448
0.0042878288
0.0042607458
0.0042312997
0.0041995345
0.0041655444
0.0041294636
0.0040914569
0.0040517168
0.0040104591
0.0039679165
0.0039243303
0.0038799409
0.0038349797
0.0037896614
0.0037441775
0.0036986924
0.0036533409
0.0036082283
0.003563433
0.0035190087
0.0034749889
0.003431391
0.0033882194
0.0033454688
0.0033031267
0.0032611753
0.0032195934
0.0031783582
0.0031374476
0.0030968426
0.0030565285
0.0030164961
0.0029767406
0.0029372596
0.0028980499
0.0028591041
0.0028204076
0.0027819375
0.0027436626
0.002705545
0.0026675424
0.0026296118
0.0025917133
0.0025538155
0.0025158977
0.0024779486
0.0024399586
0.0024019058
0.0023637431
0.002325394
0.0022867675
0.0022477855
0.0022084024
0.0021686043
0.0021283919
0.0020877639
0.0020467085
0.0020052078
0.0019632444
0.0019208036
0.0018778694
0.0018344236
0.0017904477
0.0017459203
0.0017008171
0.001655112
0.0016087779
0.0015617863
0.0015141079
0.0014657106
0.0014165615
0.0013666248
0.0013158619
0.0012642297
0.0012116862
0.0011581702
0.0011036013
0.0010479236
0.00099117466
0.000933528
0.00087590722
0.00081909038
0.00076231036
0.00070398439
0.00064434294
0.00058454849
0.00052523143
0.00046639118
0.00040859488
0.00035165234
0.00029902878
0.00024571634
0.00019304051
3.3554442e-05
0.0043639944
0.0043504489
0.0043354998
0.0043186999
0.0042997243
0.0042785165
0.0042551009
0.0042294758
0.0042016335
0.0041716015
0.0041394517
0.0041052917
0.0040692576
0.0040315114
0.0039922379
0.00395164
0.0039099309
0.0038673268
0.0038240392
0.0037802684
0.0037361972
0.0036919863
0.0036477725
0.0036036667
0.0035597557
0.0035161039
0.003472756
0.0034297406
0.0033870731
0.0033447581
0.0033027923
0.0032611663
0.0032198663
0.0031788763
0.0031381798
0.0030977621
0.0030576116
0.0030177208
0.0029780856
0.0029387036
0.0028995715
0.0028606822
0.0028220225
0.0027835716
0.002745301
0.0027071761
0.0026691579
0.0026312065
0.0025932844
0.0025553612
0.0025174153
0.0024794329
0.0024414013
0.0024032972
0.0023650753
0.0023266653
0.0022879838
0.0022489573
0.0022095402
0.002169715
0.0021294787
0.0020888276
0.0020477497
0.0020062272
0.0019642428
0.0019217811
0.0018788259
0.0018353592
0.0017913618
0.0017468126
0.0017016875
0.0016559605
0.0016096045
0.0015625913
0.0015148916
0.0014664737
0.0014173046
0.0013673488
0.0013165682
0.0012649204
0.0012123631
0.0011588382
0.0011042714
0.0010486112
0.0009919002
0.00093432643
0.00087673086
0.00081982372
0.00076292595
0.00070458725
0.00064496146
0.00058513931
0.00052574871
0.00046680839
0.00040883495
0.00035168845
0.00029838469
0.00024433996
0.00018786632
3.7354479e-05
0.0043266219
0.004313568
0.0042992043
0.0042831276
0.0042650415
0.0042448887
0.0042226836
0.0041984159
0.0041720688
0.004143656
0.0041132303
0.0040808766
0.0040467057
0.0040108523
0.0039734737
0.0039347449
0.0038948532
0.0038539914
0.0038123514
0.0037701183
0.0037274646
0.0036845459
0.0036414977
0.0035984345
0.0035554489
0.0035126137
0.003469983
0.0034275952
0.0033854755
0.0033436379
0.0033020879
0.003260824
0.0032198399
0.0031791259
0.0031386713
0.0030984658
0.0030585013
0.003018772
0.0029792751
0.0029400084
0.0029009692
0.0028621509
0.0028235417
0.0027851227
0.0027468684
0.0027087469
0.0026707227
0.0026327589
0.0025948203
0.0025568774
0.0025189082
0.0024808969
0.002442828
0.0024046772
0.0023664011
0.0023279349
0.002289202
0.0022501333
0.0022106835
0.0021708321
0.0021305728
0.0020898997
0.0020488003
0.002007257
0.0019652523
0.0019227704
0.001879795
0.0018363077
0.0017922894
0.0017477189
0.0017025722
0.0016568235
0.001610446
0.0015634115
0.0015156907
0.0014672521
0.0014180631
0.0013680884
0.0013172902
0.0012656269
0.0012130562
0.0011595229
0.0011049585
0.0010493163
0.00099264302
0.0009351376
0.00087756518
0.00082057212
0.00076355938
0.0007052024
0.00064558942
0.00058573804
0.00052627096
0.00046722532
0.00040906822
0.00035170022
0.0002977036
0.00024286838
0.00018300737
4.0700457e-05
0.0042898673
0.0042772801
0.0042634698
0.0042480732
0.0042308191
0.0042116501
0.0041905724
0.004167569
0.0041426159
0.0041157154
0.0040869044
0.004056248
0.0040238351
0.0039897764
0.0039542042
0.0039172683
0.0038791319
0.0038399656
0.0037999422
0.0037592312
0.0037179937
0.0036763783
0.0036345178
0.0035925273
0.0035505034
0.003508525
0.0034666537
0.0034249366
0.0033834071
0.0033420881
0.003300993
0.0032601281
0.003219494
0.0031790877
0.0031389037
0.0030989365
0.0030591812
0.0030196346
0.002980295
0.0029411614
0.0029022314
0.0028634995
0.0028249552
0.0027865818
0.0027483562
0.0027102498
0.00267223
0.0026342628
0.0025963154
0.0025583594
0.0025203723
0.0024823369
0.0024442357
0.0024060433
0.0023677184
0.0023292009
0.0022904205
0.0022513122
0.0022118314
0.0021719552
0.0021316741
0.0020909802
0.0020498604
0.0020082973
0.0019662733
0.0019237721
0.0018807771
0.00183727
0.0017932314
0.0017486401
0.0017034722
0.0016577023
0.0016113035
0.0015642478
0.0015165061
0.0014680472
0.0014188385
0.001368845
0.0013180293
0.0012663507
0.0012137671
0.0011602259
0.0011056641
0.0010500401
0.00099340432
0.00093596284
0.00087841147
0.00082133666
0.00076421179
0.00070583123
0.00064622781
0.00058634552
0.00052679892
0.00046764254
0.00040929503
0.00035168795
0.00029698853
0.00024131272
0.00017845256
4.3617619e-05
0.0042537
0.0042415568
0.0042282709
0.0042135143
0.0041970391
0.0041787882
0.0041587611
0.0041369358
0.0041132826
0.0040877947
0.0040604954
0.0040314332
0.0040006776
0.0039683186
0.0039344659
0.0038992468
0.0038628021
0.0038252815
0.0037868392
0.0037476292
0.0037078006
0.0036674937
0.0036268365
0.0035859432
0.0035449122
0.0035038264
0.0034627534
0.003421747
0.0033808483
0.0033400876
0.0032994859
0.0032590566
0.003218807
0.0031787402
0.0031388563
0.003099154
0.0030596322
0.0030202903
0.0029811283
0.0029421462
0.0029033427
0.0028647135
0.0028262494
0.0027879359
0.0027497525
0.0027116733
0.0026736689
0.0026357081
0.0025977602
0.0025597982
0.0025217995
0.0024837455
0.0024456173
0.002407389
0.0023690209
0.0023304574
0.0022916336
0.0022524889
0.0022129791
0.0021730795
0.0021327781
0.0020920648
0.002050926
0.0020093443
0.0019673021
0.0019247826
0.0018817689
0.0018382428
0.0017941846
0.0017495731
0.0017043846
0.0016585939
0.0016121742
0.0015650978
0.0015173355
0.0014688565
0.0014196282
0.0013696161
0.0013187833
0.0012670896
0.0012144935
0.001160945
0.0011063861
0.0010507805
0.00099418184
0.00093680006
0.00087926762
0.00082211505
0.00076488099
0.00070647182
0.00064687438
0.00058695938
0.00052733021
0.00046805751
0.00040951273
0.00035164926
0.00029623963
0.0002396803
0.00017418603
4.6131357e-05
0.0039569021
0.0040780456
0.0043015847
0.0045592502
0.0048573406
0.0052109212
0.0056346035
0.006169157
0.0068807642
0.0080703831
0.0039568932
0.0040780266
0.0043015488
0.0045591766
0.004857174
0.0052105311
0.0056335761
0.0061652035
0.0068635153
0.0078830564
0.0039568755
0.0040779886
0.0043014755
0.0045590242
0.0048568302
0.0052097157
0.0056314268
0.0061572241
0.0068304325
0.0076809367
0.0039568473
0.0040779289
0.0043013594
0.0045587827
0.0048562882
0.0052084265
0.0056280224
0.0061452455
0.0067856035
0.007506045
0.0039568076
0.0040778456
0.0043011968
0.0045584444
0.00485553
0.0052066252
0.0056232451
0.0061296716
0.0067316339
0.0073500401
0.0039567553
0.0040777367
0.0043009831
0.0045579999
0.0048545362
0.0052042634
0.0056170478
0.0061106406
0.0066725925
0.0072060408
0.0039566892
0.0040775999
0.0043007137
0.0045574395
0.0048532858
0.0052012971
0.0056093865
0.006088355
0.0066110138
0.0070707548
0.0039566079
0.0040774326
0.0043003834
0.004556753
0.0048517568
0.0051976853
0.0056002115
0.0060631472
0.00654733
0.0069427723
0.00395651
0.0040772324
0.0042999869
0.0045559292
0.0048499268
0.0051933855
0.0055895025
0.0060352302
0.0064820019
0.0068214902
0.003956394
0.0040769964
0.0042995182
0.0045549566
0.0048477721
0.0051883578
0.0055772447
0.0060048103
0.006415505
0.0067063235
0.0039562582
0.0040767215
0.0042989711
0.0045538226
0.0048452685
0.0051825644
0.0055634319
0.0059720974
0.0063482434
0.006596714
0.0039561008
0.0040764046
0.0042983391
0.0045525143
0.0048423912
0.0051759695
0.0055480683
0.0059372964
0.0062805556
0.0064921737
0.0039559199
0.0040760422
0.004297615
0.0045510179
0.0048391151
0.0051685398
0.0055311672
0.0059006052
0.0062127282
0.0063922762
0.0039557134
0.0040756307
0.0042967913
0.0045493192
0.0048354144
0.0051602449
0.0055127502
0.0058622148
0.0061450032
0.0062966443
0.0039554791
0.004075166
0.00429586
0.0045474029
0.0048312635
0.0051510576
0.0054928472
0.0058223089
0.0060775834
0.0062049434
0.0039552147
0.0040746442
0.0042948127
0.0045452534
0.0048266367
0.005140954
0.0054714951
0.0057810628
0.0060106372
0.0061168758
0.0039549175
0.0040740606
0.0042936403
0.0045428544
0.0048215084
0.0051299138
0.0054487374
0.0057386438
0.0059443035
0.0060321763
0.0039545849
0.0040734106
0.0042923334
0.0045401889
0.0048158533
0.0051179203
0.0054246236
0.0056952102
0.0058786958
0.0059506079
0.0039542139
0.0040726891
0.004290882
0.0045372396
0.0048096469
0.005104961
0.0053992084
0.0056509115
0.0058139053
0.005871958
0.0039538014
0.0040718907
0.0042892756
0.0045339884
0.0048028651
0.0050910271
0.0053725511
0.0056058885
0.005750005
0.0057960353
0.0039533439
0.0040710098
0.004287503
0.004530417
0.0047954849
0.0050761142
0.0053447149
0.0055602726
0.0056870517
0.005722667
0.003952838
0.0040700403
0.0042855527
0.0045265068
0.0047874844
0.0050602217
0.005315766
0.0055141866
0.0056250886
0.0056516967
0.0039522796
0.0040689758
0.0042834126
0.0045222385
0.004778843
0.0050433534
0.0052857732
0.0054677445
0.0055641477
0.0055829817
0.0039516648
0.0040678094
0.00428107
0.004517593
0.0047695415
0.0050255171
0.0052548073
0.0054210516
0.0055042512
0.0055163922
0.0039509891
0.0040665342
0.0042785117
0.004512551
0.0047595626
0.0050067245
0.0052229402
0.0053742049
0.0054454133
0.0054518089
0.0039502478
0.0040651424
0.004275724
0.0045070931
0.0047488904
0.0049869914
0.0051902445
0.0053272933
0.0053876415
0.0053891225
0.0039494359
0.004063626
0.0042726928
0.0045011999
0.0047375115
0.0049663372
0.005156793
0.0052803982
0.0053309374
0.0053282319
0.003948548
0.0040619768
0.0042694035
0.0044948526
0.0047254143
0.0049447847
0.005122658
0.0052335931
0.005275298
0.0052690439
0.0039475785
0.0040601858
0.004265841
0.0044880322
0.0047125896
0.0049223604
0.0050879111
0.005186945
0.0052207162
0.0052114719
0.0039465214
0.0040582438
0.0042619899
0.0044807206
0.0046990304
0.0048990936
0.0050526225
0.0051405137
0.0051671816
0.0051554355
0.00394537
0.0040561411
0.0042578344
0.0044729
0.0046847322
0.0048750164
0.0050168608
0.005094353
0.0051146811
0.0051008595
0.0039441177
0.0040538675
0.0042533584
0.0044645534
0.0046696933
0.0048501637
0.0049806925
0.0050485105
0.0050631989
0.0050476738
0.0039427572
0.0040514124
0.0042485457
0.0044556647
0.0046539142
0.0048245724
0.004944182
0.0050030283
0.0050127176
0.0049958127
0.0039412807
0.0040487648
0.0042433797
0.0044462186
0.0046373981
0.0047982814
0.0049073907
0.0049579432
0.004963218
0.0049452144
0.00393968
0.0040459132
0.0042378439
0.0044362012
0.0046201509
0.0047713312
0.0048703778
0.0049132869
0.0049146793
0.0048958207
0.0039379465
0.0040428457
0.0042319216
0.0044255994
0.0046021809
0.0047437635
0.004833199
0.0048690868
0.00486708
0.0048475765
0.0039360711
0.00403955
0.0042255963
0.0044144018
0.0045834989
0.0047156211
0.0047959072
0.0048253657
0.0048203974
0.00480043
0.0039340441
0.0040360134
0.0042188516
0.0044025982
0.0045641182
0.0046869471
0.004758552
0.0047821426
0.004774608
0.0047543318
0.0039318552
0.0040322229
0.0042116711
0.0043901801
0.0045440543
0.0046577852
0.0047211798
0.0047394325
0.0047296877
0.0047092351
0.0039294937
0.0040281649
0.0042040391
0.0043771407
0.0045233251
0.004628179
0.0046838336
0.0046972474
0.0046856122
0.0046650953
0.0039269484
0.0040238259
0.0041959401
0.0043634747
0.0045019503
0.0045981717
0.0046465531
0.0046555957
0.0046423566
0.0046218701
0.0039242072
0.0040191917
0.0041873591
0.0043491787
0.0044799517
0.0045678061
0.0046093746
0.004614483
0.0045998958
0.0045795189
0.0039212577
0.004014248
0.0041782818
0.0043342513
0.0044573527
0.0045371241
0.0045723314
0.0045739125
0.0045582046
0.0045380029
0.0039180868
0.0040089805
0.0041686945
0.0043186929
0.0044341784
0.0045061663
0.0045354533
0.0045338847
0.0045172579
0.0044972853
0.0039146809
0.0040033746
0.0041585846
0.0043025059
0.0044104551
0.0044749725
0.004498767
0.0044943978
0.0044770304
0.0044573306
0.0039110256
0.0039974153
0.00414794
0.0042856945
0.0043862103
0.0044435806
0.0044622963
0.0044554483
0.0044374971
0.0044181049
0.003907106
0.0039910881
0.0041367499
0.0042682652
0.0043614723
0.004412027
0.0044260619
0.0044170305
0.0043986332
0.0043795756
0.0039029065
0.0039843782
0.0041250046
0.0042502263
0.0043362702
0.0043803465
0.004390082
0.0043791377
0.0043604141
0.0043417116
0.0038984111
0.0039772708
0.0041126951
0.0042315882
0.0043106338
0.0043485716
0.0043543713
0.0043417611
0.0043228156
0.0043044835
0.003893603
0.003969752
0.004099814
0.0042123632
0.0042845931
0.0043167335
0.0043189429
0.0043048903
0.0042858123
0.0042678605
0.0038882503
0.0039614778
0.0040857964
0.0041917412
0.00425708
0.0042835369
0.0042823483
0.0042670052
0.0042478689
0.0042303186
0.0038816836
0.0039514612
0.0040690398
0.0041674636
0.0042252064
0.0042456077
0.0042409392
0.0042243627
0.0042052479
0.0041881615
0.0038731728
0.0039387007
0.0040480371
0.0041375609
0.0041866788
0.0042004874
0.0041922126
0.0041744743
0.0041554903
0.0041389573
0.0038620612
0.0039224102
0.0040217961
0.0041009126
0.0041404584
0.0041473249
0.0041354769
0.0041167299
0.0040980097
0.0040821185
0.0038474408
0.0039015612
0.0039891968
0.0040563293
0.0040855377
0.0040853871
0.0040701948
0.0040506769
0.0040323747
0.0040172166
0.0038280964
0.0038748607
0.0039489759
0.004002614
0.004021027
0.0040141352
0.0039960416
0.0039760634
0.0039583313
0.0039439703
0.0038024708
0.0038407736
0.0038997138
0.003938642
0.0039462533
0.0039332842
0.0039129268
0.0038928596
0.0038758746
0.0038623995
0.0037686016
0.0037974714
0.0038399343
0.0038635337
0.0038609099
0.0038428895
0.0038210204
0.0038011799
0.0037849973
0.0037723882
0.0037241268
0.0037429145
0.0037682924
0.0037768073
0.0037651081
0.0037433292
0.0037208434
0.0037017228
0.0036865929
0.0036749624
0.003666401
0.0036750184
0.0036837474
0.0036784519
0.003659352
0.003635057
0.0036124145
0.0035939524
0.0035796865
0.0035689133
0.0035927994
0.0035919355
0.0035857235
0.0035688935
0.0035446126
0.0035196198
0.0034981538
0.0034811944
0.0034682107
0.003458426
0.0035011977
0.0034925059
0.0034743426
0.003448872
0.0034208982
0.0033951327
0.0033740081
0.003357781
0.0033456743
0.0033367498
0.0033907887
0.0033765687
0.0033504901
0.0033207545
0.003293279
0.0032703523
0.0032521021
0.0032379469
0.0032272024
0.0032192036
0.0032628311
0.0032457903
0.00321505
0.0031813494
0.0031514759
0.0031276468
0.0031096314
0.0030963418
0.0030866319
0.0030795705
0.0031211555
0.0031046555
0.0030772386
0.003050484
0.0030286532
0.0030112291
0.0029972376
0.0029862069
0.0029777951
0.0029715504
0.0029727558
0.0029539487
0.0029203843
0.0028864095
0.0028599756
0.0028414505
0.0028283565
0.0028187776
0.0028117268
0.0028066018
0.0028306624
0.0028281016
0.0028191084
0.002807758
0.0027956594
0.0027838251
0.0027733674
0.0027649295
0.0027584771
0.0027536431
0.0026850399
0.0026446438
0.0026011869
0.0025709704
0.002551106
0.0025366628
0.0025257781
0.0025178116
0.0025121168
0.0025080353
0.0042166136
0.0042049108
0.0041921427
0.0041780142
0.0041622989
0.0041449409
0.004125934
0.0041052523
0.0040828618
0.0040587479
0.0040329222
0.0040054185
0.0039762891
0.0039456048
0.0039134548
0.003879945
0.0038451948
0.0038093339
0.003772498
0.0037348249
0.0036964507
0.0036575061
0.0036181131
0.0035783826
0.0035384132
0.0034982902
0.0034580855
0.0034178586
0.003377657
0.0033375179
0.0032974692
0.0032575313
0.003217718
0.0031780385
0.0031384981
0.0030991006
0.0030598483
0.0030207436
0.0029817886
0.0029429848
0.0029043322
0.0028658278
0.0028274641
0.0027892288
0.002751104
0.0027130668
0.0026750907
0.0026371474
0.0025992087
0.0025612486
0.0025232449
0.002485178
0.002447028
0.0024087686
0.0023703619
0.0023317563
0.0022928922
0.0022537129
0.0022141755
0.0021742537
0.0021339328
0.002093201
0.0020520441
0.0020104445
0.0019683845
0.0019258471
0.0018828151
0.0018392701
0.0017951923
0.0017505606
0.0017053514
0.0016595395
0.0016130986
0.0015660009
0.0015182176
0.0014697178
0.0014204695
0.0013704384
0.0013195879
0.0012678788
0.0012152702
0.0011617145
0.0011071591
0.0010515727
0.00099501194
0.00093768793
0.00088017281
0.00082294309
0.00076559833
0.00070715435
0.00064755904
0.00058760788
0.00052788943
0.00046848961
0.00040973205
0.00035158384
0.00029542956
0.00023791195
0.00017002901
4.8368729e-05
0.0041749549
0.0041637276
0.0041515166
0.0041380602
0.0041231538
0.0041067426
0.0040888158
0.0040693443
0.0040482906
0.004025633
0.0040013726
0.003975529
0.003948138
0.0039192517
0.0038889388
0.0038572837
0.003824384
0.0037903481
0.0037552916
0.0037193348
0.0036825987
0.0036452022
0.0036072585
0.0035688737
0.0035301442
0.0034911559
0.0034519836
0.0034126914
0.0033733326
0.0033339508
0.0032945808
0.00325525
0.0032159791
0.0031767835
0.0031376747
0.0030986614
0.0030597505
0.0030209476
0.0029822575
0.0029436839
0.0029052284
0.0028668898
0.0028286628
0.0027905375
0.0027524988
0.0027145272
0.0026765997
0.0026386909
0.0026007752
0.0025628285
0.0025248288
0.0024867562
0.0024485897
0.0024103032
0.0023718605
0.0023332145
0.0022943109
0.0022550973
0.002215532
0.0021755877
0.0021352471
0.0020944966
0.0020533212
0.0020117033
0.0019696249
0.0019270687
0.0018840172
0.001840452
0.0017963531
0.0017516993
0.0017064674
0.0016606323
0.0016141679
0.0015670466
0.0015192398
0.0014707169
0.0014214462
0.0013713937
0.0013205235
0.0012687973
0.001216175
0.001162612
0.0011080609
0.0010524963
0.00099597782
0.00093871443
0.00088121596
0.00082390249
0.00076643514
0.0007079457
0.00064834746
0.00058835226
0.00052852789
0.00046897548
0.0004099659
0.00035147132
0.00029446423
0.00023581788
0.00016557069
5.0509997e-05
0.0041263131
0.0041156142
0.0041040203
0.0040913044
0.0040772836
0.0040619048
0.0040451532
0.0040269973
0.0040073973
0.0039863256
0.0039637732
0.0039397467
0.0039142659
0.0038873647
0.0038590913
0.0038295082
0.0037986902
0.0037667232
0.0037337012
0.0036997244
0.0036648961
0.0036293203
0.0035930991
0.0035563302
0.0035191051
0.0034815079
0.0034436144
0.0034054912
0.0033671964
0.0033287794
0.0032902815
0.0032517369
0.0032131734
0.0031746133
0.0031360745
0.0030975715
0.0030591162
0.0030207185
0.0029823866
0.0029441269
0.0029059435
0.0028678375
0.0028298064
0.0027918432
0.0027539363
0.00271607
0.002678225
0.0026403797
0.0026025113
0.002564598
0.0025266187
0.0024885534
0.0024503808
0.0024120751
0.0023736025
0.0023349202
0.0022959797
0.0022567332
0.002217141
0.0021771748
0.0021368151
0.0020960465
0.0020548528
0.0020132164
0.0019711191
0.0019285433
0.0018854711
0.0018418839
0.0017977619
0.0017530837
0.0017078263
0.001661965
0.0016154738
0.0015683255
0.0015204916
0.0014719421
0.0014226454
0.0013725682
0.0013216753
0.0012699293
0.0012172916
0.0011637208
0.0011091755
0.0010536367
0.00099716634
0.00093996768
0.00088248446
0.00082507687
0.00076746898
0.00070891784
0.00064930774
0.00058925556
0.00052929915
0.00046955417
0.00041023142
0.00035129599
0.00029327321
0.00023327036
0.00016061459
5.2556413e-05
0.004070094
0.0040599725
0.0040490499
0.004037133
0.0040240607
0.004009782
0.0039942795
0.0039775206
0.003959464
0.0039400779
0.0039193449
0.00389726
0.0038738289
0.0038490682
0.003823007
0.0037956865
0.0037671592
0.0037374877
0.0037067437
0.0036750055
0.0036423567
0.0036088838
0.0035746743
0.0035398143
0.0035043872
0.003468472
0.003432142
0.0033954643
0.0033584993
0.0033213005
0.0032839145
0.0032463816
0.0032087362
0.0031710073
0.0031332195
0.0030953933
0.0030575463
0.0030196932
0.0029818464
0.0029440158
0.0029062088
0.0028684297
0.0028306792
0.0027929539
0.0027552463
0.0027175448
0.0026798346
0.002642098
0.0026043162
0.0025664696
0.0025285389
0.0024905047
0.002452346
0.002414038
0.0023755495
0.0023368426
0.0022978743
0.002258602
0.0022189883
0.0021790047
0.0021386299
0.0020978466
0.0020566376
0.002014985
0.0019728706
0.0019302762
0.0018871838
0.0018435747
0.0017994288
0.001754725
0.0017094404
0.0016635507
0.0016170302
0.001569852
0.001521988
0.0014734087
0.0014240828
0.0013739779
0.0013230596
0.0012712918
0.0012186377
0.0011650593
0.0011105218
0.0010550132
0.00099859693
0.00094146535
0.00088399447
0.0008264832
0.00076871713
0.0007100838
0.00065044749
0.00059032095
0.00053020027
0.00047021258
0.00041050174
0.00035100923
0.00029179415
0.00023021317
0.00015522326
5.4314655e-05
0.0040058689
0.0039963687
0.0039861624
0.0039750895
0.0039630103
0.0039498771
0.0039356707
0.0039203588
0.0039039002
0.0038862605
0.0038674161
0.0038473526
0.0038260639
0.003803552
0.003779829
0.0037549166
0.0037288465
0.0037016593
0.0036734041
0.0036441373
0.0036139212
0.003582823
0.0035509126
0.0035182616
0.0034849414
0.0034510221
0.0034165712
0.0033816523
0.0033463251
0.0033106443
0.0032746593
0.0032384148
0.0032019503
0.0031653007
0.0031284963
0.0030915639
0.0030545266
0.0030174042
0.002980214
0.0029429702
0.0029056841
0.0028683639
0.0028310142
0.002793636
0.0027562261
0.002718778
0.0026812815
0.0026437237
0.0026060898
0.0025683637
0.0025305283
0.0024925658
0.0024544564
0.0024161771
0.0023776999
0.0023389917
0.0023000153
0.0022607332
0.0022211114
0.0021811216
0.0021407415
0.002099952
0.0020587352
0.0020170729
0.0019749465
0.0019323379
0.0018892287
0.0018455999
0.0018014316
0.0017567028
0.0017113909
0.0016654719
0.0016189206
0.0015717106
0.0015238142
0.0014752024
0.0014258447
0.0013757095
0.0013247634
0.001272972
0.0012203007
0.0011667155
0.0011121881
0.0010567138
0.001000356
0.00094329061
0.00088582643
0.00082820241
0.00077026106
0.00071151986
0.00065183478
0.00059160941
0.00053128397
0.00047099048
0.00041080021
0.00035061101
0.00029002558
0.00022667112
0.00014955511
5.560046e-05
0.0039333305
0.0039244776
0.0039150145
0.0039048083
0.0038937397
0.0038817651
0.0038688652
0.003855009
0.0038401571
0.003824274
0.0038073325
0.0037893117
0.0037701964
0.0037499775
0.0037286528
0.003706228
0.0036827167
0.0036581396
0.0036325252
0.0036059087
0.0035783313
0.00354984
0.0035204856
0.0034903227
0.0034594075
0.0034277977
0.0033955506
0.0033627227
0.0033293685
0.0032955401
0.0032612867
0.0032266538
0.0031916835
0.0031564145
0.0031208814
0.0030851158
0.0030491455
0.0030129957
0.0029766881
0.0029402416
0.0029036719
0.0028669916
0.00283021
0.0027933326
0.0027563616
0.0027192953
0.002682129
0.002644855
0.0026074632
0.0025699414
0.002532276
0.0024944516
0.002456451
0.0024182536
0.0023798353
0.0023411679
0.0023022203
0.0022629602
0.0022233572
0.0021833845
0.0021430194
0.002102242
0.0020610336
0.0020193759
0.0019772503
0.0019346383
0.0018915216
0.0018478812
0.0018036971
0.0017589486
0.0017136135
0.0016676684
0.0016210886
0.0015738482
0.0015259201
0.0014772761
0.0014278867
0.001377721
0.0013267472
0.001274933
0.0012222461
0.0011686571
0.001114144
0.0010587087
0.0010024126
0.00094540978
0.00088794483
0.00083020088
0.00077206979
0.00071319144
0.00065342602
0.00059306904
0.00053248976
0.00047181419
0.00041103694
0.00034999406
0.00028787062
0.00022264809
0.00014370277
5.6138518e-05
0.0038525126
0.003844329
0.0038356231
0.0038262907
0.0038162309
0.0038054042
0.0037937919
0.0037813654
0.0037680885
0.0037539267
0.0037388512
0.0037228377
0.0037058651
0.0036879164
0.0036689795
0.0036490478
0.0036281201
0.0036062014
0.0035833024
0.0035594396
0.003534635
0.0035089161
0.0034823148
0.0034548674
0.0034266133
0.0033975947
0.0033678558
0.0033374416
0.0033063977
0.0032747692
0.0032426004
0.0032099339
0.0031768108
0.0031432698
0.0031093473
0.0030750769
0.0030404899
0.0030056148
0.0029704772
0.0029351001
0.0028995034
0.0028637043
0.0028277165
0.0027915507
0.002755214
0.0027187105
0.0026820409
0.002645203
0.0026081918
0.0025710001
0.0025336184
0.0024960351
0.0024582364
0.0024202055
0.0023819227
0.0023433651
0.0023045073
0.0022653227
0.002225785
0.0021858699
0.0021455554
0.0021048217
0.00206365
0.0020220219
0.001979919
0.0019373231
0.0018942158
0.0018505783
0.0018063909
0.0017616333
0.0017162838
0.0016703196
0.0016237168
0.0015764503
0.0015284938
0.0014798201
0.0014304005
0.0013802058
0.0013292057
0.0012773701
0.0012246701
0.0011710803
0.0011165849
0.001061191
0.001004955
0.00094800538
0.00089052747
0.0008326553
0.00077432029
0.00071526979
0.00065537914
0.00059484375
0.00053394848
0.00047279813
0.00041130908
0.00034924482
0.00028544768
0.00021837402
0.00013793824
5.5923333e-05
0.0037632396
0.0037557257
0.0037477726
0.0037392937
0.0037302075
0.0037204816
0.0037100986
0.003699033
0.003687252
0.0036747238
0.0036614204
0.0036473163
0.0036323877
0.0036166133
0.0035999747
0.003582457
0.0035640492
0.0035447442
0.0035245391
0.0035034357
0.00348144
0.0034585624
0.0034348178
0.0034102251
0.0033848067
0.0033585886
0.0033315997
0.0033038711
0.0032754358
0.0032463284
0.003216584
0.0031862381
0.0031553261
0.0031238828
0.0030919421
0.0030595367
0.0030266976
0.0029934543
0.0029598341
0.0029258623
0.0028915618
0.0028569531
0.002822054
0.0027868793
0.0027514412
0.0027157489
0.0026798083
0.0026436229
0.0026071932
0.0025705171
0.0025335902
0.0024964054
0.0024589535
0.0024212225
0.0023831977
0.0023448618
0.0023061954
0.0022671774
0.0022277864
0.0021880014
0.0021478026
0.0021071711
0.0020660889
0.0020245383
0.0019825015
0.0019399608
0.0018968982
0.0018532954
0.0018091334
0.0017643923
0.0017190513
0.0016730885
0.0016264809
0.0015792044
0.0015312339
0.0014825431
0.0014331052
0.0013828922
0.001331876
0.0012800291
0.0012273257
0.0011737449
0.0011192757
0.0010639281
0.001007751
0.00095084474
0.00089334255
0.00083533748
0.00077678949
0.00071753255
0.00065746342
0.00059669163
0.00053540919
0.00047368216
0.0004113512
0.00034810875
0.00028256994
0.0002137323
0.00013223291
5.4777375e-05
0.0036665798
0.0036597199
0.0036524934
0.003644836
0.003636679
0.0036279927
0.0036187621
0.0036089656
0.003598575
0.0035875619
0.0035759004
0.0035635659
0.0035505346
0.0035367837
0.003522292
0.0035070401
0.0034910111
0.0034741904
0.0034565663
0.0034381298
0.0034188752
0.0033988
0.0033779051
0.0033561947
0.0033336763
0.0033103608
0.0032862617
0.0032613958
0.0032357821
0.0032094421
0.003182399
0.0031546775
0.0031263038
0.0030973046
0.0030677071
0.0030375387
0.0030068265
0.0029755971
0.0029438761
0.0029116883
0.0028790568
0.0028460032
0.0028125473
0.0027787067
0.0027444968
0.0027099307
0.002675019
0.0026397698
0.0026041887
0.0025682789
0.0025320409
0.002495473
0.002458571
0.0024213283
0.0023837357
0.0023457818
0.0023074532
0.0022687346
0.00222961
0.0021900626
0.0021500759
0.0021096333
0.0020687186
0.0020273156
0.0019854079
0.001942979
0.0019000119
0.0018564893
0.0018123932
0.0017677048
0.0017224043
0.0016764711
0.0016298835
0.0015826188
0.0015346532
0.0014859621
0.0014365202
0.0013863017
0.0013352807
0.0012834325
0.0012307346
0.0011771697
0.0011227304
0.0010674267
0.0010112973
0.00095441457
0.00089686798
0.00083871765
0.00077994118
0.00072043496
0.00066011716
0.00059902901
0.00053726936
0.00047485024
0.00041154469
0.00034699325
0.00027971847
0.00020927542
0.00012717692
5.3247926e-05
0.0035612555
0.003555045
0.0035485248
0.0035416418
0.0035343476
0.0035266212
0.0035184489
0.0035098113
0.0035006845
0.0034910445
0.0034808684
0.003470134
0.003458819
0.0034469013
0.0034343594
0.003421173
0.0034073224
0.0033927895
0.0033775576
0.0033616114
0.003344938
0.0033275262
0.003309367
0.003290454
0.0032707831
0.0032503525
0.0032291634
0.0032072192
0.0031845257
0.0031610913
0.0031369264
0.0031120435
0.0030864571
0.0030601832
0.0030332391
0.0030056434
0.0029774154
0.002948575
0.0029191424
0.0028891378
0.002858581
0.0028274915
0.0027958877
0.002763787
0.0027312056
0.002698158
0.0026646572
0.0026307144
0.0025963385
0.0025615369
0.0025263144
0.0024906741
0.0024546167
0.0024181407
0.0023812426
0.0023439167
0.0023061554
0.0022679495
0.0022292882
0.0021901598
0.002150552
0.0021104517
0.0020698458
0.0020287205
0.0019870617
0.0019448549
0.001902085
0.0018587364
0.0018147926
0.0017702365
0.00172505
0.0016792142
0.001632709
0.0015855135
0.0015376059
0.0014889634
0.0014395629
0.0013893808
0.0013383939
0.00128658
0.00123392
0.0011803991
0.0011260113
0.0010707642
0.0010146844
0.00095781873
0.00090022131
0.00084192634
0.00078291909
0.00072313451
0.00066250632
0.00060102486
0.00053870494
0.0004754976
0.00041112399
0.00034520725
0.00027630941
0.00020450637
0.00012225871
5.1001864e-05
0.0034514818
0.003445857
0.0034399795
0.0034338108
0.0034273068
0.0034204474
0.003413222
0.0034056155
0.0033976086
0.0033891809
0.0033803127
0.0033709848
0.0033611775
0.0033508709
0.0033400449
0.0033286799
0.0033167563
0.0033042553
0.0032911584
0.0032774478
0.0032631068
0.0032481196
0.0032324716
0.0032161498
0.0031991422
0.0031814389
0.0031630315
0.0031439133
0.0031240797
0.0031035278
0.0030822567
0.0030602674
0.0030375628
0.0030141474
0.0029900277
0.0029652114
0.0029397079
0.0029135277
0.0028866823
0.0028591841
0.0028310463
0.0028022821
0.0027729054
0.0027429295
0.0027123678
0.002681233
0.0026495371
0.0026172912
0.0025845053
0.0025511882
0.0025173471
0.002482988
0.002448115
0.0024127309
0.0023768365
0.0023404311
0.0023035122
0.0022660759
0.0022281169
0.0021896285
0.0021506032
0.0021110323
0.0020709067
0.0020302161
0.0019889498
0.0019470963
0.0019046433
0.0018615777
0.0018178856
0.0017735522
0.0017285617
0.0016828974
0.0016365416
0.0015894755
0.0015416797
0.0014931339
0.0014438171
0.0013937085
0.0013427873
0.0012910342
0.0012384319
0.0011849676
0.0011306346
0.0010754356
0.0010193849
0.0009625073
0.00090482941
0.00084636473
0.00078709804
0.00072698258
0.00066595884
0.00060398093
0.00054099704
0.00047690343
0.00041139274
0.0003441137
0.00027376751
0.00020088768
0.00011880007
4.9423053e-05
0.0033305104
0.0033255003
0.0033202694
0.0033147869
0.0033090282
0.0033029815
0.0032966362
0.0032899785
0.0032829924
0.0032756617
0.0032679704
0.003259902
0.0032514398
0.0032425663
0.0032332641
0.0032235153
0.0032133021
0.0032026065
0.0031914105
0.0031796963
0.0031674463
0.0031546432
0.00314127
0.0031273106
0.0031127492
0.003097571
0.0030817621
0.0030653094
0.0030482012
0.0030304267
0.0030119767
0.0029928431
0.0029730192
0.0029524998
0.0029312813
0.0029093612
0.0028867386
0.002863414
0.0028393891
0.0028146668
0.0027892511
0.0027631471
0.0027363606
0.002708898
0.0026807663
0.0026519729
0.0026225252
0.0025924307
0.0025616967
0.00253033
0.0024983372
0.0024657238
0.0024324948
0.0023986543
0.0023642054
0.00232915
0.002293489
0.0022572223
0.0022203485
0.0021828654
0.0021447695
0.0021060568
0.0020667219
0.0020267591
0.0019861613
0.0019449208
0.001903029
0.0018604762
0.0018172518
0.0017733442
0.0017287406
0.0016834274
0.0016373898
0.001590612
0.0015430772
0.0014947681
0.0014456665
0.0013957542
0.0013450131
0.0012934258
0.0012409768
0.0011876534
0.0011334469
0.0010783541
0.0010223776
0.00096552417
0.00090779964
0.00084920048
0.0007897053
0.00072927123
0.00066783768
0.0006053344
0.00054166541
0.000476691
0.00041010395
0.00034161529
0.00027011875
0.00019649679
0.00011484144
4.7070253e-05
0.0032135936
0.0032090781
0.0032043832
0.0031994887
0.0031943675
0.0031890061
0.003183397
0.0031775303
0.0031713933
0.0031649726
0.0031582546
0.0031512259
0.0031438724
0.0031361795
0.0031281322
0.0031197152
0.0031109126
0.0031017085
0.0030920864
0.0030820298
0.0030715221
0.0030605462
0.0030490853
0.0030371225
0.0030246409
0.003011624
0.0029980553
0.0029839189
0.002969199
0.0029538807
0.0029379494
0.0029213913
0.0029041934
0.0028863436
0.0028678305
0.0028486438
0.0028287742
0.0028082135
0.0027869544
0.0027649909
0.0027423177
0.0027189311
0.0026948278
0.0026700058
0.0026444639
0.0026182017
0.0025912195
0.0025635181
0.002535099
0.0025059639
0.0024761148
0.0024455539
0.0024142835
0.0023823057
0.0023496228
0.0023162365
0.0022821488
0.0022473608
0.0022118733
0.0021756869
0.0021388013
0.0021012158
0.0020629288
0.0020239382
0.0019842407
0.0019438323
0.0019027077
0.0018608606
0.001818284
0.0017749694
0.0017309074
0.0016860875
0.0016404978
0.0015941257
0.0015469573
0.0014989781
0.0014501726
0.0014005252
0.0013500199
0.001298641
0.0012463737
0.0011932045
0.0011391219
0.0010841165
0.0010281809
0.00097130818
0.0009134884
0.00085470424
0.0007949257
0.00073410637
0.00067218115
0.00060906616
0.00054464458
0.00047876625
0.00041115008
0.00034159358
0.00026918031
0.00019506311
0.00011374288
4.6702206e-05
0.0030746838
0.0030707892
0.0030667362
0.0030625033
0.0030580805
0.0030534623
0.0030486412
0.0030436071
0.0030383494
0.0030328575
0.0030271207
0.0030211278
0.003014867
0.0030083261
0.0030014924
0.0029943529
0.0029868941
0.0029791021
0.0029709624
0.0029624604
0.002953581
0.0029443087
0.0029346279
0.0029245223
0.0029139758
0.0029029716
0.0028914932
0.0028795237
0.0028670462
0.002854044
0.0028405001
0.002826398
0.0028117212
0.0027964535
0.0027805791
0.0027640826
0.0027469489
0.0027291637
0.0027107131
0.0026915839
0.0026717635
0.0026512401
0.0026300028
0.0026080411
0.0025853457
0.0025619076
0.002537719
0.0025127726
0.002487062
0.0024605812
0.002433325
0.0024052891
0.0023764692
0.0023468623
0.0023164658
0.0022852776
0.0022532959
0.0022205198
0.002186949
0.0021525839
0.0021174253
0.0020814742
0.002044732
0.0020071998
0.0019688784
0.0019297673
0.0018898649
0.0018491682
0.0018076734
0.0017653751
0.0017222671
0.0016783417
0.0016335901
0.0015880024
0.0015415674
0.0014942729
0.0014461059
0.0013970524
0.0013470979
0.0012962277
0.0012444266
0.0011916798
0.0011379723
0.0010832893
0.0010276151
0.00097093231
0.00091321974
0.00085444941
0.00079458327
0.00073356997
0.00067134106
0.00060780914
0.00054285616
0.00047634297
0.00040803082
0.00033779992
0.00026489979
0.00019064969
0.00011007715
4.445181e-05
0.002967179
0.0029636565
0.0029600017
0.0029562063
0.0029522508
0.0029481239
0.00294382
0.0029393334
0.0029346556
0.0029297775
0.0029246896
0.0029193828
0.0029138472
0.0029080727
0.0029020484
0.0028957634
0.0028892062
0.0028823647
0.0028752267
0.0028677792
0.0028600091
0.0028519027
0.0028434457
0.0028346238
0.002825422
0.002815825
0.0028058172
0.0027953825
0.0027845042
0.0027731655
0.0027613491
0.0027490377
0.0027362136
0.0027228593
0.0027089569
0.0026944887
0.0026794366
0.0026637832
0.0026475105
0.0026306013
0.0026130381
0.0025948041
0.0025758826
0.0025562573
0.0025359124
0.0025148326
0.0024930029
0.0024704092
0.0024470375
0.0024228749
0.0023979086
0.0023721264
0.0023455136
0.0023180601
0.0022897675
0.0022606326
0.0022306494
0.0021998136
0.0021681231
0.002135577
0.0021021752
0.0020679175
0.0020328041
0.001996834
0.0019600052
0.0019223149
0.0018837607
0.0018443401
0.0018040495
0.001762884
0.0017208376
0.0016779037
0.0016340745
0.0015893411
0.0015436939
0.001497122
0.0014496136
0.0014011562
0.001351736
0.0013013386
0.0012499487
0.0011975501
0.0011441254
0.0010896559
0.0010341211
0.0009774971
0.00091975616
0.00086086425
0.00080077902
0.00073944745
0.00067680277
0.00061276322
0.00054722285
0.00048006677
0.00041110005
0.00034027215
0.00026691559
0.00019241576
0.00011166266
4.5529943e-05
0.0028030746
0.0028002779
0.0027973649
0.0027943163
0.0027911309
0.0027878081
0.0027843424
0.0027807255
0.0027769499
0.0027730085
0.0027688939
0.0027645982
0.002760113
0.0027554296
0.0027505388
0.0027454312
0.0027400968
0.0027345255
0.0027287062
0.002722628
0.002716279
0.0027096472
0.0027027199
0.0026954841
0.0026879262
0.002680032
0.002671787
0.0026631762
0.0026541838
0.0026447939
0.0026349898
0.0026247545
0.0026140706
0.00260292
0.0025912843
0.0025791448
0.0025664821
0.0025532766
0.0025395085
0.0025251574
0.0025102027
0.0024946234
0.0024783986
0.0024615066
0.0024439259
0.0024256345
0.0024066103
0.0023868307
0.002366273
0.0023449139
0.0023227297
0.0022996959
0.002275786
0.0022509685
0.0022252151
0.0021985127
0.0021708519
0.0021422356
0.0021126747
0.002082182
0.0020507734
0.0020184715
0.0019853101
0.0019513215
0.0019164988
0.0018808197
0.0018442672
0.0018068307
0.0017685
0.0017292629
0.0016891066
0.0016480182
0.0016059847
0.0015629927
0.001519028
0.0014740762
0.0014281222
0.0013811504
0.0013331441
0.0012840861
0.0012339582
0.001182741
0.0011304137
0.0010769539
0.0010223368
0.00096653467
0.00090951589
0.00085124376
0.00079167518
0.00073075932
0.00066843555
0.00060463351
0.0005392662
0.00047224794
0.00040343157
0.00033283091
0.0002599063
0.00018614989
0.00010699451
4.2979319e-05
0.002750201
0.0027473917
0.0027444829
0.0027414747
0.0027383464
0.0027350847
0.0027316861
0.0027281477
0.0027244636
0.0027206264
0.0027166289
0.0027124638
0.0027081238
0.0027036008
0.0026988866
0.0026939722
0.0026888486
0.0026835062
0.0026779351
0.0026721246
0.0026660639
0.0026597417
0.0026531459
0.0026462642
0.0026390838
0.002631591
0.0026237721
0.0026156125
0.0026070973
0.0025982113
0.0025889384
0.0025792621
0.0025691653
0.0025586305
0.0025476395
0.0025361735
0.0025242136
0.0025117399
0.0024987325
0.0024851708
0.002471034
0.0024563008
0.0024409497
0.002424959
0.0024083069
0.0023909712
0.0023729301
0.0023541616
0.0023346441
0.002314356
0.0022932764
0.0022713851
0.0022486649
0.0022250954
0.0022006486
0.0021753065
0.0021490566
0.0021218902
0.0020938009
0.0020647841
0.0020348385
0.0020039667
0.0019721762
0.0019394782
0.0019058794
0.0018713929
0.0018360366
0.001799794
0.0017626368
0.0017245425
0.0016854944
0.0016454764
0.0016044706
0.0015624588
0.0015194225
0.0014753438
0.0014302042
0.0013839853
0.0013366676
0.0012882317
0.001238657
0.0011879222
0.0011360047
0.0010828804
0.0010285232
0.00097290472
0.00091599329
0.00085775355
0.00079814543
0.00073712326
0.00067463418
0.00061061845
0.00054500224
0.00047771476
0.0004086204
0.00033773706
0.00026448339
0.00019028096
0.00011017737
4.4707885e-05
0.0025052025
0.0025029359
0.0025005726
0.002498103
0.0024955281
0.0024928461
0.0024900521
0.0024871401
0.0024841045
0.0024809401
0.002477641
0.0024742013
0.0024706143
0.0024668734
0.0024629716
0.0024589013
0.0024546549
0.0024502243
0.002445601
0.0024407761
0.0024357403
0.0024304841
0.0024249972
0.0024192693
0.0024132894
0.002407046
0.0024005275
0.0023937216
0.0023866154
0.0023791959
0.0023714494
0.0023633618
0.0023549187
0.0023461049
0.0023369053
0.0023273039
0.0023172847
0.002306831
0.0022959262
0.002284553
0.0022726942
0.0022603323
0.0022474497
0.0022340288
0.0022200519
0.0022055018
0.0021903614
0.0021746138
0.002158243
0.0021412337
0.0021235711
0.0021052421
0.0020862349
0.0020665431
0.0020461605
0.0020250675
0.002003242
0.001980653
0.0019572648
0.0019330424
0.0019079508
0.0018819524
0.0018550044
0.0018270703
0.0017981498
0.0017682652
0.001737436
0.0017056398
0.001672841
0.0016390124
0.0016041335
0.0015681841
0.0015311417
0.0014929836
0.0014536871
0.0014132304
0.0013715912
0.0013287474
0.0012846766
0.0012393562
0.0011927632
0.0011448743
0.0010956655
0.0010451122
0.00099318869
0.00093986811
0.00088512222
0.0008289212
0.00077123339
0.00071202532
0.00065126129
0.00058890514
0.00052491559
0.00045926535
0.000391882
0.00032286056
0.00025176909
0.00018011363
0.00010350883
4.1592787e-05
)
;

boundaryField
{
    inlet
    {
        type            zeroGradient;
    }
    top
    {
        type            zeroGradient;
    }
    outlet
    {
        type            fixedValue;
        value           uniform 0;
    }
    slipsurface
    {
        type            slip;
    }
    bottom
    {
        type            zeroGradient;
    }
    frontandback
    {
        type            empty;
    }
}


// ************************************************************************* //
