0.0015083076 1.88033e-11
0.0015200436 1.88224e-11
0.0015317796 1.88414e-11
0.0015435155 1.88605e-11
0.0015552515 1.88796e-11
0.0015695936 1.82766e-11
0.0015855544 1.72873e-11
0.0016015152 1.6298e-11
0.001617476 1.53086e-11
0.0016334368 1.43193e-11
0.0016496842 1.34737e-11
0.0016678591 1.35944e-11
0.0016860339 1.37151e-11
0.0017042087 1.38358e-11
0.0017223836 1.39565e-11
0.0017422323 1.3875e-11
0.0017669703 1.32029e-11
0.0017917083 1.25308e-11
0.0018164463 1.18587e-11
0.0018411843 1.11866e-11
0.0018692863 1.10275e-11
0.0018977036 1.09164e-11
0.0019261208 1.08054e-11
0.0019549226 1.06861e-11
0.0019938195 1.03517e-11
0.0020327165 1.00173e-11
0.0020716134 9.68291e-12
0.0021142018 9.59109e-12
0.0021597007 9.69051e-12
0.0022051995 9.78994e-12
0.0022585457 9.87337e-12
0.0023225013 9.93518e-12
0.002386457 9.99699e-12
0.0024576587 9.9189e-12
0.0025340267 9.74106e-12
0.0026103947 9.56322e-12
0.0027258046 1.05703e-11
0.0028416578 1.15908e-11
0.0029734843 1.20469e-11
0.0031160498 1.21236e-11
0.0033020691 1.43075e-11
0.0035612855 2.00409e-11
0.0038438995 2.42462e-11
0.004187828 2.44466e-11
0.0047257366 1.42487e-10
0.0057751436 5.71254e-10
0.0067052773 8.55492e-10
0.0073999777 8.54443e-10
0.0068127851 6.62245e-10
0.0045164018 2.15183e-10
0.0023078789 5.10386e-13
0.00018043877 2.99976e-13
0.000637889 1.94436e-13
0.000569272 1.59946e-13
0.000381192 1.384e-13
0.000130506 1.23636e-13
1.9691792e-06 1.13325e-13
8.3666313e-05 1.04926e-13
0.00011503823 9.84598e-14
0.00012737726 9.27241e-14
0.00013789706 8.80612e-14
0.00014775655 8.37876e-14
0.00015943578 8.02128e-14
0.00017181161 7.69055e-14
0.00018192317 7.40646e-14
0.00019103306 7.14299e-14
0.00019781377 6.91033e-14
0.00020330336 6.69476e-14
0.00020770865 6.49948e-14
0.00021130467 6.31935e-14
0.00021444755 6.1523e-14
0.00021710012 5.99941e-14
0.00021950341 5.85439e-14
0.00022147412 5.723e-14
0.00022331882 5.59555e-14
0.00022473609 5.48144e-14
0.00022612607 5.36825e-14
0.00022712817 5.26823e-14
0.00022813026 5.16821e-14
0.00022886648 5.07844e-14
0.00022956606 4.99009e-14
0.00023011352 4.90824e-14
0.00023058476 4.82966e-14
0.00023097984 4.75461e-14
0.00023127259 4.68431e-14
0.00023154282 4.61513e-14
0.0002316943 4.5519e-14
0.00023184577 4.48867e-14
0.00023189999 4.4307e-14
0.0002319388 4.37356e-14
0.00023192882 4.31927e-14
0.00023187683 4.26743e-14
0.00023181148 4.21642e-14
0.00023168544 4.1692e-14
0.00023155941 4.12199e-14
0.00023138513 4.07799e-14
0.00023119816 4.03484e-14
0.00023099251 3.99301e-14
0.00023075498 3.95346e-14
0.00023051745 3.9139e-14
0.00023024141 3.87726e-14
0.00022996169 3.8409e-14
0.00022966707 3.80574e-14
0.0002293519 3.77223e-14
0.00022903674 3.73872e-14
0.00022869495 3.70749e-14
0.0002283499 3.67654e-14
0.00022799668 3.64633e-14
0.00022762631 3.61767e-14
0.00022725595 3.58902e-14
0.00022687023 3.56185e-14
0.00022647838 3.53528e-14
0.00022608535 3.50882e-14
0.00022567524 3.48413e-14
0.00022526513 3.45944e-14
0.00022484923 3.43538e-14
0.00022442361 3.4124e-14
0.00022399798 3.38942e-14
0.00022356397 3.36743e-14
0.00022312515 3.34601e-14
0.00022268633 3.32459e-14
0.00022223801 3.30439e-14
0.00022178803 3.28439e-14
0.00022133786 3.26442e-14
0.00022087846 3.24574e-14
0.00022041906 3.22705e-14
0.00021995856 3.20853e-14
0.00021949128 3.19105e-14
0.00021902399 3.17356e-14
0.00021855537 3.1563e-14
0.00021808152 3.13992e-14
0.00021760768 3.12354e-14
0.00021713267 3.10739e-14
0.00021665347 3.09203e-14
0.00021617427 3.07667e-14
0.00021569432 3.06148e-14
0.00021521079 3.04706e-14
0.00021472725 3.03265e-14
0.00021424349 3.0183e-14
0.00021375659 3.00476e-14
0.00021326969 2.99122e-14
0.00021278278 2.97768e-14
0.00021229357 2.96487e-14
0.00021180411 2.95215e-14
0.00021131465 2.93942e-14
0.00021082398 2.9272e-14
0.00021033274 2.91523e-14
0.00020984151 2.90326e-14
0.00020934984 2.89155e-14
0.00020885747 2.88028e-14
0.00020836511 2.86901e-14
0.00020787273 2.85776e-14
0.00020737988 2.84714e-14
0.00020688704 2.83653e-14
0.00020639419 2.82591e-14
0.00020590137 2.81566e-14
0.00020540856 2.80566e-14
0.00020491576 2.79565e-14
0.000204423 2.78569e-14
0.00020393078 2.77626e-14
0.00020343857 2.76683e-14
0.00020294635 2.7574e-14
0.00020245463 2.74824e-14
0.00020196343 2.73934e-14
0.00020147222 2.73045e-14
0.00020098102 2.72155e-14
0.00020049103 2.71307e-14
0.0002000013 2.70468e-14
0.00019951158 2.69629e-14
0.00019902197 2.68793e-14
0.00019853407 2.68001e-14
0.00019804617 2.67209e-14
0.00019755827 2.66417e-14
0.00019707086 2.65634e-14
0.0001965852 2.64887e-14
0.00019609953 2.64139e-14
0.00019561386 2.63391e-14
0.0001951289 2.62655e-14
0.00019464574 2.6195e-14
0.00019416258 2.61244e-14
0.00019367942 2.60538e-14
0.00019319698 2.59841e-14
0.00019271668 2.59175e-14
0.00019223639 2.58508e-14
0.0001917561 2.57841e-14
0.00019127616 2.57179e-14
0.00019079896 2.56549e-14
0.00019032176 2.55919e-14
0.00018984456 2.55289e-14
0.00018936736 2.5466e-14
0.00018889312 2.5406e-14
0.00018841934 2.53465e-14
0.00018794555 2.52871e-14
0.00018747177 2.52276e-14
0.00018699982 2.51698e-14
0.00018652962 2.51136e-14
0.00018605943 2.50574e-14
0.00018558923 2.50012e-14
0.00018511918 2.49452e-14
0.00018465287 2.48921e-14
0.00018418656 2.4839e-14
0.00018372024 2.4786e-14
0.00018325393 2.47329e-14
0.00018278939 2.46811e-14
0.0001823271 2.4631e-14
0.0001818648 2.45809e-14
0.0001814025 2.45307e-14
0.00018094021 2.44806e-14
0.00018048098 2.44325e-14
0.00018002298 2.43851e-14
0.00017956498 2.43378e-14
0.00017910698 2.42905e-14
0.00017864898 2.42431e-14
0.00017819472 2.4198e-14
0.0001777411 2.41533e-14
0.00017728749 2.41086e-14
0.00017683387 2.40639e-14
0.00017638026 2.40192e-14
0.00017593058 2.39766e-14
0.00017548161 2.39344e-14
0.00017503265 2.38922e-14
0.00017458368 2.385e-14
0.00017413472 2.38078e-14
0.000173689 2.37673e-14
0.00017324474 2.37274e-14
0.00017280048 2.36876e-14
0.00017235622 2.36478e-14
0.00017191196 2.36079e-14
0.00017146955 2.35689e-14
0.00017103026 2.35314e-14
0.00017059096 2.34938e-14
0.00017015167 2.34562e-14
0.00016971238 2.34186e-14
0.00016927308 2.3381e-14
0.00016883821 2.33453e-14
0.00016840389 2.33099e-14
0.00016796957 2.32745e-14
0.00016753525 2.3239e-14
0.00016710093 2.32036e-14
0.0001666678 2.31686e-14
0.00016623873 2.31352e-14
0.00016580966 2.31017e-14
0.00016538059 2.30683e-14
0.00016495151 2.30349e-14
0.00016452244 2.30015e-14
0.00016409535 2.29688e-14
0.00016367149 2.29373e-14
0.00016324764 2.29058e-14
0.00016282378 2.28743e-14
0.00016239992 2.28428e-14
0.00016197607 2.28113e-14
0.00016155405 2.27804e-14
0.00016113569 2.27508e-14
0.00016071733 2.27211e-14
0.00016029897 2.26914e-14
0.00015988061 2.26618e-14
0.00015946225 2.26321e-14
0.00015904432 2.26026e-14
0.00015863138 2.25746e-14
0.00015821845 2.25467e-14
0.00015780552 2.25188e-14
0.00015739259 2.24909e-14
0.00015697966 2.24629e-14
0.00015656673 2.2435e-14
0.00015615725 2.24081e-14
0.00015575004 2.23818e-14
0.00015534283 2.23555e-14
0.00015493562 2.23293e-14
0.00015452841 2.2303e-14
0.00015412121 2.22767e-14
0.000153714 2.22505e-14
0.00015331178 2.22256e-14
0.00015291018 2.22009e-14
0.00015250858 2.21762e-14
0.00015210697 2.21515e-14
0.00015170537 2.21268e-14
0.00015130376 2.21021e-14
0.00015090216 2.20774e-14
0.00015050607 2.20541e-14
0.0001501104 2.20309e-14
0.00014971472 2.20077e-14
0.00014931905 2.19845e-14
0.00014892338 2.19613e-14
0.0001485277 2.19381e-14
0.00014813203 2.19149e-14
0.00014774041 2.18927e-14
0.00014735049 2.18709e-14
0.00014696058 2.18491e-14
0.00014657067 2.18274e-14
0.00014618075 2.18056e-14
0.00014579084 2.17838e-14
0.00014540093 2.1762e-14
0.0001450122 2.17405e-14
0.00014462842 2.17201e-14
0.00014424464 2.16997e-14
0.00014386086 2.16793e-14
0.00014347708 2.16589e-14
0.0001430933 2.16384e-14
0.00014270952 2.1618e-14
0.00014232574 2.15976e-14
0.00014194422 2.15777e-14
0.00014156634 2.15585e-14
0.00014118846 2.15394e-14
0.00014081059 2.15203e-14
0.00014043271 2.15012e-14
0.00014005483 2.1482e-14
0.00013967695 2.14629e-14
0.00013929908 2.14438e-14
0.00013892279 2.1425e-14
0.00013855124 2.14071e-14
0.0001381797 2.13892e-14
0.00013780815 2.13713e-14
0.0001374366 2.13534e-14
0.00013706506 2.13355e-14
0.00013669351 2.13176e-14
0.00013632197 2.12997e-14
0.00013595042 2.12818e-14
0.00013558354 2.12648e-14
0.00013521802 2.12481e-14
0.00013485249 2.12313e-14
0.00013448697 2.12146e-14
0.00013412144 2.11979e-14
0.00013375592 2.11811e-14
0.00013339039 2.11644e-14
0.00013302486 2.11477e-14
0.00013265934 2.1131e-14
0.00013229989 2.11153e-14
0.00013194088 2.10997e-14
0.00013158188 2.1084e-14
0.00013122287 2.10684e-14
0.00013086387 2.10528e-14
0.00013050486 2.10372e-14
0.00013014586 2.10216e-14
0.00012978685 2.1006e-14
0.00012942785 2.09904e-14
0.00012907309 2.09755e-14
0.0001287202 2.09609e-14
0.00012836732 2.09464e-14
0.00012801444 2.09318e-14
0.00012766156 2.09173e-14
0.00012730868 2.09027e-14
0.00012695579 2.08882e-14
0.00012660291 2.08736e-14
0.00012625003 2.08591e-14
0.00012589736 2.08446e-14
0.00012555122 2.0831e-14
0.00012520509 2.08175e-14
0.00012485895 2.08039e-14
0.00012451282 2.07904e-14
0.00012416668 2.07768e-14
0.00012382055 2.07633e-14
0.00012347441 2.07498e-14
0.00012312828 2.07362e-14
0.00012278214 2.07227e-14
0.000122436 2.07091e-14
0.00012209557 2.06965e-14
0.00012175568 2.06839e-14
0.00012141579 2.06713e-14
0.00012107589 2.06587e-14
0.000120736 2.06461e-14
0.00012039611 2.06336e-14
0.00012005622 2.0621e-14
0.00011971632 2.06084e-14
0.00011937643 2.05958e-14
0.00011903654 2.05832e-14
0.00011869878 2.05709e-14
0.00011836587 2.05593e-14
0.00011803297 2.05476e-14
0.00011770006 2.05359e-14
0.00011736716 2.05243e-14
0.00011703425 2.05126e-14
0.00011670135 2.05009e-14
0.00011636844 2.04893e-14
0.00011603554 2.04776e-14
0.00011570263 2.04659e-14
0.00011536973 2.04543e-14
0.00011503788 2.04428e-14
0.0001147113 2.0432e-14
0.00011438473 2.04212e-14
0.00011405815 2.04104e-14
0.00011373158 2.03996e-14
0.000113405 2.03888e-14
0.00011307843 2.0378e-14
0.00011275185 2.03672e-14
0.00011242528 2.03564e-14
0.0001120987 2.03456e-14
0.00011177213 2.03348e-14
0.00011144555 2.0324e-14
0.0001111223 2.03136e-14
0.000110803 2.03036e-14
0.00011048371 2.02937e-14
0.00011016442 2.02837e-14
0.00010984512 2.02737e-14
0.00010952583 2.02638e-14
0.00010920653 2.02538e-14
0.00010888724 2.02438e-14
0.00010856795 2.02339e-14
0.00010824865 2.02239e-14
0.00010792936 2.02139e-14
0.00010761006 2.02039e-14
0.00010729157 2.01941e-14
0.00010697874 2.01849e-14
0.00010666591 2.01757e-14
0.00010635308 2.01665e-14
0.00010604025 2.01574e-14
0.00010572742 2.01482e-14
0.00010541459 2.0139e-14
0.00010510176 2.01298e-14
0.00010478893 2.01206e-14
0.0001044761 2.01115e-14
0.00010416327 2.01023e-14
0.00010385045 2.00931e-14
0.00010353762 2.00839e-14
0.00010322567 2.00748e-14
0.00010292051 2.00664e-14
0.00010261534 2.00579e-14
0.00010231018 2.00495e-14
0.00010200502 2.00411e-14
0.00010169986 2.00326e-14
0.0001013947 2.00242e-14
0.00010108953 2.00158e-14
0.00010078437 2.00073e-14
0.00010047921 1.99989e-14
0.00010017405 1.99905e-14
9.9868885e-05 1.9982e-14
9.9563723e-05 1.99736e-14
9.9258561e-05 1.99652e-14
9.8955859e-05 1.9957e-14
9.8657311e-05 1.99493e-14
9.8358764e-05 1.99415e-14
9.8060217e-05 1.99338e-14
9.776167e-05 1.99261e-14
9.7463123e-05 1.99184e-14
9.7164575e-05 1.99107e-14
9.6866028e-05 1.99029e-14
9.6567481e-05 1.98952e-14
9.6268934e-05 1.98875e-14
9.5970386e-05 1.98798e-14
9.5671839e-05 1.9872e-14
9.5373292e-05 1.98643e-14
9.5074745e-05 1.98566e-14
9.4776197e-05 1.98489e-14
9.4484396e-05 1.98417e-14
9.4194011e-05 1.98346e-14
9.3903626e-05 1.98276e-14
9.3613241e-05 1.98205e-14
9.3322857e-05 1.98135e-14
9.3032472e-05 1.98064e-14
9.2742087e-05 1.97994e-14
9.2451702e-05 1.97923e-14
9.2161318e-05 1.97853e-14
9.1870933e-05 1.97782e-14
9.1580548e-05 1.97712e-14
9.1290164e-05 1.97641e-14
9.0999779e-05 1.97571e-14
9.0709394e-05 1.975e-14
9.0419009e-05 1.9743e-14
9.0131382e-05 1.97362e-14
8.9847846e-05 1.97298e-14
8.956431e-05 1.97234e-14
8.9280774e-05 1.97169e-14
8.8997238e-05 1.97105e-14
8.8713701e-05 1.97041e-14
8.8430165e-05 1.96977e-14
8.8146629e-05 1.96913e-14
8.7863093e-05 1.96849e-14
8.7579557e-05 1.96785e-14
8.7296021e-05 1.96721e-14
8.7012485e-05 1.96657e-14
8.6728949e-05 1.96592e-14
8.6445412e-05 1.96528e-14
8.6161876e-05 1.96464e-14
8.587834e-05 1.964e-14
8.5594937e-05 1.96336e-14
8.5320277e-05 1.96278e-14
8.5045618e-05 1.9622e-14
8.4770959e-05 1.96162e-14
8.4496299e-05 1.96104e-14
8.422164e-05 1.96046e-14
8.3946981e-05 1.95987e-14
8.3672321e-05 1.95929e-14
8.3397662e-05 1.95871e-14
8.3123003e-05 1.95813e-14
8.2848343e-05 1.95755e-14
8.2573684e-05 1.95697e-14
8.2299025e-05 1.95639e-14
8.2024365e-05 1.95581e-14
8.1749706e-05 1.95523e-14
8.1475046e-05 1.95465e-14
8.1200387e-05 1.95406e-14
8.0925728e-05 1.95348e-14
8.0655214e-05 1.95294e-14
8.0387875e-05 1.95241e-14
8.0120537e-05 1.95189e-14
7.9853199e-05 1.95136e-14
7.9585861e-05 1.95084e-14
7.9318522e-05 1.95032e-14
7.9051184e-05 1.94979e-14
7.8783846e-05 1.94927e-14
7.8516507e-05 1.94875e-14
7.8249169e-05 1.94822e-14
7.7981831e-05 1.9477e-14
7.7714493e-05 1.94718e-14
7.7447154e-05 1.94665e-14
7.7179816e-05 1.94613e-14
7.6912478e-05 1.94561e-14
7.664514e-05 1.94508e-14
7.6377801e-05 1.94456e-14
7.6110463e-05 1.94403e-14
7.5843125e-05 1.94351e-14
7.5587719e-05 1.94304e-14
7.5332998e-05 1.94258e-14
7.5078277e-05 1.94211e-14
7.4823556e-05 1.94165e-14
7.4568835e-05 1.94118e-14
7.4314114e-05 1.94072e-14
7.4059393e-05 1.94025e-14
7.3804672e-05 1.93979e-14
7.3549951e-05 1.93932e-14
7.329523e-05 1.93886e-14
7.3040509e-05 1.93839e-14
7.2785788e-05 1.93793e-14
7.2531067e-05 1.93746e-14
7.2276346e-05 1.937e-14
7.2021625e-05 1.93653e-14
7.1766904e-05 1.93606e-14
7.1512183e-05 1.9356e-14
7.1257462e-05 1.93513e-14
7.1002741e-05 1.93467e-14
7.0748184e-05 1.93421e-14
7.0499501e-05 1.93379e-14
7.0250819e-05 1.93337e-14
7.0002136e-05 1.93295e-14
6.9753454e-05 1.93254e-14
6.9504772e-05 1.93212e-14
6.9256089e-05 1.9317e-14
6.9007407e-05 1.93128e-14
6.8758724e-05 1.93087e-14
6.8510042e-05 1.93045e-14
6.826136e-05 1.93003e-14
6.8012677e-05 1.92961e-14
6.7763995e-05 1.9292e-14
6.7515312e-05 1.92878e-14
6.726663e-05 1.92836e-14
6.7017947e-05 1.92794e-14
6.6769265e-05 1.92753e-14
6.6520583e-05 1.92711e-14
6.62719e-05 1.92669e-14
6.6023218e-05 1.92627e-14
6.5774535e-05 1.92586e-14
6.5529986e-05 1.92546e-14
6.5288296e-05 1.92509e-14
6.5046606e-05 1.92471e-14
6.4804916e-05 1.92434e-14
6.4563226e-05 1.92396e-14
6.4321536e-05 1.92358e-14
6.4079846e-05 1.92321e-14
6.3838156e-05 1.92283e-14
6.3596466e-05 1.92246e-14
6.3354776e-05 1.92208e-14
6.3113086e-05 1.9217e-14
6.2871396e-05 1.92133e-14
6.2629706e-05 1.92095e-14
6.2388016e-05 1.92058e-14
6.2146326e-05 1.9202e-14
6.1904636e-05 1.91982e-14
6.1662946e-05 1.91945e-14
6.1421256e-05 1.91907e-14
6.1179566e-05 1.9187e-14
6.0937876e-05 1.91832e-14
6.06974e-05 1.91795e-14
6.0463535e-05 1.91761e-14
6.022967e-05 1.91728e-14
5.9995805e-05 1.91694e-14
5.976194e-05 1.91661e-14
5.9528074e-05 1.91627e-14
5.9294209e-05 1.91593e-14
5.9060344e-05 1.9156e-14
5.8826479e-05 1.91526e-14
5.8592614e-05 1.91493e-14
5.8358749e-05 1.91459e-14
5.8124884e-05 1.91425e-14
5.7891019e-05 1.91392e-14
5.7657153e-05 1.91358e-14
5.7423288e-05 1.91325e-14
5.7189423e-05 1.91291e-14
5.6955558e-05 1.91257e-14
5.6721693e-05 1.91224e-14
5.6487828e-05 1.9119e-14
5.6253963e-05 1.91156e-14
5.6020098e-05 1.91123e-14
5.579242e-05 1.91092e-14
5.5567159e-05 1.91062e-14
5.5341897e-05 1.91031e-14
5.5116636e-05 1.91001e-14
5.4891375e-05 1.90971e-14
5.4666113e-05 1.90941e-14
5.4440852e-05 1.90911e-14
5.4215591e-05 1.90881e-14
5.3990329e-05 1.9085e-14
5.3765068e-05 1.9082e-14
5.3539807e-05 1.9079e-14
5.3314545e-05 1.9076e-14
5.3089284e-05 1.9073e-14
5.2864023e-05 1.907e-14
5.2638761e-05 1.90669e-14
5.24135e-05 1.90639e-14
5.2188239e-05 1.90609e-14
5.1962977e-05 1.90579e-14
5.1737716e-05 1.90549e-14
5.1512454e-05 1.90519e-14
5.128948e-05 1.90489e-14
5.1072294e-05 1.90462e-14
5.0855108e-05 1.90435e-14
5.0637922e-05 1.90408e-14
5.0420736e-05 1.90381e-14
5.020355e-05 1.90354e-14
4.9986364e-05 1.90327e-14
4.9769178e-05 1.903e-14
4.9551992e-05 1.90273e-14
4.9334806e-05 1.90246e-14
4.911762e-05 1.90219e-14
4.8900434e-05 1.90192e-14
4.8683248e-05 1.90165e-14
4.8466062e-05 1.90138e-14
4.8248876e-05 1.90111e-14
4.803169e-05 1.90084e-14
4.7814504e-05 1.90057e-14
4.7597319e-05 1.9003e-14
4.7380133e-05 1.90003e-14
4.7162947e-05 1.89976e-14
4.6945761e-05 1.89949e-14
4.6735625e-05 1.89924e-14
4.6526761e-05 1.899e-14
4.6317897e-05 1.89876e-14
4.6109032e-05 1.89852e-14
4.5900168e-05 1.89827e-14
4.5691304e-05 1.89803e-14
4.548244e-05 1.89779e-14
4.5273576e-05 1.89754e-14
4.5064711e-05 1.8973e-14
4.4855847e-05 1.89706e-14
4.4646983e-05 1.89681e-14
4.4438119e-05 1.89657e-14
4.4229255e-05 1.89633e-14
4.402039e-05 1.89609e-14
4.3811526e-05 1.89584e-14
4.3602662e-05 1.8956e-14
4.3393798e-05 1.89536e-14
4.3184933e-05 1.89511e-14
4.2976069e-05 1.89487e-14
4.2767205e-05 1.89463e-14
4.2561679e-05 1.8944e-14
4.236093e-05 1.89418e-14
4.2160182e-05 1.89396e-14
4.1959433e-05 1.89374e-14
4.1758685e-05 1.89353e-14
4.1557936e-05 1.89331e-14
4.1357188e-05 1.89309e-14
4.1156439e-05 1.89287e-14
4.0955691e-05 1.89265e-14
4.0754942e-05 1.89244e-14
4.0554194e-05 1.89222e-14
4.0353445e-05 1.892e-14
4.0152697e-05 1.89178e-14
3.9951948e-05 1.89157e-14
3.97512e-05 1.89135e-14
3.9550451e-05 1.89113e-14
3.9349703e-05 1.89091e-14
3.9148954e-05 1.8907e-14
3.8948206e-05 1.89048e-14
3.8747457e-05 1.89026e-14
3.8546709e-05 1.89004e-14
3.8353681e-05 1.88985e-14
3.8160849e-05 1.88965e-14
3.7968016e-05 1.88946e-14
3.7775184e-05 1.88926e-14
3.7582352e-05 1.88906e-14
3.7389519e-05 1.88887e-14
3.7196687e-05 1.88867e-14
3.7003855e-05 1.88847e-14
3.6811022e-05 1.88828e-14
3.661819e-05 1.88808e-14
3.6425358e-05 1.88789e-14
3.6232525e-05 1.88769e-14
3.6039693e-05 1.88749e-14
3.5846861e-05 1.8873e-14
3.5654028e-05 1.8871e-14
3.5461196e-05 1.8869e-14
3.5268364e-05 1.88671e-14
3.5075531e-05 1.88651e-14
3.4882699e-05 1.88632e-14
3.4689867e-05 1.88612e-14
3.45014e-05 1.88593e-14
3.4316661e-05 1.88576e-14
3.4131923e-05 1.88558e-14
3.3947184e-05 1.88541e-14
3.3762446e-05 1.88523e-14
3.3577707e-05 1.88506e-14
3.3392969e-05 1.88488e-14
3.320823e-05 1.88471e-14
3.3023492e-05 1.88453e-14
3.2838753e-05 1.88435e-14
3.2654015e-05 1.88418e-14
3.2469276e-05 1.884e-14
3.2284538e-05 1.88383e-14
3.2099799e-05 1.88365e-14
3.1915061e-05 1.88348e-14
3.1730322e-05 1.8833e-14
3.1545584e-05 1.88313e-14
3.1360845e-05 1.88295e-14
3.1176107e-05 1.88277e-14
3.0991368e-05 1.8826e-14
3.0807394e-05 1.88242e-14
3.063005e-05 1.88227e-14
3.0452706e-05 1.88211e-14
3.0275362e-05 1.88195e-14
3.0098017e-05 1.88179e-14
2.9920673e-05 1.88163e-14
2.9743329e-05 1.88147e-14
2.9565985e-05 1.88131e-14
2.938864e-05 1.88115e-14
2.9211296e-05 1.881e-14
2.9033952e-05 1.88084e-14
2.8856608e-05 1.88068e-14
2.8679263e-05 1.88052e-14
2.8501919e-05 1.88036e-14
2.8324575e-05 1.8802e-14
2.8147231e-05 1.88004e-14
2.7969886e-05 1.87988e-14
2.7792542e-05 1.87973e-14
2.7615198e-05 1.87957e-14
2.7437854e-05 1.87941e-14
2.7260509e-05 1.87925e-14
2.7088627e-05 1.8791e-14
2.6919466e-05 1.87896e-14
2.6750304e-05 1.87882e-14
2.6581143e-05 1.87868e-14
2.6411981e-05 1.87853e-14
2.624282e-05 1.87839e-14
2.6073659e-05 1.87825e-14
2.5904497e-05 1.87811e-14
2.5735336e-05 1.87797e-14
2.5566175e-05 1.87782e-14
2.5397013e-05 1.87768e-14
2.5227852e-05 1.87754e-14
2.5058691e-05 1.8774e-14
2.4889529e-05 1.87726e-14
2.4720368e-05 1.87712e-14
2.4551207e-05 1.87697e-14
2.4382045e-05 1.87683e-14
2.4212884e-05 1.87669e-14
2.4043723e-05 1.87655e-14
2.3874561e-05 1.87641e-14
2.3706985e-05 1.87627e-14
2.354467e-05 1.87614e-14
2.3382355e-05 1.87601e-14
2.322004e-05 1.87588e-14
2.3057725e-05 1.87575e-14
2.289541e-05 1.87562e-14
2.2733095e-05 1.87549e-14
2.257078e-05 1.87537e-14
2.2408465e-05 1.87524e-14
2.224615e-05 1.87511e-14
2.2083835e-05 1.87498e-14
2.192152e-05 1.87485e-14
2.1759205e-05 1.87472e-14
2.159689e-05 1.87459e-14
2.1434575e-05 1.87446e-14
2.127226e-05 1.87433e-14
2.1109945e-05 1.87421e-14
2.094763e-05 1.87408e-14
2.0785315e-05 1.87395e-14
2.0623e-05 1.87382e-14
2.0460685e-05 1.87369e-14
2.0305253e-05 1.87357e-14
2.015159e-05 1.87346e-14
1.9997926e-05 1.87334e-14
1.9844263e-05 1.87323e-14
1.96906e-05 1.87311e-14
1.9536937e-05 1.873e-14
1.9383274e-05 1.87288e-14
1.9229611e-05 1.87277e-14
1.9075947e-05 1.87265e-14
1.8922284e-05 1.87254e-14
1.8768621e-05 1.87243e-14
1.8614958e-05 1.87231e-14
1.8461295e-05 1.8722e-14
1.8307631e-05 1.87208e-14
1.8153968e-05 1.87197e-14
1.8000305e-05 1.87185e-14
1.7846642e-05 1.87174e-14
1.7692979e-05 1.87162e-14
1.7539316e-05 1.87151e-14
1.7385652e-05 1.87139e-14
1.7234291e-05 1.87128e-14
1.7087031e-05 1.87118e-14
1.693977e-05 1.87107e-14
1.679251e-05 1.87097e-14
1.6645249e-05 1.87086e-14
1.6497989e-05 1.87076e-14
1.6350728e-05 1.87065e-14
1.6203468e-05 1.87055e-14
1.6056207e-05 1.87044e-14
1.5908947e-05 1.87034e-14
1.5761686e-05 1.87023e-14
1.5614426e-05 1.87013e-14
1.5467165e-05 1.87002e-14
1.5319905e-05 1.86992e-14
1.5172644e-05 1.86981e-14
1.5025384e-05 1.86971e-14
1.4878124e-05 1.8696e-14
1.4730863e-05 1.8695e-14
1.4583603e-05 1.86939e-14
1.4436342e-05 1.86929e-14
1.4289082e-05 1.86918e-14
1.4150986e-05 1.86909e-14
1.4013648e-05 1.869e-14
1.3876311e-05 1.86891e-14
1.3738973e-05 1.86881e-14
1.3601635e-05 1.86872e-14
1.3464298e-05 1.86863e-14
1.332696e-05 1.86853e-14
1.3189622e-05 1.86844e-14
1.3052285e-05 1.86835e-14
1.2914947e-05 1.86825e-14
1.277761e-05 1.86816e-14
1.2640272e-05 1.86807e-14
1.2502934e-05 1.86797e-14
1.2365597e-05 1.86788e-14
1.2228259e-05 1.86779e-14
1.2090921e-05 1.8677e-14
1.1953584e-05 1.8676e-14
1.1816246e-05 1.86751e-14
1.1678908e-05 1.86742e-14
1.1541571e-05 1.86732e-14
1.1407257e-05 1.86723e-14
1.1276119e-05 1.86715e-14
1.1144981e-05 1.86706e-14
1.1013843e-05 1.86698e-14
1.0882705e-05 1.86689e-14
1.0751567e-05 1.86681e-14
1.062043e-05 1.86672e-14
1.0489292e-05 1.86664e-14
1.0358154e-05 1.86655e-14
1.0227016e-05 1.86646e-14
1.0095878e-05 1.86638e-14
9.9647404e-06 1.86629e-14
9.8336026e-06 1.86621e-14
9.7024648e-06 1.86612e-14
9.5713269e-06 1.86604e-14
9.4401891e-06 1.86595e-14
9.3090513e-06 1.86587e-14
9.1779134e-06 1.86578e-14
9.0467756e-06 1.86569e-14
8.9156378e-06 1.86561e-14
8.7851591e-06 1.86552e-14
8.66677e-06 1.86545e-14
8.548381e-06 1.86537e-14
8.4299919e-06 1.8653e-14
8.3116029e-06 1.86522e-14
8.1932139e-06 1.86515e-14
8.0748248e-06 1.86507e-14
7.9564358e-06 1.865e-14
7.8380467e-06 1.86492e-14
7.7196577e-06 1.86485e-14
7.6012687e-06 1.86477e-14
7.4828796e-06 1.86469e-14
7.3644906e-06 1.86462e-14
7.2461015e-06 1.86454e-14
7.1277125e-06 1.86447e-14
7.0093235e-06 1.86439e-14
6.8909344e-06 1.86432e-14
6.7725454e-06 1.86424e-14
6.6541563e-06 1.86417e-14
6.5357673e-06 1.86409e-14
6.4173783e-06 1.86402e-14
6.3028836e-06 1.86394e-14
6.1908193e-06 1.86387e-14
6.0787549e-06 1.8638e-14
5.9666906e-06 1.86373e-14
5.8546263e-06 1.86366e-14
5.7425619e-06 1.86359e-14
5.6304976e-06 1.86352e-14
5.5184333e-06 1.86345e-14
5.4063689e-06 1.86338e-14
5.2943046e-06 1.86331e-14
5.1822402e-06 1.86324e-14
5.0701759e-06 1.86317e-14
4.9581116e-06 1.8631e-14
4.8460472e-06 1.86303e-14
4.7339829e-06 1.86296e-14
4.6219186e-06 1.86289e-14
4.5098542e-06 1.86282e-14
4.3977899e-06 1.86275e-14
4.2857255e-06 1.86268e-14
4.1736612e-06 1.86261e-14
4.0650083e-06 1.86254e-14
3.9719192e-06 1.86248e-14
3.8788301e-06 1.86242e-14
3.7857409e-06 1.86236e-14
3.6926518e-06 1.8623e-14
3.5995626e-06 1.86223e-14
3.5064735e-06 1.86217e-14
3.4133843e-06 1.86211e-14
3.3202952e-06 1.86205e-14
3.227206e-06 1.86199e-14
3.1341169e-06 1.86193e-14
3.0410277e-06 1.86187e-14
2.9479386e-06 1.86181e-14
2.8548495e-06 1.86174e-14
2.7617603e-06 1.86168e-14
2.6686712e-06 1.86162e-14
2.575582e-06 1.86156e-14
2.4824929e-06 1.8615e-14
2.3894037e-06 1.86144e-14
2.2963146e-06 1.86138e-14
2.2032254e-06 1.86131e-14
2.1150365e-06 1.86126e-14
2.0285352e-06 1.8612e-14
1.9420339e-06 1.86114e-14
1.8555326e-06 1.86108e-14
1.7690313e-06 1.86102e-14
1.68253e-06 1.86097e-14
1.5960287e-06 1.86091e-14
1.5095274e-06 1.86085e-14
1.4230261e-06 1.86079e-14
1.3365248e-06 1.86073e-14
1.2500235e-06 1.86068e-14
1.1635222e-06 1.86062e-14
1.0770209e-06 1.86056e-14
1.02403e-06 1.85874e-14
1.07235e-06 1.8587e-14
1.12067e-06 1.85866e-14
1.16899e-06 1.85861e-14
1.21731e-06 1.85857e-14
1.26563e-06 1.85853e-14
1.31395e-06 1.85848e-14
1.36227e-06 1.85844e-14
1.41059e-06 1.8584e-14
1.45891e-06 1.85835e-14
1.50723e-06 1.85831e-14
1.55555e-06 1.85827e-14
1.60388e-06 1.85823e-14
1.62387e-06 5.78041e-14
1.60721e-06 1.81398e-13
1.59056e-06 3.06715e-13
1.5739e-06 4.32259e-13
1.55724e-06 5.57877e-13
1.54059e-06 6.83528e-13
1.52393e-06 8.09196e-13
1.50728e-06 9.34876e-13
1.49062e-06 1.06056e-12
1.47396e-06 1.18625e-12
1.45731e-06 1.31195e-12
1.44065e-06 1.43764e-12
1.424e-06 1.56334e-12
1.40734e-06 1.68904e-12
1.39068e-06 1.81474e-12
1.37403e-06 1.94044e-12
1.35737e-06 2.06614e-12
1.34072e-06 2.19185e-12
1.32406e-06 2.31755e-12
1.3074e-06 2.44326e-12
1.29075e-06 2.56896e-12
