/*--------------------------------*- C++ -*----------------------------------*\
  =========                 |
  \\      /  F ield         | OpenFOAM: The Open Source CFD Toolbox
   \\    /   O peration     | Website:  https://openfoam.org
    \\  /    A nd           | Version:  12
     \\/     M anipulation  |
\*---------------------------------------------------------------------------*/
FoamFile
{
    format      ascii;
    class       volScalarField;
    location    "1400";
    object      p;
}
// * * * * * * * * * * * * * * * * * * * * * * * * * * * * * * * * * * * * * //

dimensions      [0 2 -2 0 0 0 0];

internalField   nonuniform List<scalar> 
7480
(
0.0087632759
0.0080243725
0.0069027178
0.0063272192
0.0060161432
0.0057328939
0.0054656336
0.0052375403
0.0050390845
0.0048600173
0.004693718
0.004538029
0.0043933014
0.0042543018
0.0041212975
0.0039927329
0.003868456
0.0037511503
0.0036418696
0.0035400786
0.0034464981
0.0033619364
0.0032871693
0.0032229938
0.0031697841
0.0031264759
0.0030929519
0.0030675511
0.0030459343
0.0030249895
0.0030021837
0.0029764187
0.0029476174
0.0029176507
0.0028873916
0.0028558276
0.0028229559
0.0027885949
0.0027529153
0.0027169237
0.0026808042
0.0026440941
0.0026070136
0.0025698369
0.0025330868
0.0024965892
0.0024598529
0.0024228904
0.0023862481
0.0023499536
0.0023134343
0.0022767102
0.0022401515
0.0022037563
0.0021670966
0.0021302296
0.0020933909
0.0020565011
0.0020192608
0.0019818589
0.0019443358
0.0019064741
0.0018683126
0.0018299246
0.0017911791
0.001752053
0.0017126137
0.0016727478
0.0016324539
0.0015917586
0.0015505649
0.0015088953
0.001466721
0.0014240188
0.0013807834
0.0013369652
0.0012925689
0.0012475699
0.0012019553
0.001155714
0.001108836
0.001061315
0.0010131489
0.00096434104
0.00091490316
0.0008648544
0.00081423446
0.00076308552
0.00071151793
0.00065958135
0.00060762948
0.00055550785
0.0005046669
0.00045323945
0.00040841421
0.00035737878
0.00033862586
0.00025772685
0.00055712038
-0.0004614302
0.0082834778
0.007620026
0.0067879662
0.0063266371
0.0060668307
0.0058156245
0.0055661872
0.0053436162
0.0051468312
0.0049643273
0.004792664
0.0046307008
0.0044798109
0.0043350165
0.0041968031
0.0040641316
0.0039365687
0.0038151218
0.0037011131
0.0035952004
0.0034977683
0.0034093169
0.0033305569
0.0032621521
0.0032041322
0.0031552465
0.0031157427
0.0030847076
0.0030583139
0.0030337687
0.0030087935
0.0029821953
0.0029535054
0.002924193
0.0028946837
0.0028635971
0.0028308681
0.0027964151
0.0027605494
0.0027243705
0.0026880726
0.0026511834
0.0026139185
0.0025765384
0.0025395691
0.0025028423
0.0024658753
0.0024286854
0.0023918193
0.0023553017
0.0023185602
0.00228162
0.0022448531
0.0022082566
0.002171401
0.0021343458
0.002097327
0.0020602639
0.0020228573
0.0019852971
0.0019476223
0.001909615
0.0018713147
0.0018327942
0.0017939221
0.0017546751
0.0017151204
0.0016751442
0.0016347451
0.0015939494
0.0015526599
0.0015108988
0.0014686373
0.001425852
0.0013825372
0.0013386433
0.0012941748
0.0012491069
0.0012034265
0.0011571224
0.0011101845
0.0010626063
0.0010143857
0.00096552578
0.00091603819
0.00086594199
0.00081527677
0.00076408461
0.00071247581
0.00066049991
0.00060851066
0.00055635331
0.00050547888
0.00045401903
0.00040916539
0.00035810116
0.00033930965
0.00025851441
0.00055796088
-0.00046077202
0.0080004199
0.0075284118
0.0068517515
0.0063755737
0.0060733626
0.005795215
0.0055283394
0.0052934581
0.005089179
0.0049031317
0.0047311936
0.0045718109
0.0044235009
0.0042836758
0.0041509543
0.0040244725
0.0039036866
0.0037888839
0.0036815412
0.0035827685
0.003492768
0.0034118549
0.0033405158
0.0032791589
0.0032277146
0.0031850832
0.0031496554
0.0031197044
0.0030927369
0.0030660131
0.0030376346
0.0030068338
0.0029733923
0.0029393754
0.0029059515
0.0028720698
0.0028376024
0.002802315
0.0027662743
0.0027303145
0.0026943041
0.0026575432
0.0026202186
0.0025826567
0.002545466
0.0025085126
0.0024713286
0.0024339383
0.0023968844
0.0023601811
0.0023232554
0.0022861406
0.0022492089
0.0022124531
0.0021754398
0.002138232
0.0021010669
0.0020638616
0.0020263158
0.0019886224
0.001950819
0.0019126869
0.0018742668
0.0018356313
0.0017966478
0.0017572937
0.0017176361
0.0016775606
0.0016370661
0.0015961788
0.001554801
0.0015129553
0.0014706124
0.001427749
0.0013843591
0.0013403933
0.0012958556
0.0012507214
0.0012049774
0.0011586123
0.0011116159
0.0010639816
0.0010157071
0.00096679552
0.0009172584
0.0008671147
0.00081640396
0.00076516815
0.00071351756
0.00066150159
0.0006094741
0.00055727999
0.00050637106
0.00045487723
0.00040999435
0.00035889679
0.00034008737
0.00025937553
0.00055884802
-0.0004601222
0.0077553169
0.0073643699
0.0067705947
0.0063184132
0.0060248349
0.0057661874
0.005519038
0.0053002267
0.0051077509
0.0049305904
0.0047647136
0.0046096354
0.0044621003
0.0043230731
0.0041897838
0.0040618884
0.0039390477
0.003821572
0.0037110069
0.0036084679
0.0035142119
0.0034286732
0.0033524968
0.0032863787
0.0032307349
0.0031851732
0.0031475662
0.0031163797
0.0030902173
0.0030660295
0.0030414377
0.0030151443
0.0029867407
0.0029563613
0.002924248
0.0028904529
0.0028548755
0.0028174819
0.002778703
0.0027400347
0.0027018804
0.0026637238
0.00262565
0.0025878407
0.0025507187
0.0025138991
0.0024767474
0.0024392721
0.0024020753
0.0023652013
0.0023280928
0.0022908053
0.0022537098
0.0022167912
0.0021796148
0.0021422516
0.0021049391
0.0020675912
0.0020299046
0.0019920765
0.0019541433
0.0019158849
0.0018773435
0.0018385912
0.0017994942
0.0017600307
0.001720268
0.0016800904
0.0016394976
0.0015985158
0.0015570466
0.001515113
0.0014726855
0.0014297407
0.0013862725
0.0013422313
0.0012976213
0.0012524174
0.0012066066
0.0011601772
0.0011131191
0.0010654256
0.0010170942
0.00096812807
0.00091853858
0.00086834463
0.00081758568
0.00076630364
0.00071460874
0.00066255025
0.00061048212
0.00055824892
0.00050730302
0.00045577295
0.00041085773
0.00035972386
0.0003408978
0.00026013196
0.00055972349
-0.00045953815
0.007531181
0.0071943188
0.0066893205
0.0062867572
0.0060075013
0.0057587183
0.0055167576
0.0052992714
0.0051051203
0.0049257643
0.0047576901
0.0046004718
0.0044517768
0.0043121588
0.0041789119
0.0040516464
0.0039300309
0.0038142803
0.0037056645
0.0036051324
0.0035129784
0.0034296271
0.0033555944
0.0032913829
0.0032372126
0.0031924584
0.0031549016
0.0031230476
0.0030954282
0.0030690722
0.0030419612
0.0030134074
0.0029837911
0.0029527584
0.0029207607
0.0028886558
0.0028558672
0.0028220036
0.0027869409
0.002750747
0.0027135231
0.002675389
0.0026364236
0.002597048
0.0025582474
0.0025200525
0.0024819892
0.0024440075
0.0024066531
0.0023698002
0.0023327009
0.0022953635
0.0022581774
0.0022211413
0.002183831
0.0021463373
0.0021088975
0.0020714202
0.0020336022
0.001995649
0.0019575941
0.0019192156
0.001880558
0.0018416932
0.0018024861
0.0017629156
0.0017230495
0.0016827708
0.0016420802
0.0016010037
0.0015594422
0.0015174197
0.0014749058
0.0014318775
0.0013883288
0.0013442095
0.0012995243
0.0012542478
0.0012083669
0.00116187
0.0011147468
0.0010669906
0.0010185989
0.00096957462
0.00091992922
0.00086968147
0.0008188708
0.00076753903
0.00071579632
0.0006636919
0.00061157968
0.00055930402
0.00050831759
0.00045674802
0.00041179605
0.00036062244
0.00034177228
0.00026091502
0.00056062856
-0.00045884928
0.0073316362
0.0070442451
0.0066145929
0.0062513746
0.0059802527
0.0057368846
0.0055019845
0.0052893851
0.0050985296
0.0049222646
0.0047571542
0.0046025874
0.0044564987
0.004318784
0.0041872859
0.0040615221
0.0039412383
0.0038266313
0.0037187917
0.0036186148
0.0035264956
0.0034429312
0.0033683942
0.0033033068
0.0032478453
0.0032014721
0.0031623235
0.0031289525
0.0030999381
0.0030726027
0.0030450364
0.0030164986
0.0029869152
0.0029556692
0.0029231931
0.0028901703
0.0028560741
0.0028209972
0.0027852356
0.0027486581
0.0027118094
0.0026752272
0.0026386604
0.0026019731
0.0025650372
0.0025276686
0.0024897965
0.002451289
0.0024129839
0.0023751942
0.0023373613
0.0022995306
0.0022621189
0.0022250303
0.0021876962
0.00215016
0.0021126571
0.0020750982
0.0020371862
0.0019991411
0.0019609915
0.0019225137
0.0018837578
0.0018447965
0.001805493
0.0017658277
0.0017258689
0.0016854984
0.0016447182
0.0016035541
0.0015619065
0.0015198001
0.0014772043
0.0014340961
0.0013904696
0.0013462746
0.0013015158
0.0012561678
0.0012102176
0.0011636534
0.0011164651
0.0010686458
0.0010201931
0.00097110981
0.00092140737
0.00087110455
0.00082024069
0.00076885759
0.00071706537
0.00066491318
0.0006127549
0.0005604348
0.00050940545
0.00045779426
0.00041280206
0.00036158608
0.00034270565
0.00026175736
0.00056154152
-0.00045800468
0.0071518729
0.0069083132
0.0065414046
0.0062116134
0.0059498582
0.0057136048
0.0054869955
0.0052800045
0.0050927345
0.0049192
0.0047563559
0.0046034742
0.0044587767
0.0043219481
0.004191325
0.0040663684
0.0039468965
0.0038331019
0.0037259384
0.0036262678
0.0035345188
0.0034511557
0.0033766213
0.0033113106
0.0032553357
0.0032082489
0.0031683972
0.0031342487
0.0031043772
0.0030763314
0.0030482328
0.0030192194
0.0029891333
0.00295752
0.0029248038
0.0028915911
0.0028574835
0.002822552
0.0027868569
0.0027501812
0.0027130491
0.0026759013
0.0026386741
0.0026014784
0.0025641284
0.0025269383
0.0024901712
0.0024535512
0.0024168957
0.0023800177
0.0023427363
0.0023048959
0.0022670511
0.0022294208
0.0021915954
0.0021536953
0.0021160063
0.002078382
0.0020404338
0.0020023527
0.001964155
0.0019256165
0.0018867973
0.00184777
0.001808395
0.001768656
0.0017286233
0.0016881772
0.0016473217
0.0016060828
0.0015643604
0.0015221802
0.0014795113
0.0014363311
0.0013926339
0.0013483691
0.001303542
0.001258127
0.0012121112
0.0011654831
0.0011182323
0.0010703521
0.0010218401
0.00097269912
0.00092294063
0.00087258338
0.00082166671
0.0007702324
0.00071839053
0.00066619024
0.00061398529
0.00056162002
0.00051054658
0.00045889273
0.00041385773
0.0003625976
0.00034368234
0.00026263906
0.00056242582
-0.00045699306
0.0069875447
0.0067808486
0.0064675652
0.0061692597
0.0059189865
0.005690694
0.0054719916
0.0052703064
0.0050863694
0.0049153745
0.004754612
0.0046033411
0.0044600564
0.0043243194
0.0041947742
0.0040708531
0.0039524095
0.0038396268
0.0037333365
0.0036343455
0.0035430924
0.0034600201
0.0033855577
0.0033200691
0.0032636389
0.003215831
0.0031751226
0.003140013
0.0031091026
0.0030801515
0.003051348
0.0030217828
0.0029912808
0.0029594413
0.0029265864
0.002893245
0.0028590695
0.0028240611
0.0027882586
0.002751534
0.0027143769
0.0026771995
0.0026399773
0.0026027288
0.0025652688
0.0025279003
0.0024907982
0.0024538903
0.0024167893
0.0023796304
0.0023428547
0.0023062267
0.0022695649
0.0022326898
0.0021954068
0.0021576521
0.0021197946
0.0020818685
0.0020436129
0.0020053045
0.0019669906
0.0019283986
0.0018895491
0.001850492
0.0018110796
0.0017712987
0.0017312211
0.0016907246
0.0016498156
0.001608521
0.0015667404
0.0015245013
0.0014817724
0.0014385319
0.0013947744
0.0013504491
0.0013055619
0.0012600873
0.0012140124
0.0011673259
0.0011200176
0.0010720808
0.0010235131
0.00097431767
0.00092450579
0.00087409633
0.00082312865
0.00077164456
0.00071975414
0.00066750654
0.00061525539
0.0005628452
0.00051172732
0.00046003063
0.00041495087
0.0003636455
0.00034469125
0.00026354478
0.00056325202
-0.00045579392
0.0068364493
0.0066602408
0.0063926392
0.0061240431
0.0058867154
0.0056670554
0.0054562186
0.0052599589
0.0050795131
0.0049111782
0.0047525947
0.0046030482
0.004461265
0.0043267286
0.0041983124
0.0040754651
0.0039580635
0.003846286
0.0037408602
0.0036425356
0.0035517583
0.0034689593
0.0033945514
0.0033288664
0.0032719629
0.0032234121
0.0031818242
0.003145759
0.0031138517
0.0030840174
0.0030545138
0.0030244285
0.002993539
0.002961451
0.0029284082
0.0028948811
0.002860561
0.0028254282
0.0027895419
0.0027528088
0.002715659
0.0026784828
0.0026412591
0.0026039888
0.0025665345
0.0025291518
0.0024919987
0.0024549818
0.0024177567
0.0023805185
0.0023436012
0.0023068171
0.0022698018
0.0022326386
0.0021956762
0.0021587434
0.0021216856
0.0020843218
0.0020464896
0.0020083264
0.0019699524
0.0019311842
0.0018921487
0.0018529659
0.0018134885
0.0017736764
0.0017335774
0.0016930571
0.0016521216
0.0016107974
0.0015689821
0.0015267049
0.0014839343
0.0014406497
0.0013968462
0.0013524732
0.0013075375
0.0012620133
0.0012158885
0.0011691518
0.0011217932
0.0010738062
0.0010251886
0.00097594362
0.0009260827
0.00087562479
0.00082460935
0.00077307826
0.00072114159
0.00066884861
0.00061655272
0.0005640988
0.000512937
0.00046119805
0.00041607215
0.00036472109
0.00034572391
0.00026446561
0.00056399311
-0.00045437844
0.0066970495
0.0065458751
0.0063167805
0.0060756697
0.0058522169
0.0056419247
0.0054392291
0.0052487419
0.0050721081
0.0049066461
0.0047503803
0.0046026609
0.0044624286
0.0043291429
0.0042018709
0.0040801025
0.0039637343
0.0038529421
0.0037483663
0.0036507018
0.0035603974
0.0034778726
0.0034035208
0.0033376443
0.0032802788
0.003231007
0.0031885631
0.003151567
0.0031186866
0.0030879771
0.0030577735
0.0030271613
0.0029958652
0.0029635045
0.0029302565
0.0028965318
0.0028620649
0.0028268231
0.0027908669
0.0027541166
0.0027169545
0.0026797499
0.0026424881
0.0026051781
0.0025677112
0.0025303124
0.0024931359
0.0024560924
0.0024188786
0.002381651
0.0023446846
0.0023077828
0.0022706481
0.0022334297
0.0021964004
0.0021593462
0.0021220022
0.0020844822
0.0020470034
0.0020094003
0.0019715264
0.0019332061
0.0018944671
0.0018553924
0.0018158646
0.0017759393
0.0017357393
0.0016951574
0.001654193
0.0016128527
0.0015710224
0.0015287296
0.0014859399
0.0014426322
0.0013988017
0.001354398
0.0013094287
0.0012638685
0.0012177058
0.0011709296
0.0011235304
0.0010755019
0.0010268421
0.00097755444
0.00092765061
0.00087714968
0.00082609125
0.00077451733
0.00072253803
0.00067020278
0.00061786471
0.00056536926
0.00051416493
0.00046238513
0.00041721236
0.00036581579
0.00034677207
0.00026539326
0.00056462159
-0.00045271399
0.0065678426
0.0064372594
0.0062404339
0.0060243908
0.0058152797
0.0056149467
0.0054206784
0.0052363309
0.005063874
0.0049015496
0.0047477866
0.0046020342
0.0044634399
0.0043314854
0.0042054055
0.0040847461
0.0039694238
0.0038596146
0.0037558874
0.0036588858
0.0035690573
0.0034868091
0.0034125158
0.003346453
0.0032886375
0.0032386656
0.0031953812
0.0031574659
0.0031236239
0.0030920417
0.0030611317
0.003029979
0.0029982629
0.0029656151
0.0029321533
0.0028982289
0.0028636134
0.0028282612
0.0027922277
0.0027554476
0.0027182637
0.0026810232
0.002643724
0.0026063791
0.0025688952
0.002531475
0.0024942646
0.0024571842
0.002419951
0.002382698
0.0023456914
0.0023087562
0.0022716325
0.002234425
0.002197344
0.0021601843
0.0021227509
0.0020851993
0.0020476954
0.0020099181
0.0019718095
0.0019335611
0.0018951563
0.0018564688
0.0018173167
0.0017777196
0.0017377104
0.0016971629
0.0016561479
0.001614741
0.0015728632
0.0015305476
0.0014877469
0.0014444315
0.0014005927
0.0013561774
0.0013111931
0.0012656138
0.0012194284
0.0011726264
0.0011251988
0.0010771398
0.0010284478
0.00097912637
0.00092918761
0.00087865083
0.00082755578
0.0007759447
0.00072392775
0.0006715546
0.00061917808
0.00056664434
0.00051539984
0.0004635815
0.00041836179
0.00036692057
0.00034782713
0.00026631854
0.00056510957
-0.00045076421
0.0064475245
0.0063339672
0.0061641184
0.0059707053
0.0057759934
0.0055859832
0.0054003388
0.0052224526
0.0050545359
0.0048956417
0.0047446058
0.004601002
0.0044641766
0.0043336676
0.0042088586
0.0040893614
0.0039751164
0.0038663029
0.003763432
0.0036671011
0.0035777533
0.0034957845
0.0034215513
0.003355306
0.0032970504
0.003246395
0.0032022823
0.0031634581
0.003128667
0.0030962161
0.0030645945
0.0030328908
0.0030007453
0.0029677976
0.0029341115
0.0028999824
0.0028652118
0.0028297433
0.0027936266
0.0027568106
0.0027196021
0.002682325
0.0026449885
0.002607607
0.0025701013
0.0025326542
0.0024954022
0.0024582753
0.0024210153
0.0023837392
0.0023466959
0.0023097288
0.0022725911
0.0022353573
0.0021982305
0.0021610418
0.0021236192
0.0020860696
0.0020484975
0.0020106315
0.0019724836
0.0019342325
0.0018957325
0.001856851
0.0018176656
0.0017782495
0.0017385078
0.001698269
0.0016575611
0.0016163658
0.0015745645
0.0015322373
0.001489398
0.001446053
0.0014022002
0.0013577797
0.0013127932
0.0012672107
0.0012210193
0.0011742077
0.0011267666
0.0010786906
0.0010299785
0.00098063434
0.00093067058
0.00088010686
0.00082898324
0.00077734219
0.00072529401
0.00067288868
0.00062047866
0.00056791103
0.00051662972
0.00046477608
0.00041951014
0.00036802582
0.00034887999
0.00026723135
0.00056541544
-0.00044848868
0.0063350032
0.006235604
0.0060882924
0.0059151463
0.0057345731
0.0055550459
0.005378127
0.005206954
0.0050439065
0.0048887297
0.0047406562
0.0045994018
0.0044645013
0.0043355731
0.0042121351
0.0040938722
0.0039807525
0.0038729621
0.0037709666
0.0036753226
0.0035864669
0.0035047853
0.0034306181
0.0033641971
0.0033055129
0.0032541916
0.0032092647
0.0031695443
0.0031338179
0.0031005044
0.0030681678
0.0030359044
0.0030033204
0.0029700596
0.002936138
0.0029017981
0.0028668654
0.0028312753
0.0027950714
0.0027582144
0.0027209776
0.0026836623
0.0026462866
0.0026088664
0.002571336
0.00253386
0.0024965651
0.0024593902
0.002422101
0.0023847996
0.0023477137
0.0023107025
0.0022735338
0.0022362728
0.0021991124
0.0021618992
0.0021244655
0.0020868906
0.002049274
0.0020113932
0.0019732577
0.0019349806
0.0018964121
0.0018574819
0.0018183021
0.0017788169
0.0017389169
0.0016986382
0.0016580224
0.0016170051
0.0015754721
0.0015334194
0.0014907745
0.001447515
0.0014036713
0.0013592324
0.0013142312
0.0012686435
0.0012224527
0.0011756429
0.0011282023
0.0010801238
0.0010314057
0.00098205186
0.00093207501
0.00088149516
0.00083035271
0.00077869049
0.00072661898
0.00067418855
0.00062175126
0.00056915532
0.00051784165
0.00046595696
0.00042064629
0.00036912116
0.00034992083
0.00026812151
0.00056549872
-0.00044584587
0.0062293538
0.0061417912
0.0060133191
0.0058582101
0.005691285
0.0055222373
0.0053540619
0.0051897802
0.0050318798
0.0048806825
0.0047357981
0.0045970952
0.004464285
0.0043370828
0.0042151295
0.0040981869
0.0039862547
0.0038795286
0.0037784394
0.003683508
0.0035951645
0.0035137854
0.0034396962
0.0033731115
0.0033140142
0.0032620472
0.0032163238
0.0031757222
0.0031390762
0.0031049079
0.0030718546
0.0030390237
0.0030059925
0.002972406
0.0029382381
0.002903681
0.0028685798
0.0028328633
0.002796568
0.0027596643
0.002722395
0.0026850391
0.0026476221
0.0026101617
0.0025726043
0.0025350977
0.0024977593
0.0024605359
0.0024232157
0.0023858863
0.0023487555
0.002311697
0.0022744948
0.0022372056
0.0022000067
0.0021627562
0.0021252935
0.0020876899
0.0020500442
0.00201215
0.001974003
0.0019356971
0.001897102
0.0018581688
0.0018189819
0.0017794537
0.0017395124
0.0016992402
0.0016585497
0.0016173991
0.0015758379
0.0015338404
0.0014913397
0.001448316
0.0014047113
0.0013604364
0.0013155096
0.0012699376
0.0012237426
0.0011769296
0.001129491
0.0010814173
0.0010327039
0.00098335289
0.00093337571
0.00088279198
0.00083164208
0.0007799691
0.00072788367
0.00067543663
0.00062297962
0.00057036216
0.00051902172
0.00046711127
0.00042175823
0.00037019532
0.00035093905
0.0002689769
0.00056532097
-0.00044278654
0.0061297872
0.0060521692
0.0059394718
0.0058003374
0.0056464089
0.0054877035
0.0053282176
0.005170937
0.0050184088
0.0048714218
0.0047299357
0.0045939774
0.0044634229
0.0043380935
0.004217745
0.0041022169
0.0039915439
0.0038859338
0.0037857914
0.0036916074
0.0036038043
0.0035227503
0.003448758
0.0033820274
0.0033225374
0.003269949
0.00322345
0.0031819855
0.0031444374
0.0031094242
0.0030756544
0.00304225
0.0030087636
0.00297484
0.0029404153
0.002905635
0.0028703591
0.0028345112
0.00279812
0.0027611638
0.0027238577
0.0026864586
0.0026489985
0.0026114965
0.0025739098
0.0025363708
0.0024989881
0.0024617156
0.0024243624
0.0023870028
0.0023498263
0.0023127198
0.0022754832
0.0022381636
0.0022009229
0.002163631
0.0021261366
0.002088503
0.0020508223
0.0020129004
0.001974727
0.0019363928
0.0018977803
0.0018588373
0.0018196341
0.0017800883
0.0017401364
0.0016998517
0.0016591371
0.0016179672
0.0015763909
0.0015343092
0.0014917194
0.0014486642
0.0014051005
0.0013609774
0.0013162618
0.001270885
0.0012248187
0.0011780654
0.0011306449
0.0010825756
0.0010338667
0.00098452243
0.0009345528
0.00088397547
0.00083282938
0.00078115686
0.00072906816
0.00067661434
0.00062414646
0.0005715155
0.000520155
0.00046822509
0.00042283296
0.00037123604
0.00035192319
0.00026978365
0.00056484281
-0.00043925468
0.0060356284
0.0059664019
0.0058669473
0.0057419094
0.0056002188
0.0054516088
0.0053006965
0.005150466
0.0050034844
0.0048609065
0.0047230081
0.0045899748
0.0044618358
0.0043385232
0.0042199006
0.0041058846
0.0039965477
0.0038921122
0.0037929641
0.0036995689
0.003612341
0.0035316413
0.003457771
0.0033909185
0.0033310611
0.0032778794
0.0032306301
0.0031883241
0.0031498939
0.0031140481
0.0030795644
0.0030455821
0.0030116338
0.0029773627
0.0029426716
0.0029076621
0.0028722057
0.0028362214
0.0027997299
0.0027627157
0.0027253684
0.0026879236
0.0026504184
0.0026128733
0.0025752549
0.0025376818
0.0025002538
0.0024629316
0.0024255434
0.002388152
0.0023509291
0.0023137739
0.0022765012
0.0022391493
0.0022018654
0.0021645313
0.0021270042
0.0020893388
0.0020516192
0.0020136652
0.001975463
0.0019370976
0.001898459
0.0018594928
0.0018202644
0.0017807002
0.0017407377
0.0017004385
0.0016597191
0.0016185434
0.0015769475
0.0015348492
0.0014922613
0.00144916
0.0014055054
0.0013613207
0.0013165877
0.00127128
0.0012253636
0.0011787922
0.0011315268
0.0010835548
0.0010348914
0.00098556486
0.00093560461
0.00088503624
0.00083389959
0.00078223576
0.00073015343
0.00067770289
0.00062523381
0.00057259842
0.00052122565
0.00046928363
0.00042385659
0.00037223009
0.00035286087
0.00027052767
0.00056402155
-0.00043519412
0.005946298
0.0058841804
0.0057958796
0.0056832493
0.0055529748
0.0054141244
0.0052716153
0.0051284295
0.0049871215
0.0048491202
0.0047149785
0.0045850367
0.0044594654
0.0043383082
0.0042215306
0.0041091249
0.0040012034
0.0038980048
0.0037999031
0.0037073424
0.0036207296
0.0035404186
0.0034667009
0.0033997556
0.003339561
0.0032858183
0.0032378477
0.0031947253
0.0031554358
0.0031187721
0.0030835792
0.0030490167
0.0030146011
0.0029799735
0.0029450069
0.0029097627
0.0028741204
0.0028379949
0.002801399
0.0027643214
0.0027269286
0.0026894357
0.0026518835
0.0026142938
0.0025766414
0.0025390324
0.0025015583
0.0024641858
0.0024267608
0.0023893359
0.0023520659
0.0023148612
0.0022775507
0.0022401649
0.0022028371
0.0021654598
0.0021278985
0.0020901995
0.0020524396
0.0020144524
0.0019762204
0.0019378215
0.0018991525
0.0018601595
0.0018209028
0.0017813139
0.0017413306
0.0017010094
0.0016602737
0.0016190856
0.0015774779
0.0015353787
0.0014927909
0.001449676
0.0014060092
0.0013618008
0.0013170098
0.0012716398
0.0012256812
0.0011791216
0.0011319431
0.0010841154
0.0010356054
0.00098639767
0.0009365072
0.0008859723
0.00083485216
0.00078320004
0.00073112836
0.00067868759
0.00062622536
0.00057359427
0.0005222175
0.0004702714
0.00042481448
0.00037316335
0.00035373897
0.00027119336
0.0005627995
-0.00043054428
0.0058612971
0.0058052226
0.0057263524
0.0056246266
0.005504919
0.0053754229
0.0052410989
0.0051049035
0.0049693505
0.0048360622
0.0047058257
0.0045791276
0.0044562679
0.0043373986
0.004222582
0.0041118839
0.0040054577
0.0039035607
0.0038065598
0.0037148825
0.0036289278
0.0035490439
0.0034755137
0.0034085091
0.0033480116
0.0032937437
0.0032450846
0.0032011744
0.0031610508
0.0031235867
0.0030876919
0.0030525487
0.0030176619
0.00298267
0.00294742
0.0029119361
0.0028761028
0.0028398318
0.0028031274
0.0027659815
0.0027285391
0.0026909955
0.0026533946
0.0026157589
0.0025780704
0.0025404238
0.0025029028
0.0024654793
0.0024280159
0.0023905558
0.002353238
0.0023159831
0.0022786335
0.0022412123
0.0022038397
0.0021664182
0.0021288212
0.0020910872
0.0020532863
0.0020152646
0.0019770014
0.0019385674
0.0018998666
0.0018608456
0.0018215591
0.0017819423
0.0017419345
0.0017015877
0.0016608291
0.0016196213
0.0015779951
0.0015358824
0.0014932812
0.0014501586
0.0014064923
0.0013622814
0.0013174839
0.0012720973
0.0012261032
0.0011794937
0.0011322671
0.0010844205
0.0010359499
0.00098684387
0.0009370877
0.00088667659
0.00083564232
0.0007840379
0.00073199045
0.00067956433
0.00062711267
0.00057449102
0.00052311648
0.00047117353
0.00042569189
0.00037402113
0.00035454379
0.0002717636
0.00056112127
-0.00042524114
0.0057801934
0.0057292729
0.0056584099
0.0055662624
0.0054562733
0.0053356745
0.0052092762
0.005079973
0.0049502132
0.0048217432
0.0046955396
0.0045722226
0.0044522089
0.0043357539
0.0042230108
0.004114116
0.0040092651
0.0039087355
0.0038128916
0.0037221482
0.0036368973
0.0035574815
0.003484177
0.0034171502
0.0033563875
0.0033016334
0.0032523219
0.0032076554
0.0031667259
0.0031284811
0.003091894
0.0030561717
0.0030208114
0.0029854488
0.0029499082
0.0029141801
0.0028781514
0.0028417308
0.0028049143
0.0027676953
0.0027301994
0.0026926031
0.0026549518
0.0026172688
0.0025795422
0.0025418565
0.0025042879
0.002466813
0.0024293096
0.0023918128
0.0023544466
0.0023171408
0.0022797506
0.0022422926
0.0022048745
0.0021674078
0.0021297738
0.0020920037
0.0020541609
0.0020161034
0.0019778077
0.0019393376
0.0019006038
0.0018615536
0.0018222358
0.0017825898
0.0017425562
0.0017021818
0.0016613982
0.0016201677
0.0015785188
0.0015363857
0.0014937651
0.0014506274
0.0014069494
0.0013627289
0.0013179275
0.0012725391
0.0012265422
0.0011799244
0.0011326759
0.0010847923
0.0010362779
0.00098714094
0.00093739402
0.00088704811
0.00083612232
0.00078463472
0.0007326798
0.00068031128
0.0006278896
0.00057528463
0.00052391581
0.00047197985
0.00042647655
0.00037478956
0.00035526191
0.00027222022
0.00055893234
-0.00041922003
0.0057026108
0.0056561007
0.0055920669
0.0055083348
0.0054072379
0.0052950447
0.005176278
0.0050537297
0.0049297611
0.004806183
0.0046841183
0.0045643043
0.0044472612
0.0043333398
0.0042227787
0.0041157811
0.0040125851
0.0039134895
0.0038188602
0.0037291025
0.0036446026
0.0035656984
0.0034926603
0.0034256512
0.0033646639
0.0033094651
0.0032595403
0.003214152
0.0031724467
0.0031334435
0.0030961762
0.0030598785
0.0030240437
0.0029883055
0.0029524683
0.002916492
0.002880264
0.0028436902
0.0028067582
0.0027694617
0.0027319088
0.0026942576
0.0026565545
0.0026188231
0.0025810566
0.0025433304
0.0025057136
0.002468187
0.0024306422
0.0023931071
0.002355692
0.0023183348
0.0022809028
0.0022434067
0.0022059424
0.0021684297
0.0021307574
0.0020929499
0.0020550644
0.00201697
0.0019786406
0.0019401335
0.0019013657
0.0018622851
0.0018229349
0.0017832585
0.0017431978
0.0017027948
0.0016619848
0.0016207303
0.0015790566
0.001536901
0.0014942588
0.0014511015
0.0014074053
0.0013631683
0.0013183539
0.0012729554
0.0012269524
0.0011803315
0.0011330812
0.0010851934
0.0010366661
0.00098750285
0.0009377195
0.00088734018
0.00083640678
0.00078495719
0.00073308519
0.00068081982
0.0006284886
0.00057594526
0.00052460531
0.00047268534
0.00042716256
0.00037545914
0.00035588265
0.00027254559
0.00055618037
-0.00041241953
0.0056282205
0.0055854979
0.0055273155
0.0054509842
0.005357991
0.0052536915
0.0051422349
0.0050262705
0.0049080531
0.0047894098
0.0046715674
0.0045553617
0.0044414025
0.0043301269
0.0042218515
0.004116843
0.0040153809
0.0039177865
0.0038244302
0.0037357113
0.0036520111
0.0035736636
0.0035009348
0.0034339858
0.0033728168
0.0033172173
0.0032667205
0.0032206475
0.003178199
0.0031384617
0.0031005284
0.0030636611
0.0030273526
0.0029912351
0.0029550963
0.0029188685
0.0028824378
0.0028457073
0.0028086568
0.0027712789
0.0027336656
0.0026959576
0.0026582016
0.0026204207
0.0025826129
0.002544845
0.0025071795
0.0024696009
0.0024320136
0.0023944391
0.0023569745
0.0023195655
0.0022820904
0.0022445549
0.0022070437
0.0021694843
0.0021317726
0.0020939268
0.0020559978
0.0020178654
0.0019795012
0.0019409562
0.0019021534
0.0018630412
0.0018236578
0.00178395
0.0017438611
0.0017034283
0.0016625909
0.0016213111
0.0015796115
0.0015374321
0.001494767
0.001451588
0.0014078716
0.0013636151
0.0013187831
0.0012733684
0.0012273517
0.0011807199
0.001133462
0.0010855701
0.0010370406
0.00098787464
0.00093808325
0.00088768558
0.00083672305
0.00078524168
0.00073335315
0.00068110667
0.00062883541
0.00057637826
0.00052511666
0.00047325517
0.0004277365
0.00037602286
0.00035640074
0.00027272595
0.0005528232
-0.0004047886
0.005556734
0.0055172772
0.0054641322
0.0053943194
0.0053086888
0.0052117644
0.0051072753
0.0049976952
0.0048851549
0.0047714591
0.0046578996
0.00454539
0.0044346157
0.0043260893
0.0042201984
0.0041172679
0.0040176177
0.003921592
0.0038295681
0.0037419421
0.0036590916
0.0035813476
0.003508973
0.0034421285
0.0033808229
0.0033248684
0.0032738435
0.0032271251
0.003183968
0.0031435232
0.0031049403
0.0030675111
0.0030307313
0.0029942323
0.0029577879
0.0029213057
0.0028846695
0.0028477795
0.0028106076
0.0027731447
0.0027354679
0.0026977016
0.0026598914
0.0026220604
0.00258421
0.0025463994
0.002508685
0.0024710543
0.0024334234
0.0023958082
0.0023582939
0.0023208327
0.0022833136
0.0022457376
0.0022081789
0.0021705721
0.0021328198
0.0020949346
0.0020569616
0.0020187902
0.0019803901
0.0019418065
0.0019029676
0.0018638229
0.0018244054
0.0017846652
0.0017445471
0.0017040837
0.0016632178
0.0016219117
0.0015801852
0.001537981
0.0014952917
0.0014520899
0.001408352
0.0013640746
0.001319223
0.0012737898
0.0012277559
0.0011811084
0.0011338367
0.0010859333
0.0010373951
0.00098822384
0.00093842952
0.00088802935
0.00083706108
0.00078556616
0.00073365388
0.00068137798
0.00062908466
0.00057663217
0.00052540685
0.00047361145
0.0004281344
0.00037644332
0.00035680143
0.00027274463
0.00054884693
-0.00039630009
0.0054878973
0.0054512695
0.0054024819
0.0053384218
0.0052594666
0.0051694025
0.0050715244
0.004968105
0.0048611377
0.004752373
0.0046431338
0.0045343902
0.0044268883
0.0043212054
0.0042177913
0.0041170244
0.0040192626
0.003924873
0.0038342415
0.0037477634
0.0036658138
0.0035887216
0.0035167479
0.0034500544
0.0033886592
0.0033323975
0.0032808901
0.0032335679
0.0031897388
0.003148615
0.0031094012
0.0030714199
0.0030341728
0.0029972916
0.0029605386
0.0029238
0.0028869557
0.0028499036
0.0028126078
0.0027750566
0.0027373136
0.0026994873
0.0026616221
0.0026237404
0.0025858463
0.0025479923
0.0025102288
0.0024725462
0.0024348709
0.002397214
0.0023596497
0.0023221362
0.0022845722
0.0022469545
0.0022093479
0.002171693
0.0021338992
0.0020959738
0.002057956
0.0020197446
0.0019813078
0.0019426847
0.0019038089
0.0018646308
0.0018251784
0.0017854049
0.0017452566
0.0017047619
0.0016638666
0.0016225332
0.0015807789
0.001538549
0.0014958346
0.001452609
0.0014088485
0.001364549
0.0013196768
0.0012742237
0.001228171
0.0011815057
0.0011342174
0.0010862987
0.0010377467
0.00098856363
0.00093875993
0.00088835312
0.00083738067
0.0007858826
0.00073396505
0.00068167753
0.00062936247
0.00057688089
0.00052562484
0.00047381964
0.00042833686
0.00037665857
0.00035703061
0.00027254055
0.00054427359
-0.0003869673
0.0054214863
0.0053873218
0.005342322
0.005283351
0.0052104397
0.0051267338
0.0050351024
0.0049376018
0.0048360765
0.0047321997
0.0046272951
0.0045223688
0.0044182127
0.0043154569
0.0042146052
0.0041160832
0.0040202841
0.0039275973
0.0038384185
0.0037531441
0.0036721478
0.0035957574
0.0035242331
0.0034577387
0.0033963029
0.0033397834
0.0032878413
0.0032399587
0.0031954962
0.0031537241
0.0031139002
0.0030753786
0.0030376698
0.0030004071
0.0029633437
0.0029263471
0.002889293
0.0028520766
0.0028146547
0.0027770122
0.0027392002
0.0027013128
0.0026633918
0.0026254589
0.0025875203
0.0025496222
0.0025118097
0.0024740753
0.002436355
0.0023986556
0.0023610414
0.0023234753
0.0022858656
0.0022482055
0.0022105505
0.0021728471
0.0021350108
0.0020970442
0.0020589812
0.002020729
0.0019822545
0.0019435913
0.0019046777
0.0018654652
0.0018259772
0.0017861696
0.0017459903
0.0017054634
0.0016645379
0.0016231764
0.0015813935
0.0015391371
0.0014963966
0.0014531463
0.0014093625
0.0013650398
0.001320146
0.001274672
0.0012285993
0.0011819151
0.0011346088
0.0010866729
0.0010381049
0.00098890676
0.0009390893
0.00088867032
0.00083768765
0.0007861816
0.00073425807
0.00068196549
0.00062964294
0.00057714811
0.00052586501
0.00047402502
0.00042848062
0.00037674074
0.00035709129
0.00027204668
0.00053907466
-0.00037683543
0.0053573028
0.005325296
0.0052836052
0.0052291478
0.0051617052
0.0050838748
0.0049981238
0.004906286
0.0048100495
0.0047109923
0.0046104147
0.0045093382
0.0044085864
0.0043088301
0.0042106181
0.0041144171
0.0040206523
0.0039297339
0.0038420681
0.0037580536
0.003678064
0.0036024265
0.0035314016
0.0034651566
0.0034037308
0.0033470047
0.0032946773
0.00324628
0.0032012245
0.0031588368
0.0031184257
0.0030793779
0.0030412148
0.0030035728
0.0029661984
0.0029289431
0.0028916779
0.0028542953
0.0028167452
0.0027790088
0.0027411256
0.0027031757
0.0026651983
0.0026272139
0.0025892301
0.0025512875
0.0025134262
0.0024756405
0.0024378746
0.0024001322
0.0023624679
0.0023248494
0.0022871934
0.00224949
0.0022117864
0.0021740341
0.0021361544
0.0020981459
0.0020600371
0.0020217433
0.0019832303
0.0019445263
0.0019055742
0.0018663265
0.001826802
0.0017869596
0.0017467485
0.0017061887
0.0016652322
0.0016238418
0.0015820296
0.0015397457
0.0014969786
0.0014537028
0.0014098947
0.0013655482
0.0013206318
0.001275136
0.0012290425
0.0011823383
0.0011350129
0.0010870588
0.0010384733
0.00098925858
0.00093942533
0.00088899141
0.00083799472
0.00078647577
0.00073454061
0.00068223787
0.00062990574
0.00057740143
0.00052610197
0.00047424018
0.00042863785
0.0003768131
0.0003570782
0.00027164348
0.00053285503
-0.00036587171
0.0052951715
0.0052650665
0.0052262813
0.0051758385
0.0051133437
0.00504093
0.0049606966
0.0048742559
0.0047831363
0.0046888086
0.0045925286
0.0044953159
0.0043980114
0.0043013153
0.0042058116
0.0041120018
0.0040203391
0.0039312529
0.0038451596
0.0037624616
0.0036835327
0.0036087006
0.0035382267
0.0034722827
0.0034109194
0.0033540394
0.0033013782
0.0032525138
0.0032069075
0.0031639389
0.0031229658
0.0030834077
0.0030447996
0.0030067824
0.0029690976
0.0029315836
0.0028941066
0.0028565565
0.0028188767
0.0027810439
0.0027430873
0.0027050739
0.0026670396
0.0026290035
0.002590974
0.0025529866
0.0025150767
0.0024772401
0.0024394285
0.0024016425
0.0023639283
0.0023262576
0.0022885548
0.0022508075
0.002213055
0.0021752535
0.0021373297
0.0020992786
0.0020611237
0.0020227875
0.0019842351
0.0019454897
0.0019064984
0.0018672146
0.0018276531
0.0017877751
0.0017475314
0.001706938
0.0016659497
0.0016245297
0.0015826874
0.0015403755
0.0014975809
0.0014542789
0.0014104458
0.0013660747
0.0013211351
0.0012756167
0.0012295016
0.0011827766
0.0011354312
0.0010874579
0.001038854
0.00098962149
0.00093977118
0.0008893208
0.0008383082
0.00078677383
0.00073482357
0.00068250615
0.00063015898
0.00057763992
0.00052632077
0.00047443865
0.00042878491
0.00037688415
0.00035697526
0.00027187532
0.00052532877
-0.00035404904
0.0052349371
0.0052065194
0.0051702988
0.0051234376
0.0050654209
0.0049979924
0.0049229213
0.0048416067
0.0047554175
0.0046657091
0.0045736778
0.0044803247
0.004386495
0.0042929069
0.0042001708
0.0041088157
0.0040193186
0.0039321258
0.0038476637
0.0037663382
0.0036885246
0.0036145511
0.0035446811
0.0034790914
0.0034178447
0.0033608653
0.0033079232
0.003258641
0.0032125283
0.0031690154
0.0031275077
0.0030874577
0.0030484159
0.003010029
0.0029720359
0.0029342642
0.0028965753
0.0028588569
0.002821046
0.002783115
0.002745083
0.0027070052
0.0026689136
0.0026308256
0.0025927501
0.0025547179
0.0025167598
0.0024788729
0.0024410154
0.0024031855
0.0023654217
0.002327699
0.002289949
0.0022521572
0.0022143558
0.0021765048
0.0021385364
0.002100442
0.0020622405
0.0020238613
0.0019852689
0.0019464816
0.0019074504
0.0018681297
0.0018285306
0.0017886162
0.0017483391
0.0017077114
0.0016666907
0.0016252404
0.0015833674
0.0015410266
0.0014982038
0.0014548749
0.0014110162
0.0013666199
0.0013216564
0.0012761147
0.0012299772
0.0011832307
0.0011358645
0.0010878713
0.001039248
0.0009899969
0.00094012852
0.0008896606
0.00083863082
0.00078707954
0.00073511229
0.00068277772
0.00063041206
0.0005778738
0.00052652914
0.00047462091
0.00042890984
0.00037692992
0.00035674535
0.00027277612
0.00051675396
-0.00034160138
0.0051764617
0.0051495512
0.0051156063
0.0050719503
0.0050179898
0.0049551438
0.0048848907
0.0048084295
0.004726973
0.0046417572
0.0045539071
0.0044643921
0.0043740492
0.0042836042
0.0041936846
0.0041048402
0.0040175671
0.003932326
0.0038495517
0.0037696543
0.0036930105
0.0036199496
0.0035507376
0.0034855568
0.0034244822
0.0033674593
0.0033142909
0.0032646422
0.003218069
0.0031740507
0.003132038
0.0030915167
0.0030520543
0.0030133052
0.0029750074
0.00293698
0.0028990801
0.002861193
0.0028232502
0.0027852193
0.0027471103
0.0027089674
0.0026708183
0.0026326784
0.0025945567
0.0025564795
0.0025184738
0.0024805373
0.0024426338
0.0024047599
0.0023669469
0.0023291726
0.0022913752
0.0022535385
0.002215688
0.0021777875
0.0021397739
0.0021016357
0.0020633874
0.0020249646
0.0019863314
0.0019475017
0.0019084299
0.0018690717
0.0018294343
0.001789483
0.0017491717
0.0017085092
0.0016674553
0.0016259739
0.0015840695
0.0015416992
0.0014988477
0.0014554912
0.0014116062
0.001367184
0.0013221959
0.0012766303
0.0012304698
0.0011837011
0.0011363135
0.0010882996
0.0010396563
0.00099038574
0.00094049846
0.00089001206
0.00083896409
0.00078739474
0.00073540915
0.00068305581
0.00063066953
0.00057810941
0.00052673506
0.00047479594
0.0004290192
0.00037694858
0.00035643324
0.00027400736
0.00050760889
-0.00032888503
0.0051196229
0.0050940678
0.0050621528
0.0050213745
0.0049710921
0.0049124551
0.0048466898
0.004774811
0.0046978816
0.0046170176
0.0045332648
0.0044475496
0.0043606905
0.0042734105
0.0041863458
0.0041000602
0.0040150638
0.0039318286
0.0038507968
0.0037723818
0.0036969619
0.003624868
0.0035563688
0.0034916527
0.0034308068
0.0033737977
0.0033204593
0.003270497
0.0032235113
0.0031790281
0.0031365423
0.0030955725
0.0030557051
0.0030166031
0.0029780057
0.0029397257
0.0029016165
0.0028635611
0.0028254861
0.0027873541
0.0027491669
0.0027109582
0.0026727514
0.0026345599
0.0025963919
0.0025582699
0.0025202171
0.0024822317
0.0024442826
0.0024063645
0.0023685027
0.0023306773
0.0022928325
0.0022549505
0.0022170511
0.002179101
0.0021410417
0.0021028592
0.002064564
0.002026097
0.0019874224
0.0019485499
0.001909437
0.0018700405
0.0018303642
0.0017903754
0.0017500292
0.0017093312
0.0016682435
0.0016267303
0.001584794
0.0015423935
0.0014995126
0.0014561279
0.0014122159
0.0013677672
0.0013227539
0.0012771638
0.0012309797
0.0011841881
0.0011367785
0.0010887432
0.0010400793
0.00099078859
0.00094088167
0.000890376
0.00083930895
0.00078772056
0.00073571548
0.00068334208
0.00063093346
0.00057834956
0.00052694237
0.00047496918
0.00042911907
0.00037695951
0.0003560615
0.00027529308
0.00049828012
-0.00031613504
0.0050643119
0.0050399833
0.0050098889
0.0049717024
0.0049247598
0.0048699877
0.0048083956
0.0047408325
0.0046682199
0.0045915558
0.0045118018
0.0044298329
0.0043464396
0.0042623335
0.0041781513
0.0040944639
0.0040117905
0.0039306112
0.0038513735
0.0037744936
0.0037003511
0.0036292784
0.0035615473
0.0034973525
0.0034367934
0.0033798565
0.0033264056
0.0032761842
0.0032288356
0.0031839303
0.0031410054
0.0030996123
0.0030593573
0.0030199138
0.0029810236
0.0029424954
0.0029041796
0.0028659571
0.0028277501
0.0027895163
0.00275125
0.0027129753
0.0026747109
0.002636468
0.0025982538
0.0025600874
0.0025219882
0.0024839549
0.0024459604
0.0024079982
0.0023700882
0.0023322122
0.0022943199
0.0022563924
0.0022184442
0.0021804446
0.0021423393
0.0021041121
0.0020657698
0.0020272582
0.0019885416
0.0019496259
0.0019104713
0.0018710359
0.0018313203
0.0017912932
0.0017509115
0.0017101775
0.0016690554
0.0016275098
0.0015855409
0.0015431095
0.0015001986
0.0014567851
0.0014128454
0.0013683697
0.0013233305
0.0012777153
0.001231507
0.001184692
0.0011372597
0.0010892025
0.0010405172
0.0009912058
0.00094127856
0.00089075291
0.00083966599
0.00078805768
0.00073603209
0.00068363746
0.00063120497
0.00057859564
0.00052715272
0.000475143
0.00042921189
0.00037698131
0.00035563811
0.00027657694
0.00048889894
-0.00030345283
0.0050104315
0.0049872196
0.0049587665
0.0049229221
0.0048790168
0.0048277935
0.0047700773
0.0047065699
0.0046380619
0.004565437
0.0044895709
0.0044112808
0.0043313213
0.0042503852
0.0041691019
0.0040880431
0.0040077322
0.0039286536
0.0038512582
0.003775964
0.0037031512
0.0036331537
0.0035662462
0.0035026299
0.0034424161
0.003385611
0.0033321064
0.003281682
0.0032340216
0.0031887388
0.003145411
0.0031036221
0.0030629993
0.0030232278
0.0029840535
0.0029452828
0.0029067641
0.0028683765
0.0028300384
0.0027917028
0.0027533569
0.0027150161
0.0026766945
0.0026384006
0.0026001407
0.0025619302
0.0025237855
0.0024857051
0.0024476658
0.0024096598
0.0023717021
0.0023337762
0.0022958367
0.0022578636
0.0022198667
0.0021818177
0.0021436661
0.002105394
0.0020670043
0.0020284478
0.0019896887
0.0019507294
0.0019115327
0.0018720578
0.0018323023
0.0017922365
0.0017518186
0.0017110481
0.0016698908
0.0016283121
0.0015863101
0.0015438473
0.0015009057
0.0014574628
0.0014134949
0.0013689915
0.0013239258
0.0012782849
0.0012320518
0.0011852128
0.0011377573
0.0010896776
0.0010409704
0.00099163756
0.00094168937
0.00089114305
0.00084003552
0.00078840648
0.00073635943
0.00068394251
0.00063148471
0.00057884839
0.00052736694
0.00047531847
0.00042929888
0.00037700307
0.00035519054
0.00027784781
0.00047945475
-0.00029082239
0.0049578949
0.0049357055
0.0049087395
0.0048750185
0.0048338801
0.0047859163
0.0047317965
0.0046720936
0.0046074781
0.0045387257
0.0044666261
0.0043919345
0.0043153641
0.0042375815
0.0041592025
0.0040807935
0.004002877
0.0039259385
0.0038504298
0.003776769
0.0037053366
0.0036364673
0.0035704387
0.0035074585
0.0034476494
0.0033910363
0.0033375378
0.0032869676
0.0032390485
0.0031934345
0.0031497421
0.0031075872
0.0030666187
0.0030265345
0.0029870865
0.0029480807
0.0029093639
0.0028708143
0.0028323466
0.0027939098
0.0027554845
0.0027170779
0.0026786996
0.0026403555
0.0026020503
0.0025637965
0.0025256072
0.0024874809
0.0024493973
0.0024113479
0.0023733434
0.0023353683
0.0022973817
0.0022593631
0.0022213179
0.0021832197
0.0021450216
0.0021067042
0.0020682673
0.0020296654
0.0019908635
0.0019518603
0.0019126209
0.001873106
0.0018333102
0.0017932051
0.0017527504
0.0017119428
0.0016707499
0.0016291375
0.0015871017
0.0015446068
0.001501634
0.001458161
0.0014141643
0.0013696326
0.0013245399
0.0012788727
0.0012326142
0.0011857507
0.0011382714
0.0010901685
0.0010414388
0.000992084
0.00094211422
0.00089154657
0.00084041773
0.00078876718
0.00073669774
0.0006842575
0.00063177298
0.0005791082
0.00052758538
0.00047549608
0.00042938041
0.00037700976
0.00035474444
0.00027908629
0.00046991582
-0.0002781961
0.004906624
0.0048853756
0.0048597637
0.004827974
0.004789361
0.0047443926
0.0046936078
0.0046374678
0.0045765354
0.004511485
0.004443022
0.0043718378
0.0042985995
0.004223942
0.0041484617
0.0040727141
0.0039972165
0.0039224514
0.0038488691
0.0037768864
0.0037068829
0.0036391937
0.0035740989
0.0035118121
0.0034524674
0.0033961072
0.0033426755
0.003292018
0.0032438943
0.0031979973
0.0031539807
0.0031114917
0.0030702017
0.0030298226
0.0029901132
0.0029508811
0.0029119724
0.0028732648
0.0028346701
0.0027961333
0.0027576292
0.0027191577
0.0026807236
0.0026423302
0.0026039806
0.0025656843
0.0025274516
0.0024892807
0.0024511536
0.0024130614
0.0023750108
0.0023369874
0.0022989541
0.0022608901
0.0022227969
0.0021846498
0.0021464052
0.0021080423
0.0020695581
0.0020309107
0.0019920655
0.0019530181
0.0019137358
0.0018741803
0.0018343438
0.0017941989
0.0017537068
0.0017128616
0.0016716324
0.0016299857
0.0015879157
0.0015453881
0.0015023835
0.0014588798
0.0014148537
0.0013702932
0.0013251728
0.0012794787
0.0012331943
0.0011863056
0.0011388019
0.0010906753
0.0010419225
0.00099254515
0.00094255316
0.00089196354
0.00084081266
0.00078913983
0.0007370471
0.00068458253
0.00063206986
0.00057937517
0.00052780809
0.00047567592
0.00042945609
0.00037700268
0.00035430313
0.00028027782
0.00046027203
-0.00026554988
0.0048565486
0.0048361702
0.004811797
0.0047817697
0.0047454659
0.0047032521
0.0046555587
0.0046027514
0.0045452968
0.0044837759
0.0044188132
0.0043510359
0.0042810616
0.0042094897
0.004136892
0.0040638081
0.0039907455
0.0039181808
0.0038465597
0.0037762961
0.0037077676
0.0036413086
0.0035772014
0.0035156652
0.0034568445
0.0034007985
0.0033474947
0.0032968094
0.0032485367
0.0032024064
0.0031581078
0.003115319
0.003073734
0.0030330797
0.0029931233
0.0029536752
0.0029145823
0.0028757218
0.0028370035
0.0027983688
0.0027597872
0.0027212519
0.0026827634
0.002644322
0.0026059291
0.0025675914
0.0025293167
0.0024911024
0.0024529329
0.0024147986
0.002376703
0.0023386324
0.0023005529
0.0022624437
0.002224303
0.0021861074
0.0021478162
0.0021094079
0.0020708764
0.0020321833
0.0019932944
0.0019542027
0.001914877
0.0018752805
0.0018354028
0.0017952178
0.0017546876
0.0017138044
0.0016725384
0.0016308568
0.0015887519
0.0015461911
0.0015031541
0.0014596191
0.0014155631
0.0013709731
0.0013258245
0.001280103
0.001233792
0.0011868776
0.0011393489
0.001091198
0.0010424216
0.00099302104
0.00094300622
0.00089239395
0.00084122033
0.00078952444
0.0007374075
0.00068491756
0.00063237532
0.00057964923
0.0005280349
0.00047585785
0.00042952531
0.00037698385
0.00035386189
0.0002814173
0.00045052406
-0.00025287689
0.004807605
0.0047880346
0.0047647993
0.0047363852
0.004702197
0.0046625188
0.0046176907
0.0045679973
0.0045138208
0.0044556569
0.0043940537
0.0043295748
0.004262787
0.0041942507
0.0041245091
0.0040540818
0.0039834626
0.0039131183
0.003843488
0.0037749805
0.0037079698
0.0036427892
0.0035797221
0.0035189928
0.0034607553
0.0034050847
0.0033519707
0.0033013177
0.0032529526
0.0032066401
0.0031621037
0.0031190514
0.0030772001
0.0030362925
0.0029961056
0.0029564537
0.0029171854
0.0028781784
0.002839341
0.0028006112
0.0027619541
0.0027233569
0.0026848156
0.0026463279
0.0026078931
0.0025695155
0.0025312002
0.0024929444
0.0024547337
0.0024165582
0.0023784187
0.0023403019
0.002302177
0.002264023
0.0022258354
0.0021875918
0.0021492542
0.0021108003
0.0020722218
0.0020334828
0.00199455
0.0019554137
0.0019160445
0.0018764064
0.0018364873
0.0017962615
0.0017556928
0.0017147711
0.0016734678
0.0016317507
0.0015896105
0.0015470157
0.0015039458
0.0014603791
0.0014162924
0.0013716724
0.001326495
0.0012807455
0.0012344074
0.0011874667
0.0011399124
0.0010917367
0.001042936
0.00099351163
0.00094347335
0.00089283778
0.00084164069
0.00078992094
0.00073777884
0.0006852625
0.00063268919
0.0005799302
0.00052826551
0.00047604153
0.00042958729
0.00037695326
0.00035342035
0.00028250069
0.00044067363
-0.00024017749
0.0047597355
0.0047409182
0.0047187326
0.0046917995
0.0046595535
0.0046222115
0.0045800392
0.0045332532
0.0044821618
0.0044271839
0.0043687964
0.0043075012
0.0042438139
0.0041782537
0.0041113322
0.0040435454
0.0039753695
0.0039072589
0.0038396432
0.003772924
0.0037074707
0.003643614
0.0035816379
0.0035217705
0.0034641751
0.0034089409
0.0033560784
0.0033055183
0.0032571184
0.0032106762
0.0031659479
0.0031226704
0.0030805837
0.003039447
0.0029990477
0.002959206
0.0029197728
0.0028806269
0.0028416759
0.002802855
0.0027641252
0.0027254684
0.0026868765
0.0026483445
0.0026098696
0.0025714538
0.0025330999
0.0024948043
0.0024565538
0.0024183384
0.0023801563
0.0023419946
0.0023038252
0.002265627
0.0022273932
0.0021891021
0.0021507183
0.002112219
0.0020735936
0.0020348088
0.0019958318
0.0019566509
0.0019172378
0.0018775578
0.0018375969
0.0017973301
0.0017567224
0.0017157617
0.0016744206
0.0016326674
0.0015904913
0.0015478621
0.0015047587
0.0014611596
0.0014170417
0.0013723912
0.0013271844
0.0012814063
0.0012350404
0.0011880728
0.0011404924
0.0010922913
0.0010434657
0.00099401691
0.00094395452
0.00089329497
0.00084207366
0.00079032924
0.00073816102
0.00068561719
0.00063301127
0.0005802178
0.00052849951
0.0004762265
0.00042964116
0.0003769095
0.00035298344
0.00028352231
0.0004307237
-0.00022745621
0.0047128871
0.0046947742
0.0046735606
0.0046479912
0.0046175317
0.0045823446
0.0045426345
0.0044985613
0.0044503695
0.0043984096
0.0043430926
0.0042848617
0.0042241818
0.0041615299
0.0040973834
0.004032212
0.0039664716
0.0039006008
0.0038350173
0.003770114
0.0037062538
0.0036437637
0.003582927
0.0035239753
0.0034670795
0.0034123422
0.0033597929
0.0033093867
0.0032610102
0.003214492
0.0031696191
0.0031261566
0.0030838675
0.0030425278
0.0030019367
0.0029619208
0.0029223348
0.0028830592
0.002844001
0.0028050939
0.002766295
0.0027275818
0.002688942
0.0026503681
0.0026118554
0.0025734035
0.0025350131
0.0024966797
0.0024583913
0.0024201374
0.0023819143
0.0023437091
0.0023054962
0.0022672546
0.0022289753
0.0021906374
0.0021522079
0.0021136633
0.0020749914
0.0020361608
0.0019971395
0.0019579139
0.0019184568
0.0018787346
0.0018387315
0.0017984233
0.0017577761
0.001716776
0.0016753966
0.0016336068
0.0015913944
0.0015487302
0.0015055928
0.0014619606
0.001417811
0.0013731293
0.0013278926
0.0012820853
0.0012356911
0.0011886961
0.001141089
0.0010928617
0.0010440106
0.00099453685
0.00094444968
0.00089376544
0.00084251916
0.00079074922
0.00073855387
0.00068598142
0.00063334131
0.00058051171
0.00052873642
0.00047641222
0.00042968586
0.00037685325
0.0003525478
0.00028447151
0.00042068136
-0.00021472038
0.0046670113
0.0046495595
0.004629249
0.0046049386
0.0045761256
0.0045429286
0.0045055021
0.004463959
0.0044184896
0.0043693835
0.0043169918
0.0042617024
0.004203931
0.004144112
0.0040826874
0.0040200981
0.0039567772
0.0038931452
0.0038296057
0.0037665406
0.0037043049
0.0036432206
0.0035835694
0.0035255851
0.0034694453
0.0034152645
0.0033630895
0.0033128982
0.0032646038
0.0032180641
0.0031730954
0.00312949
0.0030870333
0.0030455191
0.0030047585
0.002964586
0.0029248608
0.0028854659
0.0028463086
0.0028073211
0.0027684577
0.0027296917
0.0026910074
0.0026523947
0.0026138469
0.0025753613
0.0025369368
0.0024985681
0.0024602437
0.002421953
0.0023836906
0.0023454437
0.0023071884
0.0022689044
0.0022305806
0.0021921969
0.0021537221
0.0021151326
0.0020764146
0.0020375383
0.0019984727
0.0019592025
0.0019197011
0.0018799364
0.001839891
0.0017995411
0.0017588539
0.0017178141
0.0016763959
0.001634569
0.0015923197
0.00154962
0.001506448
0.0014627823
0.0014186003
0.001373887
0.0013286196
0.0012827826
0.0012363595
0.0011893364
0.001141702
0.0010934481
0.0010445709
0.00099507139
0.00094495877
0.00089424913
0.00084297707
0.00079118075
0.00073895723
0.000686355
0.000633679
0.00058081156
0.0005289757
0.00047659809
0.00042972023
0.00037678674
0.00035209678
0.00028534135
0.00041055586
-0.00020197637
0.0046220632
0.0046052336
0.004585765
0.0045626201
0.0045353276
0.0045039706
0.004468663
0.0044294792
0.0043865633
0.0043401517
0.0042905413
0.0042380686
0.0041831022
0.0041260345
0.0040672712
0.004007223
0.0039462981
0.0038848968
0.0038234066
0.0037621966
0.0037016123
0.0036419694
0.0035835468
0.0035265793
0.0034712499
0.0034176839
0.0033659437
0.003316028
0.0032678747
0.0032213688
0.0031763544
0.0031326495
0.0030900623
0.0030484037
0.0030074982
0.0029671886
0.0029273395
0.0028878372
0.00284859
0.0028095291
0.0027706067
0.0027317925
0.0026930677
0.0026544197
0.0026158398
0.0025773236
0.0025388677
0.0025004664
0.0024621084
0.0024237829
0.0023854832
0.0023471964
0.0023089003
0.002270575
0.0022322079
0.0021937793
0.0021552599
0.002116626
0.0020778623
0.0020389407
0.0019998309
0.001960516
0.0019209705
0.001881163
0.0018410751
0.0018006832
0.0017599557
0.0017188757
0.0016774184
0.0016355538
0.0015932673
0.0015505315
0.0015073244
0.0014636246
0.0014194097
0.0013746641
0.0013293656
0.0012834982
0.0012370457
0.0011899938
0.0011423315
0.0010940503
0.0010451463
0.00099562051
0.00094548175
0.00089474596
0.00084344731
0.0007916237
0.00073937092
0.00068673767
0.00063402404
0.00058111695
0.0005292168
0.00047678346
0.00042974301
0.00037671208
0.00035160193
0.00028614037
0.00040035623
-0.00018923275
0.0045780014
0.0045617589
0.0045430774
0.0045210141
0.0044951283
0.0044654748
0.0044321343
0.0043951503
0.0043546276
0.0043107567
0.0042637859
0.0042140044
0.0041617362
0.0041073327
0.0040511637
0.0039936084
0.0039350488
0.0038758633
0.0038164213
0.0037570777
0.0036981669
0.003639997
0.0035828427
0.0035269387
0.0034724723
0.0034195779
0.0033683319
0.0033187519
0.0032707986
0.0032243822
0.003179373
0.0031356139
0.0030929346
0.003051164
0.0030101398
0.0029697145
0.0029297587
0.0028901623
0.0028508357
0.0028117098
0.0027727348
0.0027338778
0.0026951172
0.0026564381
0.0026178299
0.0025792863
0.0025408024
0.0025023714
0.0024639825
0.0024256246
0.0023872897
0.0023489651
0.0023106301
0.0022722648
0.0022338557
0.0021953835
0.0021568203
0.0021181426
0.002079334
0.0020403673
0.0020012135
0.0019618542
0.0019222646
0.0018824142
0.0018422836
0.0018018495
0.0017610813
0.0017199609
0.0016784639
0.0016365613
0.001594237
0.0015514646
0.0015082219
0.0014644875
0.0014202391
0.0013754607
0.0013301304
0.0012842321
0.0012377495
0.0011906684
0.0011429775
0.0010946684
0.001045737
0.00099618417
0.00094601855
0.00089525584
0.00084392976
0.00079207791
0.00073979474
0.00068712918
0.0006343761
0.00058142745
0.0005294591
0.00047696761
0.0004297529
0.00037663139
0.00035103553
0.00028687604
0.00039009249
-0.00017650728
0.0045347871
0.0045191
0.0045011564
0.0044800993
0.0044555172
0.0044274427
0.0043959298
0.0043609967
0.0043227159
0.0042812378
0.0042367679
0.0041895523
0.0041398732
0.0040880428
0.0040343953
0.0039792784
0.0039230467
0.0038660553
0.0038086544
0.0037511827
0.0036939625
0.0036372927
0.0035814428
0.003526646
0.0034730927
0.0034209247
0.0033702309
0.0033210459
0.0032733511
0.0032270803
0.0031821281
0.003138361
0.0030956299
0.0030537814
0.0030126669
0.0029721489
0.002932105
0.0028924298
0.0028530357
0.0028138541
0.0027748343
0.0027359409
0.0026971499
0.0026584444
0.0026198122
0.0025812451
0.0025427368
0.0025042796
0.0024658627
0.0024274751
0.0023891077
0.0023507477
0.0023123756
0.002273972
0.0022355225
0.002197008
0.0021584021
0.0021196814
0.0020808285
0.0020418174
0.0020026198
0.0019632164
0.0019235828
0.0018836895
0.0018435162
0.0018030397
0.0017622305
0.0017210694
0.0016795325
0.0016375913
0.0015952289
0.0015524195
0.0015091406
0.001465371
0.0014210886
0.0013762768
0.0013309143
0.0012849844
0.0012384711
0.0011913602
0.00114364
0.0010953024
0.0010463429
0.00099676236
0.00094656914
0.00089577872
0.00084442432
0.00079254326
0.00074022851
0.0006875293
0.00063473483
0.00058174262
0.00052970196
0.00047714982
0.00042974842
0.00037655147
0.00035037837
0.00028753636
0.000379774
-0.00016382199
0.0044923841
0.0044772237
0.0044599736
0.0044398544
0.004416483
0.0043898739
0.00436006
0.0043270392
0.0042908575
0.0042516308
0.0042095269
0.004164753
0.0041175528
0.0040682012
0.0040169978
0.003964259
0.0039103115
0.0038554863
0.003800113
0.0037445132
0.0036889954
0.0036338483
0.0035793349
0.0035256857
0.0034730926
0.0034217037
0.0033716184
0.0033228865
0.0032755083
0.0032294391
0.0031845961
0.0031408684
0.0030981272
0.0030562365
0.0030150617
0.0029744761
0.0029343647
0.0028946272
0.002855179
0.0028159526
0.0027768966
0.0027379741
0.0026991591
0.0026604327
0.0026217814
0.0025831952
0.0025446666
0.0025061869
0.0024677456
0.0024293313
0.0023909342
0.0023525414
0.0023141345
0.0022756946
0.0022372064
0.0021986512
0.0021600038
0.0021212411
0.0020823449
0.0020432901
0.0020040491
0.001964602
0.0019249246
0.0018849884
0.0018447724
0.0018042535
0.0017634031
0.0017222011
0.001680624
0.0016386438
0.0015962428
0.0015533959
0.0015100804
0.0014662752
0.0014219582
0.0013771125
0.001331717
0.0012857551
0.0012392105
0.0011920691
0.0011443191
0.0010959522
0.001046964
0.00099735504
0.00094713346
0.00089631451
0.00084493088
0.00079301958
0.00074067201
0.00068793774
0.00063509987
0.00058206198
0.00052994473
0.00047732929
0.00042972814
0.00037647382
0.00034962396
0.00028810966
0.00036940696
-0.00015119742
0.0044507586
0.0044360986
0.0044195016
0.0044002587
0.0043780132
0.004352766
0.0043245326
0.0042932955
0.0042590785
0.0042219683
0.0041820998
0.0041396455
0.0040948135
0.0040478441
0.0039990036
0.0039485777
0.0038968651
0.0038441723
0.0037908073
0.0037370735
0.0036832648
0.0036296583
0.0035765093
0.0035240444
0.0034724557
0.0034218957
0.0033724733
0.0033242511
0.0032772466
0.0032314346
0.0031867535
0.0031431133
0.0031004048
0.0030585093
0.0030173061
0.0029766796
0.0029365229
0.0028967413
0.0028572539
0.0028179948
0.0027789126
0.0027399693
0.0027011374
0.0026623965
0.0026237315
0.0025851313
0.0025465869
0.0025080892
0.0024696272
0.0024311897
0.0023927661
0.0023543435
0.0023159044
0.0022774303
0.0022389054
0.0022003113
0.0021616239
0.0021228204
0.0020838819
0.0020447842
0.0020055006
0.0019660102
0.0019262894
0.0018863105
0.0018460519
0.0018054906
0.0017645987
0.0017233557
0.0016817381
0.0016397187
0.0015972788
0.0015543939
0.0015110414
0.0014672
0.0014228479
0.0013779677
0.0013325388
0.0012865442
0.0012399677
0.0011927951
0.0011450148
0.001096618
0.0010476003
0.00099796218
0.00094771146
0.00089686314
0.00084544933
0.00079350673
0.00074112506
0.00068835423
0.00063547085
0.00058238505
0.00053018673
0.00047750518
0.00042969075
0.00037639326
0.00034879155
0.00028858449
0.00035899737
-0.00013865319
0.0044098784
0.0043956949
0.0043797144
0.0043612915
0.004340095
0.0043161148
0.004289353
0.00425978
0.0042274014
0.0041922796
0.0041545207
0.0041142664
0.0040716927
0.0040270076
0.0039804459
0.0039322634
0.0038827315
0.0038321317
0.00378075
0.003728871
0.0036767726
0.0036247198
0.0035729586
0.0035217107
0.0034711671
0.0034214833
0.0033727755
0.0033251179
0.0032785429
0.0032330433
0.0031885766
0.0031450727
0.0031024409
0.0030605792
0.0030193811
0.002978742
0.0029385639
0.0028987581
0.0028592479
0.0028199696
0.0027808723
0.0027419177
0.0027030769
0.0026643286
0.0026256563
0.0025870477
0.0025484927
0.0025099816
0.0024715033
0.0024330464
0.0023945999
0.0023561508
0.0023176824
0.0022791766
0.0022406174
0.0022019864
0.0021632607
0.0021244177
0.0020854382
0.0020462987
0.0020069731
0.0019674401
0.0019276764
0.0018876551
0.001847354
0.0018067505
0.0017658172
0.0017245329
0.0016828746
0.0016408156
0.0015983365
0.0015554134
0.0015120233
0.0014681453
0.0014237576
0.0013788425
0.0013333796
0.0012873517
0.0012407428
0.0011935384
0.001145727
0.0010972996
0.0010482518
0.00099858377
0.00094830311
0.00089742454
0.00084597956
0.00079400455
0.00074158742
0.00068877848
0.0006358474
0.00058271132
0.00053042726
0.0004776766
0.00042963479
0.00037630806
0.00034790579
0.0002889395
0.00034854769
-0.00012620789
0.0043697134
0.0043559842
0.0043405866
0.0043229327
0.004302715
0.004279915
0.0042545245
0.0042265043
0.0041958459
0.004162591
0.0041268209
0.0040886503
0.0040482262
0.004005727
0.0039613578
0.003915346
0.0038679362
0.0038193851
0.0037699564
0.0037199155
0.0036695236
0.0036190323
0.003568678
0.0035186757
0.0034692141
0.0034204504
0.0033725064
0.0033254662
0.0032793752
0.003234242
0.0031900422
0.0031467235
0.0031042132
0.0030624252
0.003021267
0.0029806455
0.0029404713
0.0029006628
0.0028611477
0.002821865
0.0027827652
0.0027438097
0.0027049692
0.0026662213
0.0026275487
0.002588938
0.0025503783
0.0025118591
0.0024733692
0.0024348972
0.0023964318
0.0023579599
0.0023194653
0.0022809307
0.0022423397
0.0022036741
0.002164912
0.0021260313
0.0020870123
0.0020478322
0.0020084655
0.0019688907
0.0019290847
0.0018890214
0.0018486783
0.0018080326
0.0017670578
0.0017257324
0.0016840333
0.0016419345
0.001599416
0.0015564541
0.0015130262
0.0014691112
0.0014246873
0.0013797368
0.0013342393
0.0012881776
0.0012415356
0.0011942989
0.0011464557
0.0010979972
0.0010489185
0.00099921976
0.00094890833
0.00089799861
0.00084652146
0.00079451287
0.00074205889
0.0006892102
0.00063622911
0.00058304025
0.00053066559
0.00047784261
0.00042955877
0.00037621642
0.00034697244
0.00028915409
0.00033806763
-0.00011388057
0.0043302347
0.0043169395
0.0043020939
0.0042851624
0.0042658594
0.0042441601
0.0042200482
0.0041934778
0.0041644289
0.0041329259
0.0040990292
0.0040628295
0.0040244483
0.0039840367
0.0039417725
0.003897856
0.0038525059
0.0038059547
0.003758444
0.0037102193
0.0036615249
0.0036125983
0.0035636649
0.0035149325
0.003466586
0.0034187829
0.003371649
0.0033252765
0.003279722
0.0032350084
0.0031911271
0.0031480428
0.0031056993
0.0030640259
0.0030229438
0.0029823712
0.0029422281
0.0029024398
0.0028629391
0.0028236683
0.0027845797
0.0027456352
0.0027068051
0.0026680665
0.0026294014
0.0025907956
0.0025522374
0.002513716
0.0024752199
0.0024367376
0.0023982576
0.0023597669
0.0023212499
0.0022826896
0.0022440696
0.0022053721
0.0021665759
0.0021276593
0.0020886024
0.002049383
0.0020099764
0.0019703608
0.0019305134
0.0018904086
0.0018500237
0.0018093363
0.0017683202
0.0017269537
0.0016852138
0.0016430749
0.0016005167
0.0015575159
0.0015140499
0.0014700974
0.001425637
0.0013806505
0.0013351179
0.0012890219
0.0012423463
0.0011950766
0.001147201
0.0010987105
0.0010496003
0.0009998701
0.00094952707
0.00089858527
0.00084707488
0.00079503153
0.00074253922
0.00068964908
0.00063661557
0.00058337131
0.00053090097
0.00047800223
0.00042946116
0.00037611669
0.00034596063
0.00028916326
0.00032763459
-0.00010168063
0.0042914149
0.0042785349
0.0042642131
0.0042479611
0.0042295139
0.0042088424
0.0041859239
0.0041607076
0.0041331645
0.004103305
0.0040711715
0.0040368342
0.0040003916
0.0039619703
0.0039217228
0.0038798242
0.0038364684
0.0037918645
0.0037462322
0.0036997972
0.0036527863
0.0036054225
0.0035579196
0.0035104768
0.0034632744
0.0034164686
0.003370188
0.0033245307
0.0032795632
0.0032353207
0.0031918088
0.0031490077
0.0031068766
0.0030653595
0.0030243907
0.0029838998
0.0029438163
0.0029040727
0.0028646073
0.0028253662
0.0027863038
0.0027473831
0.0027085745
0.002669855
0.0026312061
0.0025926131
0.0025540635
0.0025155462
0.0024770497
0.0024385625
0.0024000728
0.0023615678
0.0023230323
0.0022844498
0.0022458042
0.0022070776
0.0021682497
0.0021292993
0.0020902066
0.0020509496
0.0020115044
0.0019718491
0.0019319611
0.0018918156
0.0018513896
0.0018106608
0.0017696037
0.0017281962
0.0016864155
0.0016442365
0.0016016386
0.0015585986
0.0015150941
0.0014711038
0.0014266064
0.0013815835
0.0013360154
0.0012898845
0.0012431747
0.0011958714
0.0011479628
0.0010994397
0.0010502972
0.0010005347
0.00095015922
0.00089918439
0.00084763969
0.00079556032
0.00074302816
0.00069009478
0.00063700633
0.00058370389
0.00053113263
0.0004781544
0.00042934041
0.00037600806
0.00034476743
0.00028894011
0.00031735662
-8.9619782e-05
0.0042532277
0.0042407453
0.0042269211
0.0042113093
0.0041936643
0.0041739534
0.0041521496
0.0041281986
0.0041020647
0.0040737465
0.0040432716
0.0040106922
0.0039760866
0.0039395597
0.0039012409
0.0038612815
0.0038198523
0.0037771398
0.0037333422
0.0036886658
0.0036433199
0.0035975123
0.0035514445
0.0035053067
0.0034592731
0.0034134974
0.0033681096
0.0033232123
0.00327888
0.0032351582
0.0031920656
0.0031495959
0.0031077229
0.0030664042
0.0030255869
0.0029852117
0.0029452176
0.0029055445
0.0028661368
0.0028269444
0.0027879246
0.0027490418
0.0027102671
0.0026715775
0.0026329543
0.0025943825
0.0025558494
0.0025173433
0.0024788529
0.0024403665
0.0024018724
0.002363358
0.0023248084
0.0022862078
0.0022475399
0.0022087875
0.0021699308
0.0021309491
0.0020918226
0.0020525299
0.0020130477
0.0019733541
0.0019334267
0.0018932412
0.0018527749
0.0018120052
0.0017709074
0.0017294592
0.0016876378
0.0016454188
0.001602781
0.0015597017
0.0015161585
0.0014721301
0.0014275954
0.0013825357
0.0013369316
0.0012907653
0.0012440207
0.0011966833
0.0011487409
0.0011001846
0.001051009
0.0010012136
0.0009508047
0.00089979585
0.00084821571
0.00079609903
0.00074352543
0.00069054693
0.00063740094
0.0005840374
0.00053135978
0.000478298
0.00042919503
0.00037589086
0.00034337331
0.00028846777
0.00030726455
-7.7725972e-05
0.0042156489
0.0042035472
0.0041901962
0.0041751886
0.0041582963
0.0041394844
0.0041187225
0.0040959545
0.0040711393
0.0040442664
0.0040153507
0.0039844291
0.0039515625
0.0039168361
0.0038803583
0.0038422589
0.0038026868
0.0037618069
0.003719797
0.0036768441
0.0036331401
0.0035888774
0.0035442449
0.0034994227
0.0034545781
0.0034098615
0.0033654023
0.0033213065
0.0032776547
0.0032345014
0.0031918763
0.0031497856
0.003108216
0.0030671381
0.0030265112
0.0029862867
0.0029464129
0.0029068377
0.0028675112
0.002828388
0.0027894285
0.0027505989
0.0027118715
0.0026732236
0.0026346367
0.0025960956
0.0025575873
0.0025191002
0.0024806228
0.0024421437
0.0024036511
0.0023651326
0.0023265739
0.0022879594
0.0022492733
0.0022104986
0.0021716162
0.0021326059
0.0020934482
0.0020541219
0.0020146044
0.001974874
0.0019349085
0.0018946842
0.0018541784
0.0018133686
0.0017722306
0.001730742
0.0016888803
0.0016466213
0.0016039436
0.0015608249
0.0015172427
0.001473176
0.0014286037
0.0013835069
0.0013378662
0.0012916641
0.0012448842
0.001197512
0.0011495354
0.0011009452
0.0010517358
0.0010019065
0.00095146336
0.0009004195
0.00084880277
0.00079664744
0.00074403076
0.00069100518
0.00063779892
0.0005843712
0.00053158161
0.00047843187
0.00042902344
0.00037576759
0.00034182517
0.00028767954
0.00029732597
-6.6005464e-05
0.0041786518
0.0041669158
0.0041540155
0.0041395788
0.0041233939
0.0041054241
0.0040856369
0.0040639754
0.0040403948
0.004014877
0.0039874265
0.0039580674
0.0039268451
0.0038938277
0.0038591046
0.003822786
0.0037850004
0.0037458925
0.0037056204
0.0036643524
0.0036222632
0.0035795299
0.0035363283
0.0034928279
0.0034491884
0.0034055554
0.003362057
0.0033188009
0.0032758721
0.0032333326
0.0031912215
0.0031495561
0.0031083348
0.0030675403
0.0030271429
0.0029871049
0.0029473835
0.0029079344
0.0028687141
0.0028296819
0.0027908016
0.0027520418
0.0027133762
0.0026747828
0.0026362435
0.0025977433
0.0025592692
0.0025208095
0.0024823529
0.002443888
0.0024054034
0.0023668866
0.002328324
0.0022897005
0.0022510005
0.0022122075
0.0021733028
0.0021342671
0.0020950807
0.0020557233
0.0020161726
0.0019764071
0.0019364051
0.0018961432
0.0018555988
0.0018147497
0.0017735722
0.0017320437
0.001690142
0.0016478432
0.0016051258
0.0015619677
0.0015183465
0.0014742413
0.001429631
0.0013844967
0.0013388192
0.0012925807
0.0012457651
0.0011983576
0.0011503461
0.0011017212
0.0010524773
0.0010026133
0.00095213508
0.00090105518
0.00084940067
0.0007972053
0.00074454383
0.00069146915
0.00063819978
0.00058470469
0.00053179727
0.00047855498
0.00042882372
0.00037563307
0.00034012001
0.00028655454
0.0002874959
-5.4425661e-05
0.0038569872
0.0040037009
0.0042167333
0.0044652639
0.0047625165
0.0051240112
0.0055230312
0.0060786553
0.006658857
0.0082655444
0.0038569783
0.0040036796
0.0042166944
0.0044651825
0.0047623388
0.0051235425
0.0055219744
0.006073522
0.0066480035
0.0079567314
0.0038569611
0.0040036414
0.0042166232
0.0044650327
0.0047620047
0.0051227089
0.00551995
0.0060653496
0.0066288414
0.0077163149
0.0038569337
0.0040035811
0.004216511
0.0044647963
0.0047614767
0.0051214017
0.0055168628
0.006053524
0.0066013038
0.0075274721
0.0038568951
0.0040034965
0.0042163534
0.0044644645
0.0047607371
0.005119579
0.0055125801
0.0060383585
0.0065646804
0.0073580473
0.0038568445
0.0040033855
0.0042161465
0.0044640292
0.0047597688
0.0051172085
0.0055069378
0.0060202077
0.0065198155
0.0072015893
0.0038567806
0.0040032455
0.0042158857
0.0044634809
0.0047585527
0.0051142506
0.0054999528
0.0059991336
0.0064688505
0.0070571646
0.0038567022
0.0040030739
0.0042155659
0.0044628095
0.0047570684
0.0051106658
0.0054916227
0.0059752007
0.0064144409
0.0069213752
0.0038566079
0.0040028678
0.0042151818
0.0044620042
0.0047552947
0.0051064162
0.0054819175
0.0059485661
0.0063578192
0.0067923363
0.0038564964
0.004002624
0.0042147277
0.0044610537
0.0047532099
0.0051014652
0.005470811
0.0059194202
0.0062992352
0.0066697463
0.0038563661
0.0040023392
0.0042141974
0.0044599459
0.0047507915
0.0050957773
0.0054582854
0.0058879456
0.0062390118
0.0065533428
0.0038562152
0.0040020099
0.0042135845
0.0044586683
0.0047480166
0.005089319
0.0054443295
0.0058543237
0.0061775079
0.0064427695
0.0038560421
0.0040016322
0.004212882
0.0044572076
0.0047448616
0.0050820585
0.0054289385
0.0058187364
0.0061150517
0.0063376501
0.0038558447
0.0040012022
0.0042120827
0.00445555
0.0047413025
0.005073966
0.0054121142
0.005781364
0.0060519365
0.006237614
0.0038556212
0.0040007155
0.0042111787
0.0044536811
0.0047373151
0.0050650143
0.0053938653
0.0057423839
0.0059884264
0.0061422992
0.0038553691
0.0040001675
0.0042101618
0.0044515858
0.0047328748
0.0050551789
0.0053742072
0.0057019688
0.0059247587
0.0060513551
0.0038550862
0.0039995532
0.0042090233
0.0044492485
0.004727957
0.005044438
0.0053531621
0.0056602863
0.0058611441
0.005964446
0.0038547699
0.0039988675
0.0042077539
0.004446653
0.0047225374
0.0050327728
0.0053307586
0.005617498
0.0057977681
0.0058812544
0.0038544175
0.0039981048
0.004206344
0.0044437826
0.0047165914
0.0050201679
0.0053070316
0.0055737583
0.0057347924
0.0058014831
0.0038540261
0.0039972593
0.0042047832
0.0044406201
0.0047100953
0.0050066114
0.0052820221
0.0055292141
0.0056723555
0.0057248568
0.0038535925
0.0039963245
0.004203061
0.0044371479
0.0047030256
0.0049920946
0.0052557766
0.0054840042
0.0056105746
0.0056511226
0.0038531135
0.0039952941
0.0042011659
0.004433348
0.0046953595
0.0049766127
0.0052283469
0.0054382592
0.005549547
0.0055800503
0.0038525854
0.0039941608
0.0041990862
0.0044292021
0.0046870752
0.0049601648
0.0051997893
0.0053921007
0.0054893515
0.0055114315
0.0038520044
0.0039929175
0.0041968095
0.0044246915
0.0046781519
0.0049427535
0.0051701644
0.0053456417
0.0054300502
0.0054450788
0.0038513665
0.0039915561
0.0041943231
0.0044197975
0.0046685701
0.0049243853
0.0051395362
0.0052989862
0.0053716901
0.005380824
0.0038506673
0.0039900686
0.0041916134
0.0044145011
0.0046583117
0.0049050708
0.0051079717
0.0052522295
0.0053143048
0.0053185171
0.0038499021
0.0039884463
0.0041886666
0.0044087835
0.0046473601
0.004884824
0.0050755403
0.0052054584
0.0052579165
0.005258024
0.003849066
0.00398668
0.0041854683
0.0044026259
0.0046357007
0.0048636628
0.0050423128
0.0051587511
0.005202537
0.005199225
0.0038481537
0.0039847602
0.0041820037
0.0043960095
0.0046233206
0.0048416085
0.0050083612
0.005112178
0.0051481698
0.0051420131
0.0038471597
0.003982677
0.0041782574
0.0043889161
0.0046102093
0.004818686
0.0049737578
0.0050658015
0.0050948112
0.0050862922
0.0038460779
0.00398042
0.0041742137
0.0043813276
0.0045963584
0.0047949234
0.0049385746
0.0050196771
0.0050424519
0.0050319758
0.0038449019
0.0039779781
0.0041698566
0.0043732268
0.0045817618
0.0047703515
0.0049028828
0.0049738531
0.0049910777
0.0049789859
0.003843625
0.00397534
0.0041651695
0.0043645969
0.0045664161
0.0047450043
0.0048667523
0.0049283716
0.004940671
0.0049272515
0.0038422401
0.003972494
0.0041601357
0.0043554218
0.0045503203
0.0047189179
0.0048302508
0.0048832688
0.0048912114
0.0048767079
0.0038407395
0.0039694279
0.0041547383
0.0043456866
0.0045334762
0.004692131
0.004793444
0.0048385756
0.0048426765
0.0048272956
0.0038391152
0.0039661288
0.00414896
0.0043353771
0.0045158884
0.0046646838
0.0047563948
0.0047943176
0.0047950425
0.0047789602
0.0038373586
0.0039625839
0.0041427837
0.0043244806
0.0044975641
0.0046366183
0.0047191628
0.0047505164
0.0047482848
0.004731651
0.0038354606
0.0039587794
0.0041361921
0.0043129854
0.004478513
0.0046079776
0.0046818047
0.0047071893
0.0047023782
0.0046853211
0.0038334118
0.0039547018
0.004129168
0.0043008815
0.004458748
0.0045788057
0.0046443732
0.00466435
0.0046572975
0.0046399269
0.0038312021
0.0039503366
0.0041216941
0.0042881601
0.0044382842
0.0045491471
0.0046069178
0.004622009
0.0046130175
0.0045954275
0.0038288207
0.0039456695
0.0041137538
0.0042748142
0.0044171394
0.0045190466
0.0045694839
0.0045801741
0.0045695133
0.0045517847
0.0038262566
0.0039406857
0.0041053303
0.0042608386
0.0043953338
0.0044885488
0.0045321134
0.0045388503
0.0045267604
0.0045089625
0.0038234979
0.0039353701
0.0040964077
0.0042462299
0.0043728898
0.0044576978
0.0044948442
0.0044980404
0.0044847348
0.0044669269
0.0038205323
0.0039297077
0.0040869703
0.0042309863
0.0043498319
0.004426537
0.0044577108
0.0044577452
0.004443413
0.0044256461
0.0038173467
0.0039236831
0.0040770031
0.0042151084
0.0043261865
0.004395109
0.0044207438
0.0044179636
0.0044027722
0.0043850895
0.0038139276
0.003917281
0.004066492
0.0041985985
0.0043019819
0.0043634548
0.0043839708
0.0043786932
0.0043627901
0.0043452284
0.0038102606
0.0039104861
0.0040554235
0.0041814609
0.0042772474
0.0043316143
0.0043474158
0.0043399299
0.0043234449
0.0043060352
0.0038063311
0.0039032832
0.0040437852
0.0041637022
0.0042520139
0.0042996255
0.0043111003
0.0043016688
0.0042847154
0.0042674836
0.0038021242
0.0038956578
0.0040315663
0.0041453308
0.0042263124
0.004267524
0.0042750419
0.0042639031
0.004246581
0.0042295489
0.0037976257
0.0038875971
0.0040187567
0.0041263574
0.0042001731
0.004235341
0.0042392532
0.0042266222
0.0042090177
0.0041922034
0.0037926158
0.0038787337
0.0040047861
0.0041059824
0.0041725299
0.0042017753
0.0042022788
0.0041882952
0.0041704718
0.004153897
0.0037864582
0.0038680201
0.0039880397
0.0040819686
0.0041404875
0.004163422
0.0041604308
0.0041451271
0.0041271384
0.0041108528
0.0037784531
0.0038544232
0.0039669784
0.0040523466
0.0041017394
0.0041177851
0.0041111499
0.0040945667
0.0040764982
0.0040605835
0.0037679404
0.0038371789
0.0039405404
0.0040159631
0.0040552529
0.0040640097
0.004053724
0.0040359897
0.0040179644
0.0040025059
0.0037539724
0.003815342
0.0039075173
0.0039715546
0.004000012
0.0040013495
0.003987584
0.0039689192
0.0039511035
0.0039362113
0.003735245
0.0037877069
0.0038666201
0.0039178578
0.0039351278
0.0039292735
0.0039123972
0.003893085
0.003875627
0.0038613639
0.0037101397
0.0037527923
0.0038164025
0.0038536534
0.0038598993
0.0038475123
0.0038281193
0.0038085677
0.0037917265
0.0037782459
0.0036766615
0.0037087892
0.0037554177
0.0037779914
0.0037739739
0.0037561099
0.0037348477
0.0037152728
0.0036990556
0.0036863305
0.0036324088
0.0036536233
0.0036823746
0.003690348
0.0036774204
0.0036555819
0.0036335334
0.0036146231
0.0035994313
0.0035876528
0.0035746969
0.0035851442
0.0035963153
0.0035907488
0.0035705904
0.0035458969
0.003523249
0.00350473
0.0034903036
0.003479358
0.0035008586
0.0035014177
0.0034967373
0.0034798635
0.0034551202
0.003430086
0.0034087444
0.0033917649
0.0033786329
0.0033686826
0.0034087595
0.0034011929
0.0033837248
0.0033578952
0.0033291734
0.0033029109
0.0032815746
0.0032652273
0.0032529961
0.0032439462
0.0032975217
0.0032843174
0.0032588574
0.0032297066
0.0032026969
0.0031799338
0.0031616081
0.0031473084
0.0031364458
0.0031283627
0.00316838
0.0031518829
0.0031203792
0.0030858823
0.0030557124
0.0030318916
0.0030139236
0.0030006311
0.0029908866
0.0029837867
0.003025273
0.0030107539
0.0029851926
0.0029599449
0.0029388831
0.0029216164
0.0029075319
0.0028964261
0.0028880041
0.0028817662
0.0028730588
0.0028527341
0.0028181059
0.0027851297
0.002760661
0.002743321
0.0027305556
0.0027210316
0.0027140447
0.0027089948
0.002731171
0.0027336499
0.0027269684
0.0027146376
0.0027010155
0.002688268
0.0026775159
0.0026690571
0.0026626369
0.0026578444
0.0025604675
0.0025205008
0.0024776061
0.0024471659
0.0024263608
0.0024112115
0.0024000552
0.002392005
0.0023862532
0.0023821292
0.0041406998
0.004129331
0.0041168793
0.0041030062
0.0040875148
0.0040703674
0.0040515307
0.0040309476
0.0040085708
0.0039843762
0.003958359
0.0039305321
0.0039009274
0.003869597
0.003836613
0.0038020667
0.0037660672
0.0037287396
0.0036902225
0.0036506655
0.0036102258
0.0035690648
0.0035273442
0.0034852222
0.0034428498
0.0034003668
0.0033578984
0.0033155527
0.0032734181
0.0032315626
0.0031900334
0.0031488579
0.0031080454
0.0030675898
0.0030274728
0.0029876669
0.0029481387
0.0029088518
0.0028697693
0.0028308559
0.0027920792
0.0027534107
0.0027148257
0.0026763036
0.0026378269
0.0025993809
0.0025609529
0.0025225313
0.002484105
0.002445663
0.0024071938
0.0023686856
0.002330125
0.0022914976
0.0022527881
0.0022139804
0.0021750567
0.0021359979
0.002096785
0.0020573979
0.0020178151
0.0019780153
0.001937977
0.0018976774
0.0018570942
0.0018162053
0.0017749874
0.0017334181
0.0016914751
0.0016491352
0.0016063767
0.0015631776
0.0015195158
0.0014753703
0.0014307203
0.0013855467
0.0013398305
0.0012935537
0.0012467003
0.0011992555
0.0011512071
0.0011025454
0.0010532648
0.0010033639
0.00095284804
0.00090172951
0.00085003437
0.00079779582
0.00074508585
0.00069195783
0.00063861959
0.00058505096
0.00053201418
0.00047867083
0.00042858433
0.00037544216
0.00033823359
0.00028504319
0.00027730445
-4.2456727e-05
0.004098051
0.0040870854
0.0040751214
0.0040618553
0.0040471061
0.0040308354
0.0040130096
0.0039935729
0.0039724761
0.0039496896
0.0039252007
0.0038990117
0.0038711413
0.003841626
0.0038105206
0.0037778972
0.0037438448
0.0037084678
0.0036718842
0.0036342232
0.0035956228
0.0035562267
0.0035161806
0.0034756294
0.0034347134
0.0033935645
0.0033523036
0.0033110375
0.0032698567
0.0032288341
0.0031880245
0.0031474646
0.0031071748
0.0030671605
0.003027415
0.0029879218
0.0029486578
0.0029095955
0.0028707058
0.0028319595
0.0027933289
0.0027547891
0.0027163181
0.0026778968
0.0026395089
0.0026011405
0.0025627793
0.0025244141
0.0024860342
0.002447629
0.0024091874
0.0023706979
0.0023321478
0.0022935234
0.0022548098
0.0022159916
0.0021770515
0.0021379714
0.0020987325
0.0020593154
0.0020196993
0.0019798632
0.001939786
0.0018994456
0.00185882
0.0018178871
0.0017766244
0.0017350094
0.0016930202
0.0016506339
0.0016078288
0.0015645831
0.001520875
0.0014766835
0.001431988
0.0013867692
0.0013410083
0.0012946874
0.0012477903
0.0012003022
0.0011522108
0.0011035063
0.0010541828
0.0010042387
0.00095367873
0.0009025147
0.00085077153
0.00079848175
0.00074571398
0.00069252218
0.00063910131
0.0005854441
0.00053225156
0.00047878542
0.00042827296
0.00037511679
0.00033601467
0.00028291594
0.00026572514
-2.9024691e-05
0.0040482407
0.0040377316
0.0040263141
0.0040137213
0.0039997898
0.0039844814
0.0039677625
0.0039495794
0.003929882
0.0039086366
0.0038858233
0.0038614344
0.0038354762
0.0038079698
0.0037789526
0.0037484771
0.0037166113
0.0036834377
0.0036490516
0.00361356
0.0035770793
0.0035397326
0.0035016472
0.0034629518
0.0034237731
0.0033842326
0.0033444443
0.0033045114
0.0032645247
0.0032245605
0.0031846797
0.0031449282
0.0031053367
0.0030659225
0.003026691
0.0029876378
0.0029487512
0.0029100139
0.0028714056
0.0028329047
0.0027944898
0.0027561404
0.0027178381
0.0026795664
0.0026413108
0.0026030587
0.0025647988
0.0025265205
0.002488214
0.002449869
0.0024114753
0.0023730221
0.0023344972
0.0022958878
0.0022571799
0.0022183586
0.0021794077
0.0021403098
0.0021010469
0.0020616002
0.0020219497
0.0019820751
0.0019419558
0.0019015704
0.0018608972
0.0018199146
0.0017786006
0.001736933
0.0016948902
0.0016524496
0.0016095899
0.0015662893
0.0015225263
0.0014782801
0.0014335302
0.0013882574
0.0013424429
0.0012960689
0.001249119
0.0012015785
0.0011534349
0.0011046784
0.0010553025
0.0010053053
0.00095469109
0.00090347087
0.00085166816
0.00079931453
0.00074647451
0.00069320239
0.00063967756
0.00058590739
0.00053251922
0.00047889202
0.0004278515
0.00037459289
0.00033329051
0.00027985452
0.00025218364
-1.3831995e-05
0.0039906764
0.0039806715
0.0039698535
0.0039579914
0.0039449408
0.0039306646
0.0039151301
0.003898286
0.003880083
0.0038604845
0.0038394647
0.0038170077
0.0037931082
0.0037677736
0.0037410243
0.003712894
0.0036834297
0.0036526913
0.0036207511
0.0035876923
0.0035536078
0.0035185982
0.0034827698
0.003446232
0.0034090951
0.0033714673
0.0033334525
0.0032951476
0.0032566405
0.0032180083
0.0031793164
0.0031406176
0.003101952
0.003063348
0.0030248229
0.0029863848
0.0029480336
0.0029097634
0.0028715642
0.002833423
0.0027953258
0.0027572582
0.0027192064
0.0026811576
0.0026431001
0.0026050233
0.0025669174
0.0025287734
0.0024905823
0.002452335
0.0024140222
0.002375634
0.0023371593
0.0022985864
0.0022599022
0.0022210929
0.0021821433
0.0021430371
0.0021037573
0.0020642858
0.0020246039
0.0019846919
0.00194453
0.0019040975
0.0018633734
0.0018223368
0.001780966
0.0017392396
0.0016971361
0.0016546337
0.0016117111
0.0015683469
0.00152452
0.0014802098
0.0014353959
0.0013900592
0.0013441811
0.0012977436
0.0012507306
0.0012031272
0.0011549207
0.0011061011
0.0010566615
0.0010065996
0.00095591889
0.0009046294
0.00085275296
0.00080031974
0.00074738933
0.00069401579
0.00064036019
0.00058644494
0.00053281224
0.00047896956
0.00042728264
0.00037381183
0.00032994818
0.00027560437
0.00023670099
2.4923097e-06
0.0039249645
0.0039155139
0.0039053455
0.0038942646
0.0038821464
0.0038689558
0.0038546615
0.0038392156
0.0038225711
0.00380469
0.0037855426
0.0037651066
0.0037433675
0.0037203204
0.0036959711
0.0036703359
0.0036434421
0.0036153283
0.0035860437
0.0035556478
0.0035242092
0.0034918048
0.0034585179
0.0034244365
0.0033896517
0.0033542553
0.0033183376
0.0032819856
0.0032452809
0.0032082981
0.0031711034
0.0031337538
0.0030962964
0.0030587686
0.0030211984
0.0029836053
0.0029460011
0.0029083915
0.002870777
0.0028331547
0.0027955189
0.0027578627
0.0027201783
0.0026824576
0.0026446929
0.0026068768
0.002569002
0.0025310613
0.0024930476
0.0024549535
0.0024167711
0.0023784917
0.0023401058
0.002301603
0.0022629716
0.0022241991
0.0021852717
0.0021461744
0.0021068915
0.0020674061
0.0020277007
0.0019877568
0.0019475553
0.0019070768
0.0018663011
0.0018252079
0.0017837765
0.001741986
0.0016998155
0.0016572439
0.0016142502
0.0015708135
0.0015269132
0.0014825288
0.0014376404
0.0013922289
0.0013462758
0.0012997634
0.0012526753
0.0012049967
0.0011567148
0.001107819
0.0010583024
0.0010081617
0.00095739947
0.00090602469
0.00085405692
0.00080152439
0.00074848079
0.00069497882
0.00064115862
0.00058705604
0.00053311884
0.00047898444
0.00042651798
0.00037265642
0.00032588062
0.00026998628
0.00021950767
1.8937993e-05
0.003850732
0.0038418706
0.0038323878
0.0038221188
0.0038109589
0.003798877
0.0037858441
0.0037718166
0.0037567504
0.0037406082
0.0037233587
0.0037049749
0.003685436
0.0036647276
0.0036428435
0.0036197854
0.0035955636
0.0035701973
0.0035437148
0.003516153
0.0034875571
0.0034579803
0.0034274823
0.0033961286
0.003363989
0.0033311359
0.0032976433
0.0032635845
0.0032290308
0.00319405
0.003158705
0.0031230527
0.0030871435
0.0030510204
0.0030147193
0.002978269
0.0029416916
0.0029050034
0.0028682156
0.0028313351
0.0027943656
0.0027573083
0.0027201624
0.0026829262
0.0026455969
0.0026081713
0.0025706457
0.002533016
0.0024952776
0.0024574255
0.0024194538
0.0023813558
0.0023431239
0.0023047496
0.0022662229
0.0022275332
0.0021886683
0.0021496152
0.0021103595
0.0020708861
0.0020311788
0.0019912208
0.0019509942
0.0019104809
0.0018696618
0.0018285178
0.001787029
0.0017451756
0.0017029375
0.0016602942
0.0016172255
0.0015737112
0.001529731
0.0014852649
0.0014402936
0.001394798
0.0013487599
0.0013021617
0.0012549872
0.0012072213
0.0011588511
0.0011098657
0.0010602574
0.0010100224
0.00095916194
0.00090768334
0.00085560349
0.0008029479
0.00074976327
0.00069609908
0.0006420723
0.00058772775
0.00053341325
0.00047888371
0.00042548953
0.00037097916
0.00032096251
0.00026294315
0.00020125515
3.4068602e-05
0.0037683033
0.0037600617
0.0037512889
0.0037418524
0.0037316635
0.0037206941
0.003708918
0.0036962969
0.0036827911
0.0036683653
0.0036529882
0.0036366311
0.003619269
0.0036008817
0.003581454
0.0035609766
0.0035394463
0.0035168666
0.0034932479
0.0034686075
0.0034429698
0.0034163658
0.0033888329
0.0033604141
0.0033311575
0.003301115
0.0032703416
0.003238894
0.0032068296
0.0031742051
0.0031410754
0.0031074928
0.0030735056
0.0030391582
0.00300449
0.0029695353
0.0029343235
0.0028988792
0.0028632224
0.0028273691
0.0027913316
0.0027551196
0.0027187398
0.0026821975
0.0026454959
0.0026086371
0.002571622
0.0025344506
0.0024971219
0.002459634
0.0024219839
0.0023841677
0.0023461804
0.0023080158
0.0022696665
0.002231124
0.0021923785
0.002153419
0.0021142335
0.0020748089
0.0020351309
0.0019951845
0.0019549538
0.001914422
0.001873572
0.0018323857
0.001790845
0.0017489311
0.001706625
0.0016639073
0.0016207588
0.00157716
0.0015330914
0.0014885338
0.0014434683
0.0013978762
0.0013517395
0.0013050412
0.0012577647
0.0012098952
0.0011614193
0.0011123259
0.0010626066
0.0010122563
0.00096127481
0.00090966746
0.00085744773
0.00080463726
0.00075127456
0.0006974033
0.00064311523
0.00058845666
0.00053367437
0.00047861291
0.00042412593
0.00036863444
0.00031510106
0.00025445436
0.00018323583
4.6395422e-05
0.0036770728
0.0036694712
0.0036614199
0.0036528092
0.003643571
0.0036336829
0.0036231213
0.0036118527
0.0035998424
0.0035870587
0.0035734716
0.0035590531
0.0035437767
0.003527619
0.0035105597
0.0034925821
0.0034736736
0.0034538263
0.0034330369
0.0034113073
0.0033886448
0.0033650617
0.0033405757
0.0033152099
0.0032889915
0.0032619525
0.0032341284
0.0032055578
0.0031762814
0.0031463416
0.0031157812
0.0030846429
0.0030529684
0.0030207976
0.0029881684
0.0029551158
0.0029216716
0.0028878648
0.0028537207
0.0028192617
0.002784507
0.0027494731
0.0027141739
0.0026786211
0.0026428242
0.002606791
0.0025705279
0.0025340394
0.002497329
0.0024603988
0.0024232495
0.0023858807
0.0023482907
0.0023104764
0.0022724335
0.0022341563
0.0021956379
0.0021568702
0.0021178438
0.002078548
0.0020389713
0.001999101
0.0019589233
0.0019184239
0.0018775875
0.0018363981
0.0017948391
0.0017528936
0.0017105441
0.0016677727
0.0016245613
0.0015808916
0.0015367453
0.0014921039
0.0014469493
0.0014012636
0.0013550291
0.0013082291
0.0012608473
0.0012128688
0.0011642799
0.001115069
0.0010652269
0.0010147471
0.00096362749
0.00091187067
0.00085948597
0.00080648978
0.00075291097
0.00069878403
0.00064417374
0.00058911766
0.00053376481
0.00047800861
0.00042225825
0.00036541092
0.00030826695
0.0002446191
0.00016648851
5.4575961e-05
0.0035791358
0.0035721649
0.003564821
0.0035570192
0.0035487006
0.0035398448
0.0035304329
0.0035204368
0.003509827
0.0034985755
0.0034866554
0.0034740405
0.0034607051
0.0034466252
0.0034317782
0.003416144
0.0033997044
0.0033824442
0.0033643512
0.0033454164
0.0033256345
0.003305004
0.0032835272
0.0032612104
0.0032380637
0.0032141011
0.0031893403
0.003163802
0.0031375101
0.003110491
0.0030827728
0.0030543854
0.0030253594
0.002995726
0.0029655158
0.0029347594
0.0029034858
0.0028717229
0.002839497
0.0028068324
0.0027737516
0.002740275
0.002706421
0.0026722062
0.0026376451
0.0026027507
0.0025675341
0.0025320047
0.0024961707
0.0024600385
0.0024236129
0.0023868977
0.002349895
0.0023126054
0.0022750283
0.0022371617
0.0021990021
0.0021605446
0.0021217834
0.002082711
0.0020433189
0.0020035975
0.0019635361
0.0019231231
0.0018823458
0.0018411909
0.0017996442
0.001757691
0.0017153158
0.0016725028
0.0016292356
0.0015854977
0.001541272
0.0014965414
0.0014512889
0.0014054974
0.0013591502
0.0013122308
0.0012647233
0.0012166129
0.0011678857
0.0011185293
0.0010685335
0.0010178902
0.00096659475
0.00091464633
0.0008620491
0.00080881258
0.00075495431
0.00070049571
0.00064547288
0.00058990317
0.00053384448
0.00047719415
0.00041999639
0.0003614317
0.00030078129
0.00023424488
0.00015190441
5.8524195e-05
0.0034715607
0.0034652396
0.0034586015
0.0034515797
0.0034441352
0.0034362525
0.0034279146
0.0034190978
0.0034097778
0.003399931
0.0033895339
0.0033785633
0.0033669958
0.0033548085
0.0033419794
0.0033284873
0.0033143119
0.0032994347
0.0032838386
0.0032675083
0.0032504308
0.0032325952
0.0032139935
0.0031946198
0.0031744716
0.0031535488
0.0031318544
0.0031093942
0.0030861766
0.0030622129
0.0030375165
0.0030121031
0.0029859903
0.0029591971
0.002931744
0.002903652
0.0028749429
0.0028456385
0.0028157608
0.0027853311
0.0027543702
0.0027228982
0.0026909342
0.002658496
0.0026256005
0.0025922632
0.0025584984
0.0025243188
0.0024897361
0.0024547604
0.0024194005
0.0023836638
0.0023475561
0.0023110822
0.0022742453
0.002237047
0.0021994879
0.002161567
0.0021232821
0.0020846295
0.0020456046
0.0020062012
0.0019664122
0.0019262295
0.0018856437
0.0018446447
0.0018032214
0.0017613619
0.0017190536
0.0016762832
0.0016330366
0.0015892994
0.0015450566
0.0015002929
0.0014549928
0.0014091404
0.00136272
0.001315716
0.001268113
0.0012198963
0.0011710518
0.0011215663
0.0010714283
0.0010206278
0.00096915702
0.00091701076
0.00086418689
0.00081068625
0.00075651317
0.00070167216
0.00064616902
0.00058999067
0.00053311313
0.00047540159
0.00041663207
0.00035613802
0.00029235245
0.00022356921
0.00013920866
5.8520874e-05
0.0033616046
0.0033558681
0.0033498737
0.0033435721
0.0033369261
0.0033299219
0.0033225464
0.0033147814
0.0033066064
0.0032980011
0.0032889457
0.0032794203
0.0032694045
0.0032588779
0.0032478202
0.0032362113
0.0032240313
0.0032112609
0.0031978814
0.003183875
0.0031692248
0.0031539151
0.0031379316
0.0031212615
0.0031038936
0.0030858186
0.003067029
0.0030475195
0.0030272867
0.0030063292
0.002984648
0.0029622457
0.0029391273
0.0029152995
0.0028907705
0.0028655502
0.0028396501
0.0028130826
0.0027858609
0.0027579994
0.0027295127
0.0027004158
0.0026707238
0.0026404518
0.0026096146
0.0025782267
0.0025463021
0.0025138539
0.0024808948
0.0024474364
0.0024134895
0.0023790639
0.0023441682
0.00230881
0.0022729958
0.002236731
0.0022000195
0.0021628643
0.0021252671
0.0020872283
0.0020487474
0.0020098223
0.0019704501
0.0019306268
0.0018903469
0.0018496045
0.0018083921
0.0017667015
0.0017245235
0.0016818481
0.0016386643
0.0015949604
0.0015507242
0.0015059425
0.0014606017
0.0014146879
0.0013681868
0.0013210837
0.001273364
0.0012250134
0.0011760174
0.0011263622
0.0010760348
0.0010250227
0.00097331444
0.00092089973
0.00086776895
0.00081391267
0.00075932035
0.00070397664
0.00064785651
0.00059091067
0.00053304624
0.00047408109
0.00041362944
0.00035112349
0.00028473986
0.00021429726
0.00012964392
5.6871825e-05
0.0032376015
0.0032325081
0.0032271915
0.0032216135
0.0032157539
0.0032096032
0.0032031491
0.0031963763
0.0031892687
0.0031818102
0.0031739847
0.0031657753
0.0031571648
0.0031481357
0.0031386703
0.0031287504
0.0031183581
0.003107475
0.0030960831
0.0030841644
0.0030717012
0.0030586763
0.0030450727
0.0030308744
0.003016066
0.0030006329
0.0029845616
0.0029678398
0.0029504563
0.0029324012
0.0029136662
0.0028942442
0.0028741298
0.0028533191
0.0028318097
0.0028096006
0.0027866926
0.0027630875
0.0027387888
0.002713801
0.0026881298
0.0026617819
0.002634765
0.0026070872
0.0025787576
0.0025497854
0.0025201803
0.0024899522
0.0024591109
0.0024276661
0.0023956274
0.0023630041
0.0023298048
0.0022960379
0.0022617112
0.0022268316
0.0021914055
0.0021554383
0.0021189346
0.0020818983
0.0020443321
0.0020062382
0.0019676174
0.0019284699
0.0018887949
0.0018485904
0.0018078536
0.0017665805
0.0017247662
0.0016824046
0.0016394887
0.0015960103
0.0015519605
0.0015073292
0.0014621056
0.0014162778
0.0013698337
0.00132276
0.0012750434
0.0012266699
0.0011776253
0.0011278947
0.0010774635
0.0010263163
0.00097443773
0.0009218113
0.00086841915
0.00081424045
0.00075924891
0.00070340841
0.00064666498
0.00058893459
0.00053007423
0.00046986489
0.00040786067
0.00034359794
0.00027537806
0.00020399072
0.00012039811
5.2788638e-05
0.0031226866
0.0031181095
0.0031133477
0.0031083773
0.0031031752
0.0030977308
0.0030920354
0.0030860773
0.0030798437
0.003073322
0.0030664992
0.0030593613
0.003051894
0.0030440826
0.003035912
0.0030273668
0.0030184311
0.0030090887
0.0029993234
0.0029891184
0.002978457
0.002967322
0.0029556955
0.0029435607
0.0029309007
0.0029176994
0.0029039411
0.0028896104
0.0028746922
0.0028591718
0.002843035
0.0028262688
0.0028088609
0.0027907999
0.0027720754
0.002752678
0.0027325994
0.0027118327
0.0026903718
0.0026682119
0.0026453494
0.0026217817
0.0025975074
0.0025725261
0.0025468383
0.0025204455
0.00249335
0.002465555
0.002437064
0.0024078815
0.0023780121
0.0023474612
0.0023162342
0.0022843371
0.0022517763
0.0022185583
0.0021846898
0.0021501771
0.002115026
0.0020792424
0.0020428315
0.0020057983
0.001968147
0.0019298813
0.0018910042
0.0018515176
0.0018114224
0.0017707187
0.0017294052
0.0016874797
0.0016449389
0.0016017782
0.0015579919
0.0015135732
0.0014685139
0.0014228047
0.0013764353
0.0013293943
0.0012816696
0.0012332481
0.0011841157
0.0011342569
0.0010836554
0.0010322932
0.00098015059
0.00092720528
0.0008734312
0.00081879661
0.00076326092
0.00070676995
0.00064924734
0.00059058472
0.00053061407
0.00046910903
0.00040564424
0.00033988922
0.00027042132
0.00019861823
0.00011630998
5.124569e-05
0.0029788675
0.002974949
0.0029708709
0.0029666102
0.0029621588
0.0029575111
0.0029526583
0.00294759
0.002942296
0.0029367659
0.0029309887
0.0029249531
0.0029186472
0.0029120588
0.0029051752
0.0028979832
0.0028904694
0.0028826196
0.0028744197
0.0028658548
0.0028569099
0.0028475694
0.0028378176
0.0028276382
0.0028170145
0.0028059298
0.0027943678
0.0027823119
0.0027697454
0.0027566517
0.0027430142
0.002728817
0.0027140446
0.0026986816
0.0026827125
0.0026661224
0.0026488972
0.0026310231
0.0026124871
0.0025932769
0.002573381
0.0025527886
0.0025314897
0.0025094752
0.0024867369
0.0024632675
0.0024390604
0.00241411
0.0023884116
0.0023619613
0.0023347561
0.0023067938
0.0022780735
0.0022485952
0.0022183602
0.0021873698
0.0021556261
0.0021231321
0.002089892
0.002055911
0.0020211945
0.0019857489
0.0019495809
0.0019126976
0.001875106
0.0018368131
0.0017978245
0.0017581447
0.0017177766
0.0016767219
0.0016349811
0.0015925534
0.0015494365
0.0015056263
0.0014611174
0.0014159029
0.0013699744
0.0013233225
0.0012759363
0.0012278031
0.0011789082
0.0011292352
0.001078766
0.0010274797
0.00097535261
0.00092235688
0.0008684594
0.00081361961
0.00075778639
0.00070089381
0.0006428539
0.00058355012
0.00052281601
0.00046044897
0.0003960936
0.00032955775
0.00025973084
0.00018830975
0.00010831067
4.6550107e-05
0.0028773932
0.0028738628
0.0028701988
0.0028663895
0.0028624165
0.0028582712
0.0028539483
0.0028494403
0.0028447384
0.0028398336
0.0028347169
0.0028293788
0.0028238093
0.0028179981
0.0028119345
0.0028056072
0.0027990049
0.0027921154
0.0027849263
0.0027774248
0.0027695976
0.0027614315
0.0027529127
0.0027440266
0.0027347582
0.002725092
0.0027150119
0.0027045018
0.0026935454
0.0026821262
0.0026702276
0.0026578325
0.0026449239
0.0026314849
0.0026174986
0.0026029482
0.0025878164
0.0025720862
0.0025557406
0.002538763
0.0025211369
0.0025028463
0.0024838752
0.0024642084
0.0024438308
0.0024227276
0.0024008848
0.0023782883
0.0023549245
0.0023307798
0.0023058404
0.002280093
0.0022535186
0.0022261144
0.0021979093
0.0021689096
0.0021391057
0.0021084919
0.0020770683
0.0020448373
0.0020118013
0.0019779634
0.0019433278
0.0019078995
0.0018716836
0.0018346842
0.0017969045
0.0017583477
0.0017190171
0.0016789161
0.0016380471
0.0015964106
0.0015540055
0.0015108297
0.0014668795
0.0014221478
0.0013766243
0.001330302
0.0012831745
0.0012352306
0.0011864555
0.0011368322
0.0010863418
0.0010349622
0.00098266771
0.00092942764
0.0008752055
0.00081995701
0.00076362758
0.0007061492
0.00064743534
0.00058737793
0.00052583179
0.00046263631
0.00039751025
0.00033037224
0.00026026352
0.00018897422
0.00010944967
4.7612552e-05
0.0027055182
0.0027027551
0.0026998752
0.0026968648
0.0026937213
0.0026904407
0.0026870165
0.0026834413
0.0026797081
0.0026758096
0.0026717383
0.0026674861
0.0026630446
0.002658405
0.0026535582
0.0026484946
0.002643204
0.002637676
0.0026319
0.0026258649
0.0026195591
0.0026129704
0.0026060861
0.0025988934
0.0025913789
0.002583529
0.002575329
0.0025667641
0.0025578188
0.0025484771
0.0025387227
0.0025285385
0.0025179068
0.0025068095
0.0024952287
0.0024831457
0.0024705414
0.0024573964
0.0024436909
0.0024294046
0.0024145171
0.0023990074
0.0023828544
0.0023660366
0.0023485322
0.0023303188
0.0023113738
0.0022916742
0.002271196
0.0022499148
0.0022278047
0.0022048389
0.0021809877
0.0021562201
0.0021305166
0.0021038777
0.0020763074
0.002047809
0.0020183882
0.0019880556
0.0019568267
0.0019247224
0.0018917679
0.0018579943
0.0018234456
0.0017881533
0.0017521071
0.001715287
0.0016776794
0.0016392802
0.0016000882
0.0015600971
0.0015192968
0.0014776774
0.0014352289
0.0013919406
0.0013478007
0.0013027969
0.0012569153
0.0012101406
0.0011624556
0.0011138414
0.0010642768
0.0010137379
0.00096219723
0.00090962347
0.00085598004
0.00080122406
0.00074530477
0.0006881618
0.00062972238
0.00056990153
0.00050859202
0.00044569072
0.00038101118
0.00031459178
0.00024572996
0.00017635156
0.00010048441
4.2708544e-05
0.0026544612
0.0026517172
0.0026488776
0.0026459347
0.0026428697
0.0026396752
0.0026363481
0.0026328831
0.0026292734
0.0026255121
0.0026215922
0.0026175065
0.0026132474
0.0026088067
0.0026041761
0.0025993469
0.0025943098
0.0025890552
0.0025835731
0.002577853
0.002571884
0.0025656547
0.0025591533
0.0025523677
0.0025452851
0.0025378923
0.0025301752
0.0025221196
0.0025137104
0.0025049323
0.0024957693
0.0024862048
0.0024762219
0.0024658029
0.0024549293
0.0024435825
0.0024317433
0.0024193923
0.0024065097
0.0023930752
0.0023790683
0.0023644682
0.0023492539
0.0023334042
0.0023168978
0.0022997134
0.0022818302
0.0022632278
0.0022438862
0.0022237859
0.0022029089
0.002181238
0.0021587619
0.0021354556
0.0021112698
0.0020861824
0.0020601885
0.0020332829
0.0020054577
0.0019767073
0.0019470301
0.001916428
0.0018849064
0.0018524752
0.0018191511
0.001784952
0.0017498908
0.0017139819
0.001677252
0.0016397258
0.0016013889
0.0015622162
0.0015221907
0.0014812999
0.0014395302
0.0013968664
0.0013532927
0.0013087933
0.0012633519
0.0012169514
0.0011695735
0.0011211985
0.0010718048
0.0010213689
0.00096986483
0.00091726315
0.00086353071
0.00080862962
0.00075251615
0.00069513967
0.00063644038
0.00057634994
0.00051478086
0.00045165119
0.00038678893
0.00032023205
0.00025120768
0.00018152493
0.00010463424
4.5121892e-05
0.0023792926
0.002377044
0.0023747061
0.0023722675
0.0023697265
0.0023670806
0.0023643246
0.002361453
0.0023584603
0.0023553411
0.0023520895
0.0023486994
0.0023451642
0.0023414773
0.0023376316
0.0023336198
0.0023294342
0.0023250666
0.0023205088
0.002315752
0.0023107869
0.0023056042
0.0023001938
0.0022945456
0.0022886486
0.0022824919
0.0022760639
0.0022693525
0.0022623455
0.00225503
0.0022473927
0.0022394202
0.0022310984
0.0022224128
0.0022133488
0.0022038913
0.002194025
0.0021837342
0.002173003
0.0021618153
0.0021501552
0.0021380062
0.0021253523
0.0021121772
0.0020984649
0.0020841995
0.0020693662
0.0020539503
0.0020379381
0.0020213169
0.0020040751
0.0019862028
0.0019676916
0.0019485371
0.0019287308
0.0019082451
0.0018870483
0.0018651111
0.0018424047
0.0018188986
0.0017945599
0.0017693547
0.0017432481
0.001716205
0.0016881847
0.0016591619
0.001629152
0.0015981786
0.0015662662
0.0015334334
0.0014996614
0.0014649225
0.001429197
0.0013924693
0.0013547229
0.0013159402
0.0012761034
0.0012351951
0.0011931977
0.0011500938
0.0011058651
0.0010604931
0.0010139591
0.00096624328
0.00091732541
0.00086718434
0.00081579809
0.00076314386
0.00070919811
0.00065393706
0.00059733657
0.00053937532
0.00048002894
0.00041929674
0.00035712374
0.0002936771
0.00022845567
0.00016332551
9.2855445e-05
3.9362455e-05
)
;

boundaryField
{
    inlet
    {
        type            zeroGradient;
    }
    top
    {
        type            zeroGradient;
    }
    outlet
    {
        type            fixedValue;
        value           uniform 0;
    }
    slipsurface
    {
        type            slip;
    }
    bottom
    {
        type            zeroGradient;
    }
    frontandback
    {
        type            empty;
    }
}


// ************************************************************************* //
