/*--------------------------------*- C++ -*----------------------------------*\
  =========                 |
  \\      /  F ield         | OpenFOAM: The Open Source CFD Toolbox
   \\    /   O peration     | Website:  https://openfoam.org
    \\  /    A nd           | Version:  12
     \\/     M anipulation  |
\*---------------------------------------------------------------------------*/
FoamFile
{
    format      ascii;
    class       volScalarField;
    location    "300";
    object      p;
}
// * * * * * * * * * * * * * * * * * * * * * * * * * * * * * * * * * * * * * //

dimensions      [0 2 -2 0 0 0 0];

internalField   nonuniform List<scalar> 
7480
(
0.0087171303
0.0081282329
0.0070200814
0.0064119326
0.00611214
0.0058666329
0.0056061485
0.0053525742
0.0051125002
0.004874657
0.0046319324
0.004383427
0.004140113
0.0039217445
0.0037516054
0.0036405125
0.0035870978
0.003552148
0.003527621
0.0035144968
0.0035037221
0.003493088
0.0034813637
0.0034548996
0.0034160332
0.0033731474
0.0033304068
0.0032901591
0.0032497716
0.0032099165
0.0031715114
0.0031345401
0.0030995755
0.00306463
0.0030263381
0.0029852304
0.0029430685
0.002901413
0.0028616097
0.0028235166
0.0027864605
0.002750436
0.0027154992
0.0026815899
0.0026483063
0.0026150603
0.0025813965
0.002547651
0.00251392
0.0024788771
0.0024411316
0.002403228
0.0023676097
0.0023346105
0.0023020312
0.0022684714
0.0022331433
0.0021953491
0.0021561746
0.002116993
0.0020777792
0.0020380728
0.0019979507
0.001957465
0.0019163878
0.0018747463
0.0018326767
0.0017901013
0.0017469872
0.0017033933
0.0016591971
0.0016143571
0.0015689313
0.0015227999
0.0014759713
0.0014284556
0.0013801147
0.0013309865
0.0012810414
0.0012300982
0.0011783739
0.0011255275
0.0010712342
0.0010158398
0.00095826584
0.00089060652
0.00081686276
0.00076201124
0.00070786902
0.00065015842
0.00059209379
0.00053549505
0.00048021484
0.00042550646
0.00037321065
0.0003203194
0.00028390601
0.00022600448
0.00038488951
-0.00027974801
0.0082807903
0.0076994672
0.0068348618
0.0063081391
0.0060393486
0.0058144993
0.0055723073
0.0053354434
0.0051150335
0.004902796
0.0046926626
0.0044831872
0.0042825594
0.0041021652
0.0039522696
0.0038385925
0.003755155
0.003700439
0.0036594332
0.0036252259
0.0035934012
0.0035601259
0.0035206079
0.0034755249
0.0034285836
0.0033815362
0.0033375157
0.0032968341
0.00325691
0.0032177923
0.0031799738
0.0031433413
0.0031080961
0.0030724235
0.0030337342
0.002992671
0.0029508042
0.0029094968
0.0028699015
0.0028317749
0.0027944779
0.0027581017
0.0027227673
0.0026884549
0.002654688
0.0026208784
0.0025866676
0.0025522103
0.0025176198
0.0024817798
0.0024443395
0.0024072395
0.0023724271
0.0023394017
0.0023063023
0.0022722117
0.0022365359
0.0021985727
0.0021593052
0.0021200332
0.0020807274
0.0020409329
0.0020007284
0.0019601629
0.0019190049
0.0018772824
0.0018351306
0.00179247
0.0017492688
0.0017055881
0.0016613061
0.0016163823
0.0015708747
0.0015246635
0.0014777574
0.0014301666
0.0013817544
0.0013325607
0.0012825539
0.001231552
0.0011797715
0.0011268706
0.0010725225
0.0010170642
0.00095924783
0.00089012273
0.00081948393
0.00076662784
0.00071216116
0.00065347713
0.00059474201
0.00053765584
0.00048199011
0.00042698957
0.00037449058
0.00032145018
0.00028492397
0.00022701498
0.00038594584
-0.00027898092
0.007989753
0.0075790463
0.0069019842
0.0063869205
0.006096895
0.0058590499
0.0056106067
0.00536689
0.0051393037
0.0049197262
0.0047018333
0.0044828545
0.0042708939
0.004076813
0.0039124967
0.0037867613
0.0036999497
0.0036495386
0.0036202201
0.003597453
0.0035745155
0.0035485672
0.0035177214
0.0034842898
0.0034477924
0.0034080787
0.0033669936
0.0033253127
0.0032834424
0.0032417492
0.0032007624
0.0031605219
0.003121673
0.0030833514
0.0030432904
0.003001614
0.0029594817
0.0029180759
0.0028784465
0.0028402608
0.0028028289
0.0027662593
0.0027306842
0.0026961049
0.0026619483
0.0026276309
0.0025929216
0.002558029
0.0025229771
0.0024868231
0.0024494044
0.0024121523
0.0023769645
0.0023434793
0.0023100437
0.0022757717
0.0022400053
0.0022020147
0.0021627262
0.0021234013
0.0020840133
0.0020441195
0.0020038111
0.0019631407
0.0019218788
0.0018800586
0.0018378136
0.00179506
0.0017517664
0.0017079951
0.0016636249
0.0016186157
0.0015730257
0.0015267344
0.0014797512
0.0014320859
0.001383601
0.0013343359
0.0012842596
0.001233191
0.001181347
0.0011283851
0.0010739803
0.0010184795
0.00096052439
0.00089094336
0.00082372109
0.00077107814
0.00071614378
0.00065693214
0.00059775088
0.00054024276
0.00048419908
0.00042889355
0.0003761568
0.00032291118
0.0002862282
0.00022831714
0.00038716279
-0.00027802039
0.0077640599
0.0074468285
0.006850745
0.0063462627
0.0060458167
0.0058103862
0.0055700367
0.0053330181
0.0051112378
0.0048984352
0.004688435
0.0044788418
0.0042775248
0.0040945293
0.0039407374
0.0038235125
0.0037424147
0.0036921971
0.0036584651
0.003628233
0.003597148
0.0035640908
0.0035282857
0.003490931
0.003450987
0.0034092639
0.0033667871
0.0033242563
0.0032834169
0.0032440852
0.0032060313
0.0031689286
0.0031320921
0.0030943916
0.0030546302
0.0030128071
0.0029699609
0.0029274391
0.0028866742
0.0028476443
0.002809676
0.0027727373
0.0027368752
0.0027021206
0.002667837
0.0026333442
0.0025983976
0.0025633214
0.0025279934
0.0024915399
0.0024538372
0.0024162359
0.002380687
0.0023469154
0.0023133026
0.0022789107
0.0022430622
0.0022050547
0.002165769
0.0021264117
0.0020869565
0.0020469823
0.0020065965
0.0019658479
0.0019245056
0.0018826111
0.0018402937
0.0017974636
0.0017540914
0.0017102417
0.0016657931
0.0016207064
0.0015750401
0.0015286732
0.0014816157
0.0014338777
0.0013853197
0.0013359813
0.001285833
0.0012346938
0.0011827821
0.0011297541
0.0010752887
0.0010197343
0.00096176863
0.00089337159
0.00082724453
0.00077408151
0.00071881847
0.0006593724
0.00059994909
0.00054219864
0.00048594399
0.00043045052
0.00037754119
0.00032414477
0.00028734806
0.00022932711
0.00038820929
-0.00027721199
0.0075576663
0.0072962665
0.0067813022
0.0063227237
0.0060321012
0.0058053499
0.0055736973
0.0053416848
0.0051224883
0.0049121141
0.0047050785
0.0044993476
0.0043017843
0.0041214458
0.0039677372
0.003847398
0.0037604091
0.0037021587
0.0036611042
0.0036261611
0.0035930072
0.003559744
0.0035247671
0.003488167
0.0034490978
0.0034082122
0.00336626
0.0033241075
0.0032834202
0.0032439971
0.0032057939
0.0031688794
0.0031320808
0.0030943435
0.0030554211
0.00301519
0.002974362
0.0029338014
0.0028941031
0.0028553516
0.0028173521
0.0027799777
0.0027433656
0.0027078881
0.0026731113
0.002638307
0.0026031252
0.0025678886
0.0025324205
0.002495815
0.0024579625
0.0024202232
0.0023844907
0.002350494
0.0023166723
0.0022821017
0.0022461223
0.0022080666
0.0021687637
0.0021293593
0.0020898356
0.0020497901
0.0020093391
0.0019685208
0.0019271061
0.0018851499
0.0018427695
0.0017998683
0.0017564229
0.0017125001
0.0016679775
0.0016228169
0.0015770773
0.0015306369
0.0014835067
0.0014356967
0.001387067
0.0013376581
0.0012874402
0.0012362322
0.0011842544
0.0011311611
0.0010766328
0.0010210156
0.00096305011
0.00089569208
0.00083021794
0.0007768984
0.00072144485
0.00066179622
0.00060213967
0.00054415826
0.00048769921
0.000432015
0.000378931
0.00032539284
0.00028848162
0.00023031498
0.00038922816
-0.00027631812
0.0073686965
0.007150753
0.0067134987
0.006300404
0.0060145484
0.005787739
0.0055593606
0.005330142
0.0051127427
0.0049053396
0.0047012929
0.0045007605
0.0043084642
0.0041326225
0.0039818832
0.0038624843
0.0037747778
0.0037146015
0.0036719296
0.003636325
0.0036027836
0.0035689525
0.0035332433
0.0034956851
0.0034558557
0.0034143401
0.0033718672
0.0033293273
0.0032880896
0.0032480694
0.0032092229
0.0031714884
0.0031337361
0.0030951717
0.0030556969
0.0030151687
0.0029743277
0.0029339591
0.0028942996
0.0028558039
0.0028187038
0.0027826671
0.0027474155
0.002712711
0.0026781744
0.0026433698
0.0026079102
0.0025722318
0.0025363905
0.0024995522
0.0024615788
0.0024237883
0.0023879619
0.0023538004
0.0023198096
0.0022851044
0.0022490335
0.0022109428
0.002171623
0.0021321819
0.0020926102
0.0020525112
0.0020120098
0.0019711348
0.0019296608
0.0018876549
0.0018452223
0.0018022606
0.0017587524
0.0017147665
0.0016701791
0.0016249531
0.001579148
0.0015326409
0.0014854444
0.0014375683
0.0013888721
0.0013393979
0.0012891151
0.0012378426
0.0011858025
0.0011326472
0.0010780581
0.0010223772
0.00096439161
0.00089773189
0.00083297633
0.00077978691
0.00072427416
0.00066446566
0.00060457888
0.00054634617
0.0004896462
0.00043374408
0.0003804705
0.00032677326
0.00028972166
0.00023139706
0.00039026541
-0.00027522871
0.0071961541
0.0070121994
0.0066407994
0.0062686213
0.005989929
0.0057654393
0.0055438173
0.0053212628
0.005108599
0.0049061343
0.0047060646
0.0045110732
0.0043240205
0.0041524512
0.0040043557
0.0038853796
0.0037960558
0.0037325731
0.0036861255
0.0036471782
0.003610698
0.0035744208
0.0035369661
0.003498208
0.0034577596
0.003415956
0.0033734178
0.0033309266
0.0032896302
0.0032495708
0.0032106631
0.0031727843
0.0031349799
0.0030965156
0.0030571893
0.0030168198
0.0029760307
0.0029354971
0.0028955119
0.0028566821
0.0028193
0.0027831061
0.0027478014
0.002712969
0.002678557
0.002644413
0.0026100483
0.0025752301
0.0025397453
0.002503119
0.0024651616
0.0024271955
0.0023910931
0.0023566606
0.0023224659
0.0022876414
0.0022515279
0.0022134481
0.0021741475
0.0021347068
0.002095123
0.0020549996
0.0020144741
0.0019735687
0.001932058
0.0018900185
0.0018475498
0.0018045456
0.0017609915
0.001716958
0.0016723199
0.0016270416
0.0015811831
0.0015346205
0.0014873679
0.0014394349
0.0013906807
0.0013411487
0.0012908078
0.0012394765
0.00118738
0.0011341676
0.0010795219
0.00102378
0.0009657649
0.00089967352
0.00083563769
0.00078262375
0.00072711672
0.00066720418
0.000607118
0.00054864392
0.00049170081
0.00043557595
0.00038210616
0.00032824149
0.00029103259
0.00023254195
0.00039127532
-0.00027392902
0.0070380086
0.0068802345
0.0065637647
0.0062303347
0.0059630327
0.0057428237
0.0055280749
0.0053118591
0.0051033469
0.0049040425
0.004708233
0.0045176737
0.0043351459
0.004167418
0.0040217263
0.0039031531
0.0038123791
0.0037460073
0.0036963597
0.0036548589
0.0036165337
0.003579037
0.0035409377
0.0035018246
0.0034612629
0.0034194409
0.0033769268
0.0033344481
0.0032930183
0.0032527778
0.0032136236
0.0031754156
0.0031373354
0.0030986638
0.0030591656
0.0030187165
0.0029778747
0.0029372988
0.0028973358
0.0028585235
0.0028210766
0.0027847128
0.0027490977
0.0027138758
0.0026791145
0.0026447222
0.0026103034
0.0025753795
0.0025398259
0.0025036202
0.0024665346
0.002429397
0.0023936643
0.0023593125
0.0023250056
0.0022899566
0.0022536759
0.002215545
0.0021762408
0.0021368086
0.0020972438
0.0020571315
0.0020166177
0.0019757178
0.0019342007
0.0018921525
0.0018496715
0.001806647
0.0017630678
0.001719006
0.0016743349
0.0016290205
0.0015831241
0.0015365199
0.0014892241
0.0014412462
0.0013924447
0.0013428648
0.0012924745
0.0012410925
0.001188947
0.001135684
0.0010809874
0.001025189
0.00096714529
0.00090159172
0.00083821912
0.00078534992
0.00072987401
0.00066989941
0.00060964735
0.00055095443
0.00049378272
0.0004374437
0.00038378064
0.00032975017
0.00029237564
0.00023371153
0.00039220946
-0.00027240495
0.0068923276
0.006754937
0.0064843134
0.0061870636
0.0059334762
0.0057183152
0.0055099799
0.0053002124
0.0050963731
0.004900946
0.0047099814
0.0045241764
0.004346494
0.0041829164
0.0040399194
0.0039221024
0.003830265
0.0037614248
0.003708878
0.0036649165
0.0036246559
0.003585646
0.0035464274
0.0035064341
0.0034652513
0.0034230021
0.0033802034
0.0033375232
0.0032958429
0.003255349
0.0032159263
0.0031774122
0.0031390851
0.0031002524
0.0030606691
0.0030202475
0.0029794709
0.0029389585
0.0028990589
0.0028602381
0.0028227036
0.0027862244
0.0027504972
0.0027152143
0.0026803988
0.0026459054
0.002611301
0.0025761046
0.0025402907
0.0025039277
0.0024668617
0.0024297383
0.0023939272
0.0023597351
0.002325958
0.0022914141
0.0022553919
0.0022174408
0.0021781633
0.00213865
0.0020990213
0.0020588844
0.0020183767
0.0019775033
0.0019360087
0.0018939819
0.0018515186
0.0018085011
0.0017649216
0.0017208549
0.0016761717
0.0016308407
0.0015849244
0.0015382951
0.0014909716
0.0014429632
0.0013941273
0.0013445117
0.0012940832
0.0012426603
0.0011904753
0.0011371702
0.0010824302
0.0010265815
0.00096851455
0.00090348306
0.00084072021
0.00078796655
0.00073253255
0.0006725239
0.00061213356
0.00055324433
0.00049586079
0.00043931928
0.00038546949
0.00033127846
0.00029373253
0.00023488786
0.0003930316
-0.00027062556
0.0067573259
0.0066361395
0.0064036743
0.0061393972
0.0059008277
0.0056917764
0.0054900035
0.0052871315
0.0050886278
0.0048975373
0.0047113343
0.0045302142
0.0043571628
0.0041974977
0.0040570158
0.0039399053
0.0038470526
0.0037758727
0.0037205145
0.003674078
0.0036318405
0.0035912965
0.003550981
0.0035102167
0.0034685723
0.0034260856
0.0033831859
0.0033404638
0.0032986764
0.0032580344
0.0032184246
0.003179668
0.0031411285
0.0031021547
0.0030624959
0.0030220855
0.0029813428
0.0029408474
0.0029009516
0.0028620791
0.0028244426
0.0027878494
0.0027520108
0.0027166338
0.0026816998
0.0026470649
0.0026123334
0.0025770721
0.002541246
0.0025048779
0.0024677931
0.0024305599
0.0023945129
0.0023600614
0.0023261434
0.0022914606
0.0022553748
0.0022177425
0.0021790344
0.0021399568
0.0021005296
0.0020604674
0.0020199215
0.0019790045
0.0019374941
0.0018954759
0.0018530403
0.0018100512
0.0017664971
0.0017224518
0.001677781
0.0016324563
0.001586541
0.0015399058
0.0014925723
0.0014445497
0.0013956947
0.0013460576
0.0012956039
0.0012441522
0.0011919392
0.0011386021
0.0010838278
0.0010279375
0.00096985437
0.00090532847
0.0008431344
0.00079047475
0.00073508829
0.00067506685
0.00061456212
0.00055549795
0.00049791951
0.0004411882
0.00038715967
0.00033281462
0.00029509211
0.00023605971
0.00039371
-0.00026855063
0.0066315659
0.0065235402
0.0063227819
0.0060880855
0.0058652387
0.0056634304
0.0054684297
0.0052726299
0.0050798252
0.0048933107
0.0047118118
0.004535417
0.0043669488
0.0042111682
0.0040732658
0.0039570486
0.0038634518
0.0037902592
0.0037323713
0.003683633
0.0036395353
0.0035975435
0.0035561766
0.0035146612
0.0034725293
0.0034297441
0.0033866567
0.0033437934
0.003301812
0.0032609391
0.0032210723
0.003182022
0.0031432249
0.0031040734
0.0030643104
0.0030238827
0.0029831571
0.0029426729
0.0029027842
0.0028638778
0.0028261603
0.0027894653
0.0027535162
0.0027180359
0.0026829829
0.0026482227
0.002613389
0.0025780718
0.0025422052
0.0025058007
0.0024687292
0.0024315364
0.0023954668
0.0023608999
0.0023267959
0.002291877
0.0022555862
0.0022178713
0.0021791678
0.0021400583
0.0021006981
0.0020610143
0.0020208737
0.0019801866
0.0019387944
0.0018967815
0.0018543225
0.0018113225
0.0017677797
0.0017237621
0.001679121
0.0016338242
0.0015879327
0.0015413128
0.0014939894
0.0014459714
0.001397114
0.0013474713
0.0012970072
0.0012455401
0.0011933122
0.001139955
0.0010851575
0.0010292358
0.00097114509
0.00090710802
0.00084544703
0.00079286278
0.0007375279
0.0006775127
0.00061691622
0.00055769862
0.00049994322
0.00044303621
0.00038883834
0.00033434702
0.00029644332
0.00023721545
0.00039421161
-0.00026613398
0.006513885
0.0064167439
0.0062423457
0.0060338922
0.0058269264
0.0056333141
0.0054452864
0.005256629
0.0050698358
0.0048882047
0.004711498
0.0045399022
0.0043759924
0.0042240553
0.0040887463
0.0039735247
0.0038793548
0.0038043653
0.0037441268
0.0036931692
0.0036472345
0.0036037876
0.0035613318
0.0035190228
0.003476357
0.0034332373
0.0033899421
0.0033469336
0.0033047787
0.0032637028
0.0032236125
0.0031843087
0.0031452877
0.0031059854
0.0030661408
0.0030257098
0.0029850143
0.0029445535
0.0029046783
0.0028657427
0.0028279442
0.0027911423
0.0027550773
0.00271949
0.0026843209
0.0026494387
0.0026144985
0.0025791101
0.0025431883
0.0025067472
0.0024696979
0.0024325473
0.0023964356
0.0023617288
0.0023274693
0.002292451
0.0022561271
0.0022184116
0.0021796584
0.0021404167
0.0021009247
0.0020612008
0.0020210144
0.0019803127
0.0019391597
0.0018975055
0.001855301
0.0018124191
0.0017688947
0.0017248646
0.0016802185
0.0016349371
0.0015890747
0.0015424842
0.0014951898
0.0014471958
0.0013983543
0.0013487236
0.0012982652
0.0012467974
0.0011945691
0.0011412048
0.001086396
0.0010304552
0.00097236653
0.00090880089
0.00084763735
0.00079511118
0.00073983216
0.00067984196
0.00061917637
0.00055982767
0.00050191472
0.0004448478
0.00039049149
0.00033586307
0.00029777428
0.00023834289
0.00039447756
-0.00026332578
0.0064033145
0.0063153162
0.0061628849
0.0059775197
0.0057861475
0.0056014629
0.005420642
0.0052391774
0.0050586565
0.0048821992
0.0047103765
0.0045435965
0.0043841976
0.004236051
0.0041033442
0.0039892231
0.0038946673
0.0038181209
0.0037557506
0.0037027102
0.0036550166
0.0036101618
0.003566638
0.0035235483
0.0034803536
0.0034369009
0.0033933971
0.0033502387
0.0033079101
0.0032666265
0.0032263047
0.0031867422
0.003147487
0.0031080189
0.0030680774
0.0030276243
0.0029869428
0.0029464924
0.0029066176
0.0028676439
0.0028297593
0.0027928474
0.0027566656
0.0027209701
0.0026856847
0.0026506788
0.0026156289
0.0025801662
0.0025441925
0.0025077213
0.0024706931
0.0024335749
0.0023974129
0.0023625685
0.0023281656
0.0022930533
0.0022566792
0.0022189494
0.0021801975
0.0021409585
0.0021014675
0.0020616999
0.0020214049
0.0019805757
0.0019393573
0.0018976698
0.0018554454
0.0018127224
0.0017694976
0.0017256982
0.0016811583
0.0016358971
0.0015900307
0.0015434423
0.0014961671
0.0014482037
0.0013993909
0.001349788
0.0012993522
0.0012478993
0.001195686
0.0011423286
0.0010875216
0.001031575
0.00097349885
0.00091038576
0.00084968229
0.00079719756
0.00074197942
0.00068203341
0.00062132192
0.0005618655
0.00050381591
0.00044660659
0.00039210436
0.00033734948
0.00029907239
0.0002394282
0.00039447259
-0.00026007616
0.0062990391
0.0062188253
0.0060847653
0.0059195927
0.0057432029
0.0055679481
0.0053945733
0.0052203295
0.0050462644
0.0048752248
0.0047083813
0.0045464287
0.0043915131
0.0042471296
0.0041170523
0.0040041462
0.003909394
0.0038315239
0.0037672335
0.0037122444
0.0036628628
0.0036166353
0.0035720502
0.0035281731
0.003484432
0.0034406231
0.0033968863
0.0033535547
0.0033110398
0.003269541
0.0032289849
0.0031891688
0.0031496844
0.0031100535
0.0030700188
0.0030295437
0.0029888776
0.0029484408
0.0029085685
0.0028695613
0.0028315969
0.0027945799
0.0027582848
0.0027224812
0.0026870799
0.002651951
0.0026167915
0.0025812541
0.0025452291
0.0025087271
0.0024717136
0.0024346215
0.0023984107
0.0023634348
0.0023288901
0.0022936767
0.0022572439
0.0022194992
0.0021807563
0.0021415195
0.0021020143
0.002062215
0.0020219025
0.0019810722
0.0019398298
0.0018980648
0.0018557259
0.00181293
0.0017696731
0.0017258532
0.001681448
0.0016364416
0.0015907667
0.0015442652
0.0014970029
0.0014490408
0.0014002388
0.0013506581
0.0013002517
0.0012488256
0.0011966417
0.0011433056
0.0010885142
0.001032576
0.00097452351
0.00091184237
0.00085155935
0.00079909929
0.00074394732
0.00068406514
0.00062333158
0.00056379184
0.00050562797
0.00044829538
0.00039366135
0.00033879218
0.00030032436
0.0002404566
0.00039414965
-0.00025632426
0.0062003687
0.0061268609
0.0060082313
0.0058606516
0.0056984178
0.0055328678
0.0053671489
0.0052001373
0.0050326468
0.0048672289
0.0047054685
0.0045483596
0.0043979076
0.004257267
0.0041298464
0.0040182618
0.0039234918
0.0038445195
0.0037785159
0.0037217187
0.0036707298
0.0036231748
0.0035775473
0.0035328873
0.003488594
0.0034444184
0.0034004376
0.0033569238
0.003314222
0.0032725112
0.0032317252
0.003191664
0.003151956
0.0031121632
0.0030720337
0.0030315306
0.0029908735
0.0029504459
0.0029105706
0.0028715268
0.0028334813
0.0027963573
0.0027599462
0.0027240309
0.0026885115
0.0026532585
0.0026179884
0.0025823735
0.0025462953
0.0025097608
0.0024727578
0.0024356879
0.0023994292
0.0023643236
0.0023296356
0.0022943185
0.0022578274
0.0022200694
0.0021813344
0.002142094
0.00210257
0.0020627445
0.0020224194
0.0019815781
0.0019403111
0.0018985264
0.0018561837
0.0018133718
0.0017700505
0.0017261269
0.0016816546
0.0016366158
0.0015909285
0.001544575
0.0014975294
0.0014497054
0.0014009701
0.001351397
0.0013009948
0.0012495833
0.0011974284
0.0011441208
0.0010893564
0.0010334411
0.00097542374
0.00091315265
0.00085324853
0.00080079556
0.00074571448
0.0006859157
0.00062518413
0.00056558619
0.00050733155
0.00044989629
0.0003951461
0.00034017629
0.00030151612
0.0002414132
0.00039345287
-0.00025200129
0.0061067156
0.0060390429
0.005933435
0.0058011522
0.0056521218
0.0054963448
0.0053384376
0.0051786573
0.0050178092
0.004858174
0.0047015974
0.0045493486
0.0044033413
0.0042664286
0.0041416951
0.0040315371
0.003936925
0.0038570678
0.0037895586
0.0037311026
0.0036785972
0.0036297673
0.003583122
0.0035376866
0.003492837
0.0034482834
0.0034040456
0.003360337
0.0033174423
0.0032755171
0.0032345004
0.0031941974
0.0031542681
0.0031143121
0.0030740853
0.0030335489
0.0029928961
0.002952475
0.0029125944
0.0028735137
0.0028353893
0.00279816
0.0027616343
0.0027256071
0.0026899703
0.0026545945
0.0026192142
0.0025835207
0.0025473886
0.0025108215
0.0024738259
0.0024367743
0.0024004677
0.0023652341
0.002330403
0.0022949816
0.0022584319
0.0022206585
0.0021819282
0.002142683
0.002103142
0.0020632925
0.0020229513
0.0019820936
0.0019408038
0.0018990049
0.0018566537
0.0018138229
0.0017704805
0.0017265487
0.0016820595
0.0016369607
0.0015911808
0.0015447773
0.0014976986
0.0014498796
0.0014013079
0.0013519188
0.0013016117
0.0012502356
0.0011980919
0.0011447933
0.0010900485
0.0010341613
0.00097618687
0.00091430168
0.00085473328
0.00080226884
0.00074726218
0.00068756552
0.00062685957
0.00056722863
0.00050890738
0.00045139111
0.00039654164
0.0003414862
0.00030263277
0.00024228174
0.00039234683
-0.00024704213
0.0060175756
0.0059550246
0.0058604606
0.0057414711
0.0056046346
0.0054585227
0.0053085132
0.0051559488
0.0050017685
0.0048480326
0.0046967289
0.0045493567
0.0044077776
0.004274584
0.0041525725
0.0040439452
0.0039496617
0.0038691305
0.0038003198
0.0037403584
0.0036864335
0.0036363864
0.0035887533
0.0035425542
0.0034971473
0.0034522075
0.0034077019
0.0033637884
0.0033206968
0.0032785573
0.0032373123
0.0031967734
0.0031566281
0.0031165106
0.0030761863
0.0030356132
0.0029949608
0.002954544
0.0029146555
0.0028755371
0.0028373349
0.0028000012
0.0027633607
0.0027272201
0.0026914651
0.0026559664
0.0026204751
0.0025847008
0.0025485133
0.0025119127
0.0024749205
0.0024378824
0.0024015272
0.0023661674
0.0023311938
0.0022956671
0.0022590574
0.0022212661
0.0021825385
0.0021432884
0.0021037305
0.0020638564
0.0020234972
0.0019826236
0.0019413131
0.0018994986
0.001857134
0.0018142842
0.0017709251
0.0017269825
0.0016824754
0.0016373578
0.0015915701
0.0015451452
0.0014980042
0.0014501046
0.0014014938
0.0013520797
0.0013018209
0.0012506074
0.0011986091
0.0011453733
0.0010906421
0.0010347642
0.00097682107
0.0009152858
0.0008560038
0.00080350648
0.00074857559
0.00068899822
0.00062834038
0.00056870097
0.0005103372
0.00045276206
0.00039783099
0.00034270596
0.0003036589
0.00024304506
0.00039076589
-0.00024137941
0.0059325139
0.0058744923
0.0057893436
0.0056819135
0.005556256
0.0054195602
0.0052774568
0.0051320733
0.0049845508
0.0048367884
0.00469083
0.0045483503
0.0044111849
0.0042817055
0.0041624534
0.0040554584
0.0039616684
0.0038806671
0.0038107559
0.0037494462
0.0036942062
0.0036430067
0.0035944224
0.0035474767
0.0035015157
0.0034561845
0.0034114025
0.0033672758
0.0033239834
0.0032816302
0.0032401593
0.0031993895
0.0031590329
0.003118755
0.0030783317
0.0030377178
0.002997061
0.0029566451
0.002916746
0.0028775888
0.0028393098
0.0028018726
0.0027651179
0.0027288631
0.0026929898
0.0026573687
0.0026217664
0.0025859099
0.0025496662
0.0025130313
0.0024760391
0.0024390103
0.0024026061
0.0023671226
0.0023320073
0.0022963744
0.0022597034
0.0022218923
0.0021831659
0.0021439103
0.0021043351
0.002064436
0.0020240583
0.0019831687
0.0019418375
0.0019000058
0.0018576275
0.0018147602
0.0017713841
0.0017274268
0.0016829012
0.0016377684
0.0015919699
0.0015455272
0.0014983708
0.0014504632
0.0014018233
0.0013523428
0.0013020203
0.001250771
0.0011987749
0.0011456477
0.0010910621
0.0010352693
0.0009773723
0.0009161398
0.00085707594
0.00080451057
0.00074964822
0.00069020259
0.00062961269
0.00056998776
0.0005116048
0.00045399272
0.00039899798
0.0003438199
0.00030457907
0.00024368524
0.00038865143
-0.00023494394
0.0058511539
0.0057971643
0.0057200849
0.0056227222
0.0055072588
0.0053796243
0.0052453571
0.0051070942
0.0049661899
0.0048244355
0.0046838744
0.0045462998
0.0044135347
0.0042877673
0.0041713133
0.00406605
0.0039729125
0.0038916385
0.0038208242
0.0037583264
0.0037018822
0.0036496016
0.0036001085
0.0035524379
0.00350593
0.003460205
0.0034151401
0.0033707932
0.0033272971
0.003284731
0.0032430373
0.0032020422
0.0031614794
0.0031210428
0.0030805199
0.0030398619
0.0029991967
0.0029587792
0.0029188672
0.0028796706
0.0028413162
0.002803777
0.0027669086
0.0027305392
0.0026945475
0.0026588046
0.0026230912
0.0025871511
0.0025508499
0.0025141797
0.0024771838
0.0024401598
0.0024037059
0.0023681008
0.0023328447
0.0022971047
0.0022603712
0.0022225382
0.0021838111
0.0021445492
0.0021049563
0.0020650321
0.0020246352
0.0019837292
0.0019423768
0.0019005274
0.0018581352
0.0018152503
0.0017718561
0.0017278835
0.0016833407
0.001638192
0.0015923795
0.0015459193
0.0014987501
0.0014508315
0.0014021742
0.001352682
0.0013023483
0.0012510547
0.0011989965
0.0011458332
0.0010912224
0.0010354767
0.00097772495
0.00091685972
0.00085799473
0.00080532262
0.00075050086
0.00069118329
0.0006306713
0.00057107858
0.00051269709
0.00045506887
0.00040002799
0.00034481343
0.00030537846
0.00024418474
0.00038595004
-0.00022766912
0.0057731679
0.0057227885
0.0056526616
0.0055640872
0.0054578856
0.0053388839
0.0052123105
0.0050810776
0.0049467256
0.0048109784
0.0046758434
0.0045431803
0.0044148024
0.0042927459
0.0041791297
0.0040756944
0.0039833628
0.0039020065
0.0038304824
0.0037669584
0.0037094266
0.0036561421
0.0036057885
0.00355742
0.0035103765
0.0034642586
0.0034189068
0.0033743348
0.0033306332
0.003287856
0.0032459432
0.0032047286
0.003163965
0.0031233723
0.0030827493
0.0030420443
0.0030013668
0.0029609448
0.0029210177
0.0028817809
0.0028433521
0.0028057123
0.0027687309
0.0027322466
0.0026961365
0.0026602723
0.0026244479
0.002588423
0.0025520631
0.0025153565
0.0024783536
0.00244133
0.0024048258
0.0023691012
0.0023337056
0.0022978578
0.0022610604
0.0022232036
0.0021844739
0.002145205
0.0021055939
0.0020656446
0.002025228
0.001984305
0.0019429314
0.0019010638
0.0018586572
0.0018157543
0.0017723416
0.0017283534
0.0016837932
0.0016386278
0.0015928008
0.0015463242
0.001499141
0.0014512087
0.0014025354
0.0013530327
0.0013026857
0.0012513846
0.0011993091
0.0011461205
0.0010914715
0.0010356815
0.00097791207
0.00091727963
0.00085863354
0.00080592144
0.00075116579
0.00069197806
0.00063153724
0.00057197909
0.00051360958
0.00045598085
0.00040090908
0.0003456737
0.0003060432
0.00024452736
0.00038261478
-0.00021949665
0.0056982697
0.005651139
0.0055870346
0.0055061543
0.005408348
0.0052975042
0.0051784187
0.005054093
0.0049262029
0.0047964302
0.0046667261
0.0045389726
0.0044149674
0.0042966213
0.0041858818
0.0040843678
0.003992989
0.0039117337
0.0038396887
0.003775301
0.0037168031
0.003662598
0.0036114379
0.0035624036
0.0035148402
0.0034683341
0.003422694
0.003377894
0.003333986
0.0032910004
0.003248873
0.003207445
0.0031664865
0.0031257405
0.0030850175
0.0030442628
0.0030035694
0.0029631402
0.0029231961
0.0028839185
0.0028454166
0.0028076777
0.0027705844
0.0027339851
0.0026977568
0.0026617721
0.002625837
0.0025897263
0.0025533065
0.0025165624
0.002479549
0.0024425215
0.0024059663
0.0023701244
0.0023345906
0.0022986344
0.002261772
0.0022238892
0.0021851551
0.0021458783
0.0021062487
0.0020662741
0.002025837
0.0019848966
0.0019435016
0.0019016154
0.0018591937
0.0018162727
0.001772841
0.0017288368
0.0016842589
0.0016390762
0.0015932345
0.0015467413
0.0014995432
0.0014515972
0.0014029085
0.0013533933
0.0013030325
0.001251725
0.0011996283
0.001146425
0.0010917838
0.0010359828
0.00097822348
0.00091769827
0.00085913236
0.00080622211
0.00075151753
0.00069254787
0.00063223045
0.0005727225
0.00051436296
0.00045673446
0.00040163757
0.00034639202
0.00030656167
0.00024469526
0.00037861439
-0.00021038464
0.0056262081
0.0055820144
0.0055231548
0.0054490329
0.0053588272
0.0052556429
0.0051437874
0.0050262126
0.004904671
0.004780812
0.0046565197
0.0045336629
0.0044140136
0.0042993765
0.0041915511
0.0040920477
0.0040017621
0.003920784
0.0038484017
0.003783313
0.0037239743
0.0036689376
0.0036170307
0.0035673678
0.0035193046
0.0034724185
0.0034264917
0.0033814629
0.0033373494
0.0032941586
0.0032518221
0.0032101873
0.0031690401
0.0031281443
0.0030873218
0.0030465153
0.0030058029
0.0029653639
0.002925401
0.0028860821
0.0028475084
0.0028096722
0.002772468
0.0027357541
0.0026994079
0.0026633035
0.0026272581
0.0025910607
0.0025545797
0.0025177969
0.0024807697
0.0024437342
0.002407127
0.0023711701
0.0023354996
0.0022994345
0.0022625058
0.0022245952
0.0021858546
0.0021465691
0.0021069206
0.0020669206
0.0020264625
0.0019855041
0.0019440876
0.0019021823
0.0018597449
0.0018168055
0.0017733547
0.0017293339
0.0016847379
0.0016395377
0.0015936809
0.0015471706
0.0014999573
0.0014519974
0.0014032929
0.0013537646
0.0013033904
0.0012520753
0.0011999567
0.0011467407
0.0010921075
0.0010362893
0.00097860121
0.00091817931
0.00085965368
0.00080655221
0.00075176476
0.00069286831
0.00063264424
0.00057326014
0.0005149688
0.00045735826
0.00040223337
0.00034697477
0.00030693355
0.00024466051
0.00037394623
-0.00020031598
0.0055567619
0.0055152341
0.0054609666
0.005392803
0.0053094756
0.0052134464
0.0051085231
0.0049975118
0.0048821828
0.0047641518
0.0046452294
0.0045272437
0.0044119292
0.0043009979
0.0041961216
0.0040987136
0.0040096551
0.0039291225
0.0038565813
0.0037909531
0.0037309022
0.0036751278
0.0036225392
0.00357229
0.0035237518
0.0034764977
0.0034302888
0.0033850329
0.0033407161
0.0032973249
0.0032547852
0.0032129509
0.0031716217
0.0031305801
0.0030896591
0.0030487994
0.0030080649
0.0029676139
0.0029276306
0.0028882701
0.002849626
0.0028116943
0.0027743807
0.0027375526
0.0027010892
0.0026648661
0.0026287109
0.002592426
0.0025558828
0.0025190599
0.0024820158
0.0024449682
0.002408308
0.0023722384
0.0023364329
0.0023002586
0.0022632625
0.0022253221
0.002186573
0.0021472777
0.00210761
0.0020675845
0.0020271047
0.0019861278
0.0019446898
0.0019027648
0.0018603113
0.0018173532
0.0017738828
0.0017298449
0.0016852307
0.0016400125
0.0015941401
0.0015476125
0.0015003835
0.0014524094
0.0014036888
0.0013541471
0.0013037593
0.0012524359
0.001200296
0.0011470675
0.0010924398
0.0010366051
0.00097899179
0.00091866805
0.00086015359
0.00080694321
0.00075207609
0.0006932068
0.00063299247
0.00057358494
0.00051532933
0.00045779693
0.00040270115
0.00034744769
0.00030718779
0.00024440961
0.00036861263
-0.0001892898
0.0054897358
0.0054506367
0.0054004109
0.0053375207
0.0052604199
0.0051710482
0.0050727312
0.0049680678
0.0048587943
0.0047464835
0.0046328674
0.0045197139
0.0044087074
0.004301476
0.0041995803
0.0041043472
0.0040166424
0.003936716
0.0038641883
0.0037981802
0.0037375481
0.0036811344
0.0036279342
0.0035771462
0.0035281622
0.0034805562
0.0034340731
0.0033885942
0.0033440783
0.0033004922
0.0032577566
0.0032157305
0.0031742266
0.003133044
0.0030920259
0.003051112
0.0030103532
0.002969888
0.002929883
0.0028904808
0.0028517677
0.0028137426
0.0027763212
0.0027393798
0.0027027999
0.0026664592
0.002630195
0.0025938221
0.0025572156
0.0025203512
0.0024832871
0.0024462234
0.0024095092
0.0023733291
0.0023373905
0.0023011069
0.0022640421
0.0022260699
0.0021873105
0.0021480044
0.0021083171
0.0020682659
0.0020277639
0.0019867679
0.0019453082
0.0019033631
0.0018608929
0.001817916
0.0017744256
0.0017303702
0.0016857374
0.0016405009
0.0015946124
0.0015480673
0.0015008222
0.0014528335
0.0014040965
0.001354541
0.0013041394
0.0012528071
0.0012006463
0.0011474048
0.0010927827
0.00103693
0.00097939288
0.00091916624
0.00086067875
0.00080734322
0.00075239183
0.00069356558
0.00063338438
0.00057393691
0.00051564685
0.00045807552
0.00040294476
0.00034774457
0.00030730047
0.0002441366
0.00036244657
-0.00017726769
0.005424956
0.005388077
0.0053414273
0.0052832232
0.0052117634
0.0051285679
0.0050365137
0.0049379589
0.0048345643
0.004727846
0.0046194529
0.0045110787
0.0044043463
0.0043008049
0.0042019172
0.0041089328
0.0040227006
0.0039435331
0.0038711849
0.003804954
0.003743873
0.0036869223
0.0036331854
0.0035819107
0.0035325148
0.0034845771
0.003437831
0.0033921361
0.003347427
0.0033036533
0.0032607298
0.0032185205
0.0031768497
0.0031355312
0.0030944185
0.0030534498
0.0030126648
0.0029721836
0.002932156
0.0028927123
0.0028539316
0.0028158154
0.0027782881
0.0027412344
0.0027045391
0.0026680822
0.0026317097
0.0025952485
0.0025585777
0.0025216705
0.0024845832
0.0024474997
0.0024107305
0.002374442
0.0023383723
0.0023019795
0.0022648449
0.0022268391
0.0021880673
0.0021487494
0.002109042
0.0020689651
0.0020284404
0.0019874248
0.0019459432
0.0019039776
0.00186149
0.001818494
0.0017749835
0.0017309099
0.0016862583
0.0016410031
0.0015950981
0.0015485352
0.0015012736
0.0014532698
0.0014045164
0.0013549467
0.0013045309
0.0012531892
0.001201008
0.0011477531
0.0010931363
0.0010372679
0.00097980279
0.00091967871
0.00086122237
0.00080775155
0.00075271065
0.00069393005
0.00063377593
0.00057432064
0.00051600587
0.00045838542
0.00040315267
0.00034791354
0.00030704293
0.00024421315
0.00035497533
-0.00016411529
0.0053622678
0.0053274245
0.005283955
0.0052299322
0.0051635893
0.0050861109
0.0049999675
0.0049072636
0.0048095538
0.0047082826
0.0046050112
0.0045013494
0.0043988493
0.0042989828
0.0042031255
0.0041124571
0.0040278086
0.0039495443
0.0038775349
0.003811235
0.0037498378
0.0036924555
0.0036382612
0.0035865566
0.0035367874
0.0034885422
0.003441548
0.0033956467
0.0033507525
0.0033067996
0.0032636976
0.0032213145
0.0031794851
0.0031380369
0.0030968323
0.0030558092
0.0030149966
0.0029744981
0.0029344471
0.0028949622
0.0028561158
0.0028179108
0.0027802797
0.0027431153
0.0027063057
0.002669734
0.0026332544
0.0025967047
0.0025599687
0.0025230173
0.002485904
0.0024487969
0.0024119717
0.0023755769
0.0023393784
0.0023028765
0.0022656711
0.0022276299
0.0021888436
0.0021495129
0.002109785
0.0020696822
0.0020291342
0.0019880985
0.001946595
0.0019046084
0.001862103
0.0018190876
0.0017755565
0.0017314644
0.0016867936
0.0016415194
0.0015955974
0.0015490165
0.0015017379
0.0014537188
0.0014049485
0.0013553643
0.0013049342
0.0012535825
0.0012013811
0.0011481128
0.0010935007
0.0010376225
0.00098021944
0.00092020424
0.00086178465
0.00080816329
0.00075303931
0.0006943043
0.00063417685
0.00057471321
0.00051636868
0.00045871807
0.00040339838
0.00034812393
0.00030662081
0.00024486882
0.00034614733
-0.00015025538
0.0053015327
0.0052685613
0.0052279341
0.0051776575
0.0051159629
0.0050437685
0.0049631831
0.004876059
0.0047838249
0.00468784
0.0045895731
0.0044905434
0.0043922246
0.0042960123
0.004203202
0.0041149098
0.0040319479
0.0039547224
0.0038832039
0.0038169847
0.0037554037
0.0036976977
0.0036431291
0.0035910559
0.003540956
0.0034924319
0.0034452079
0.0033991128
0.0033540439
0.003309922
0.0032666519
0.0032241052
0.0031821266
0.0031405554
0.0030992626
0.0030581858
0.003017345
0.0029768282
0.0029367535
0.002897228
0.0028583178
0.0028200267
0.0027822942
0.0027450208
0.0027080986
0.0026714137
0.0026348281
0.0025981901
0.002561388
0.002524391
0.002487249
0.0024501149
0.0024132326
0.0023767337
0.0023404085
0.002303798
0.0022665208
0.0022284424
0.0021896397
0.0021502949
0.0021105463
0.0020704174
0.0020298456
0.0019887894
0.0019472637
0.0019052558
0.0018627319
0.0018196969
0.001776145
0.0017320339
0.0016873436
0.0016420501
0.0015961106
0.0015495114
0.0015022155
0.0014541806
0.0014053933
0.0013557942
0.0013053494
0.0012539873
0.001201766
0.0011484841
0.0010938764
0.0010379942
0.00098064238
0.00092074305
0.00086236626
0.0008085784
0.0007533799
0.00069468876
0.0006345878
0.00057511409
0.00051673803
0.00045905405
0.00040364892
0.00034834466
0.00030625982
0.00024594326
0.00033675801
-0.00013630604
0.0052426261
0.0052113806
0.0051733061
0.0051263996
0.0050689346
0.0050016188
0.0049262435
0.0048444203
0.0047574406
0.0046665679
0.004573174
0.0044786833
0.0043844858
0.0042919001
0.004202147
0.0041162837
0.0040351026
0.0039590426
0.0038881593
0.0038221659
0.0037605323
0.0037026123
0.0036477557
0.0035953791
0.0035449958
0.0034962252
0.0034487935
0.0034025203
0.0033572894
0.0033130104
0.0032695839
0.0032268851
0.0031847671
0.0031430805
0.0031017038
0.0030605752
0.0030197061
0.0029791704
0.0029390721
0.0028995071
0.0028605352
0.0028221608
0.0027843296
0.0027469493
0.0027099163
0.0026731201
0.0026364299
0.0025997039
0.0025628351
0.0025257911
0.0024886177
0.0024514534
0.0024145129
0.002377912
0.0023414627
0.0023047441
0.0022673942
0.0022292767
0.0021904558
0.0021510958
0.0021113258
0.0020711707
0.0020305748
0.0019894975
0.0019479494
0.0019059199
0.0018633771
0.0018203221
0.0017767492
0.0017326186
0.0016879086
0.0016425954
0.001596638
0.0015500202
0.0015027067
0.0014546555
0.001405851
0.0013562366
0.001305777
0.0012544039
0.0012021629
0.0011488674
0.0010942637
0.0010383825
0.00098107234
0.00092129582
0.00086296776
0.00080899672
0.00075373236
0.00069508309
0.00063500831
0.00057552407
0.00051711544
0.00045939602
0.00040390223
0.00034855714
0.00030595831
0.00024707952
0.00032744709
-0.00012264278
0.0051854354
0.0051557854
0.0051200142
0.0050761513
0.005022542
0.0049597278
0.0048892242
0.0048124193
0.0047304639
0.0046445181
0.0045558537
0.004465797
0.0043756512
0.0042866571
0.0041999643
0.004116575
0.0040372597
0.0039624828
0.0038923712
0.0038267431
0.0037651862
0.0037071625
0.0036521071
0.0035994961
0.0035488805
0.0034999
0.0034522863
0.0034058538
0.0033604761
0.0033160537
0.003272484
0.0032296454
0.003187399
0.0031456052
0.0031041501
0.0030629721
0.0030220753
0.002981521
0.0029413995
0.0029017962
0.0028627651
0.0028243105
0.0027863836
0.0027488988
0.0027117571
0.0026748516
0.0026380586
0.002601245
0.0025643089
0.0025272167
0.0024900095
0.0024528118
0.0024158123
0.0023791114
0.0023425405
0.0023057146
0.0022682912
0.002230133
0.0021912919
0.0021519156
0.0021121238
0.0020719424
0.0020313219
0.001990223
0.0019486525
0.001906601
0.0018640387
0.0018209636
0.0017773693
0.0017332187
0.0016884887
0.0016431555
0.0015971797
0.0015505431
0.0015032116
0.0014551438
0.0014063218
0.0013566918
0.001306217
0.0012548324
0.0012025722
0.0011492631
0.0010946629
0.0010387852
0.00098151084
0.00092186317
0.00086358972
0.00080941983
0.00075409655
0.0006954871
0.00063543849
0.0005759434
0.00051750082
0.00045974398
0.00040415799
0.00034876821
0.00030568775
0.0002481283
0.00031830721
-0.00010943472
0.0051298587
0.0051016869
0.0050680034
0.0050268998
0.0049768117
0.0049181502
0.0048521926
0.004780124
0.0047029568
0.004621744
0.0045376548
0.0044519167
0.0043657439
0.0042802987
0.0041966619
0.004115783
0.0040384095
0.0039650236
0.0038958117
0.0038306826
0.0037693288
0.0037113119
0.0036561491
0.0036033758
0.0035525828
0.0035034329
0.0034556665
0.0034090966
0.0033635899
0.0033190399
0.0032753417
0.0032323768
0.0031900138
0.0031481223
0.0031065949
0.0030653708
0.0030244477
0.0029838754
0.0029437317
0.002904092
0.0028650044
0.0028264729
0.0027884536
0.0027508672
0.0027136192
0.0026766068
0.0026397127
0.0026028123
0.0025658087
0.0025286671
0.0024914236
0.0024541898
0.0024171303
0.0023803315
0.0023436416
0.0023067094
0.0022692118
0.0022310114
0.0021921482
0.0021527543
0.0021129404
0.0020727325
0.0020320871
0.0019909661
0.0019493729
0.0019072992
0.001864717
0.0018216213
0.0017780055
0.0017338346
0.0016890842
0.0016437307
0.0015977362
0.0015510804
0.0015037305
0.0014556457
0.001406806
0.00135716
0.0013066699
0.0012552733
0.0012029942
0.0011496713
0.0010950745
0.0010392011
0.00098195889
0.00092244611
0.0008642276
0.00080985135
0.00075447357
0.00069590123
0.00063587858
0.00057637218
0.00051789411
0.00046009761
0.00040441616
0.00034897843
0.00030541224
0.00024907096
0.00030932292
-9.6718379e-05
0.0050758028
0.0050490039
0.0050172206
0.0049786277
0.0049317616
0.0048769308
0.0048152084
0.0047475981
0.0046749801
0.0045982997
0.0045186231
0.0044370787
0.0043547911
0.0042728441
0.0041922512
0.0041139105
0.0040385452
0.0039666487
0.0038984558
0.003833953
0.003772925
0.0037150249
0.0036598472
0.0036069866
0.0035560746
0.0035067992
0.0034589132
0.0034122311
0.0033666157
0.003321956
0.0032781456
0.0032350692
0.0031926026
0.0031506235
0.003109031
0.003067765
0.0030268179
0.0029862291
0.0029460647
0.0029063907
0.0028672496
0.0028286449
0.0027905368
0.002752852
0.0027155006
0.0026783838
0.0026413907
0.0026044045
0.0025673332
0.002530141
0.0024928593
0.0024555868
0.0024184665
0.0023815717
0.0023447656
0.0023077282
0.002270156
0.0022319117
0.0021930247
0.0021536121
0.0021137755
0.0020735411
0.0020328703
0.0019917269
0.0019501109
0.0019080146
0.001865412
0.0018222956
0.0017786579
0.0017344663
0.0016896953
0.0016443212
0.0015983075
0.0015516323
0.0015042637
0.0014561615
0.0014073039
0.0013576415
0.0013071358
0.0012557268
0.001203429
0.0011500925
0.0010954987
0.0010396306
0.00098241646
0.00092304541
0.0008648764
0.00081029493
0.00075486456
0.00069632588
0.00063632879
0.00057681052
0.0005182953
0.00046045707
0.00040467545
0.00034919277
0.00030513505
0.00024989485
0.00030051645
-8.4514238e-05
0.0050231828
0.0049976615
0.0049676149
0.0049313144
0.0048874019
0.0048361053
0.0047783236
0.0047149002
0.0046465923
0.0045742394
0.004498806
0.0044213224
0.004342824
0.0042643166
0.0041867473
0.004110964
0.0040376636
0.003967345
0.0039002813
0.0038365249
0.0037759414
0.0037182664
0.0036631673
0.0036102964
0.0035593268
0.0035099737
0.0034620044
0.0034152384
0.0033695374
0.0033247878
0.0032808831
0.0032377115
0.0031951553
0.0031531
0.0031114504
0.0030701479
0.0030291799
0.0029885767
0.0029483937
0.0029086881
0.0028694969
0.0028308231
0.0027926302
0.0027548504
0.0027173987
0.0026801806
0.0026430908
0.00260602
0.002568881
0.0025316375
0.0024943155
0.0024570019
0.0024198203
0.0023828315
0.002345912
0.0023087708
0.0022711234
0.002232834
0.0021939214
0.0021544888
0.0021146291
0.002074368
0.0020336717
0.0019925054
0.0019508664
0.0019087474
0.0018661239
0.0018229865
0.0017793268
0.0017351141
0.0016903222
0.0016449271
0.0015988939
0.0015521991
0.0015048113
0.0014566915
0.0014078157
0.0013581366
0.0013076151
0.0012561932
0.001203877
0.001150527
0.0010959358
0.0010400744
0.00098288329
0.00092366039
0.00086553615
0.0008107534
0.00075526964
0.00069676086
0.00063678905
0.00057725841
0.00051870442
0.00046082188
0.00040493737
0.00034940149
0.00030486702
0.00025060095
0.00029188595
-7.2837187e-05
0.0049719205
0.0049475906
0.0049191373
0.0048849365
0.0048437364
0.0047957017
0.0047415831
0.0046820842
0.0046178493
0.0045496171
0.0044782525
0.0044046901
0.0043298775
0.0042547432
0.0041801692
0.0041069533
0.0040357648
0.0039671023
0.003901269
0.0038383717
0.0037783463
0.0037210026
0.0036660756
0.0036132731
0.00356231
0.0035129299
0.0034649171
0.0034180985
0.0033723376
0.0033275204
0.0032835411
0.0032402918
0.0031976612
0.0031555421
0.0031138448
0.0030725119
0.0030315271
0.0029909124
0.0029507137
0.0029109796
0.0028717423
0.0028330037
0.0027947304
0.0027568596
0.0027193111
0.0026819947
0.0026448109
0.0026076571
0.0025704508
0.0025331552
0.0024957911
0.0024584345
0.0024211909
0.0023841102
0.0023470802
0.0023098366
0.002272114
0.002233778
0.0021948382
0.0021553845
0.0021155013
0.0020752134
0.0020344913
0.0019933017
0.0019516395
0.0019094976
0.0018668529
0.0018236942
0.0017800123
0.0017357781
0.001690965
0.0016455488
0.0015994956
0.0015527808
0.0015053737
0.0014572358
0.0014083416
0.0013586456
0.0013081079
0.0012566728
0.0012043385
0.001150975
0.0010963862
0.0010405324
0.00098336255
0.00092428925
0.00086620677
0.00081122691
0.00075568866
0.00069720617
0.00063725947
0.00057771597
0.00051912147
0.00046119218
0.00040520061
0.00034960907
0.00030459504
0.00025117777
0.00028344705
-6.1697005e-05
0.0049219438
0.0048987271
0.0048717405
0.0048394689
0.0048007642
0.0047557414
0.0047050254
0.0046491987
0.0045888043
0.0045244856
0.0044570123
0.004387226
0.004315989
0.0042441541
0.0041725389
0.0041018917
0.0040328522
0.0039659143
0.0039014027
0.0038394693
0.0037801103
0.003723201
0.0036685389
0.0036158847
0.0035649942
0.0035156407
0.0034676271
0.0034207905
0.0033749981
0.0033301376
0.0032861052
0.0032427974
0.003200109
0.0031579396
0.0031162048
0.003074849
0.0030338524
0.0029932301
0.002953019
0.0029132603
0.0028739812
0.0028351825
0.0027968335
0.0027588762
0.0027212349
0.0026838237
0.0026465487
0.0026093138
0.0025720407
0.0025346924
0.002497285
0.0024598834
0.0024225775
0.002385407
0.0023482695
0.0023109253
0.0022731273
0.0022347435
0.002195775
0.0021562991
0.0021163919
0.0020760772
0.0020353289
0.0019941157
0.0019524303
0.0019102652
0.0018675989
0.0018244188
0.0017807144
0.0017364585
0.0016916239
0.0016461863
0.0016001128
0.0015533779
0.0015059511
0.0014577947
0.0014088819
0.0013591686
0.0013086146
0.0012571658
0.0012048138
0.0011514369
0.0010968501
0.0010410049
0.00098385828
0.00092492994
0.00086688768
0.00081171519
0.00075612197
0.00069766215
0.00063774023
0.00057818326
0.00051954642
0.00046156773
0.00040546516
0.00034981524
0.00030431442
0.00025162651
0.0002751907
-5.1109161e-05
0.0048731861
0.0048510112
0.0048253793
0.0047948852
0.00475848
0.0047162397
0.0046686827
0.0046162876
0.004559507
0.0044988964
0.0044351351
0.0043689761
0.0043011989
0.0042325827
0.004163882
0.0040957959
0.0040289328
0.0039637775
0.0039006697
0.0038397968
0.0037812062
0.0037248309
0.0036705251
0.0036180993
0.0035673494
0.0035180786
0.0034701099
0.0034232923
0.0033774994
0.0033326222
0.0032885603
0.0032452145
0.0032024861
0.0031602812
0.0031185206
0.0030771502
0.003036148
0.0029955228
0.0029553036
0.0029155246
0.0028762085
0.002837355
0.0027989356
0.0027608965
0.0027231667
0.0026856647
0.0026483017
0.0026109878
0.0025736488
0.0025362476
0.0024987955
0.0024613476
0.0024239793
0.002386721
0.0023494789
0.002312036
0.0022741629
0.0022357303
0.0021967315
0.0021572324
0.0021173007
0.0020769591
0.0020361847
0.0019949476
0.0019532388
0.0019110504
0.0018683622
0.0018251603
0.0017814334
0.0017371554
0.0016922991
0.0016468399
0.0016007457
0.0015539904
0.0015065436
0.0014583685
0.0014094368
0.001359706
0.0013091354
0.0012576726
0.001205303
0.001151913
0.0010973281
0.0010414924
0.00098437117
0.00092558144
0.00086757913
0.00081221864
0.00075656981
0.00069812921
0.00063823151
0.00057866031
0.00051997922
0.00046194828
0.00040573096
0.00035001966
0.00030402311
0.00025194912
0.00026717097
-4.1110652e-05
0.0048255852
0.004804387
0.0047800103
0.004751158
0.0047168751
0.004677207
0.0046325819
0.0045833897
0.0045300038
0.0044728991
0.0044126705
0.004349987
0.0042855493
0.0042200649
0.004154227
0.0040886857
0.0040240168
0.0039606924
0.0038990604
0.0038393362
0.0037816094
0.0037258634
0.0036720033
0.0036198859
0.0035693457
0.0035202156
0.0034723399
0.0034255813
0.0033798214
0.0033349563
0.00329089
0.0032475286
0.0032047794
0.003162555
0.0031207813
0.0030794061
0.0030384056
0.0029977831
0.0029575609
0.0029177668
0.0028784191
0.0028395164
0.0028010322
0.0027629167
0.0027251031
0.0026875145
0.0026500671
0.0026126766
0.0025752728
0.0025378189
0.0025003212
0.0024628258
0.002425395
0.002388051
0.0023507076
0.0023131682
0.0022752201
0.0022367378
0.0021977075
0.002158184
0.0021182276
0.0020778591
0.0020370583
0.0019957971
0.0019540647
0.001911853
0.0018691426
0.0018259188
0.0017821692
0.0017378689
0.0016929907
0.0016475097
0.0016013945
0.0015546185
0.0015071515
0.0014589572
0.0014100066
0.0013602579
0.0013096706
0.0012581934
0.0012058066
0.0011524036
0.0010978203
0.0010419951
0.00098490125
0.00092624387
0.00086828147
0.00081273893
0.00075703113
0.00069860722
0.00063873344
0.00057914719
0.00052041985
0.00046233373
0.00040599708
0.00035022667
0.00030370852
0.00025214336
0.00025939656
-3.1713306e-05
0.0047790835
0.0047588023
0.0047355917
0.0047082594
0.0046759381
0.0046386492
0.0045967448
0.0045505394
0.0045003374
0.004446541
0.0043896672
0.0043303062
0.0042690837
0.0042066389
0.0041436051
0.0040805841
0.0040181179
0.0039566625
0.0038965687
0.0038380725
0.0037812981
0.0037262719
0.0036729441
0.0036212141
0.0035709532
0.0035220235
0.0034742912
0.0034276338
0.0033819429
0.0033371209
0.0032930774
0.0032497241
0.0032069748
0.0031647484
0.0031229756
0.0030816065
0.0030406159
0.0030000029
0.0029597837
0.0029199802
0.0028806069
0.0028416613
0.0028031185
0.0027649322
0.0027270401
0.0026893696
0.0026518418
0.0026143775
0.0025769105
0.002539404
0.0025018601
0.0024643164
0.0024268235
0.0023893961
0.0023519546
0.0023143207
0.0022762983
0.0022377657
0.0021987025
0.0021591539
0.0021191723
0.0020787768
0.0020379497
0.0019966641
0.0019549082
0.001912673
0.0018699402
0.0018266943
0.0017829219
0.0017385991
0.0016936988
0.0016481957
0.0016020593
0.0015552624
0.001507775
0.0014595613
0.0014105914
0.0013608246
0.0013102204
0.0012587285
0.0012063248
0.001152909
0.0010983271
0.0010425133
0.00098544864
0.00092691757
0.0008689946
0.00081327944
0.00075750419
0.00069909566
0.00063924595
0.00057964386
0.00052086821
0.00046272388
0.00040626313
0.00035043479
0.00030334676
0.00025220167
0.00025184829
-2.2882045e-05
0.0047336269
0.0047142078
0.0046920832
0.0046661613
0.0046356558
0.0046005691
0.004561189
0.0045177668
0.0044705471
0.0044198673
0.0043661729
0.004309981
0.0042518468
0.0041923446
0.0041320498
0.0040715166
0.0040112526
0.0039516948
0.003893192
0.0038359943
0.0037802535
0.003726032
0.0036733198
0.0036220549
0.0035721428
0.0035234744
0.0034759375
0.0034294259
0.0033838419
0.0033390962
0.0032951043
0.0032517847
0.0032090574
0.0031668477
0.0031250911
0.0030837403
0.0030427693
0.0030021736
0.0029619643
0.002922158
0.0028827658
0.002843784
0.0028051892
0.0027669384
0.0027289736
0.0026912262
0.0026536222
0.0026160874
0.002578559
0.0025410006
0.0025034104
0.0024658179
0.0024282633
0.0023907549
0.0023532184
0.0023154927
0.0022773968
0.0022388132
0.0021997161
0.0021601414
0.0021201343
0.002079712
0.0020388585
0.0019975485
0.0019557689
0.0019135102
0.001870755
0.0018274867
0.0017836915
0.001739346
0.0016944234
0.0016488981
0.0016027403
0.0015559222
0.0015084141
0.0014601807
0.0014111914
0.0013614064
0.0013107849
0.0012592781
0.0012068577
0.0011534295
0.001098849
0.0010430474
0.0009860135
0.00092760281
0.0008697185
0.00081384202
0.00075798777
0.00069959438
0.00063976915
0.00058015033
0.00052132426
0.00046311832
0.0004065294
0.00035063393
0.00030296479
0.00025209459
0.00024445428
-1.4564811e-05
0.0046891648
0.0046705573
0.0046494463
0.0046248356
0.004596013
0.0045629659
0.0045259283
0.0044850981
0.0044406687
0.0043929201
0.0043422333
0.0042890581
0.0042338839
0.0041772234
0.0041195968
0.0040615118
0.0040034407
0.0039457995
0.0038889308
0.0038330932
0.0037784595
0.0037251219
0.0036731047
0.0036223803
0.0035728863
0.0035245403
0.0034772525
0.0034309329
0.0033854961
0.0033408614
0.0032969521
0.0032536932
0.0032110115
0.0031688386
0.0031271149
0.0030857959
0.0030448553
0.0030042858
0.0029640942
0.0029242925
0.0028848887
0.0028458781
0.0028072386
0.0027689302
0.0027308987
0.0026930801
0.0026554047
0.0026178028
0.0025802154
0.002542606
0.0025049696
0.0024673283
0.0024297129
0.0023921258
0.0023544979
0.0023166829
0.0022785144
0.0022398795
0.0022007478
0.0021611462
0.0021211134
0.0020806643
0.0020397844
0.00199845
0.0019566468
0.0019143646
0.0018715867
0.0018282961
0.001784478
0.0017401097
0.0016951646
0.0016496169
0.0016034374
0.001556598
0.001509069
0.0014608157
0.0014118069
0.0013620033
0.0013113646
0.0012598425
0.0012074058
0.0011539654
0.0010993861
0.0010435976
0.00098659597
0.00092829983
0.00087045336
0.00081442664
0.00075848173
0.00070010378
0.00064030324
0.00058066662
0.00052178786
0.00046351687
0.00040679511
0.00035082082
0.00030256951
0.00025182029
0.00023722669
-6.7574036e-06
0.0046456494
0.0046278068
0.0046076441
0.0045842544
0.0045569933
0.0045258367
0.004490973
0.0044525556
0.0044107345
0.0043657392
0.0043178928
0.0042675836
0.0042152403
0.0041613177
0.0041062834
0.0040505999
0.0039947045
0.00393899
0.0038837891
0.0038293643
0.0037759035
0.0037235228
0.0036722754
0.0036221643
0.0035731561
0.0035251942
0.0034782099
0.0034321301
0.0033868822
0.0033423954
0.0032986011
0.0032554316
0.0032128206
0.0031707059
0.0031290332
0.0030877607
0.0030468626
0.0030063295
0.0029661644
0.0029263757
0.0028869685
0.0028479371
0.0028092605
0.0027709019
0.0027328106
0.0026949267
0.002657185
0.0026195202
0.0025818763
0.0025442175
0.0025065354
0.0024688455
0.0024311704
0.0023935073
0.0023557914
0.00231789
0.0022796502
0.0022409639
0.0022017967
0.0021621677
0.0021221089
0.0020816332
0.0020407272
0.0019993682
0.0019575414
0.0019152359
0.0018724352
0.0018291222
0.0017852812
0.0017408901
0.0016959224
0.0016503523
0.0016041509
0.00155729
0.00150974
0.0014614665
0.0014124379
0.0013626157
0.0013119594
0.0012604221
0.0012079692
0.0011545169
0.0010999389
0.0010441642
0.00098719614
0.00092900885
0.0008711992
0.00081503336
0.00075898638
0.00070062405
0.00064084829
0.00058119266
0.00052225887
0.00046391913
0.00040705986
0.00035099248
0.00030215053
0.00025138783
0.00023019905
5.3345473e-07
0.0046030359
0.0045859149
0.0045666407
0.00454439
0.0045185796
0.0044891762
0.0044563305
0.0044201585
0.0043807736
0.0043383615
0.0042931935
0.0042456023
0.0041959609
0.0041446703
0.0040921482
0.0040388137
0.003985069
0.0039312824
0.0038777742
0.003824806
0.0037725758
0.0037212182
0.0036708107
0.0036213824
0.0035729262
0.0035254093
0.0034787835
0.0034329925
0.0033879768
0.0033436764
0.0033000311
0.0032569811
0.0032144673
0.0031724338
0.0031308315
0.0030896216
0.0030487794
0.003008294
0.0029681654
0.0029283989
0.0028889971
0.0028499536
0.0028112485
0.0027728475
0.0027347037
0.0026967611
0.0026589586
0.0026212353
0.0025835381
0.0025458318
0.002508105
0.0024703673
0.0024326339
0.0023948976
0.0023570972
0.0023191124
0.0022808028
0.0022420653
0.002202862
0.0021632051
0.0021231203
0.0020826181
0.0020416862
0.0020003028
0.0019584526
0.0019161238
0.0018733004
0.001829965
0.0017861011
0.001741687
0.0016966967
0.0016511041
0.0016048807
0.0015579982
0.001510427
0.0014621332
0.0014130847
0.0013632436
0.0013125698
0.0012610169
0.0012085482
0.0011550844
0.0011005076
0.0010447475
0.00098781413
0.00092973013
0.00087195603
0.00081566258
0.00075950211
0.00070115502
0.00064140417
0.0005817284
0.00052273718
0.00046432482
0.00040732306
0.00035114844
0.00030170733
0.00025079059
0.00022338445
7.3040803e-06
0.0045612819
0.0045448423
0.0045264022
0.0045052152
0.0044807539
0.0044529778
0.0044220056
0.0043879229
0.0043508122
0.004310821
0.0042681752
0.0042231576
0.0041760902
0.0041273243
0.0040772309
0.0040261873
0.0039745613
0.0039226959
0.0038708963
0.0038194199
0.00376847
0.0037181952
0.0036686921
0.0036200124
0.0035721721
0.0035251602
0.0034789479
0.0034334953
0.0033887563
0.0033446819
0.0033012212
0.0032583223
0.0032159335
0.0031740055
0.0031324943
0.0030913647
0.0030505931
0.0030101678
0.0029700868
0.0029303527
0.002890966
0.0028519198
0.0028131952
0.0027747605
0.002736572
0.0026985778
0.0026607207
0.0026229438
0.0025851969
0.0025474454
0.0025096754
0.002471891
0.0024341011
0.0023962945
0.0023584134
0.0023203484
0.0022819707
0.0022431824
0.0022039428
0.0021642576
0.0021241468
0.0020836185
0.0020426609
0.0020012533
0.0019593798
0.001917028
0.001874182
0.0018308241
0.0017869375
0.0017425005
0.0016974875
0.0016518723
0.0016056268
0.0015587226
0.0015111301
0.0014628158
0.0014137473
0.0013638873
0.0013131958
0.0012616271
0.001209143
0.0011556681
0.0011010925
0.0010453477
0.00098844996
0.00093046384
0.00087272368
0.00081631401
0.00076003025
0.00070169669
0.00064197063
0.00058227364
0.00052322253
0.0004647335
0.00040758399
0.00035128783
0.00030123543
0.00025004781
0.00021679333
1.3550565e-05
0.0045203471
0.0045045517
0.0044868954
0.0044667034
0.0044434979
0.0044172331
0.0043880011
0.0043558622
0.0043208732
0.0042831492
0.0042428757
0.0042002912
0.0041556716
0.0041093226
0.0040615716
0.0040127562
0.0039632105
0.0039132519
0.0038631687
0.0038132107
0.0037635831
0.0037144435
0.0036659037
0.0036180342
0.0035708708
0.0035244224
0.0034786781
0.0034336139
0.003389197
0.0033453896
0.0033021501
0.0032594352
0.0032172007
0.0031754038
0.0031340058
0.0030929752
0.0030522902
0.0030119389
0.0029719177
0.0029322271
0.0028928662
0.0028538275
0.0028150932
0.0027766339
0.0027384093
0.002700371
0.002662466
0.0026246409
0.0025868484
0.0025490545
0.0025112432
0.0024734139
0.0024355696
0.0023976959
0.002359738
0.0023215962
0.0022831525
0.002244314
0.002205038
0.0021653243
0.0021251876
0.0020846335
0.0020436506
0.0020022191
0.0019603226
0.001917948
0.0018750795
0.0018316994
0.0017877902
0.0017433304
0.0016982947
0.0016526569
0.0016063893
0.0015594633
0.0015118494
0.0014635145
0.001414426
0.0013645469
0.0013138376
0.0012622532
0.0012097539
0.0011562682
0.001101694
0.001045965
0.00098910375
0.00093121022
0.00087350248
0.00081698427
0.00076057333
0.00070224994
0.0006425478
0.00058282836
0.00052371479
0.0004651448
0.00040784216
0.00035140898
0.00030073384
0.00024916022
0.0002104408
1.9291118e-05
0.0044801934
0.0044650074
0.004448089
0.0044288286
0.0044067932
0.0043819329
0.0043543178
0.0043239874
0.0042909772
0.0042553746
0.0042173302
0.0041770429
0.0041347475
0.0040907078
0.0040452108
0.0039985568
0.0039510475
0.0039029743
0.0038546073
0.0038061863
0.0037579148
0.0037099558
0.0036624324
0.00361543
0.0035690014
0.003523173
0.0034779504
0.0034333244
0.0033892754
0.0033457765
0.0033027962
0.0032602994
0.0032182495
0.0031766105
0.0031353491
0.0030944378
0.0030538567
0.0030135945
0.0029736464
0.0029340116
0.0028946879
0.0028556677
0.0028169342
0.0027784601
0.0027402085
0.0027021344
0.0026641886
0.0026263213
0.0025884879
0.002550655
0.0025128048
0.0024749326
0.0024370365
0.0023990991
0.0023610686
0.0023228536
0.0022843462
0.0022454584
0.0022061462
0.002166404
0.0021262417
0.0020856623
0.0020446547
0.0020031996
0.0019612803
0.0019188833
0.0018759926
0.0018325904
0.0017886587
0.0017441762
0.001699118
0.0016534578
0.001607168
0.0015602202
0.0015125848
0.0014642292
0.0014151206
0.0013652224
0.0013144952
0.0012628951
0.0012103809
0.0011568848
0.0011023122
0.0010465996
0.00098977541
0.0009319693
0.00087429251
0.00081767015
0.00076113361
0.00070281546
0.00064313559
0.00058339237
0.00052421365
0.00046555822
0.0004080968
0.00035151051
0.00030020005
0.00024813487
0.00020434526
2.4536073e-05
0.0044407848
0.0044261756
0.0044099526
0.0043915653
0.0043706211
0.004347067
0.0043209548
0.0042923071
0.0042611421
0.0042275235
0.0041915717
0.0041534508
0.0041133586
0.0040715214
0.0040281889
0.0039836264
0.0039381046
0.0038918889
0.0038452305
0.0037983574
0.0037514683
0.0037047283
0.0036582681
0.0036121847
0.0035665452
0.0035213907
0.0034767419
0.0034326034
0.0033889681
0.0033458202
0.0033031375
0.0032608939
0.0032190602
0.0031776072
0.0031365071
0.0030957365
0.003055278
0.003015121
0.0029752607
0.0029356949
0.002896421
0.002857431
0.0028187095
0.0027802313
0.0027419623
0.0027038613
0.0026658825
0.0026279796
0.0025901104
0.0025522424
0.0025143563
0.0024764439
0.0024384989
0.0024005017
0.0023624026
0.0023241184
0.0022855499
0.0022466141
0.0022072661
0.0021674957
0.002127308
0.002086704
0.0020456722
0.002004194
0.0019622525
0.0019198334
0.0018769209
0.0018334968
0.001789543
0.0017450381
0.0016999573
0.0016542748
0.0016079629
0.0015609933
0.0015133365
0.0014649601
0.0014158314
0.001365914
0.0013151691
0.0012635531
0.0012110244
0.0011575185
0.0011029475
0.0010472517
0.00099046512
0.00093274142
0.00087509377
0.00081837187
0.00076171235
0.0007033934
0.0006437338
0.00058396552
0.00052471894
0.0004659734
0.00040834733
0.00035159129
0.00029963152
0.00024698209
0.00019853251
2.9290132e-05
0.0044020869
0.0043880243
0.004372457
0.004354889
0.0043349633
0.0043126247
0.00428791
0.0042608284
0.0042313836
0.0041996195
0.0041656305
0.0041295505
0.0040915443
0.0040518042
0.0040105461
0.0039680026
0.0039244148
0.0038800232
0.0038350592
0.0037897374
0.0037442494
0.0036987598
0.0036534034
0.0036082858
0.0035634853
0.0035190559
0.0034750312
0.0034314286
0.0033882526
0.003345498
0.0033031523
0.0032611976
0.0032196127
0.0031783747
0.0031374617
0.0030968545
0.0030565385
0.0030165044
0.0029767474
0.0029372651
0.0028980542
0.0028591072
0.0028204096
0.0027819386
0.0027436628
0.0027055443
0.0026675408
0.0026296093
0.0025917101
0.0025538116
0.0025158932
0.0024779437
0.0024399533
0.0024019002
0.0023637372
0.0023253878
0.002286761
0.0022477789
0.0022083957
0.0021685975
0.0021283852
0.0020877572
0.0020467019
0.0020052013
0.0019632381
0.0019207975
0.0018778635
0.0018344179
0.0017904422
0.0017459151
0.0017008122
0.0016551074
0.0016087735
0.0015617822
0.001514104
0.0014657069
0.0014165581
0.0013666216
0.0013158589
0.0012642272
0.0012116843
0.0011581689
0.0011035998
0.0010479214
0.00099117255
0.00093352642
0.00087590596
0.00081908923
0.00076230931
0.00070398345
0.00064434197
0.00058454738
0.00052523016
0.00046638964
0.00040859281
0.00035164996
0.00029902548
0.00024571235
0.00019303201
3.3558925e-05
0.0043640669
0.0043505224
0.0043355745
0.0043187758
0.0042998013
0.0042785947
0.0042551803
0.0042295564
0.0042017152
0.0041716842
0.0041395352
0.0041053758
0.004069342
0.0040315958
0.0039923219
0.003951723
0.0039100124
0.0038674063
0.0038241161
0.0037803421
0.0037362671
0.0036920522
0.0036478338
0.0036037234
0.0035598076
0.003516151
0.0034727985
0.0034297787
0.0033871069
0.003344788
0.0033028187
0.0032611894
0.0032198864
0.0031788937
0.0031381948
0.0030977749
0.0030576225
0.00301773
0.0029780932
0.0029387097
0.0028995763
0.0028606859
0.0028220251
0.0027835732
0.0027453017
0.0027071759
0.0026691568
0.0026312045
0.0025932817
0.0025553578
0.0025174113
0.0024794284
0.0024413964
0.0024032919
0.0023650697
0.0023266594
0.0022879777
0.002248951
0.0022095338
0.0021697085
0.0021294722
0.0020888211
0.0020477433
0.002006221
0.0019642367
0.0019217752
0.0018788202
0.0018353536
0.0017913565
0.0017468076
0.0017016827
0.0016559559
0.0016096002
0.0015625873
0.0015148879
0.0014664701
0.0014173012
0.0013673457
0.0013165653
0.0012649179
0.0012123612
0.0011588369
0.0011042699
0.0010486091
0.00099189814
0.00093432486
0.0008767296
0.00081982256
0.00076292488
0.00070458628
0.00064496046
0.00058513817
0.00052574741
0.00046680684
0.00040883288
0.00035168604
0.00029838141
0.000244336
0.00018785828
3.7358421e-05
0.0043266934
0.0043136405
0.0042992778
0.0042832021
0.004265117
0.0042449653
0.0042227612
0.0041984945
0.0041721484
0.0041437363
0.0041133113
0.0040809581
0.0040467873
0.0040109339
0.0039735547
0.003934825
0.0038949319
0.0038540682
0.0038124258
0.0037701898
0.0037275327
0.0036846102
0.0036415579
0.0035984903
0.0035555004
0.0035126606
0.0034700256
0.0034276336
0.0033855098
0.0033436685
0.003302115
0.0032608479
0.0032198608
0.0031791441
0.0031386871
0.0030984795
0.0030585129
0.0030187819
0.0029792833
0.0029400153
0.0029009747
0.0028621552
0.0028235449
0.0027851249
0.0027468695
0.0027087472
0.0026707221
0.0026327574
0.002594818
0.0025568745
0.0025189046
0.0024808928
0.0024428235
0.0024046722
0.0023663959
0.0023279294
0.0022891962
0.0022501273
0.0022106773
0.0021708259
0.0021305666
0.0020898935
0.0020487941
0.0020072509
0.0019652464
0.0019227647
0.0018797894
0.0018363023
0.0017922843
0.001747714
0.0017025675
0.0016568191
0.0016104418
0.0015634075
0.001515687
0.0014672486
0.0014180599
0.0013680854
0.0013172874
0.0012656244
0.0012130544
0.0011595216
0.001104957
0.0010493143
0.00099264102
0.00093513604
0.00087756392
0.00082057096
0.00076355829
0.0007052014
0.0006455884
0.00058573688
0.00052626963
0.00046722376
0.00040906615
0.00035169779
0.00029770034
0.00024286443
0.0001829998
4.0703866e-05
0.0042899377
0.0042773514
0.004263542
0.0042481463
0.0042308931
0.004211725
0.0041906482
0.0041676456
0.0041426933
0.0041157935
0.0040869829
0.004056327
0.0040239141
0.0039898552
0.0039542824
0.0039173457
0.0038792079
0.0038400399
0.0038000142
0.0037593005
0.0037180599
0.0036764411
0.0036345768
0.0035925823
0.0035505543
0.0035085717
0.0034666964
0.0034249752
0.0033834419
0.0033421192
0.0033010207
0.0032601527
0.0032195158
0.0031791067
0.0031389204
0.0030989509
0.0030591936
0.0030196452
0.002980304
0.0029411689
0.0029022375
0.0028635044
0.002824959
0.0027865845
0.0027483579
0.0027102505
0.0026722298
0.0026342617
0.0025963136
0.0025583568
0.0025203692
0.0024823332
0.0024442315
0.0024060388
0.0023677135
0.0023291958
0.002290415
0.0022513066
0.0022118256
0.0021719492
0.0021316681
0.0020909742
0.0020498544
0.0020082915
0.0019662676
0.0019237665
0.0018807717
0.0018372648
0.0017932264
0.0017486353
0.0017034677
0.001657698
0.0016112994
0.001564244
0.0015165025
0.0014680438
0.0014188353
0.001368842
0.0013180266
0.0012663483
0.0012137653
0.0011602245
0.0011056626
0.0010500381
0.00099340238
0.00093596129
0.00087841021
0.00082133549
0.00076421068
0.0007058302
0.00064622676
0.00058634433
0.00052679757
0.00046764095
0.00040929295
0.00035168552
0.0002969853
0.00024130879
0.00017844546
4.3620514e-05
0.0042537694
0.004241627
0.0042283418
0.004213586
0.0041971116
0.0041788615
0.0041588352
0.0041370105
0.004113358
0.0040878706
0.0040605716
0.0040315097
0.0040007541
0.0039683948
0.0039345416
0.0038993216
0.0038628756
0.0038253533
0.003786909
0.0037476966
0.0037078651
0.003667555
0.0036268944
0.0035859974
0.0035449626
0.0035038728
0.003462796
0.0034217858
0.0033808835
0.0033401193
0.0032995143
0.0032590819
0.0032188295
0.00317876
0.0031388737
0.0030991692
0.0030596454
0.0030203016
0.002981138
0.0029421544
0.0029033496
0.0028647191
0.0028262538
0.0027879392
0.0027497547
0.0027116746
0.0026736693
0.0026357075
0.0025977589
0.0025597961
0.0025217968
0.0024837422
0.0024456136
0.0024073849
0.0023690164
0.0023304526
0.0022916285
0.0022524835
0.0022129736
0.0021730739
0.0021327724
0.0020920591
0.0020509203
0.0020093387
0.0019672966
0.0019247772
0.0018817637
0.0018382378
0.0017941798
0.0017495685
0.0017043803
0.0016585898
0.0016121703
0.0015650941
0.001517332
0.0014688532
0.0014196251
0.0013696133
0.0013187807
0.0012670873
0.0012144917
0.0011609436
0.0011063847
0.0010507786
0.00099417995
0.00093679853
0.00087926636
0.00082211388
0.00076487986
0.00070647076
0.0006468733
0.00058695817
0.00052732883
0.00046805591
0.00040951065
0.00035164681
0.00029623642
0.00023967639
0.0001741794
4.6133758e-05
0.00395695
0.0040780979
0.0043016369
0.0045593031
0.0048573953
0.0052109758
0.005634653
0.0061692026
0.0068807791
0.0080704758
0.0039569411
0.0040780788
0.0043016009
0.0045592295
0.0048572287
0.0052105857
0.0056336255
0.0061652494
0.0068635301
0.0078831381
0.0039569234
0.0040780408
0.0043015277
0.0045590771
0.0048568849
0.0052097703
0.0056314763
0.0061572695
0.0068304548
0.0076810104
0.0039568952
0.0040779811
0.0043014116
0.0045588357
0.0048563429
0.005208481
0.005628072
0.0061452907
0.0067856332
0.0075061081
0.0039568555
0.0040778978
0.0043012489
0.0045584973
0.0048555847
0.0052066797
0.0056232948
0.0061297172
0.0067316681
0.0073500958
0.0039568033
0.0040777888
0.0043010353
0.0045580529
0.0048545909
0.005204318
0.0056170977
0.0061106868
0.0066726288
0.0072060923
0.0039567372
0.004077652
0.0043007658
0.0045574926
0.0048533405
0.0052013517
0.0056094367
0.0060884017
0.0066110521
0.0070708037
0.0039566559
0.0040774847
0.0043004356
0.0045568061
0.0048518116
0.00519774
0.0056002619
0.0060631944
0.0065473701
0.0069428192
0.003956558
0.0040772844
0.004300039
0.0045559823
0.0048499815
0.0051934402
0.0055895533
0.0060352779
0.0064820435
0.0068215358
0.003956442
0.0040770483
0.0042995703
0.0045550097
0.0048478268
0.0051884126
0.0055772958
0.0060048586
0.006415548
0.0067063685
0.0039563062
0.0040767734
0.0042990233
0.0045538757
0.0048453233
0.0051826192
0.0055634834
0.0059721462
0.0063482876
0.0065967587
0.0039561488
0.0040764564
0.0042983913
0.0045525675
0.0048424461
0.0051760244
0.0055481202
0.0059373457
0.006280601
0.0064922186
0.003955968
0.0040760939
0.0042976672
0.0045510712
0.0048391699
0.0051685948
0.0055312194
0.0059006551
0.0062127747
0.0063923217
0.0039557615
0.0040756823
0.0042968435
0.0045493725
0.0048354693
0.0051603
0.0055128029
0.0058622654
0.0061450509
0.0062966907
0.0039555273
0.0040752176
0.0042959122
0.0045474562
0.0048313185
0.0051511129
0.0054929003
0.0058223601
0.0060776322
0.0062049909
0.0039552629
0.0040746956
0.0042948649
0.0045453068
0.0048266918
0.0051410094
0.0054715486
0.0057811147
0.0060106872
0.0061169246
0.0039549658
0.0040741119
0.0042936925
0.0045429078
0.0048215635
0.0051299693
0.0054487914
0.0057386964
0.0059443547
0.0060322266
0.0039546332
0.0040734618
0.0042923856
0.0045402425
0.0048159085
0.005117976
0.005424678
0.0056952635
0.0058787481
0.0059506597
0.0039542623
0.0040727401
0.0042909342
0.0045372932
0.0048097021
0.0051050169
0.0053992633
0.0056509657
0.0058139589
0.0058720114
0.0039538498
0.0040719416
0.0042893278
0.0045340421
0.0048029204
0.0050910832
0.0053726066
0.0056059434
0.0057500599
0.0057960904
0.0039533924
0.0040710606
0.0042875552
0.0045304708
0.0047955403
0.0050761704
0.0053447709
0.0055603284
0.0056871078
0.0057227239
0.0039528865
0.0040700909
0.0042856049
0.0045265606
0.0047875399
0.0050602782
0.0053158225
0.0055142433
0.005625146
0.0056517552
0.0039523282
0.0040690263
0.0042834648
0.0045222924
0.0047788986
0.0050434101
0.0052858302
0.0054678021
0.0055642064
0.0055830419
0.0039517134
0.0040678598
0.0042811222
0.0045176471
0.0047695973
0.005025574
0.0052548649
0.00542111
0.0055043111
0.0055164541
0.0039510378
0.0040665844
0.0042785639
0.0045126051
0.0047596184
0.0050067817
0.0052229983
0.0053742642
0.0054454745
0.0054518724
0.0039502965
0.0040651924
0.0042757762
0.0045071473
0.0047489464
0.0049870488
0.0051903031
0.0053273536
0.0053877039
0.0053891875
0.0039494846
0.0040636759
0.004272745
0.0045012542
0.0047375677
0.0049663949
0.0051568521
0.0052804593
0.005331001
0.0053282984
0.0039485968
0.0040620266
0.0042694557
0.004494907
0.0047254706
0.0049448427
0.0051227177
0.0052336551
0.0052753628
0.0052691118
0.0039476274
0.0040602354
0.0042658932
0.0044880867
0.004712646
0.0049224186
0.0050879713
0.0051870078
0.0052207821
0.005211541
0.0039465702
0.0040582933
0.004262042
0.0044807751
0.0046990869
0.0048991521
0.0050526833
0.0051405773
0.0051672485
0.0051555057
0.003945419
0.0040561904
0.0042578865
0.0044729546
0.0046847889
0.0048750752
0.0050169221
0.0050944174
0.0051147489
0.0051009308
0.0039441667
0.0040539167
0.0042534105
0.0044646081
0.0046697501
0.0048502228
0.0049807543
0.0050485756
0.0050632676
0.005047746
0.0039428062
0.0040514615
0.0042485977
0.0044557195
0.0046539711
0.0048246317
0.0049442442
0.005003094
0.0050127871
0.0049958857
0.0039413297
0.0040488137
0.0042434317
0.0044462735
0.0046374552
0.004798341
0.0049074534
0.0049580095
0.004963288
0.004945288
0.003939729
0.004045962
0.0042378958
0.0044362561
0.0046202081
0.004771391
0.0048704409
0.0049133538
0.00491475
0.0048958948
0.0039379956
0.0040428944
0.0042319735
0.0044256543
0.0046022382
0.0047438236
0.0048332624
0.0048691541
0.0048671511
0.0048476511
0.0039361202
0.0040395986
0.0042256481
0.0044144568
0.0045835563
0.0047156813
0.004795971
0.0048254334
0.0048204688
0.0048005048
0.0039340931
0.004036062
0.0042189033
0.0044026532
0.0045641757
0.0046870075
0.0047586161
0.0047822105
0.0047746796
0.0047544067
0.0039319043
0.0040322713
0.0042117228
0.0043902352
0.0045441119
0.0046578458
0.0047212441
0.0047395007
0.0047297595
0.00470931
0.0039295428
0.0040282133
0.0042040907
0.0043771957
0.0045233828
0.0046282398
0.004683898
0.0046973157
0.004685684
0.0046651702
0.0039269974
0.0040238742
0.0041959916
0.0043635297
0.0045020081
0.0045982326
0.0046466176
0.004655664
0.0046424283
0.0046219447
0.0039242562
0.0040192399
0.0041874105
0.0043492337
0.0044800095
0.0045678671
0.0046094392
0.0046145513
0.0045999673
0.0045795931
0.0039213067
0.0040142962
0.0041783331
0.0043343063
0.0044574106
0.004537185
0.004572396
0.0045739807
0.0045582759
0.0045380768
0.0039181357
0.0040090287
0.0041687458
0.0043187479
0.0044342363
0.0045062273
0.0045355178
0.0045339526
0.0045173288
0.0044973586
0.0039147297
0.0040034226
0.0041586357
0.0043025607
0.0044105129
0.0044750334
0.0044988314
0.0044944655
0.0044771008
0.0044574033
0.0039110744
0.0039974634
0.0041479911
0.0042857493
0.0043862681
0.0044436414
0.0044623605
0.0044555155
0.0044375671
0.0044181769
0.0039071547
0.0039911361
0.0041368009
0.0042683199
0.00436153
0.0044120877
0.0044261259
0.0044170974
0.0043987025
0.0043796467
0.0039029551
0.0039844261
0.0041250554
0.0042502808
0.0043363278
0.004380407
0.0043901455
0.0043792041
0.0043604827
0.0043417819
0.0038984596
0.0039773187
0.0041127458
0.0042316426
0.0043106912
0.0043486319
0.0043544345
0.0043418269
0.0043228835
0.0043045528
0.0038936513
0.0039697999
0.0040998646
0.0042124174
0.0042846503
0.0043167936
0.0043190056
0.0043049554
0.0042858793
0.0042679289
0.0038882985
0.0039615257
0.0040858468
0.0041917951
0.0042571369
0.0042835966
0.0042824105
0.0042670697
0.004247935
0.004230386
0.0038817317
0.003951509
0.0040690901
0.0041675173
0.004225263
0.0042456669
0.0042410008
0.0042244263
0.004205313
0.0041882276
0.0038732207
0.0039387485
0.0040480871
0.0041376143
0.004186735
0.004200546
0.0041922734
0.0041745367
0.004155554
0.004139022
0.0038621088
0.0039224579
0.0040218459
0.0041009654
0.004140514
0.0041473827
0.0041355365
0.0041167909
0.0040980718
0.0040821813
0.0038474881
0.0039016087
0.0039892462
0.0040563816
0.0040855924
0.0040854437
0.0040702529
0.0040507361
0.0040324347
0.0040172771
0.0038281433
0.003874908
0.0039490249
0.0040026654
0.0040210806
0.0040141904
0.0039960978
0.0039761205
0.0039583889
0.0039440282
0.0038025172
0.0038408204
0.0038997621
0.0039386924
0.0039463054
0.0039333375
0.0039129809
0.0038929141
0.0038759294
0.0038624544
0.0037686473
0.0037975176
0.0038399816
0.0038635827
0.0038609601
0.0038429406
0.0038210719
0.0038012315
0.0037850489
0.0037724399
0.0037241716
0.0037429598
0.0037683386
0.0037768546
0.0037651561
0.0037433776
0.0037208919
0.0037017712
0.0036866412
0.0036750106
0.0036664447
0.0036750624
0.0036837919
0.003678497
0.0036593974
0.0036351024
0.0036124597
0.0035939974
0.0035797313
0.003568958
0.0035928416
0.0035919779
0.0035857661
0.0035689362
0.0035446551
0.003519662
0.0034981957
0.003481236
0.003468252
0.0034584671
0.0035012382
0.0034925463
0.0034743827
0.0034489118
0.0034209376
0.0033951717
0.0033740466
0.0033578192
0.0033457122
0.0033367874
0.0033908269
0.0033766066
0.0033505275
0.0033207913
0.0032933152
0.0032703881
0.0032521373
0.0032379818
0.003227237
0.003219238
0.0032628666
0.0032458254
0.0032150845
0.0031813832
0.003151509
0.0031276793
0.0031096635
0.0030963735
0.0030866633
0.0030796018
0.0031211881
0.0031046877
0.0030772702
0.0030505149
0.0030286834
0.0030112588
0.002997267
0.002986236
0.0029778239
0.0029715791
0.0029727855
0.002953978
0.0029204128
0.0028864372
0.0028600027
0.0028414771
0.0028283828
0.0028188036
0.0028117527
0.0028066276
0.0028306894
0.0028281284
0.0028191349
0.0028077841
0.0027956851
0.0027838505
0.0027733926
0.0027649544
0.0027585019
0.0027536678
0.0026850646
0.0026446679
0.0026012103
0.0025709933
0.0025511286
0.0025366852
0.0025258003
0.0025178337
0.0025121388
0.0025080572
0.0042166819
0.0042049797
0.0041922122
0.0041780844
0.0041623699
0.0041450125
0.0041260062
0.0041053251
0.0040829351
0.0040588216
0.0040329962
0.0040054926
0.0039763631
0.0039456785
0.0039135279
0.0038800172
0.0038452658
0.0038094034
0.0037725655
0.0037348902
0.0036965134
0.0036575659
0.0036181697
0.0035784358
0.0035384629
0.0034983363
0.003458128
0.0034178975
0.0033776924
0.00333755
0.0032974982
0.0032575573
0.0032177412
0.003178059
0.0031385163
0.0030991165
0.0030598623
0.0030207557
0.002981799
0.0029429937
0.0029043397
0.002865834
0.0028274691
0.0027892327
0.0027511068
0.0027130686
0.0026750916
0.0026371474
0.0025992078
0.002561247
0.0025232426
0.0024851752
0.0024470247
0.0024087649
0.0023703577
0.0023317518
0.0022928874
0.0022537079
0.0022141703
0.0021742484
0.0021339274
0.0020931956
0.0020520386
0.0020104392
0.0019683793
0.001925842
0.0018828101
0.0018392652
0.0017951877
0.0017505561
0.0017053471
0.0016595355
0.0016130948
0.0015659973
0.0015182142
0.0014697147
0.0014204665
0.0013704356
0.0013195854
0.0012678766
0.0012152684
0.0011617132
0.0011071577
0.0010515709
0.00099501011
0.00093768642
0.00088017155
0.00082294191
0.00076559719
0.00070715327
0.00064755794
0.00058760664
0.00052788802
0.000468488
0.00040972998
0.00035158138
0.00029542638
0.00023790808
0.00017002286
4.8370652e-05
0.0041750218
0.004163795
0.0041515846
0.0041381288
0.004123223
0.0041068123
0.004088886
0.0040694149
0.0040483615
0.0040257043
0.004001444
0.0039756004
0.0039482093
0.0039193226
0.0038890092
0.0038573532
0.0038244524
0.003790415
0.0037553568
0.0037193979
0.0036826595
0.0036452603
0.0036073138
0.0035689259
0.0035301931
0.0034912015
0.0034520259
0.0034127304
0.0033733683
0.0033339833
0.0032946103
0.0032552767
0.003216003
0.0031768049
0.0031376937
0.0030986782
0.0030597653
0.0030209605
0.0029822688
0.0029436936
0.0029052367
0.0028668967
0.0028286685
0.002790542
0.0027525022
0.0027145297
0.0026766012
0.0026386915
0.002600775
0.0025628275
0.0025248271
0.0024867539
0.0024485869
0.0024102999
0.0023718568
0.0023332105
0.0022943066
0.0022550927
0.0022155272
0.0021755827
0.002135242
0.0020944915
0.0020533161
0.0020116982
0.0019696199
0.0019270638
0.0018840124
0.0018404473
0.0017963486
0.001751695
0.0017064633
0.0016606284
0.0016141642
0.0015670431
0.0015192365
0.0014707138
0.0014214433
0.001371391
0.0013205211
0.0012687951
0.0012161733
0.0011626106
0.0011080595
0.0010524946
0.00099597605
0.00093871294
0.00088121471
0.00082390131
0.000766434
0.00070794461
0.00064834635
0.00058835101
0.00052852647
0.00046897386
0.00040996384
0.00035146886
0.00029446109
0.00023581408
0.00016556507
5.0511413e-05
0.0041263783
0.0041156799
0.0041040864
0.0040913709
0.0040773506
0.0040619722
0.0040452209
0.0040270654
0.0040074656
0.0039863941
0.0039638417
0.0039398151
0.0039143341
0.0038874325
0.0038591585
0.0038295746
0.0037987556
0.0037667873
0.0037337637
0.003699785
0.0036649546
0.0036293765
0.0035931527
0.0035563811
0.0035191531
0.0034815529
0.0034436563
0.0034055301
0.0033672323
0.0033288123
0.0032903115
0.0032517642
0.0032131981
0.0031746355
0.0031360944
0.0030975893
0.003059132
0.0030207324
0.0029823988
0.0029441375
0.0029059526
0.0028678453
0.0028298129
0.0027918485
0.0027539405
0.0027160732
0.0026782272
0.0026403809
0.0026025118
0.0025645976
0.0025266176
0.0024885517
0.0024503786
0.0024120724
0.0023735993
0.0023349167
0.0022959759
0.0022567291
0.0022171367
0.0021771702
0.0021368105
0.0020960417
0.002054848
0.0020132116
0.0019711144
0.0019285386
0.0018854666
0.0018418796
0.0017977577
0.0017530796
0.0017078224
0.0016619613
0.0016154703
0.0015683222
0.0015204885
0.0014719391
0.0014226426
0.0013725656
0.001321673
0.0012699273
0.00121729
0.0011637194
0.0011091741
0.0010536351
0.00099716466
0.00093996623
0.00088248323
0.00082507571
0.00076746784
0.00070891673
0.00064930661
0.0005892543
0.00052929772
0.00046955255
0.00041022938
0.00035129354
0.00029327013
0.00023326667
0.00016060955
5.2557292e-05
0.0040701572
0.004060036
0.0040491138
0.0040371972
0.0040241252
0.0040098468
0.0039943445
0.0039775858
0.0039595294
0.0039401433
0.0039194102
0.0038973252
0.0038738938
0.0038491326
0.0038230709
0.0037957496
0.0037672213
0.0037375487
0.0037068032
0.0036750634
0.0036424127
0.0036089378
0.003574726
0.0035398637
0.003504434
0.0034685161
0.0034321834
0.0033955029
0.0033585352
0.0033213337
0.003283945
0.0032464096
0.0032087617
0.0031710305
0.0031332404
0.0030954121
0.0030575631
0.0030197082
0.0029818596
0.0029440274
0.002906219
0.0028684385
0.0028306867
0.0027929602
0.0027552514
0.0027175489
0.0026798377
0.0026421002
0.0026043174
0.00256647
0.0025285386
0.0024905038
0.0024523445
0.002414036
0.002375547
0.0023368397
0.0022978711
0.0022585984
0.0022189845
0.0021790007
0.0021386258
0.0020978423
0.0020566333
0.0020149807
0.0019728662
0.0019302719
0.0018871797
0.0018435706
0.0017994249
0.0017547212
0.0017094368
0.0016635472
0.0016170269
0.0015698489
0.0015219851
0.0014734059
0.0014240802
0.0013739755
0.0013230574
0.0012712899
0.0012186361
0.001165058
0.0011105205
0.0010550117
0.00099859536
0.00094146396
0.00088399327
0.00082648206
0.00076871602
0.0007100827
0.00065044637
0.0005903197
0.00053019885
0.00047021096
0.00041049974
0.00035100682
0.00029179116
0.00023020964
0.00015521886
5.4315011e-05
0.0040059297
0.0039964297
0.0039862236
0.0039751509
0.003963072
0.0039499389
0.0039357326
0.0039204208
0.0039039623
0.0038863225
0.0038674779
0.0038474143
0.0038261252
0.0038036129
0.0037798892
0.0037549761
0.0037289051
0.0037017169
0.0036734605
0.0036441922
0.0036139746
0.0035828745
0.0035509622
0.0035183091
0.0034849867
0.0034510652
0.0034166118
0.0033816906
0.0033463609
0.0033106776
0.0032746902
0.0032384433
0.0032019765
0.0031653247
0.0031285182
0.0030915838
0.0030545445
0.0030174204
0.0029802285
0.002942983
0.0029056954
0.0028683738
0.0028310228
0.0027936433
0.0027562323
0.0027187831
0.0026812856
0.0026437269
0.0026060921
0.0025683651
0.0025305289
0.0024925658
0.0024544558
0.0024161759
0.0023776982
0.0023389895
0.0023000127
0.0022607303
0.0022211082
0.0021811182
0.0021407379
0.0020999483
0.0020587314
0.002017069
0.0019749427
0.0019323341
0.0018892249
0.0018455962
0.001801428
0.0017566993
0.0017113875
0.0016654687
0.0016189176
0.0015717077
0.0015238115
0.0014751998
0.0014258423
0.0013757072
0.0013247614
0.0012729702
0.0012202992
0.0011667142
0.0011121869
0.0010567125
0.0010003546
0.00094328929
0.00088582528
0.00082820131
0.00077025997
0.00071151878
0.00065183366
0.00059160819
0.00053128256
0.00047098888
0.00041079827
0.00035060866
0.0002900227
0.00022666781
0.00014955132
5.560035e-05
0.0039333886
0.0039245359
0.0039150728
0.0039048668
0.0038937982
0.0038818237
0.0038689238
0.0038550675
0.0038402155
0.0038243323
0.0038073906
0.0037893696
0.0037702539
0.0037500345
0.0037287092
0.0037062838
0.0036827717
0.0036581937
0.0036325782
0.0036059604
0.0035783817
0.0035498889
0.0035205329
0.0034903682
0.0034594512
0.0034278394
0.0033955903
0.0033627602
0.0033294039
0.0032955734
0.0032613178
0.0032266827
0.0031917104
0.0031564393
0.0031209043
0.0030851367
0.0030491646
0.0030130131
0.0029767038
0.0029402557
0.0029036845
0.0028670028
0.0028302198
0.0027933412
0.002756369
0.0027193016
0.0026821343
0.0026448593
0.0026074665
0.0025699439
0.0025322777
0.0024944527
0.0024564513
0.0024182534
0.0023798345
0.0023411667
0.0023022186
0.0022629581
0.0022233548
0.0021833818
0.0021430165
0.0021022389
0.0020610305
0.0020193727
0.001977247
0.001934635
0.0018915183
0.0018478779
0.0018036939
0.0017589455
0.0017136106
0.0016676655
0.0016210858
0.0015738456
0.0015259176
0.0014772738
0.0014278845
0.001377719
0.0013267454
0.0012749313
0.0012222447
0.0011686558
0.0011141428
0.0010587075
0.0010024112
0.00094540856
0.00088794375
0.00083019985
0.00077206877
0.0007131904
0.00065342494
0.00059306786
0.00053248839
0.00047181263
0.00041103507
0.00034999181
0.0002878679
0.00022264507
0.00014369958
5.6138058e-05
0.0038525676
0.003844384
0.0038356782
0.0038263458
0.003816286
0.0038054593
0.0037938468
0.0037814203
0.0037681432
0.0037539812
0.0037389055
0.0037228916
0.0037059187
0.0036879696
0.0036690321
0.0036490997
0.0036281714
0.0036062519
0.003583352
0.0035594881
0.0035346824
0.0035089622
0.0034823596
0.0034549107
0.003426655
0.0033976348
0.0033678942
0.0033374782
0.0033064325
0.0032748022
0.0032426314
0.0032099631
0.0031768382
0.0031432953
0.003109371
0.0030750988
0.0030405101
0.0030056333
0.0029704941
0.0029351155
0.0028995174
0.0028637169
0.0028277278
0.0027915607
0.0027552229
0.0027187182
0.0026820475
0.0026452086
0.0026081965
0.0025710039
0.0025336214
0.0024960374
0.0024582379
0.0024202064
0.002381923
0.0023433649
0.0023045067
0.0022653216
0.0022257835
0.0021858681
0.0021455534
0.0021048195
0.0020636476
0.0020220193
0.0019799164
0.0019373204
0.0018942131
0.0018505756
0.0018063882
0.0017616307
0.0017162812
0.0016703172
0.0016237145
0.001576448
0.0015284917
0.001479818
0.0014303986
0.001380204
0.0013292041
0.0012773687
0.0012246688
0.0011710792
0.0011165839
0.0010611899
0.0010049538
0.00094800428
0.00089052647
0.00083265434
0.00077431933
0.0007152688
0.0006553781
0.00059484261
0.00053394716
0.00047279663
0.0004113073
0.00034924269
0.00028544515
0.00021837131
0.00013793561
5.5922638e-05
0.0037632912
0.0037557773
0.0037478242
0.0037393452
0.003730259
0.0037205329
0.0037101498
0.0036990841
0.0036873029
0.0036747745
0.0036614708
0.0036473663
0.0036324373
0.0036166625
0.0036000234
0.0035825052
0.0035640967
0.003544791
0.0035245852
0.0035034809
0.0034814842
0.0034586057
0.00343486
0.003410266
0.0033848464
0.003358627
0.0033316366
0.0033039065
0.0032754698
0.0032463608
0.0032166148
0.0031862673
0.0031553536
0.0031239088
0.0030919665
0.0030595595
0.0030267189
0.002993474
0.0029598523
0.0029258791
0.0028915772
0.0028569672
0.0028220667
0.0027868908
0.0027514516
0.0027157581
0.0026798165
0.00264363
0.0026071994
0.0025705224
0.0025335946
0.0024964091
0.0024589565
0.0024212248
0.0023831993
0.0023448629
0.002306196
0.0022671775
0.002227786
0.0021880007
0.0021478016
0.0021071699
0.0020660875
0.0020245366
0.0019824997
0.0019399589
0.0018968962
0.0018532934
0.0018091313
0.0017643902
0.0017190493
0.0016730865
0.001626479
0.0015792026
0.0015312321
0.0014825415
0.0014331036
0.0013828907
0.0013318747
0.0012800279
0.0012273246
0.0011737439
0.0011192748
0.0010639272
0.00100775
0.00095084382
0.00089334169
0.00083533665
0.00077678864
0.00071753167
0.00065746248
0.00059669058
0.00053540798
0.00047368076
0.00041134956
0.00034810681
0.00028256769
0.00021372995
0.00013223082
5.477662e-05
0.0036666279
0.003659768
0.0036525413
0.0036448838
0.0036367267
0.0036280403
0.0036188095
0.0036090128
0.003598622
0.0035876087
0.0035759469
0.0035636121
0.0035505804
0.0035368291
0.0035223369
0.0035070846
0.003491055
0.0034742338
0.003456609
0.0034381718
0.0034189164
0.0033988404
0.0033779446
0.0033562332
0.0033337138
0.0033103972
0.003286297
0.0032614299
0.003235815
0.0032094737
0.0031824292
0.0031547064
0.0031263313
0.0030973307
0.0030677319
0.0030375621
0.0030068485
0.0029756177
0.0029438954
0.0029117063
0.0028790735
0.0028460187
0.0028125615
0.0027787197
0.0027445087
0.0027099415
0.0026750287
0.0026397785
0.0026041965
0.0025682858
0.0025320469
0.0024954783
0.0024585755
0.002421332
0.0023837388
0.0023457843
0.0023074551
0.0022687361
0.002229611
0.0021900632
0.0021500761
0.0021096332
0.0020687182
0.002027315
0.0019854071
0.001942978
0.0019000108
0.0018564881
0.0018123919
0.0017677034
0.0017224029
0.0016764698
0.0016298822
0.0015826175
0.0015346519
0.0014859609
0.0014365191
0.0013863006
0.0013352797
0.0012834316
0.0012307338
0.001177169
0.0011227297
0.001067426
0.0010112966
0.00095441383
0.00089686726
0.00083871695
0.00077994045
0.00072043418
0.0006601163
0.00059902805
0.00053726824
0.00047484894
0.00041154319
0.0003469915
0.0002797165
0.00020927341
0.00012717527
5.3247181e-05
0.0035613
0.0035550894
0.0035485691
0.0035416859
0.0035343916
0.003526665
0.0035184925
0.0035098548
0.0035007278
0.0034910875
0.0034809111
0.0034701764
0.003458861
0.003446943
0.0034344008
0.0034212139
0.0034073629
0.0033928295
0.003377597
0.0033616503
0.0033449762
0.0033275637
0.0033094038
0.0032904901
0.0032708183
0.0032503869
0.0032291969
0.0032072517
0.0031845573
0.0031611218
0.0031369558
0.0031120719
0.0030864844
0.0030602093
0.003033264
0.0030056671
0.0029774379
0.0029485963
0.0029191626
0.0028891568
0.0028585989
0.0028275082
0.0027959033
0.0027638015
0.002731219
0.0026981704
0.0026646686
0.0026307248
0.002596348
0.0025615455
0.0025263222
0.002490681
0.0024546228
0.0024181461
0.0023812473
0.0023439208
0.0023061589
0.0022679524
0.0022292906
0.0021901618
0.0021505535
0.0021104529
0.0020698467
0.0020287211
0.0019870621
0.001944855
0.001902085
0.0018587361
0.0018147922
0.001770236
0.0017250495
0.0016792136
0.0016327084
0.0015855129
0.0015376052
0.0014889628
0.0014395623
0.0013893802
0.0013383933
0.0012865796
0.0012339195
0.0011803987
0.0011260109
0.0010707637
0.001014684
0.00095781827
0.00090022085
0.00084192586
0.00078291857
0.00072313393
0.00066250566
0.00060102409
0.00053870402
0.00047549652
0.00041112272
0.0003452058
0.00027630782
0.00020450479
0.00012225749
5.100127e-05
0.0034515227
0.0034458978
0.0034400202
0.0034338514
0.0034273472
0.0034204876
0.003413262
0.0034056554
0.0033976482
0.0033892203
0.0033803519
0.0033710237
0.0033612161
0.0033509091
0.0033400828
0.0033287174
0.0033167935
0.0033042921
0.0032911947
0.0032774837
0.0032631421
0.0032481544
0.0032325059
0.0032161834
0.0031991752
0.0031814712
0.0031630631
0.0031439441
0.0031241097
0.003103557
0.0030822851
0.0030602949
0.0030375894
0.0030141731
0.0029900524
0.0029652352
0.0029397307
0.0029135495
0.0028867031
0.0028592039
0.0028310651
0.0028022999
0.0027729222
0.0027429453
0.0027123826
0.0026812469
0.00264955
0.0026173033
0.0025845165
0.0025511985
0.0025173566
0.0024829966
0.0024481229
0.0024127381
0.002376843
0.0023404369
0.0023035174
0.0022660805
0.002228121
0.0021896321
0.0021506063
0.002111035
0.002070909
0.002030218
0.0019889514
0.0019470977
0.0019046444
0.0018615786
0.0018178863
0.0017735527
0.0017285621
0.0016828977
0.0016365418
0.0015894756
0.0015416798
0.0014931339
0.0014438171
0.0013937084
0.0013427873
0.0012910341
0.0012384319
0.0011849675
0.0011306345
0.0010754355
0.0010193848
0.00096250711
0.00090482918
0.00084636445
0.0007870977
0.00072698216
0.00066595832
0.0006039803
0.00054099628
0.00047690251
0.00041139167
0.00034411249
0.00027376621
0.00020088642
0.00011879913
4.9422546e-05
0.0033305478
0.0033255377
0.0033203066
0.0033148239
0.0033090651
0.0033030182
0.0032966728
0.0032900149
0.0032830286
0.0032756977
0.0032680062
0.0032599376
0.0032514751
0.0032426013
0.0032332988
0.0032235498
0.0032133362
0.0032026403
0.0031914439
0.0031797294
0.0031674789
0.0031546754
0.0031413018
0.0031273418
0.0031127799
0.0030976012
0.0030817917
0.0030653385
0.0030482296
0.0030304546
0.0030120039
0.0029928695
0.0029730449
0.0029525249
0.0029313055
0.0029093847
0.0028867613
0.0028634359
0.0028394102
0.002814687
0.0027892705
0.0027631657
0.0027363783
0.0027089148
0.0026807823
0.002651988
0.0026225395
0.0025924442
0.0025617094
0.002530342
0.0024983483
0.0024657342
0.0024325045
0.0023986633
0.0023642136
0.0023291576
0.002293496
0.0022572287
0.0022203543
0.0021828706
0.0021447743
0.0021060611
0.0020667258
0.0020267626
0.0019861644
0.0019449236
0.0019030315
0.0018604784
0.0018172537
0.0017733459
0.0017287421
0.0016834288
0.001637391
0.001590613
0.0015430782
0.001494769
0.0014456673
0.0013957549
0.0013450137
0.0012934263
0.0012409773
0.0011876539
0.0011334473
0.0010783545
0.0010223779
0.00096552441
0.00090779982
0.00084920058
0.00078970532
0.00072927115
0.00066783749
0.0006053341
0.00054166498
0.00047669043
0.00041010326
0.00034161449
0.0002701179
0.00019649599
0.00011484087
4.7069961e-05
0.0032136278
0.0032091122
0.0032044173
0.0031995226
0.0031944013
0.0031890397
0.0031834304
0.0031775636
0.0031714264
0.0031650055
0.0031582873
0.0031512584
0.0031439047
0.0031362116
0.0031281641
0.0031197468
0.003110944
0.0031017395
0.0030921172
0.0030820603
0.0030715522
0.003060576
0.0030491148
0.0030371516
0.0030246696
0.0030116523
0.0029980832
0.0029839462
0.0029692259
0.0029539071
0.0029379753
0.0029214166
0.0029042182
0.0028863678
0.0028678541
0.0028486668
0.0028287966
0.0028082352
0.0027869755
0.0027650113
0.0027423375
0.0027189501
0.0026948461
0.0026700234
0.0026444808
0.0026182179
0.002591235
0.0025635329
0.002535113
0.0025059772
0.0024761274
0.0024455658
0.0024142947
0.0023823163
0.0023496327
0.0023162458
0.0022821575
0.0022473689
0.0022118809
0.0021756939
0.0021388078
0.0021012218
0.0020629344
0.0020239433
0.0019842454
0.0019438366
0.0019027116
0.0018608642
0.0018182873
0.0017749724
0.0017309102
0.00168609
0.0016405001
0.0015941277
0.0015469592
0.0014989798
0.0014501742
0.0014005267
0.0013500212
0.0012986422
0.0012463748
0.0011932055
0.0011391228
0.0010841173
0.0010281816
0.00097130879
0.00091348891
0.00085470464
0.00079492599
0.00073410655
0.00067218119
0.00060906608
0.00054464436
0.0004787659
0.00041114962
0.00034159301
0.0002691797
0.00019506252
0.00011374243
4.6701942e-05
0.0030747149
0.0030708203
0.0030667671
0.0030625341
0.0030581111
0.0030534928
0.0030486716
0.0030436374
0.0030383795
0.0030328875
0.0030271506
0.0030211575
0.0030148965
0.0030083554
0.0030015216
0.0029943819
0.0029869228
0.0029791306
0.0029709907
0.0029624884
0.0029536088
0.0029443362
0.0029346551
0.0029245492
0.0029140024
0.0029029979
0.0028915192
0.0028795493
0.0028670715
0.0028540688
0.0028405246
0.002826422
0.0028117448
0.0027964767
0.0027806019
0.0027641049
0.0027469707
0.002729185
0.0027107339
0.0026916041
0.0026717832
0.0026512593
0.0026300214
0.0026080592
0.0025853631
0.0025619245
0.0025377353
0.0025127883
0.002487077
0.0024605956
0.0024333389
0.0024053023
0.0023764819
0.0023468744
0.0023164773
0.0022852884
0.0022533062
0.0022205295
0.0021869582
0.0021525925
0.0021174334
0.0020814819
0.0020447392
0.0020072065
0.0019688847
0.0019297732
0.0018898704
0.0018491733
0.0018076781
0.0017653795
0.0017222712
0.0016783455
0.0016335937
0.0015880057
0.0015415705
0.0014942758
0.0014461085
0.0013970549
0.0013471002
0.0012962298
0.0012444287
0.0011916817
0.001137974
0.0010832908
0.0010276165
0.00097093361
0.0009132209
0.00085445043
0.00079458416
0.00073357071
0.00067134166
0.0006078096
0.00054285647
0.00047634316
0.00040803088
0.00033779988
0.00026489968
0.00019064956
0.00011007706
4.4451754e-05
0.0029672076
0.002963685
0.0029600301
0.0029562346
0.0029522791
0.002948152
0.0029438481
0.0029393613
0.0029346834
0.0029298051
0.0029247172
0.0029194102
0.0029138745
0.0029080998
0.0029020754
0.0028957902
0.0028892328
0.0028823911
0.0028752529
0.0028678053
0.002860035
0.0028519283
0.0028434712
0.002834649
0.002825447
0.0028158497
0.0028058417
0.0027954067
0.0027845281
0.0027731891
0.0027613724
0.0027490606
0.0027362363
0.0027228816
0.0027089789
0.0026945103
0.0026794579
0.002663804
0.0026475309
0.0026306213
0.0026130577
0.0025948232
0.0025759013
0.0025562755
0.0025359302
0.0025148499
0.0024930197
0.0024704255
0.0024470533
0.0024228902
0.0023979233
0.0023721406
0.0023455273
0.0023180732
0.0022897802
0.0022606447
0.002230661
0.0021998247
0.0021681337
0.0021355872
0.0021021848
0.0020679267
0.0020328127
0.0019968422
0.001960013
0.0019223223
0.0018837677
0.0018443467
0.0018040557
0.0017628898
0.0017208431
0.0016779089
0.0016340793
0.0015893456
0.0015436981
0.0014971259
0.0014496173
0.0014011596
0.0013517392
0.0013013416
0.0012499515
0.0011975527
0.0011441278
0.0010896581
0.0010341231
0.00097749891
0.00091975778
0.00086086569
0.00080078028
0.00073944854
0.00067680368
0.00061276396
0.00054722342
0.00048006718
0.00041110031
0.00034027227
0.00026691561
0.0001924157
0.00011166256
4.5529852e-05
0.0028031004
0.0028003035
0.0027973905
0.0027943418
0.0027911563
0.0027878335
0.0027843676
0.0027807507
0.002776975
0.0027730335
0.0027689188
0.002764623
0.0027601377
0.0027554541
0.0027505632
0.0027454555
0.002740121
0.0027345495
0.0027287302
0.0027226518
0.0027163026
0.0027096707
0.0027027432
0.0026955073
0.0026879491
0.0026800548
0.0026718096
0.0026631985
0.002654206
0.0026448159
0.0026350115
0.002624776
0.0026140918
0.002602941
0.0025913051
0.0025791652
0.0025665023
0.0025532965
0.0025395281
0.0025251767
0.0025102216
0.0024946421
0.0024784169
0.0024615246
0.0024439435
0.0024256517
0.0024066271
0.0023868471
0.002366289
0.0023449295
0.0023227449
0.0022997106
0.0022758003
0.0022509824
0.0022252284
0.0021985256
0.0021708643
0.0021422476
0.0021126863
0.0020821931
0.002050784
0.0020184818
0.00198532
0.0019513309
0.0019165079
0.0018808284
0.0018442755
0.0018068387
0.0017685076
0.0017292702
0.0016891135
0.0016480248
0.001605991
0.0015629986
0.0015190336
0.0014740815
0.0014281273
0.0013811551
0.0013331486
0.0012840903
0.0012339622
0.0011827447
0.0011304172
0.0010769572
0.0010223398
0.0009665375
0.0009095185
0.00085124615
0.00079167736
0.00073076129
0.00066843731
0.00060463507
0.00053926756
0.00047224911
0.00040343255
0.0003328317
0.00025990692
0.00018615034
0.00010699479
4.2979428e-05
0.0027502256
0.0027474163
0.0027445074
0.0027414991
0.0027383707
0.002735109
0.0027317103
0.0027281718
0.0027244876
0.0027206504
0.0027166528
0.0027124876
0.0027081475
0.0027036245
0.0026989101
0.0026939956
0.0026888719
0.0026835294
0.0026779581
0.0026721475
0.0026660867
0.0026597643
0.0026531684
0.0026462866
0.002639106
0.0026316131
0.002623794
0.0026156342
0.0026071189
0.0025982326
0.0025889595
0.0025792831
0.0025691861
0.0025586511
0.0025476598
0.0025361936
0.0025242334
0.0025117595
0.0024987519
0.0024851899
0.0024710528
0.0024563193
0.002440968
0.002424977
0.0024083245
0.0023909885
0.0023729471
0.0023541782
0.0023346603
0.0023143719
0.002293292
0.0022714003
0.0022486798
0.0022251098
0.0022006626
0.0021753202
0.0021490699
0.0021219031
0.0020938133
0.0020647961
0.0020348502
0.002003978
0.0019721872
0.0019394888
0.0019058896
0.0018714028
0.001836046
0.0017998031
0.0017626456
0.0017245509
0.0016855025
0.0016454841
0.001604478
0.0015624658
0.0015194292
0.0014753501
0.0014302103
0.0013839909
0.001336673
0.0012882368
0.0012386618
0.0011879267
0.0011360089
0.0010828843
0.0010285269
0.00097290809
0.00091599639
0.00085775639
0.00079814801
0.00073712558
0.00067463625
0.00061062027
0.00054500381
0.00047771609
0.00040862149
0.00033773791
0.00026448402
0.00019028136
0.00011017757
4.4707938e-05
0.0025052243
0.0025029577
0.0025005943
0.0024981247
0.0024955497
0.0024928677
0.0024900737
0.0024871616
0.002484126
0.0024809615
0.0024776624
0.0024742225
0.0024706355
0.0024668946
0.0024629926
0.0024589223
0.0024546759
0.0024502452
0.0024456217
0.0024407967
0.0024357609
0.0024305045
0.0024250176
0.0024192896
0.0024133095
0.0024070661
0.0024005475
0.0023937414
0.0023866351
0.0023792154
0.0023714688
0.0023633811
0.0023549378
0.0023461239
0.0023369241
0.0023273225
0.0023173031
0.0023068493
0.0022959443
0.0022845709
0.0022727119
0.0022603498
0.002247467
0.0022340458
0.0022200688
0.0022055185
0.0021903778
0.00217463
0.002158259
0.0021412493
0.0021235865
0.0021052573
0.0020862498
0.0020665578
0.0020461749
0.0020250817
0.0020032559
0.0019806666
0.0019572781
0.0019330555
0.0019079636
0.0018819648
0.0018550165
0.0018270821
0.0017981612
0.0017682763
0.0017374468
0.0017056503
0.0016728512
0.0016390222
0.0016041431
0.0015681933
0.0015311506
0.0014929921
0.0014536954
0.0014132383
0.0013715988
0.0013287547
0.0012846836
0.0012393628
0.0011927695
0.0011448803
0.0010956712
0.0010451176
0.00099319381
0.00093987293
0.00088512674
0.00082892543
0.00077123733
0.00071202896
0.00065126463
0.00058890818
0.00052491833
0.00045926777
0.0003918841
0.00032286233
0.0002517705
0.00018011467
0.00010350946
4.1593043e-05
)
;

boundaryField
{
    inlet
    {
        type            zeroGradient;
    }
    top
    {
        type            zeroGradient;
    }
    outlet
    {
        type            fixedValue;
        value           uniform 0;
    }
    slipsurface
    {
        type            slip;
    }
    bottom
    {
        type            zeroGradient;
    }
    frontandback
    {
        type            empty;
    }
}


// ************************************************************************* //
