/*--------------------------------*- C++ -*----------------------------------*\
  =========                 |
  \\      /  F ield         | OpenFOAM: The Open Source CFD Toolbox
   \\    /   O peration     | Website:  https://openfoam.org
    \\  /    A nd           | Version:  12
     \\/     M anipulation  |
\*---------------------------------------------------------------------------*/
FoamFile
{
    format      ascii;
    class       volScalarField;
    location    "500";
    object      p;
}
// * * * * * * * * * * * * * * * * * * * * * * * * * * * * * * * * * * * * * //

dimensions      [0 2 -2 0 0 0 0];

internalField   nonuniform List<scalar> 
7480
(
0.0053224402
0.0052834445
0.005175154
0.0051426793
0.0051597526
0.0051941504
0.0052419775
0.0053069923
0.0053955707
0.0055147502
0.0056851512
0.0059237209
0.006392478
0.0068178064
0.0067599573
0.006325845
0.0058585551
0.005488484
0.0051728738
0.0048906449
0.0046449465
0.0044348719
0.0042572438
0.0040905209
0.0039237654
0.0037618512
0.0036086641
0.0034773148
0.0033648026
0.0032576988
0.0031596788
0.0030739594
0.0029995984
0.0029356784
0.0028806917
0.0028328716
0.0027906584
0.0027541494
0.0027221678
0.0026920849
0.0026634713
0.0026364269
0.0026110915
0.0025861473
0.0025598341
0.002532008
0.0025031199
0.0024743737
0.0024451264
0.0024142225
0.0023810756
0.002345228
0.0023083984
0.0022710501
0.0022319335
0.0021912356
0.0021500432
0.0021100754
0.0020707086
0.0020298702
0.001988057
0.001946297
0.0019056228
0.0018648639
0.0018227949
0.0017806013
0.0017395395
0.0016986293
0.0016563642
0.0016134496
0.0015709416
0.00152807
0.0014840167
0.0014395207
0.0013952652
0.001350618
0.0013047354
0.0012584287
0.0012116951
0.0011641906
0.0011157496
0.001066906
0.001017589
0.00096699603
0.00091607279
0.00086444715
0.00081146687
0.00075832656
0.00070460526
0.00064965959
0.00059470432
0.0005392271
0.000483245
0.00042780806
0.00037412589
0.00032004018
0.00028141151
0.0002226852
0.00036008026
-0.00024146505
0.0052599219
0.0052212332
0.0051487517
0.0051269451
0.0051475315
0.005186109
0.0052361158
0.0053020799
0.0053910604
0.0055102598
0.0056791709
0.0059147718
0.0063427947
0.0067159747
0.0066577218
0.0062993384
0.0058864158
0.0055412615
0.0052386895
0.0049602723
0.0047154278
0.0045011273
0.0043096059
0.004128901
0.0039561821
0.0037925623
0.0036412949
0.0035093693
0.0033934216
0.0032849487
0.003186197
0.0030997465
0.0030245045
0.0029593592
0.0029028835
0.0028534441
0.0028095704
0.0027715556
0.0027383529
0.0027072111
0.002677486
0.0026492814
0.002622878
0.0025970299
0.0025698158
0.0025411016
0.002511462
0.0024820597
0.0024522194
0.0024207824
0.0023872078
0.0023510083
0.0023138543
0.0022762095
0.0022368238
0.0021958889
0.0021544862
0.0021143461
0.002074825
0.0020338216
0.0019918402
0.0019499156
0.0019090836
0.0018681679
0.0018259439
0.0017836012
0.0017423975
0.001701351
0.0016589539
0.0016159146
0.0015732894
0.0015303053
0.0014861445
0.0014415468
0.0013971944
0.0013524541
0.0013064828
0.0012600931
0.001213281
0.0011657019
0.0011171899
0.0010682787
0.0010188968
0.00096824212
0.0009172612
0.0008655806
0.00081254814
0.00075935846
0.00070558961
0.00065059891
0.00059560149
0.00054008404
0.00048406403
0.00042859093
0.00037487594
0.00032075737
0.00028208815
0.00022339507
0.00036091027
-0.00024087105
0.0052182199
0.005204092
0.0051590147
0.0051373733
0.0051540929
0.0051919647
0.0052408833
0.0053053944
0.0053928335
0.0055102941
0.0056750204
0.0059037379
0.0062708305
0.0065849892
0.006545849
0.0062305841
0.0058390239
0.0054976153
0.005198572
0.0049247379
0.0046831718
0.0044715375
0.0042825856
0.0041087172
0.0039447284
0.0037890214
0.0036454339
0.0035171496
0.0034024948
0.0032973068
0.0032010466
0.0031155267
0.0030408723
0.0029759771
0.0029194293
0.00286971
0.0028255493
0.0027868707
0.0027525439
0.0027204558
0.0026898959
0.0026607958
0.0026335689
0.0026071336
0.0025794447
0.002550192
0.0025199629
0.0024899914
0.0024596879
0.0024275379
0.0023931812
0.0023565201
0.0023190519
0.0022811617
0.0022415456
0.0022004048
0.0021588255
0.0021185447
0.0020788887
0.0020377342
0.0019955943
0.0019535203
0.0019125536
0.0018715023
0.0018291409
0.0017866674
0.0017453431
0.0017041801
0.0016616634
0.0016185071
0.0015757716
0.0015326807
0.0014884165
0.0014437213
0.0013992767
0.001354447
0.0013083882
0.0012619163
0.0012150257
0.0011673717
0.0011187879
0.0010698085
0.0010203606
0.00096964189
0.00091860139
0.00086686353
0.00081377627
0.00076053513
0.000706716
0.00065167699
0.00059663458
0.00054107381
0.00048501278
0.00042950047
0.00037574939
0.00032159273
0.00028289555
0.00022429245
0.00036182491
-0.00024013664
0.0051851039
0.0051842382
0.005149202
0.0051293653
0.0051454183
0.0051834254
0.0052327949
0.0052973926
0.0053843905
0.0055006399
0.005660827
0.0058796295
0.0061955361
0.0064685872
0.0064494672
0.0061697427
0.0058042623
0.0054772615
0.0051908013
0.0049272008
0.0046908266
0.004481928
0.0042939195
0.0041210202
0.0039567729
0.0038000284
0.0036547334
0.003523963
0.0034077355
0.003302399
0.003205738
0.0031194437
0.0030445923
0.0029800721
0.0029243505
0.0028759054
0.0028333962
0.0027955934
0.0027613647
0.002729712
0.0026997495
0.0026709398
0.0026430477
0.0026154682
0.0025871424
0.0025574798
0.0025267959
0.0024963887
0.0024657877
0.0024331707
0.0023982766
0.0023613137
0.0023236377
0.0022856586
0.0022459649
0.0022047181
0.0021629998
0.002122455
0.0020825332
0.0020412365
0.0019989868
0.0019568206
0.0019157751
0.0018746314
0.0018321656
0.0017895962
0.0017481803
0.001706914
0.0016642869
0.0016210242
0.0015781901
0.0015350036
0.0014906454
0.0014458611
0.0014013336
0.0013564232
0.0013102823
0.001263732
0.0012167661
0.0011690402
0.001120387
0.0010713423
0.0010218309
0.00097104939
0.00091995089
0.00086815692
0.00081501545
0.00076172375
0.00070785472
0.00065276737
0.00059768036
0.00054207635
0.00048597399
0.00043042216
0.00037663369
0.00032243811
0.00028371498
0.00022508338
0.00036268348
-0.00023943804
0.005154363
0.0051614641
0.0051373206
0.0051247902
0.0051428601
0.0051813839
0.0052312781
0.0052956934
0.0053815246
0.0054953531
0.0056495373
0.0058544964
0.0061297049
0.0063660126
0.0063567716
0.0061067136
0.0057672932
0.0054546388
0.0051779249
0.0049211786
0.0046877458
0.004480052
0.0042926882
0.0041203663
0.0039569218
0.0038016128
0.0036578417
0.0035283509
0.0034131099
0.0033084259
0.0032120411
0.0031257135
0.0030505637
0.0029854508
0.002928907
0.0028795864
0.002836196
0.0027973318
0.0027623896
0.0027308097
0.0027015128
0.0026738009
0.0026468344
0.0026197865
0.0025920827
0.0025632397
0.002533288
0.0025026323
0.0024710698
0.0024379506
0.0024028682
0.00236576
0.0023279113
0.0022898395
0.002250123
0.0022088028
0.0021668959
0.0021260344
0.0020859114
0.0020445658
0.0020022614
0.0019600204
0.0019189092
0.0018777039
0.0018351649
0.0017925406
0.0017510202
0.0017095881
0.0016668322
0.0016234881
0.0015805872
0.0015373305
0.0014928979
0.0014480423
0.0014034449
0.0013584573
0.001312236
0.0012656102
0.0012185715
0.0011707757
0.0011220544
0.0010729468
0.001023374
0.00097252945
0.00092137196
0.00086952035
0.00081632277
0.00076297959
0.00070905971
0.00065392221
0.00059878892
0.00054313965
0.00048699365
0.0004314003
0.00037757139
0.00032333501
0.00028457746
0.00022586177
0.00036353426
-0.00023864572
0.0051258505
0.0051391054
0.0051255283
0.0051196669
0.0051384296
0.0051760647
0.0052255013
0.0052890837
0.0053731455
0.0054838633
0.005631128
0.0058219513
0.0060629463
0.0062658662
0.0062621521
0.0060404267
0.0057273708
0.0054294604
0.0051624439
0.0049133752
0.0046847982
0.0044798726
0.0042945353
0.0041238382
0.0039620655
0.00380854
0.0036661151
0.0035372494
0.0034219176
0.003316966
0.0032204632
0.0031339045
0.0030582864
0.0029925666
0.002935346
0.0028853252
0.0028411919
0.0028016137
0.0027660135
0.0027336998
0.0027035491
0.0026749482
0.0026472332
0.002619673
0.0025917829
0.0025632966
0.0025341918
0.0025042371
0.0024731533
0.0024407618
0.0024065805
0.002370359
0.0023326066
0.0022938196
0.0022536613
0.0022122152
0.0021702035
0.0021292803
0.0020891918
0.0020478877
0.0020055082
0.0019630936
0.0019218796
0.0018806703
0.0018381041
0.0017954211
0.0017537721
0.0017121807
0.00166932
0.0016259257
0.001582985
0.0015396743
0.0014951805
0.0014502766
0.0014056047
0.0013605026
0.0013141897
0.0012675048
0.0012204108
0.0011725598
0.0011237824
0.0010746184
0.0010249839
0.00097407679
0.00092286173
0.00087095345
0.00081770016
0.00076430716
0.00071033724
0.00065514842
0.00059996738
0.00054427107
0.00048807974
0.0004324437
0.00037857166
0.00032429264
0.00028549108
0.000226686
0.0003643771
-0.00023768302
0.0050993927
0.0051173528
0.0051127116
0.0051126187
0.0051323529
0.0051696391
0.0052190823
0.0052822268
0.0053646767
0.0054720694
0.0056120758
0.0057887903
0.0060000937
0.0061735062
0.0061727209
0.0059765996
0.005688303
0.0054047606
0.0051471736
0.0049057695
0.0046821909
0.0044797775
0.0042961118
0.004126483
0.003965914
0.0038136657
0.003672177
0.0035437178
0.0034283518
0.0033234371
0.0032271761
0.0031406782
0.0030648386
0.0029987633
0.002941106
0.0028905908
0.0028459487
0.0028059242
0.0027698573
0.0027370336
0.0027064121
0.0026773763
0.0026492641
0.0026213207
0.0025930162
0.0025640474
0.0025343594
0.0025038843
0.0024725528
0.0024401672
0.0024063591
0.0023709674
0.0023339457
0.0022954581
0.0022558107
0.0022151888
0.0021739462
0.0021330342
0.0020922658
0.002050591
0.0020081309
0.0019656909
0.0019245412
0.001883396
0.0018408471
0.0017980393
0.0017562712
0.001714667
0.0016717978
0.001628352
0.0015853402
0.001541969
0.0014974206
0.0014524798
0.0014077355
0.0013625199
0.0013161258
0.0012694014
0.0012222698
0.0011743766
0.001125557
0.0010763236
0.001026601
0.00097563219
0.00092437222
0.00087241913
0.00081911982
0.00076568175
0.00071166041
0.00065642105
0.0006011935
0.00054545092
0.00048921517
0.00043353732
0.00037962048
0.00032529767
0.00028644361
0.00022754772
0.00036518022
-0.00023652784
0.0050746543
0.005096136
0.005098919
0.0051041412
0.0051253047
0.0051624424
0.0052116541
0.0052739814
0.0053543041
0.0054576639
0.005589804
0.0057523252
0.0059375384
0.006085168
0.0060852473
0.0059115691
0.0056465525
0.0053775053
0.0051294987
0.0048958844
0.0046774911
0.0044781089
0.0042964331
0.0041282391
0.0039692209
0.0038185603
0.0036783425
0.0035506419
0.0034355757
0.0033308951
0.0032349053
0.0031484274
0.0030723069
0.0030057941
0.0029475962
0.002896474
0.0028512146
0.0028106161
0.0027739715
0.0027405868
0.002709485
0.0026800134
0.0026515085
0.0026232162
0.0025946091
0.0025653866
0.0025354833
0.0025048397
0.0024733296
0.002440681
0.0024065282
0.0023707408
0.0023333719
0.002294761
0.002255353
0.0022153587
0.0021751142
0.0021347135
0.0020939396
0.0020526764
0.0020108538
0.0019688922
0.0019274175
0.001885581
0.0018429077
0.0018001145
0.0017584482
0.0017169419
0.0016741221
0.001630589
0.0015874897
0.0015441199
0.0014995651
0.0014545736
0.0014097602
0.0013644942
0.0013180582
0.0012712989
0.0012241235
0.0011761829
0.0011273244
0.0010780249
0.0010282188
0.00097719584
0.00092590316
0.00087391669
0.0008205816
0.00076708371
0.00071299019
0.00065770491
0.00060244051
0.00054666016
0.0004903845
0.00043466437
0.00038070124
0.00032633542
0.0002874218
0.00022843018
0.00036591234
-0.00023515971
0.0050513341
0.0050754528
0.0050843673
0.0050944062
0.0051171509
0.0051541443
0.005202895
0.0052641972
0.0053421913
0.0054412308
0.0055653782
0.00571417
0.0058765865
0.0060019158
0.0060014597
0.0058473335
0.0056042621
0.0053497737
0.005111375
0.0048854792
0.004672489
0.0044764271
0.0042968934
0.0041302715
0.0039728224
0.003823697
0.0036846827
0.00355767
0.0034428283
0.0033382605
0.0032424131
0.0031558913
0.003079475
0.0030125257
0.0029538037
0.0029021055
0.0028562649
0.0028151256
0.0027779496
0.0027440492
0.0027124851
0.0026825752
0.0026536644
0.0026250258
0.0025961386
0.0025667005
0.0025366283
0.0025058411
0.0024741863
0.0024414008
0.0024071518
0.0023713105
0.0023339255
0.0022952996
0.0022557848
0.0022155608
0.0021750186
0.0021342625
0.0020934591
0.0020526988
0.0020117198
0.0019705919
0.0019291508
0.0018872517
0.0018450378
0.001802725
0.0017609072
0.0017187822
0.0016757898
0.0016323018
0.0015893332
0.0015460605
0.0015015436
0.0014564755
0.0014116151
0.0013663823
0.00131994
0.0012731301
0.0012259025
0.0011779222
0.0011290288
0.0010796881
0.0010298365
0.00097877183
0.00092744883
0.00087542586
0.00082205289
0.00076849471
0.00071433414
0.00065900891
0.00060371543
0.00054790613
0.00049158286
0.00043580352
0.00038179143
0.00032739005
0.00028841493
0.00022932207
0.00036654124
-0.00023355039
0.0050291586
0.0050552575
0.0050691773
0.0050834617
0.0051078111
0.0051447053
0.0051928703
0.0052529831
0.0053284461
0.0054228737
0.0055389028
0.0056744455
0.0058167039
0.0059226333
0.0059206337
0.0057833366
0.0055607198
0.005320621
0.0050917858
0.0048735365
0.0046661593
0.0044736781
0.0042964778
0.0041316002
0.0039758104
0.0038282796
0.0036905411
0.0035643136
0.0034498154
0.0033454595
0.0032498382
0.0031633691
0.0030867445
0.0030194186
0.0029602151
0.0029079689
0.0028615588
0.0028198753
0.0027821602
0.0027477269
0.0027156738
0.0026853048
0.0026559756
0.0026269836
0.0025978063
0.0025681325
0.0025378566
0.0025068856
0.0024750657
0.0024421492
0.0024078213
0.0023719492
0.0023345692
0.0022959542
0.0022564329
0.0022162041
0.0021756347
0.0021348432
0.0020939946
0.0020530745
0.0020118379
0.0019703856
0.0019287303
0.0018872277
0.0018458633
0.0018043501
0.001762581
0.0017203118
0.0016775945
0.0016344886
0.0015913546
0.0015475423
0.0015029287
0.0014579546
0.0014132362
0.0013680856
0.0013216535
0.0012747953
0.0012275664
0.0011795973
0.0011306702
0.001081284
0.0010314072
0.00098031554
0.00092896202
0.00087689671
0.00082348402
0.00076989438
0.00071569861
0.00066033559
0.00060501173
0.00054917203
0.0004927972
0.00043695964
0.00038290151
0.00032847084
0.00028942927
0.00023021642
0.00036702321
-0.00023166928
0.0050078985
0.0050354796
0.0050534366
0.005071381
0.0050972853
0.0051341183
0.0051815754
0.0052403014
0.0053130196
0.0054026074
0.0055105196
0.0056334439
0.0057578539
0.0058469808
0.0058429073
0.005720055
0.0055163929
0.005290452
0.0050711973
0.0048605756
0.0046589978
0.0044703539
0.0042956966
0.0041327353
0.0039787019
0.0038328211
0.0036964091
0.0035710259
0.0034569345
0.0033528196
0.0032574181
0.0031709944
0.0030941521
0.0030264312
0.0029667277
0.0029139167
0.0028669205
0.0028246747
0.0027864071
0.0027514308
0.0027188798
0.0026880495
0.0026583011
0.0026289518
0.0025994779
0.0025695613
0.0025390784
0.0025079285
0.0024759553
0.0024429158
0.0024085058
0.0023725872
0.0023351926
0.0022965787
0.0022570685
0.0022168704
0.0021763296
0.0021355666
0.0020947163
0.0020537504
0.0020124584
0.0019709358
0.0019292243
0.0018876253
0.001846057
0.0018042362
0.0017622537
0.001720395
0.001678479
0.0016360613
0.0015929372
0.001548964
0.0015045667
0.0014598356
0.0014148482
0.0013692637
0.0013228634
0.0012761416
0.0012290243
0.0011811087
0.0011321578
0.0010827592
0.0010329115
0.00098180556
0.00093041136
0.00087831734
0.00082487765
0.00077126592
0.00071704087
0.00066164462
0.00060629359
0.00055041908
0.00049400467
0.00043813471
0.00038403586
0.00032957336
0.00029044948
0.00023110973
0.00036734126
-0.00022946624
0.0049873601
0.0050160342
0.0050372063
0.0050582379
0.0050855779
0.0051223532
0.0051689828
0.0052261326
0.0052959278
0.0053805366
0.0054804408
0.0055914506
0.0057000079
0.0057745729
0.005768151
0.0056576063
0.0054713428
0.0052591974
0.0050495003
0.004846451
0.0046507837
0.0044661935
0.0042942727
0.0041333816
0.0039811956
0.0038370159
0.003701978
0.0035774991
0.0034638835
0.0033600545
0.0032648919
0.0031785394
0.003101514
0.0030334289
0.0029732538
0.0029199033
0.0028723406
0.0028295439
0.002790733
0.0027552205
0.0027221729
0.002690881
0.0026607105
0.0026309976
0.0026012203
0.0025710548
0.0025403609
0.0025090286
0.0024768972
0.002443727
0.0024092264
0.0023732565
0.0023358477
0.002297241
0.0022577468
0.0022175729
0.0021770406
0.002136277
0.0020954081
0.0020544214
0.0020131368
0.0019716336
0.0019299417
0.0018883089
0.0018466536
0.0018047353
0.0017626649
0.0017207024
0.0016785846
0.0016359177
0.0015927473
0.0015493557
0.0015056753
0.0014613813
0.0014163065
0.0013705756
0.0013243822
0.0012776249
0.0012301822
0.0011821517
0.0011333014
0.0010840291
0.001034251
0.00098314068
0.00093173544
0.00087967646
0.00082623029
0.00077258495
0.00071833805
0.00066292181
0.00060754677
0.00055163695
0.00049519206
0.00043930124
0.00038516189
0.00033066689
0.00029144504
0.00023198962
0.00036746662
-0.00022688879
0.0049673759
0.0049968302
0.0050205236
0.005044098
0.0050726998
0.0051093878
0.0051550806
0.0052104841
0.0052772088
0.0053567629
0.00544884
0.0055486698
0.0056431149
0.0057050528
0.0056962076
0.0055961237
0.0054257312
0.0052269387
0.0050267641
0.0048312423
0.0046415767
0.0044612534
0.0042922739
0.0041336162
0.003983383
0.0038409694
0.0037073643
0.0035838582
0.0034707927
0.0033673008
0.0032724006
0.0031861436
0.0031089632
0.0030405334
0.0029798983
0.0029260147
0.0028778855
0.0028345307
0.0027951681
0.0027591107
0.0027255548
0.0026937907
0.0026631882
0.0026331018
0.0026030124
0.0025725899
0.0025416782
0.0025101573
0.0024778622
0.0024445577
0.0024099646
0.0023739432
0.0023365205
0.0022979202
0.0022584391
0.002218285
0.0021777603
0.0021370002
0.0020961242
0.0020551268
0.0020138422
0.0019723318
0.0019306298
0.0018889668
0.0018472912
0.0018053861
0.0017633248
0.0017213144
0.0016790935
0.0016363159
0.0015930451
0.0015495598
0.0015056666
0.0014612325
0.001416426
0.0013713302
0.0013256799
0.0012790452
0.0012314425
0.0011834202
0.0011346433
0.0010851571
0.0010351619
0.00098412458
0.00093285824
0.00088087753
0.00082744166
0.00077378841
0.00071957199
0.00066415231
0.00060874782
0.00055281837
0.00049635446
0.00044044157
0.00038626129
0.0003317398
0.00029241017
0.00023283484
0.00036733419
-0.00022388848
0.0049478
0.0049777765
0.0050034064
0.0050290174
0.0050586697
0.0050952102
0.0051398647
0.0051933713
0.0052569062
0.0053313857
0.0054158784
0.0055052782
0.0055871476
0.0056381312
0.0056269225
0.0055357228
0.0053797197
0.0051937504
0.0050030234
0.0048149755
0.0046313669
0.0044554923
0.0042896452
0.0041333732
0.0039851932
0.003844608
0.0037124909
0.0035900218
0.0034775757
0.00337447
0.0032798558
0.0031937167
0.0031164085
0.0030476553
0.002986576
0.002932172
0.0028834848
0.0028395746
0.0027996621
0.0027630613
0.0027289951
0.0026967571
0.0026657207
0.0026352575
0.0026048518
0.0025741678
0.002543034
0.0025113209
0.0024788599
0.0024454195
0.0024107321
0.0023746575
0.0023372182
0.002298622
0.0022591527
0.0022190178
0.0021785027
0.0021377478
0.0020968654
0.0020558544
0.0020145632
0.0019730433
0.0019313364
0.001889656
0.0018479622
0.0018060465
0.0017639624
0.0017219062
0.001679656
0.0016368835
0.0015936151
0.0015500727
0.0015060721
0.0014615255
0.0014166178
0.0013713757
0.0013255868
0.0012791255
0.0012320219
0.0011845051
0.0011360068
0.0010863803
0.0010362395
0.00098530826
0.00093390708
0.00088168619
0.00082831672
0.00077479525
0.00072065333
0.00066524508
0.00060984355
0.00055394716
0.00049747609
0.00044153417
0.00038732308
0.00033278379
0.00029333726
0.00023362785
0.0003668828
-0.00022039279
0.0049285042
0.004958785
0.0049858578
0.0050130433
0.0050435114
0.0050798181
0.0051233379
0.005174818
0.0052350742
0.0053045095
0.0053817095
0.0054614273
0.0055320835
0.0055735561
0.0055601262
0.005476478
0.0053334535
0.0051597078
0.0049783132
0.0047976821
0.004620162
0.0044488941
0.0042863643
0.0041326307
0.0039866093
0.0038479225
0.003717355
0.0035959916
0.0034842378
0.0033815732
0.0032872752
0.003201281
0.0031238761
0.0030548254
0.0029933212
0.0029384117
0.0028891762
0.0028447133
0.0028042509
0.0027671053
0.0027325239
0.0026998063
0.0026683302
0.0026374828
0.002606753
0.0025757995
0.0025444367
0.0025125257
0.0024798941
0.0024463143
0.002411529
0.0023753979
0.0023379388
0.002299345
0.0022598868
0.0022197704
0.002179265
0.0021385143
0.0020976247
0.002056599
0.0020153015
0.0019737748
0.0019320654
0.0018903676
0.0018486502
0.0018067174
0.0017646133
0.0017225231
0.0016802448
0.0016374562
0.0015941669
0.0015505909
0.0015065825
0.0014620424
0.0014171074
0.001371778
0.001325866
0.0012792939
0.0012320585
0.0011844445
0.0011361332
0.0010869017
0.0010371931
0.00098659538
0.00093505944
0.0008826193
0.0008293372
0.00077572654
0.00072139124
0.0006660421
0.00061077075
0.00055493747
0.00049847398
0.00044253486
0.00038832916
0.00033377858
0.00029420977
0.00023435247
0.00036605056
-0.00021631578
0.0049093756
0.004939773
0.0049678703
0.0049962137
0.0050272528
0.0050632177
0.0051055103
0.0051548569
0.0052117763
0.0052762408
0.0053464758
0.0054172441
0.005477901
0.0055111096
0.0054956489
0.0054184373
0.0052870721
0.0051248991
0.004952678
0.0047793988
0.0046079769
0.0044414469
0.0042824075
0.0041313604
0.0039876024
0.0038508853
0.0037219295
0.00360174
0.0034907498
0.0033885818
0.0032946323
0.0032088101
0.0031313391
0.0030620172
0.0030001077
0.0029447076
0.0028949335
0.0028499212
0.0028089097
0.0027712191
0.0027361193
0.0027029183
0.0026709987
0.0026397618
0.0026087023
0.0025774734
0.0025458769
0.0025137639
0.0024809588
0.0024472372
0.0024123516
0.0023761619
0.0023386815
0.0023000888
0.0022606412
0.0022205426
0.0021800469
0.0021393
0.0020984035
0.0020573642
0.0020160605
0.0019745274
0.001932814
0.0018910974
0.0018493553
0.0018074066
0.0017652856
0.0017231623
0.0016808505
0.0016380401
0.0015947324
0.0015511318
0.0015071078
0.0014625529
0.0014175907
0.0013722396
0.0013263207
0.0012797325
0.0012324294
0.0011847108
0.001136289
0.0010869184
0.0010371485
0.00098679199
0.00093559119
0.00088351559
0.00083053288
0.00077678406
0.00072222401
0.00066694039
0.00061159993
0.00055560536
0.00049921239
0.00044338165
0.00038920181
0.0003346609
0.00029499742
0.00023498026
0.0003647652
-0.00021156099
0.004890314
0.0049206633
0.0049494293
0.0049785585
0.0050099237
0.0050454238
0.0050864006
0.0051335285
0.0051870829
0.0052466861
0.0053103092
0.0053728369
0.0054245793
0.0054506037
0.0054333266
0.0053616246
0.0052407025
0.005089417
0.004926165
0.0047601608
0.0045948281
0.0044331412
0.0042777513
0.0041295339
0.0039881441
0.0038534709
0.0037261919
0.0036072459
0.0034970916
0.0033954784
0.0033019141
0.0032162941
0.0031387899
0.003069226
0.0030069337
0.0029510603
0.0029007599
0.0028552041
0.0028136462
0.0027754117
0.0027397915
0.002706104
0.0026737371
0.0026421057
0.0026107104
0.0025791999
0.0025473637
0.0025150439
0.0024820613
0.0024481948
0.0024132057
0.0023769547
0.0023394501
0.0023008567
0.0022614184
0.0022213362
0.0021808499
0.0021401066
0.0020992034
0.0020581507
0.0020168403
0.0019753003
0.0019335819
0.0018918468
0.0018500805
0.0018081158
0.0017659769
0.001723819
0.001681472
0.0016386406
0.0015953172
0.0015516916
0.0015076465
0.0014630743
0.0014180903
0.0013727165
0.0013267781
0.0012801685
0.0012328575
0.0011851256
0.0011366769
0.0010872577
0.0010373845
0.0009869113
0.00093556743
0.00088350941
0.00083082421
0.00077737766
0.00072311326
0.00066803531
0.00061251583
0.0005563287
0.00049998245
0.00044408605
0.00038979527
0.00033534105
0.00029563716
0.00023543275
0.00036291655
-0.00020602228
0.0048712304
0.0049013854
0.0049305159
0.0049601016
0.0049915551
0.0050264587
0.0050660352
0.0051108805
0.0051610699
0.0052159514
0.0052733315
0.0053282977
0.0053720978
0.0053918753
0.0053730025
0.0053060435
0.0051944571
0.0050533569
0.004898826
0.0047400051
0.0045807365
0.004423973
0.0042723762
0.0041271258
0.003988208
0.0038556547
0.0037301191
0.0036124869
0.003503241
0.0034022425
0.003309103
0.0032237172
0.0031462138
0.0030764385
0.0030137875
0.0029574594
0.0029066459
0.0028605537
0.0028184527
0.002779676
0.0027435339
0.002709357
0.0026765395
0.0026445086
0.0026127716
0.0025809734
0.0025488923
0.0025163611
0.0024831975
0.0024491832
0.0024140879
0.0023777732
0.0023402421
0.0023016463
0.0022622164
0.0022221496
0.0021816728
0.0021409328
0.0021000233
0.0020589576
0.0020176402
0.0019760933
0.0019343694
0.0018926162
0.0018508258
0.001808844
0.0017666864
0.0017244937
0.0016821118
0.0016392592
0.0015959192
0.0015522671
0.0015081998
0.0014636118
0.0014186073
0.0013732081
0.0013272464
0.0012806183
0.0012332975
0.0011855387
0.0011370683
0.0010876516
0.0010377649
0.0009872574
0.00093585393
0.00088370428
0.00083089598
0.00077732579
0.00072318717
0.00066842136
0.00061315411
0.000557218
0.00050095296
0.00044485034
0.00039042522
0.00033598704
0.00029606368
0.00023560493
0.0003603506
-0.00019960642
0.0048520458
0.0048818754
0.0049111094
0.0049408617
0.0049721788
0.0050063514
0.0050444484
0.0050869669
0.0051338171
0.0051841409
0.0052356553
0.0052837052
0.0053204354
0.0053347815
0.00531453
0.0052516811
0.0051484331
0.0050168151
0.0048707177
0.0047189702
0.004565726
0.0044139429
0.0042662651
0.0041241116
0.0039877678
0.0038574112
0.0037336871
0.0036174398
0.0035091747
0.0034088524
0.0033161809
0.0032310639
0.0031535966
0.0030836429
0.0030206594
0.0029638971
0.0029125857
0.0028659658
0.0028233267
0.0027840107
0.0027473466
0.0027126784
0.0026794075
0.0026469731
0.0026148891
0.0025827975
0.0025504661
0.0025177191
0.0024843709
0.0024502061
0.0024150017
0.0023786205
0.0023410604
0.0023024603
0.0022630376
0.0022229851
0.0021825175
0.0021417805
0.0021008648
0.0020597864
0.0020184615
0.0019769076
0.0019351776
0.0018934065
0.0018515918
0.001809592
0.0017674149
0.0017251878
0.0016827706
0.0016398957
0.001596538
0.0015528593
0.0015087695
0.0014641654
0.0014191394
0.0013737134
0.0013277289
0.0012810835
0.0012337504
0.0011859631
0.0011374737
0.0010880549
0.0010381447
0.00098761436
0.0009362077
0.00088404836
0.00083119789
0.0007775573
0.00072332666
0.00066842461
0.0006131209
0.00055742936
0.00050144529
0.00044552949
0.00039124726
0.00033674534
0.00029649637
0.00023575517
0.00035698574
-0.00019223429
0.0048326903
0.0048620762
0.0048911891
0.0049208542
0.004951827
0.0049851366
0.0050216814
0.0050618468
0.0051054072
0.0051513564
0.005197384
0.0052391267
0.0052695705
0.0052791968
0.0052577733
0.0051985128
0.0051027126
0.0049798858
0.0048419004
0.0046970965
0.0045498231
0.0044030556
0.0042594043
0.0041204687
0.0039867983
0.0038587156
0.0037368721
0.003622081
0.0035148696
0.0034152864
0.0033231288
0.0032383177
0.0031609236
0.0030908261
0.0030275384
0.0029703641
0.0029185714
0.0028714346
0.0028282635
0.002788412
0.0027512267
0.002716066
0.0026823395
0.0026494977
0.0026170617
0.0025846711
0.0025520842
0.002519117
0.0024855807
0.0024512624
0.0024159461
0.0023794957
0.002341904
0.0023032976
0.002263881
0.0022238416
0.002183383
0.0021426488
0.0021017272
0.0020606364
0.0020193037
0.0019777428
0.0019360062
0.0018942173
0.0018523782
0.0018103598
0.0017681627
0.0017259012
0.0016834483
0.0016405502
0.0015971742
0.0015534688
0.0015093561
0.0014647348
0.0014196866
0.0013742337
0.0013282263
0.0012815626
0.0012342159
0.001186401
0.0011378929
0.0010884693
0.0010385349
0.00098798375
0.00093656684
0.00088439061
0.00083152311
0.00077788085
0.00072363043
0.00066867125
0.00061329206
0.00055749958
0.00050138643
0.00044557162
0.00039155031
0.00033725033
0.00029701927
0.00023599227
0.00035299077
-0.00018363244
0.004813102
0.0048419372
0.0048707354
0.0049000924
0.0049305322
0.0049628536
0.0049977817
0.0050355843
0.0050759245
0.0051176968
0.0051586129
0.0051946199
0.0052194811
0.0052250102
0.0052026072
0.0051465051
0.0050573629
0.0049426597
0.004812438
0.0046744265
0.0045330563
0.00439132
0.0042517839
0.0041161767
0.0039852755
0.0038595436
0.00373965
0.0036263867
0.0035203017
0.0034215218
0.0033299268
0.0032454611
0.0031681789
0.003097974
0.0030344125
0.0029768504
0.0029245949
0.0028769534
0.0028332581
0.0027928762
0.0027551718
0.0027195183
0.0026853346
0.0026520823
0.0026192897
0.0025865948
0.0025537476
0.0025205559
0.002486828
0.0024523535
0.0024169225
0.0023804002
0.0023427743
0.0023041596
0.0022647478
0.0022247204
0.0021842704
0.0021435387
0.0021026113
0.0020615086
0.0020201679
0.0019785997
0.0019368559
0.0018950494
0.0018531859
0.001811148
0.0017689304
0.0017266345
0.0016841456
0.0016412233
0.0015978283
0.0015540961
0.0015099596
0.0014653205
0.0014202497
0.0013747696
0.0013287385
0.0012820557
0.0012346948
0.0011868526
0.0011383246
0.0010888952
0.0010389377
0.00098836541
0.00093693586
0.00088474318
0.00083185942
0.00077820616
0.00072393424
0.00066896751
0.00061357693
0.00055774295
0.00050156229
0.00044566186
0.00039149032
0.0003371546
0.00029698061
0.00023580585
0.00034834871
-0.00017358944
0.0047932266
0.0048214144
0.0048497311
0.0048785891
0.0049083276
0.0049395458
0.0049728019
0.0050082473
0.0050454539
0.0050832574
0.0051194295
0.0051502343
0.0051701453
0.0051721227
0.0051489176
0.0050956182
0.0050124378
0.004905222
0.0047823961
0.004651005
0.0045154567
0.0043787484
0.0042433972
0.0041112177
0.0039831768
0.0038598712
0.0037419971
0.0036303328
0.0035254467
0.0034275354
0.0033365543
0.0032524759
0.0031753459
0.0031050719
0.0030412691
0.0029833453
0.0029306472
0.0028825152
0.0028383052
0.0027973991
0.0027591787
0.002723033
0.0026883912
0.0026547258
0.0026215725
0.0025885685
0.0025554562
0.0025220359
0.0024881132
0.0024534795
0.0024179311
0.0023813342
0.0023436714
0.0023050464
0.0022656379
0.0022256213
0.0021851795
0.0021444501
0.0021035172
0.0020624028
0.0020210538
0.0019794783
0.0019377269
0.0018959028
0.001854015
0.0018119569
0.0017697181
0.001727388
0.0016848626
0.0016419152
0.0015985006
0.0015547414
0.0015105805
0.0014659227
0.001420829
0.0013753212
0.0013292659
0.0012825635
0.0012351876
0.0011873179
0.0011387694
0.0010893333
0.0010393529
0.00098875843
0.00093731559
0.00088510717
0.00083220628
0.00077853949
0.00072424848
0.00066927097
0.0006138578
0.00055800211
0.00050181962
0.00044589029
0.00039163101
0.00033719716
0.00029657242
0.00023531683
0.00034187344
-0.00016213875
0.0047730168
0.0048004703
0.004828162
0.004856357
0.0048852468
0.0049152598
0.0049467992
0.0049799065
0.0050140801
0.0050481293
0.0050799138
0.0051060122
0.0051215411
0.0051204461
0.0050966002
0.005045809
0.0049679787
0.0048676514
0.0047518415
0.0046268788
0.0044970569
0.0043653567
0.0042342415
0.0041055763
0.0039804811
0.0038596757
0.0037438896
0.0036338953
0.0035302804
0.0034333034
0.0033429897
0.0032593431
0.0031824074
0.0031121043
0.0030480947
0.0029898373
0.0029367187
0.0028881122
0.0028433984
0.0028019758
0.0027632438
0.0027266076
0.0026915077
0.0026574272
0.0026239096
0.0025905921
0.0025572102
0.0025235574
0.0024894365
0.0024546411
0.0024189725
0.0023822982
0.0023445959
0.0023059583
0.0022665519
0.0022265449
0.0021861107
0.0021453835
0.0021044451
0.0020633194
0.0020219619
0.001980379
0.0019386195
0.001896778
0.0018548659
0.0018127869
0.0017705262
0.0017281619
0.0016855999
0.0016426266
0.0015991916
0.0015554052
0.0015112193
0.001466542
0.0014214249
0.001375889
0.0013298088
0.0012830861
0.0012356946
0.0011877974
0.0011392275
0.0010897839
0.0010397806
0.00098916325
0.0009377066
0.00088548208
0.00083256315
0.00077888265
0.00072457319
0.00066958234
0.00061414587
0.00055827077
0.00050207758
0.0004461172
0.00039181174
0.0003373387
0.00029621134
0.00023582588
0.00033372883
-0.00014973329
0.0047524321
0.0047790735
0.0048060175
0.0048334102
0.0048613246
0.0048900443
0.004919834
0.0049506344
0.0049818871
0.0050123995
0.0050401393
0.0050619902
0.0050736469
0.0050699012
0.0050455603
0.0049970323
0.0049240163
0.0048300193
0.0047208408
0.0046020964
0.0044778916
0.0043511637
0.0042243177
0.00409924
0.0039771693
0.003858935
0.0037453045
0.0036370501
0.0035347779
0.0034388017
0.0033492109
0.0032660427
0.0031893452
0.0031190549
0.0030548749
0.002996314
0.0029427989
0.0028937359
0.002848531
0.002806601
0.0027673631
0.0027302392
0.0026946819
0.0026601851
0.0026263003
0.0025926651
0.0025590095
0.0025251206
0.0024907984
0.0024558386
0.0024200471
0.0023832927
0.0023455483
0.0023068959
0.0022674898
0.0022274912
0.0021870643
0.0021463389
0.0021053952
0.0020642587
0.0020228925
0.001981302
0.001939534
0.0018976752
0.0018557387
0.0018136382
0.0017713551
0.0017289567
0.0016863577
0.0016433577
0.0015999016
0.0015560878
0.0015118762
0.0014671786
0.0014220377
0.0013764733
0.0013303676
0.0012836241
0.001236216
0.0011882914
0.0011396995
0.0010902474
0.001040221
0.00098958027
0.00093810911
0.00088586804
0.00083293058
0.00077923592
0.00072490734
0.00066990208
0.0006144429
0.00055854752
0.00050234007
0.00044634974
0.00039199344
0.00033746887
0.00029592299
0.00023701299
0.00032499267
-0.00013689554
0.0047314383
0.0047571987
0.0047832908
0.0048097642
0.0048365966
0.0048639504
0.004891969
0.004920505
0.0049489572
0.0049761504
0.005000173
0.0050181998
0.0050264418
0.0050204165
0.004995712
0.0049492426
0.0048805723
0.0047923895
0.0046894592
0.0045767081
0.0044579973
0.0043361911
0.0042136301
0.0040921993
0.0039732242
0.0038576285
0.0037462193
0.0036397735
0.0035389147
0.003444006
0.0033551952
0.0032725543
0.0031961406
0.0031259063
0.0030615946
0.0030027623
0.0029488767
0.0028993771
0.0028536956
0.0028112688
0.002771532
0.0027339242
0.0026979112
0.0026629977
0.0026287433
0.002594787
0.0025608539
0.0025267253
0.002492199
0.0024570722
0.0024211553
0.002384318
0.0023465288
0.0023078594
0.0022684522
0.0022284606
0.0021880403
0.0021473166
0.0021063678
0.0020652208
0.0020238458
0.0019822475
0.0019404707
0.0018985946
0.0018566339
0.0018145113
0.0017722052
0.0017297727
0.0016871366
0.001644109
0.001600631
0.0015567896
0.0015125516
0.001467833
0.0014226678
0.0013770745
0.0013309427
0.0012841777
0.0012367523
0.0011888001
0.0011401855
0.0010907239
0.0010406746
0.00099000981
0.00093852339
0.00088626535
0.0008333089
0.00077959938
0.00072525117
0.00067023076
0.00061474848
0.00055883145
0.00050260873
0.00044658834
0.00039217726
0.00033759687
0.00029567338
0.00023823717
0.00031635559
-0.00012431951
0.0047100071
0.0047348264
0.0047599792
0.0047854366
0.0048110997
0.0048370304
0.0048632687
0.0048895924
0.0049153708
0.0049394602
0.0049600762
0.0049746679
0.0049799053
0.0049719278
0.0049469772
0.0049023946
0.0048376607
0.0047548181
0.0046577597
0.0045507648
0.0044374118
0.0043204629
0.0042021867
0.004084448
0.0039686308
0.0038557369
0.0037466124
0.0036420419
0.0035426662
0.0034488916
0.0033609193
0.0032788565
0.0032027739
0.0031326408
0.0030682378
0.0030091682
0.0029549401
0.0029050256
0.002858884
0.0028159725
0.0027757452
0.0027376589
0.0027011927
0.002665863
0.0026312373
0.0025969569
0.0025627429
0.0025283715
0.0024936383
0.0024583421
0.0024222973
0.0023853746
0.0023475378
0.0023088491
0.002269439
0.0022294533
0.0021890389
0.0021483167
0.002107363
0.0020662058
0.002024822
0.0019832158
0.0019414298
0.0018995365
0.0018575517
0.0018154064
0.0017730767
0.0017306102
0.0016879367
0.0016448807
0.0016013801
0.001557511
0.0015132461
0.0014685055
0.0014233156
0.0013776929
0.0013315345
0.0012847473
0.0012373039
0.0011893239
0.001140686
0.0010912139
0.0010411415
0.00099045216
0.0009389497
0.00088667429
0.00083369835
0.00077997326
0.00072560495
0.00067056859
0.0006150626
0.00055912293
0.00050288372
0.0004468322
0.0003923618
0.00033773293
0.00029544322
0.00023928865
0.00030801831
-0.00011221452
0.004688116
0.0047119428
0.0047360842
0.0047604473
0.0047848719
0.0048093375
0.0048337981
0.0048579703
0.0048812055
0.0049024019
0.0049199046
0.004931418
0.004934018
0.004924377
0.0048992852
0.0048564445
0.0047952889
0.004717354
0.0046258022
0.004524318
0.0044161744
0.0043040053
0.0041899983
0.0040759828
0.0039633766
0.0038532427
0.0037464631
0.0036438327
0.003546008
0.0034534338
0.0033663595
0.0032849274
0.0032092249
0.0031392397
0.0030747877
0.0030155171
0.0029609762
0.0029106707
0.0028640873
0.0028207048
0.0027799971
0.0027414387
0.0027045232
0.0026687784
0.0026337806
0.0025991737
0.0025646759
0.0025300589
0.0024951163
0.0024596485
0.0024234732
0.0023864625
0.0023485756
0.0023098652
0.0022704507
0.0022304694
0.0021900604
0.0021493393
0.0021083808
0.0020672139
0.0020258212
0.001984207
0.0019424114
0.0019005011
0.0018584923
0.0018163238
0.0017739699
0.0017314695
0.0016887586
0.0016456734
0.0016021493
0.0015582522
0.0015139598
0.0014691965
0.0014239813
0.001378329
0.0013321432
0.0012853333
0.001237871
0.0011898632
0.0011412013
0.0010917177
0.0010416221
0.00099090765
0.00093938837
0.00088709514
0.0008340992
0.00078035779
0.00072596893
0.00067091572
0.00061538543
0.00055942218
0.00050316504
0.00044708091
0.00039254864
0.00033787227
0.00029521109
0.00024017313
0.00029995229
-0.00010056284
0.0046657481
0.0046885394
0.0047116112
0.0047348186
0.0047579525
0.0047809257
0.0048036224
0.0048257112
0.0048465361
0.0048650444
0.0048797092
0.0048884701
0.0048887615
0.0048777115
0.0048525718
0.0048113501
0.0047534597
0.0046800389
0.0045936429
0.004497419
0.0043943257
0.0042868466
0.0041770788
0.0040668038
0.0039574517
0.0038501298
0.0037457518
0.0036451237
0.0035489163
0.003457608
0.0033714919
0.0032907446
0.0032154728
0.0031456835
0.0030812267
0.0030217932
0.0029669716
0.0029163009
0.0028692959
0.002825458
0.0027842813
0.0027452587
0.0027078986
0.0026717411
0.0026363712
0.0026014361
0.002566652
0.0025317869
0.0024966327
0.0024609911
0.0024246833
0.0023875819
0.0023496423
0.0023109079
0.0022714871
0.002231509
0.0021911046
0.0021503846
0.0021094215
0.0020682452
0.0020268436
0.0019852212
0.0019434159
0.0019014885
0.0018594559
0.0018172637
0.0017748851
0.0017323509
0.0016896024
0.0016464873
0.0016029391
0.0015590137
0.0015146933
0.0014699064
0.0014246655
0.0013789831
0.0013327694
0.001285936
0.001238454
0.0011904182
0.0011417317
0.0010922355
0.0010421167
0.00099137659
0.00093983967
0.00088752817
0.00083451169
0.00078075323
0.00072634331
0.00067127234
0.00061571713
0.00055972932
0.00050345262
0.00044733488
0.00039273619
0.00033802059
0.00029496835
0.00024092057
0.00029206864
-8.93322e-05
0.0046428917
0.0046646128
0.0046865696
0.0047085753
0.0047303817
0.004751849
0.0047728061
0.0047928859
0.0048114343
0.0048274519
0.0048395361
0.0048458417
0.0048441182
0.0048318837
0.0048067789
0.0047670712
0.0047121716
0.0046429081
0.0045613338
0.0044701182
0.0043719068
0.0042690169
0.0041634449
0.0040569141
0.0039508487
0.0038463846
0.0037444607
0.0036458936
0.0035513676
0.0034613898
0.0033762925
0.0032962853
0.003221496
0.0031519523
0.0030875363
0.0030279801
0.0029729117
0.0029219038
0.0028744993
0.0028302234
0.0027885909
0.0027491132
0.0027113147
0.0026747478
0.0026390065
0.0026037423
0.0025686701
0.0025335548
0.0024981871
0.0024623699
0.0024259273
0.002388733
0.002350738
0.0023119773
0.0022725486
0.0022325723
0.0021921718
0.0021514525
0.0021104849
0.0020692996
0.0020278892
0.0019862586
0.0019444433
0.001902499
0.0018604427
0.0018182265
0.0017758226
0.0017332546
0.0016904685
0.0016473228
0.0016037496
0.0015597958
0.0015154468
0.0014706355
0.0014253683
0.0013796555
0.0013334133
0.0012865557
0.0012390533
0.0011909894
0.0011422777
0.0010927678
0.0010426256
0.00099185928
0.0009403039
0.00088797364
0.00083493611
0.00078115982
0.0007267283
0.00067163865
0.00061605788
0.00056004444
0.00050374661
0.00044759357
0.0003929265
0.00033816621
0.00029471517
0.00024155726
0.00028434751
-7.8519276e-05
0.00461954
0.0046401644
0.0046609727
0.0046817443
0.004702201
0.0047221614
0.0047414127
0.0047595633
0.004775968
0.004789684
0.0047994272
0.004803548
0.0048000717
0.0047868507
0.0047618538
0.0047235699
0.00467142
0.004605991
0.0045289228
0.0044424645
0.0043489596
0.0042505475
0.0041491158
0.0040463198
0.0039435632
0.0038419952
0.003742573
0.0036461225
0.0035533392
0.003464755
0.003380737
0.0033015261
0.0032272726
0.0031580254
0.0030936976
0.0030340607
0.0029787815
0.0029274662
0.0028796864
0.0028349917
0.002792918
0.0027529962
0.0027147666
0.0026777946
0.0026416838
0.0026060903
0.0025707287
0.0025353618
0.0024997788
0.0024637844
0.0024272052
0.0023899155
0.0023518627
0.0023130734
0.0022736349
0.0022336592
0.0021932618
0.002152543
0.0021115711
0.0020703773
0.0020289581
0.0019873192
0.0019454937
0.0019035326
0.0018614529
0.0018192122
0.0017767827
0.001734181
0.0016913572
0.0016481802
0.0016045814
0.0015605988
0.0015162207
0.0014713843
0.0014260903
0.0013803467
0.0013340754
0.0012871929
0.0012396692
0.001191577
0.0011428395
0.0010933149
0.0010431491
0.00099235606
0.00094078138
0.00088843183
0.0008353727
0.0007815778
0.00072712413
0.00067201484
0.00061640781
0.00056036767
0.00050404691
0.00044785748
0.00039311699
0.00033832004
0.00029446944
0.0002420731
0.00027677712
-6.8137952e-05
0.004595691
0.0046151999
0.004634837
0.004654355
0.0046734522
0.0046919165
0.0047095042
0.0047258092
0.0047402016
0.0047517961
0.0047594206
0.0047616018
0.0047566068
0.0047425736
0.0047177487
0.0046808104
0.0046311983
0.0045693121
0.0044964533
0.0044145052
0.0043255257
0.0042314712
0.0041341126
0.00403503
0.0039355933
0.0038369522
0.0037400739
0.0036457914
0.0035548092
0.00346768
0.0033848014
0.0033064438
0.0032327801
0.0031638815
0.0030996908
0.003040017
0.0029845648
0.0029329741
0.0028848452
0.0028397527
0.0027972544
0.0027569008
0.0027182489
0.0026808774
0.0026443999
0.0026084777
0.0025728263
0.0025372065
0.0025014071
0.002465234
0.0024285165
0.0023911293
0.0023530163
0.0023141962
0.0022747462
0.0022347696
0.0021943746
0.0021536561
0.0021126801
0.0020714781
0.0020300504
0.0019884031
0.0019465673
0.0019045895
0.0018624865
0.0018202212
0.0017777655
0.0017351302
0.0016922688
0.0016490598
0.0016054347
0.001561423
0.0015170153
0.0014721529
0.0014268317
0.0013810569
0.0013347559
0.0012878479
0.0012403021
0.0011921815
0.0011434175
0.001093877
0.0010436875
0.00099286723
0.00094127239
0.00088890302
0.00083582174
0.00078200741
0.00072753101
0.0006724011
0.00061676707
0.00056069909
0.00050435368
0.00044812594
0.00039330994
0.00033847069
0.00029423254
0.00024248123
0.00026934449
-5.8195638e-05
0.0045713471
0.0045897293
0.0046081824
0.0046264383
0.004644178
0.004661167
0.0046771408
0.0046916868
0.0047041956
0.0047138395
0.0047195507
0.0047200145
0.0047137091
0.0046990172
0.0046744204
0.0046387594
0.0045914977
0.004532891
0.0044639642
0.0043862852
0.0043016468
0.0042118217
0.0041184587
0.0040230562
0.0039269402
0.0038312484
0.0037369505
0.003644883
0.0035557568
0.0034701419
0.0033884619
0.0033110147
0.003237996
0.003169499
0.0031054956
0.0030458303
0.002990245
0.0029384127
0.0028899629
0.0028444956
0.002801591
0.0027608195
0.0027217554
0.0026839912
0.0026471509
0.0026109017
0.0025749605
0.0025390875
0.0025030709
0.0024667181
0.0024298607
0.0023923741
0.0023541986
0.0023153455
0.0022758821
0.0022359034
0.00219551
0.0021547917
0.0021138117
0.002072602
0.0020311658
0.0019895102
0.001947664
0.0019056698
0.0018635437
0.0018212535
0.0017787713
0.0017361024
0.0016932035
0.001649962
0.0016063097
0.0015622687
0.0015178311
0.0014729419
0.0014275928
0.0013817865
0.0013354553
0.0012885211
0.0012409523
0.001192803
0.001144012
0.0010944546
0.0010442411
0.00099339311
0.00094177724
0.00088938748
0.00083628348
0.0007824489
0.00072794913
0.00067279761
0.00061713581
0.00056103882
0.00050466678
0.00044839946
0.00039350249
0.00033863059
0.00029399365
0.00024277913
0.00026205173
-4.8700753e-05
0.0045465148
0.0045637663
0.0045810316
0.0045980269
0.0046144212
0.0046299648
0.0046443804
0.0046572561
0.0046680067
0.0046758611
0.0046798484
0.0046787958
0.0046713654
0.0046561495
0.0046318298
0.0045973859
0.0045523088
0.0044967435
0.0044314904
0.0043578469
0.0042773636
0.0041916333
0.004102179
0.0040104126
0.0039176075
0.0038248791
0.0037331918
0.0036433812
0.0035561623
0.0034721183
0.0033916951
0.0033152154
0.0032428971
0.0031748558
0.0031110909
0.0030514813
0.0029958044
0.0029437664
0.002895026
0.0028492088
0.0028059179
0.0027647442
0.0027252795
0.0026871308
0.0026499327
0.0026133591
0.0025771292
0.0025410029
0.0025047688
0.0024682356
0.0024312371
0.0023936493
0.0023554093
0.0023165209
0.0022770425
0.0022370603
0.0021966679
0.0021559494
0.0021149657
0.0020737488
0.0020323045
0.0019906405
0.0019487839
0.0019067733
0.0018646244
0.0018223093
0.0017798002
0.0017370979
0.0016941614
0.001650887
0.0016072069
0.0015631363
0.0015186682
0.0014737515
0.001428374
0.0013825358
0.0013361738
0.0012892127
0.0012416202
0.001193442
0.0011446234
0.001095048
0.0010448101
0.000993934
0.00094229624
0.00088988547
0.00083675818
0.00078290251
0.00072837873
0.00067320456
0.00061751415
0.00056138692
0.00050498638
0.00044867726
0.00039369731
0.00033878735
0.0002937245
0.00024299451
0.00025489704
-3.9659441e-05
0.0045212043
0.0045373277
0.0045534097
0.004569155
0.0045842249
0.0045983605
0.0046112787
0.0046225739
0.0046316877
0.0046379042
0.0046403418
0.004637954
0.0046295635
0.004613942
0.0045899412
0.0045566609
0.0045136208
0.0044608821
0.0043990627
0.00432923
0.0042527161
0.0041709406
0.0040853
0.0039971156
0.0039076015
0.0038178421
0.0037287887
0.0036412719
0.0035560075
0.0034735881
0.0033944782
0.0033190225
0.0032474605
0.0031799294
0.0031164555
0.00305695
0.003001225
0.002949019
0.0029000201
0.0028538798
0.0028102245
0.002768666
0.002728814
0.0026902902
0.0026527405
0.0026158462
0.0025793293
0.0025429507
0.0025064992
0.0024697853
0.0024326448
0.0023949543
0.0023566477
0.0023177222
0.002278227
0.0022382402
0.0021978479
0.0021571291
0.002116142
0.0020749182
0.002033466
0.0019917939
0.0019499268
0.0019079001
0.0018657288
0.0018233885
0.0017808523
0.0017381168
0.0016951429
0.001651835
0.0016081265
0.0015640259
0.0015195269
0.001474582
0.0014291756
0.0013833052
0.0013369118
0.0012899232
0.0012423062
0.0011940987
0.0011452519
0.0010956574
0.0010453949
0.00099449021
0.00094282967
0.00089039727
0.0008372461
0.00078336848
0.00072881999
0.00067362213
0.00061790223
0.00056174351
0.00050531229
0.00044895991
0.00039389088
0.00033895508
0.00029342809
0.00024311406
0.00024789804
-3.1094811e-05
0.0044954293
0.0045104336
0.0045253441
0.0045398576
0.0045536316
0.0045664032
0.0045778888
0.0045876933
0.0045952875
0.0046000084
0.0046010559
0.0045974963
0.0045882918
0.0045723684
0.0045487226
0.0045165577
0.0044754231
0.0044253164
0.0043667082
0.0043004714
0.0042277428
0.0041497785
0.0040678493
0.0039831836
0.0038969312
0.0038101377
0.0037237346
0.0036385429
0.0035552754
0.0034745312
0.003396789
0.0033224131
0.003251663
0.0031846973
0.0031215674
0.0030622158
0.0030064876
0.0029541534
0.0029049301
0.0028584955
0.0028144996
0.0027725753
0.0027323507
0.0026934628
0.0026555691
0.0026183587
0.0025815578
0.0025449283
0.0025082602
0.0024713657
0.0024340826
0.0023962881
0.0023579133
0.0023189487
0.0022794352
0.0022394425
0.0021990496
0.0021583304
0.00211734
0.00207611
0.0020346503
0.0019929702
0.0019510927
0.0019090502
0.0018668567
0.0018244913
0.0017819278
0.0017391591
0.0016961481
0.0016528063
0.0016090687
0.0015649379
0.0015204077
0.0014754338
0.0014299979
0.0013840949
0.0013376697
0.0012906528
0.0012430105
0.0011947735
0.001145898
0.0010962833
0.0010459958
0.00099506204
0.00094337783
0.00089092314
0.00083774749
0.00078384703
0.00072927311
0.00067405049
0.00061830017
0.0005621086
0.00050564466
0.00044924652
0.00039408616
0.0003391185
0.00029309868
0.00024315468
0.0002410762
-2.3024286e-05
0.0044692066
0.0044831064
0.0044968636
0.0045101704
0.0045226837
0.0045341404
0.0045442609
0.0045526644
0.0045588514
0.0045622094
0.0045620131
0.0045574287
0.00454754
0.0045314052
0.0045081448
0.0044770517
0.0044377043
0.0043900534
0.0043344506
0.0042716049
0.0042024808
0.0041281814
0.0040498554
0.003968637
0.0038856077
0.0038017686
0.0037180251
0.0036351836
0.0035539509
0.0034749286
0.0033986063
0.0033253647
0.0032554819
0.0031891366
0.0031264047
0.0030672577
0.0030115728
0.0029591517
0.00290974
0.0028630419
0.002818731
0.0027764618
0.002735881
0.0026966414
0.0026584126
0.0026208922
0.0025838109
0.0025469329
0.0025100495
0.002472975
0.0024355492
0.0023976497
0.0023592051
0.0023201998
0.0022806664
0.0022406666
0.0022002727
0.0021595528
0.0021185596
0.0020773237
0.002035857
0.001994169
0.0019522814
0.0019102232
0.0018680081
0.0018256177
0.0017830267
0.001740225
0.001697177
0.0016538011
0.0016100337
0.0015658724
0.0015213106
0.0014763071
0.0014308412
0.0013849053
0.0013384477
0.0012914018
0.0012437334
0.0011954666
0.001146562
0.001096926
0.0010466131
0.00099564978
0.00094394103
0.00089146335
0.00083826259
0.00078433841
0.00072973829
0.0006744898
0.00061870807
0.0005624823
0.00050598332
0.00044953755
0.00039427983
0.00033928822
0.00029274188
0.00024308381
0.00023442265
-1.5435481e-05
0.0044425557
0.0044553709
0.0044679988
0.0044801298
0.0044914227
0.0045016178
0.0045104429
0.0045175337
0.0045224209
0.0045245399
0.0045232334
0.0045177563
0.0045072981
0.0044910309
0.0044681813
0.0044381199
0.0044004534
0.0043550982
0.0043023106
0.0042426618
0.0041769652
0.0041061835
0.0040313474
0.0039534974
0.0038736444
0.0037927399
0.0037116579
0.0036311857
0.0035520206
0.0034747628
0.0033999098
0.0033278554
0.0032588944
0.0031932246
0.0031309449
0.0030720544
0.0030164605
0.0029639954
0.0029144332
0.0028675041
0.0028229059
0.0027803143
0.0027393956
0.0026998181
0.0026612646
0.0026234412
0.0025860843
0.002548961
0.0025118645
0.0024746111
0.0024370428
0.0023990378
0.0023605221
0.0023214745
0.0022819199
0.0022419121
0.0022015164
0.0021607959
0.0021198
0.002078559
0.0020370857
0.0019953902
0.0019534925
0.0019114192
0.0018691828
0.0018267674
0.0017841489
0.0017413144
0.0016982297
0.0016548194
0.0016110217
0.0015668297
0.0015222359
0.0014772022
0.0014317058
0.0013857366
0.0013392462
0.0012921707
0.0012444754
0.0011961785
0.0011472441
0.0010975857
0.001047247
0.00099625372
0.00094451954
0.00089201816
0.00083879165
0.00078484282
0.00073021572
0.00067494023
0.00061912605
0.00056286461
0.00050632831
0.00044983232
0.00039447367
0.0003394494
0.00029236217
0.00024287498
0.00022791322
-8.293539e-06
0.0044154984
0.0044272535
0.004438781
0.0044497719
0.0044598892
0.0044688792
0.0044764796
0.0044823442
0.004486034
0.0044870293
0.0044847346
0.0044784833
0.0044675571
0.0044512262
0.0044288082
0.0043997414
0.0043636595
0.0043204542
0.0042703058
0.0042136704
0.0041512296
0.0040838181
0.0040123547
0.003937788
0.0038610566
0.003783059
0.0037046331
0.0036265431
0.0035494728
0.0034740181
0.0034006805
0.0033298642
0.0032618785
0.0031969388
0.0031351656
0.0030765839
0.0030211301
0.0029686656
0.0029189923
0.0028718668
0.0028270104
0.0027841211
0.0027428842
0.0027029845
0.0026641178
0.002626
0.0025883736
0.002551009
0.0025137022
0.0024762717
0.0024385616
0.0024004507
0.002361863
0.0023227719
0.0022831948
0.0022431779
0.00220278
0.0021620588
0.0021210608
0.0020798153
0.0020383359
0.0019966332
0.0019547258
0.0019126377
0.0018703805
0.0018279405
0.0017852944
0.0017424275
0.0016993063
0.0016558614
0.001612033
0.0015678099
0.0015231839
0.0014781193
0.0014325918
0.0013865891
0.0013400654
0.0012929596
0.0012452367
0.0011969093
0.0011479446
0.0010982628
0.0010478978
0.00099687415
0.00094511365
0.00089258781
0.0008393349
0.0007853605
0.00073070557
0.00067540191
0.00061955418
0.00056325558
0.00050667953
0.00045013071
0.00039466693
0.00033959763
0.00029196416
0.00024250464
0.00022157153
-1.5818679e-06
0.0043880585
0.0043987821
0.0044092424
0.0044191328
0.0044281228
0.0044359663
0.004442413
0.0044471358
0.0044497254
0.004449704
0.0044465322
0.0044396129
0.0044283084
0.0044119732
0.0043900036
0.0043618966
0.0043273116
0.0042861235
0.0042384515
0.0041846563
0.0041253052
0.0040611175
0.0039929071
0.003921533
0.0038478615
0.0037727356
0.0036969531
0.0036212516
0.0035462978
0.0034726801
0.0034009005
0.0033313708
0.0032644125
0.0032002569
0.0031390445
0.0030808245
0.0030255607
0.0029731425
0.0029233994
0.0028761135
0.0028310303
0.0027878695
0.002746336
0.0027061313
0.0026669647
0.0026285623
0.0025906733
0.0025530727
0.0025155591
0.0024779538
0.0024401032
0.0024018867
0.0023632263
0.0023240906
0.00228449
0.0022444633
0.0022040627
0.002163341
0.0021223413
0.0020810919
0.0020396071
0.0019978977
0.0019559809
0.0019138784
0.001871601
0.0018291367
0.0017864632
0.001743564
0.0017004068
0.0016569272
0.0016130675
0.0015688131
0.0015241546
0.0014790586
0.0014334996
0.001387463
0.0013409056
0.0012937689
0.0012460176
0.0011976593
0.0011486639
0.0010989577
0.0010485658
0.00099751132
0.00094572363
0.00089317256
0.00083989257
0.00078589165
0.00073120802
0.00067587501
0.00061999257
0.00056365523
0.00050703693
0.00045043246
0.00039485893
0.0003397319
0.00029154585
0.00024198345
0.00021541343
4.694322e-06
0.0043602615
0.0043699856
0.0043794153
0.0043882482
0.0043961616
0.0044029188
0.0044082825
0.0044119453
0.0044135264
0.0044125875
0.0044086397
0.0044011478
0.0043895438
0.0043732559
0.0043517476
0.0043245676
0.0042913995
0.0042521069
0.0042067609
0.0041556428
0.0040992215
0.0040381131
0.003973034
0.0039047574
0.0038340777
0.0037617811
0.0036886227
0.0036153093
0.0035424882
0.0034707364
0.0034005537
0.0033323563
0.0032664756
0.003203157
0.0031425592
0.003084754
0.0030297308
0.002977406
0.0029276358
0.0028802275
0.0028349504
0.0027915462
0.0027497393
0.0027092484
0.0026697967
0.0026311209
0.0025929778
0.0025551472
0.0025174313
0.0024796543
0.0024416649
0.0024033435
0.0023646102
0.0023254292
0.0022858042
0.0022457671
0.0022053635
0.0021646413
0.0021236405
0.002082388
0.0020408984
0.0019991829
0.0019572572
0.0019151409
0.0018728439
0.0018303557
0.0017876549
0.0017447239
0.0017015311
0.0016580167
0.0016141255
0.0015698395
0.0015251483
0.0014800204
0.0014344293
0.0013883585
0.001341767
0.0012945987
0.0012468184
0.0011984288
0.0011494022
0.0010996705
0.0010492512
0.0009981655
0.00094634974
0.00089377264
0.00084046486
0.00078643646
0.00073172322
0.00067635962
0.00062044125
0.00056406353
0.00050740039
0.00045073725
0.00039504918
0.00033985107
0.00029110482
0.00024132394
0.0002094431
1.0531866e-05
0.0043321341
0.0043408938
0.0043493324
0.0043571531
0.0043640424
0.0043697741
0.0043741245
0.0043768061
0.0043774656
0.004375701
0.0043710692
0.0043630896
0.0043512558
0.0043350592
0.004314022
0.0042877378
0.0042559129
0.0042184043
0.004175245
0.0041266506
0.0040730058
0.0040148349
0.0039527646
0.0038874867
0.0038197254
0.0037502092
0.0036796484
0.0036087167
0.0035380382
0.0034681765
0.0033996253
0.0033328029
0.0032680479
0.0032056178
0.0031456879
0.0030883505
0.003033619
0.0029814357
0.0029316823
0.0028841911
0.0028387548
0.0027951369
0.0027530818
0.0027123253
0.0026726048
0.0026336682
0.0025952806
0.0025572273
0.0025193144
0.0024813696
0.0024432439
0.0024048187
0.0023660127
0.0023267859
0.002287136
0.0022470879
0.0022066813
0.0021659589
0.0021249575
0.0020837027
0.0020422093
0.0020004882
0.0019585542
0.0019164247
0.0018741088
0.0018315971
0.0017888695
0.001745907
0.001702679
0.00165913
0.0016152068
0.0015708891
0.0015261649
0.0014810047
0.0014353812
0.0013892759
0.0013426498
0.0012954495
0.0012476393
0.0011992181
0.0011501598
0.0011004015
0.0010499543
0.00099883694
0.00094699226
0.00089438829
0.00084105201
0.00078699515
0.00073225135
0.00067685591
0.00062090032
0.00056448051
0.00050776983
0.00045104479
0.00039523722
0.00033995393
0.00029063915
0.00024053577
0.00020366756
1.5935496e-05
0.0043037039
0.0043115367
0.0043190258
0.0043258815
0.0043318004
0.0043365675
0.0043399731
0.0043417491
0.0043415684
0.0043390628
0.0043338306
0.0043254395
0.004313437
0.0042973694
0.00427681
0.0042513918
0.0042208422
0.004185015
0.0041439132
0.0040976984
0.0040466833
0.0039913114
0.0039321276
0.003869747
0.0038048257
0.0037380351
0.0036700391
0.0036014761
0.0035329447
0.0034649916
0.0033981024
0.0033326942
0.0032691104
0.0032076187
0.0031484088
0.0030915919
0.0030372037
0.0029852107
0.0029355193
0.002887986
0.0028424269
0.002798627
0.0027563504
0.0027153504
0.002675379
0.002636196
0.0025975748
0.0025593071
0.0025212037
0.0024830955
0.0024448366
0.0024063093
0.0023674313
0.0023281587
0.0022884835
0.0022484243
0.0022080146
0.0021672924
0.0021262912
0.0020850351
0.0020435387
0.0020018128
0.0019598711
0.0019177292
0.0018753952
0.0018328606
0.0017901065
0.001747113
0.0017038504
0.0016602668
0.0016163115
0.0015719618
0.0015272046
0.0014820116
0.0014363552
0.0013902153
0.0013435543
0.0012963212
0.0012484805
0.0012000273
0.0011509368
0.0011011511
0.0010506754
0.00099952584
0.00094765139
0.0008950197
0.00084165417
0.00078756785
0.00073279249
0.00067736392
0.00062136977
0.00056490606
0.00050814507
0.00045135467
0.00039542246
0.00034003923
0.00029014686
0.00023962696
0.00019809803
2.0912589e-05
0.0042749992
0.0042819444
0.0042885274
0.0042944664
0.0042994692
0.004303332
0.0043058593
0.0043068019
0.0043058577
0.0043026894
0.0042969324
0.0042881979
0.0042760803
0.0042601739
0.0042400963
0.0042155153
0.004186178
0.0041519373
0.0041127733
0.0040688028
0.0040202775
0.00396757
0.0039111509
0.0038515641
0.0037894008
0.0037252756
0.0036598056
0.0035935922
0.0035272062
0.0034611752
0.0033959739
0.0033320153
0.0032696455
0.00320914
0.003150701
0.0030944567
0.0030404633
0.00298871
0.0029391268
0.0028915938
0.0028459496
0.0028020008
0.0027595312
0.0027183116
0.002678109
0.0026386951
0.0025998527
0.0025613802
0.0025230936
0.0024848277
0.0024464393
0.0024078124
0.0023688635
0.0023295455
0.002289845
0.0022497746
0.002209362
0.0021686406
0.0021276404
0.002086384
0.0020448856
0.0020031558
0.0019612072
0.0019190536
0.0018767023
0.0018341457
0.0017913655
0.0017483417
0.001705045
0.0016614271
0.0016174396
0.0015730578
0.0015282674
0.0014830414
0.0014373517
0.0013911768
0.0013444805
0.0012972143
0.0012493424
0.0012008568
0.0011517336
0.0011019195
0.0010514146
0.0010002325
0.00094832743
0.00089566715
0.00084227159
0.00078815481
0.00073334685
0.00067788383
0.00062184969
0.00056534022
0.00050852602
0.0004516666
0.00039560441
0.00034010593
0.00028962593
0.00023860571
0.00019274779
2.5471514e-05
0.0042460487
0.004252147
0.0042578683
0.0042629397
0.0042670804
0.0042700983
0.0042718118
0.00427199
0.0042703538
0.0042665947
0.0042603819
0.0042513646
0.0042391787
0.0042234606
0.0042038665
0.0041800951
0.0041519113
0.0041191695
0.0040818317
0.0040399785
0.0039938099
0.0039436361
0.0038898616
0.0038329642
0.0037734734
0.0037119487
0.0036489603
0.0035850715
0.0035208236
0.0034567228
0.0033932303
0.0033307529
0.0032696368
0.0032101629
0.0031525441
0.0030969237
0.0030433763
0.0029919123
0.0029424844
0.002894995
0.002849305
0.0028052421
0.0027626097
0.0027211961
0.0026807834
0.0026411558
0.002602106
0.0025634396
0.0025249782
0.0024865609
0.0024480477
0.002409324
0.002370306
0.0023309434
0.002291218
0.0022511367
0.0022107217
0.0021700017
0.0021290035
0.002087748
0.0020462487
0.002004516
0.0019625614
0.0019203972
0.0018780295
0.0018354516
0.0017926461
0.0017495925
0.0017062624
0.0016626106
0.0016185907
0.0015741768
0.0015293532
0.0014840938
0.0014383704
0.0013921604
0.0013454286
0.0012981286
0.0012502249
0.0012017065
0.0011525501
0.0011027068
0.0010521721
0.001000957
0.00094902045
0.00089633069
0.00084290431
0.00078875604
0.00073391441
0.00067841557
0.00062233997
0.00056578279
0.00050891239
0.00045198008
0.00039578236
0.00034015285
0.00028907402
0.00023748018
0.00018763149
2.9621836e-05
0.0042168808
0.0042221739
0.0042270786
0.0042313316
0.0042346639
0.0042368951
0.0042378569
0.0042373358
0.0042350747
0.0042307911
0.0042241846
0.0042149386
0.0042027255
0.0041872184
0.0041681074
0.0041451186
0.0041180334
0.004086709
0.0040510938
0.0040112387
0.0039673
0.0039195341
0.003868286
0.0038139731
0.0037570668
0.0036980736
0.0036375175
0.0035759228
0.0035137998
0.003451632
0.0033898645
0.0033288957
0.0032690694
0.00321067
0.0031539189
0.0030989722
0.0030459215
0.0029947967
0.0029455716
0.0028981702
0.0028524749
0.0028083342
0.0027655706
0.0027239902
0.0026833903
0.0026435679
0.0026043258
0.0025654776
0.002526851
0.0024882897
0.0024496571
0.0024108405
0.0023717555
0.0023323497
0.0022926002
0.0022525085
0.0022120919
0.0021713742
0.0021303791
0.0020891257
0.0020476269
0.0020058924
0.0019639328
0.001921759
0.0018793761
0.0018367778
0.0017939477
0.0017508652
0.0017075024
0.001663817
0.0016197649
0.0015753189
0.001530462
0.001485169
0.0014394118
0.0013931664
0.0013463989
0.0012990646
0.0012511285
0.0012025768
0.001153387
0.0011035134
0.0010529482
0.0010016996
0.00094973087
0.00089701072
0.0008435527
0.0007893719
0.00073449548
0.00067895941
0.00062284081
0.00056623387
0.00050930419
0.00045229488
0.00039595587
0.00034017935
0.0002884891
0.0002362585
0.00018276441
3.3378634e-05
0.0041875241
0.0041920543
0.0041961878
0.0041996713
0.0042022479
0.0042037488
0.0042040185
0.0042028598
0.0042000361
0.0041952888
0.0041883451
0.0041789185
0.0041667139
0.0041514366
0.0041328066
0.004110574
0.004084536
0.004054553
0.0040205637
0.0039825948
0.0039407658
0.0038952864
0.0038464491
0.003794616
0.0037402045
0.0036836705
0.0036254925
0.0035661561
0.0035061398
0.0034459022
0.003385871
0.0033264337
0.0032679298
0.0032106449
0.0031548066
0.0031005821
0.0030480781
0.0029973421
0.0029483676
0.0029010994
0.0028554406
0.0028112595
0.0027683981
0.0027266796
0.0026859169
0.0026459199
0.0026065022
0.0025674858
0.0025287046
0.0024900077
0.0024512621
0.0024123569
0.0023732081
0.0023337608
0.0022939884
0.0022538875
0.00221347
0.0021727557
0.0021317652
0.0020905153
0.0020490183
0.0020072834
0.00196532
0.0019231377
0.0018807408
0.0018381232
0.0017952693
0.0017521588
0.0017087642
0.0016650458
0.0016209615
0.0015764834
0.0015315934
0.0014862666
0.0014404753
0.0013941945
0.0013473909
0.0013000221
0.0012520529
0.0012034676
0.0011542437
0.0011043391
0.0010537429
0.0010024603
0.00095045851
0.00089770704
0.00084421653
0.00079000214
0.00073508979
0.00067951505
0.00062335181
0.000566693
0.00050970084
0.00045261025
0.000396124
0.00034018416
0.00028787081
0.00023494968
0.00017814667
3.6751523e-05
0.0041580064
0.004161816
0.0041652235
0.0041679859
0.0041698586
0.0041706838
0.0041703182
0.0041685801
0.0041652518
0.0041600967
0.0041528666
0.0041433024
0.0041311373
0.0041161051
0.0040979523
0.0040764505
0.0040514111
0.0040226989
0.0039902451
0.0039540572
0.0039142237
0.0038709145
0.003824375
0.003774918
0.0037229105
0.0036687604
0.0036129026
0.0035557839
0.0034978506
0.0034395354
0.0033812468
0.0033233596
0.0032662067
0.0032100728
0.0031551901
0.0031017346
0.0030498259
0.0029995279
0.0029508521
0.0029037629
0.002858183
0.0028140004
0.0027710758
0.0027292496
0.00268835
0.0026482005
0.0026086253
0.0025694554
0.0025305318
0.0024917087
0.0024528572
0.0024138688
0.0023746599
0.0023351737
0.0022953801
0.0022552711
0.0022148541
0.0021741446
0.00213316
0.0020919154
0.0020504219
0.0020086879
0.0019667222
0.0019245327
0.001882123
0.0018394874
0.0017966108
0.0017534731
0.0017100476
0.0016662969
0.0016221807
0.0015776707
0.0015327476
0.0014873871
0.0014415615
0.0013952451
0.0013484054
0.0013010015
0.0012529988
0.0012043795
0.0011551212
0.0011051848
0.0010545567
0.0010032397
0.00095120409
0.00089842036
0.00084489649
0.00079064743
0.00073569795
0.00068008306
0.00062387349
0.00056716058
0.00051010266
0.00045292625
0.00039628665
0.00034016696
0.00028722106
0.00023356373
0.00017378437
3.9754105e-05
0.0041283553
0.0041314865
0.0041342126
0.0041363013
0.0041375202
0.0041377221
0.0041367752
0.0041345124
0.0041307333
0.0041252215
0.0041177512
0.0041080874
0.0040959886
0.004081214
0.0040635332
0.0040427372
0.0040186505
0.0039911427
0.00396014
0.0039256343
0.0038876883
0.0038464374
0.0038020863
0.0037549028
0.0037052079
0.0036533645
0.0035997653
0.0035448195
0.0034889406
0.0034325348
0.0033759902
0.003319667
0.0032638897
0.0032089403
0.003155053
0.0031024111
0.0030511452
0.0030013334
0.0029530042
0.00290614
0.0028606824
0.0028165382
0.0027735862
0.002731684
0.0026906752
0.0026503964
0.0026106834
0.0025713762
0.0025323233
0.0024933846
0.0024544355
0.00241537
0.0023761053
0.0023365833
0.0022967707
0.0022566554
0.0022162405
0.0021755375
0.0021345607
0.0020933231
0.0020518348
0.0020101035
0.0019681367
0.0019259416
0.0018835207
0.0018408683
0.0017979702
0.0017548065
0.0017113512
0.0016675688
0.0016234212
0.0015788795
0.0015339235
0.0014885293
0.0014426693
0.0013963172
0.0013494412
0.001302002
0.0012539653
0.0012053115
0.0011560185
0.0011060495
0.001055389
0.0010040371
0.0009519668
0.00089914989
0.00084559175
0.00079130694
0.0007363191
0.00068066253
0.00062440489
0.00056763559
0.0005105085
0.00045324157
0.00039644235
0.00034012628
0.0002865406
0.00023210864
0.00016965008
4.2382584e-05
0.0040985972
0.0041010918
0.0041031806
0.004104642
0.0041052557
0.0041048845
0.0041034076
0.0041006713
0.0040964913
0.0040906697
0.0040830007
0.004073271
0.0040612617
0.0040467544
0.0040295392
0.0040094247
0.0039862473
0.0039598817
0.003930251
0.0038973345
0.0038611736
0.0038218743
0.0037796053
0.0037345945
0.0036871207
0.0036375051
0.0035861001
0.0035332781
0.0034794206
0.0034249066
0.0033701024
0.0033153526
0.0032609714
0.003207236
0.0031543811
0.0031025951
0.0030520177
0.0030027396
0.0029548045
0.0029082115
0.00286292
0.0028188551
0.0027759129
0.0027339678
0.0026928787
0.0026524956
0.0026126659
0.0025732391
0.0025340713
0.0024950288
0.0024559912
0.0024168559
0.0023775406
0.0023379865
0.0022981578
0.0022580386
0.0022176277
0.0021769331
0.002135966
0.0020947375
0.0020532564
0.0020115295
0.0019695636
0.0019273644
0.0018849339
0.0018422664
0.001799348
0.0017561596
0.0017126756
0.0016688625
0.0016246838
0.0015801108
0.0015351223
0.0014896944
0.0014438
0.0013974123
0.0013504999
0.001303025
0.0012549539
0.0012062653
0.0011569371
0.0011069348
0.0010562412
0.0010048538
0.0009527482
0.00089989714
0.00084630382
0.00079198213
0.00073695466
0.00068125484
0.00062494728
0.00056811918
0.00051091942
0.00045355704
0.00039659179
0.00034006293
0.00028583232
0.00023059401
0.00016585558
4.4626726e-05
0.0040687566
0.0040706558
0.0040721504
0.0040730295
0.0040730846
0.0040721883
0.0040702298
0.0040670678
0.0040625331
0.0040564443
0.004048614
0.0040388484
0.0040269485
0.0040127157
0.003995959
0.0039765021
0.0039541928
0.003928911
0.003900578
0.0038691634
0.0038346908
0.0037972409
0.0037569517
0.0037140149
0.0036686716
0.0036212037
0.003571926
0.0035211757
0.0034693023
0.0034166576
0.0033635856
0.0033104138
0.0032574448
0.0032049492
0.0031531604
0.0031022698
0.0030524245
0.003003726
0.0029562316
0.0029099557
0.0028648747
0.0028209304
0.0027780361
0.0027360824
0.0026949432
0.0026544822
0.0026145583
0.0025750309
0.002535764
0.0024966305
0.0024575149
0.0024183175
0.0023789578
0.0023393762
0.0022995348
0.0022594143
0.0022190099
0.002178326
0.002137371
0.0020961538
0.002054682
0.0020129617
0.0019709985
0.0019287971
0.0018863587
0.0018436776
0.0018007406
0.0017575288
0.0017140174
0.0016701746
0.0016259656
0.0015813617
0.0015363409
0.0014908796
0.0014449508
0.0013985275
0.0013515788
0.0013040681
0.0012559621
0.0012072384
0.0011578748
0.0011078385
0.001057111
0.0010056878
0.00095354605
0.00090065991
0.00084703047
0.00079267079
0.0007376024
0.00068185772
0.00062549836
0.00056860899
0.00051133299
0.00045387007
0.00039673229
0.00033997454
0.00028509588
0.00022902503
0.00016227909
4.6514646e-05
0.0036524075
0.003737107
0.003891161
0.0040554318
0.0042234588
0.004396005
0.0045704433
0.0047479424
0.0049361802
0.0051770423
0.0036524012
0.0037370954
0.003891142
0.0040553983
0.0042233988
0.0043958954
0.0045702124
0.0047473007
0.0049331286
0.0051501437
0.003652388
0.0037370717
0.0038911019
0.0040553279
0.0042232732
0.0043956633
0.0045697329
0.0047459365
0.004927641
0.0051209183
0.0036523671
0.0037370345
0.0038910385
0.0040552168
0.0042230755
0.0043952966
0.0045689795
0.0047438405
0.0049205654
0.005095243
0.0036523377
0.0037369826
0.0038909496
0.0040550612
0.0042227986
0.0043947837
0.0045679232
0.004741089
0.0049122002
0.0050718137
0.0036522989
0.0037369147
0.0038908327
0.0040548568
0.0042224353
0.0043941104
0.0045665487
0.0047376839
0.0049029415
0.0050498161
0.00365225
0.0037368295
0.0038906851
0.0040545992
0.0042219777
0.0043932633
0.004564839
0.0047336417
0.0048930683
0.0050288439
0.0036521898
0.0037367252
0.0038905041
0.0040542835
0.0042214175
0.0043922286
0.0045627759
0.0047289921
0.0048826368
0.0050086803
0.0036521173
0.0037366004
0.0038902866
0.0040539045
0.0042207459
0.0043909919
0.0045603446
0.0047237513
0.0048716997
0.0049891986
0.0036520314
0.0037364531
0.0038900293
0.0040534567
0.0042199536
0.0043895388
0.0045575304
0.0047179333
0.0048603068
0.00497028
0.003651931
0.0037362815
0.0038897288
0.0040529343
0.0042190307
0.0043878545
0.0045543194
0.0047115516
0.0048484965
0.0049518134
0.0036518147
0.0037360835
0.0038893813
0.004052331
0.004217967
0.004385924
0.0045506985
0.004704618
0.0048362974
0.0049336986
0.003651681
0.003735857
0.0038889828
0.0040516402
0.0042167517
0.004383732
0.0045466551
0.0046971426
0.0048237294
0.0049158451
0.0036515286
0.0037355995
0.0038885292
0.0040508547
0.0042153736
0.0043812632
0.0045421774
0.0046891336
0.0048108054
0.0048981699
0.0036513558
0.0037353085
0.0038880157
0.0040499672
0.0042138208
0.004378502
0.0045372538
0.0046805978
0.0047975321
0.0048805968
0.0036511608
0.0037349814
0.0038874376
0.0040489696
0.0042120812
0.004375433
0.0045318736
0.00467154
0.0047839106
0.0048630556
0.0036509418
0.0037346153
0.0038867897
0.0040478537
0.0042101421
0.0043720403
0.0045260259
0.0046619634
0.0047699376
0.0048454814
0.0036506968
0.003734207
0.0038860666
0.0040466105
0.0042079904
0.0043683083
0.0045197006
0.0046518695
0.004755606
0.0048278144
0.0036504237
0.0037337533
0.0038852623
0.0040452309
0.0042056125
0.0043642213
0.0045128875
0.0046412585
0.0047409059
0.0048099992
0.0036501202
0.0037332507
0.0038843708
0.0040437051
0.0042029947
0.0043597638
0.004505577
0.0046301292
0.0047258247
0.0047919848
0.0036497839
0.0037326953
0.0038833853
0.0040420228
0.0042001225
0.00435492
0.0044977594
0.004618479
0.0047103485
0.0047737242
0.0036494121
0.0037320833
0.003882299
0.0040401734
0.0041969814
0.0043496746
0.0044894254
0.0046063043
0.0046944621
0.0047551746
0.0036490019
0.0037314104
0.0038811045
0.0040381457
0.0041935564
0.0043440124
0.0044805658
0.0045936009
0.0046781498
0.0047362974
0.0036485505
0.003730672
0.003879794
0.0040359281
0.0041898324
0.0043379183
0.0044711719
0.0045803638
0.004661396
0.0047170577
0.0036480546
0.0037298633
0.0038783594
0.0040335085
0.004185794
0.0043313775
0.0044612351
0.0045665875
0.0046441854
0.0046974247
0.0036475108
0.0037289793
0.003876792
0.0040308742
0.0041814257
0.0043243757
0.004450747
0.0045522665
0.0046265037
0.0046773719
0.0036469155
0.0037280144
0.0038750828
0.0040280125
0.0041767116
0.0043168989
0.0044397001
0.0045373955
0.0046083378
0.0046568766
0.0036462646
0.003726963
0.0038732223
0.0040249098
0.0041716363
0.0043089334
0.0044280871
0.0045219692
0.0045896762
0.0046359205
0.0036455541
0.0037258189
0.0038712005
0.0040215525
0.0041661838
0.0043004663
0.0044159013
0.0045059834
0.0045705092
0.0046144891
0.0036447796
0.0037245757
0.0038690069
0.0040179264
0.0041603386
0.0042914852
0.0044031368
0.0044894343
0.0045508295
0.0045925722
0.0036439363
0.0037232267
0.0038666309
0.0040140171
0.0041540852
0.0042819785
0.0043897886
0.0044723194
0.0045306317
0.0045701635
0.0036430191
0.0037217646
0.0038640609
0.0040098098
0.0041474083
0.0042719352
0.0043758526
0.0044546375
0.0045099135
0.0045472606
0.0036420228
0.0037201818
0.0038612854
0.0040052896
0.0041402931
0.0042613454
0.0043613258
0.0044363887
0.0044886745
0.0045238649
0.0036409416
0.0037184705
0.003858292
0.0040004414
0.0041327249
0.0042502
0.0043462064
0.0044175751
0.0044669176
0.0044999814
0.0036397694
0.0037166222
0.0038550683
0.00399525
0.0041246898
0.0042384912
0.0043304941
0.0043982001
0.004444648
0.0044756185
0.0036385
0.0037146281
0.0038516012
0.0039896999
0.0041161742
0.0042262121
0.0043141897
0.0043782693
0.0044218737
0.0044507878
0.0036371264
0.0037124791
0.0038478773
0.0039837759
0.0041071656
0.0042133572
0.0042972959
0.0043577902
0.0043986052
0.0044255037
0.0036356414
0.0037101656
0.003843883
0.0039774628
0.0040976518
0.0041999225
0.0042798168
0.0043367723
0.0043748555
0.0043997836
0.0036340375
0.0037076774
0.0038396041
0.0039707455
0.0040876218
0.0041859051
0.0042617582
0.004315227
0.00435064
0.0043736468
0.0036323065
0.0037050042
0.0038350264
0.0039636093
0.0040770656
0.004171304
0.0042431277
0.0042931677
0.0043259763
0.004347115
0.0036304398
0.003702135
0.0038301353
0.0039560396
0.0040659741
0.0041561195
0.0042239347
0.0042706097
0.0043008837
0.0043202115
0.0036284285
0.0036990586
0.0038249161
0.0039480226
0.0040543396
0.0041403536
0.0042041902
0.0042475702
0.0042753835
0.0042929609
0.0036262631
0.0036957632
0.0038193538
0.0039395447
0.0040421557
0.0041240101
0.004183907
0.0042240679
0.0042494985
0.0042653891
0.0036239335
0.0036922367
0.0038134336
0.0039305933
0.004029417
0.0041070944
0.0041630998
0.0042001233
0.0042232526
0.0042375229
0.0036214292
0.0036884668
0.0038071404
0.0039211562
0.00401612
0.0040896136
0.0041417845
0.004175758
0.0041966708
0.0042093894
0.0036187391
0.0036844405
0.0038004592
0.0039112225
0.0040022624
0.0040715764
0.004119979
0.004150995
0.0041697789
0.004181016
0.0036158516
0.0036801447
0.0037933754
0.003900782
0.0039878436
0.0040529935
0.0040977023
0.0041258582
0.0041426033
0.0041524302
0.0036127546
0.0036755659
0.0037858742
0.0038898259
0.0039728647
0.004033877
0.0040749749
0.0041003725
0.0041151705
0.0041236593
0.0036094353
0.0036706905
0.0037779411
0.0038783465
0.0039573281
0.0040142403
0.004051818
0.0040745629
0.0040875068
0.0040947299
0.0036058804
0.0036655049
0.003769562
0.0038663374
0.0039412385
0.0039940993
0.0040282547
0.0040484554
0.0040596386
0.0040656676
0.0036019172
0.0036597663
0.0037603565
0.0038532716
0.0039239096
0.0039726124
0.004003313
0.0040209802
0.0040304278
0.0040352873
0.0035970471
0.0036527758
0.0037492364
0.0038376514
0.0039034179
0.0039474608
0.0039743582
0.0039892779
0.0039968642
0.004000479
0.0035907213
0.0036438016
0.0037351194
0.0038180555
0.0038780436
0.0039166902
0.0039392764
0.0039511378
0.0039566804
0.0039589408
0.0035824387
0.0036322373
0.003717205
0.0037935061
0.003846735
0.0038792593
0.0038970772
0.0039056269
0.0039089915
0.0039098233
0.0035714974
0.0036172761
0.0036945408
0.0037628656
0.0038083192
0.0038340728
0.0038467752
0.0038518559
0.0038529811
0.0038523645
0.003556926
0.0035978365
0.0036659926
0.003724861
0.0037615646
0.0037800698
0.0037874943
0.0037890911
0.0037880066
0.0037859753
0.0035374593
0.0035726071
0.0036301795
0.0036780989
0.003705249
0.0037163043
0.0037185393
0.0037168239
0.0037137018
0.0037103992
0.0035114567
0.0035399418
0.0035854962
0.0036211973
0.0036383464
0.0036421315
0.0036395427
0.0036348115
0.0036298404
0.0036253962
0.0034768632
0.0034978873
0.0035302696
0.0035529886
0.0035602101
0.0035573475
0.0035506829
0.0035435905
0.0035372621
0.0035320034
0.0034312497
0.0034442911
0.0034629399
0.0034726924
0.0034706872
0.0034620536
0.0034519069
0.003442732
0.0034351975
0.0034292733
0.0033720016
0.0033770274
0.0033823026
0.0033800713
0.0033703672
0.0033577408
0.003345768
0.0033357583
0.0033277872
0.0033216028
0.0032967426
0.003294373
0.0032878353
0.0032754582
0.003259277
0.0032429088
0.0032288048
0.0032176756
0.0032092332
0.0032029297
0.0032039094
0.0031956475
0.0031800034
0.0031610882
0.0031425938
0.003126459
0.0031131923
0.0031026605
0.0030945311
0.0030884048
0.0030938205
0.0030817072
0.0030594214
0.0030341297
0.0030109224
0.00299197
0.0029774777
0.0029667359
0.0029588597
0.0029531083
0.0029692046
0.0029562906
0.002934948
0.0029140146
0.0028966255
0.0028824094
0.0028707688
0.0028614678
0.0028543147
0.0028489759
0.0028360632
0.0028197967
0.0027906987
0.002761037
0.0027378149
0.0027214952
0.0027099426
0.0027014815
0.0026952499
0.0026907224
0.0027066509
0.0027050175
0.0026979466
0.0026885916
0.0026781756
0.002667697
0.0026583176
0.0026507268
0.0026449276
0.0026405951
0.0025718282
0.0025343093
0.0024940622
0.0024661257
0.0024477586
0.0024344036
0.0024243671
0.0024170524
0.00241185
0.0024081489
0.0040376178
0.0040389385
0.0040398577
0.0040401755
0.0040396953
0.0040382994
0.0040358868
0.004032328
0.0040274681
0.0040211418
0.0040131787
0.004003403
0.0039916347
0.0039776936
0.0039614056
0.0039426094
0.0039211634
0.0038969531
0.0038698989
0.0038399625
0.0038071526
0.0037715277
0.0037331973
0.0036923206
0.0036491024
0.0036037879
0.0035566545
0.0035080045
0.0034581551
0.0034074298
0.0033561488
0.003304621
0.0032531353
0.003201954
0.0031513072
0.0031013878
0.0030523483
0.0030043001
0.0029573123
0.0029114145
0.0028665987
0.0028228238
0.00278002
0.0027380943
0.0026969361
0.0026564228
0.0026164257
0.0025768146
0.0025374624
0.0024982488
0.0024590637
0.0024198112
0.0023804124
0.0023408077
0.0023009573
0.002260839
0.0022204444
0.0021797744
0.0021388346
0.002097632
0.0020561725
0.0020144613
0.0019725032
0.0019303016
0.0018878571
0.0018451638
0.0018022091
0.0017589745
0.0017154361
0.0016715636
0.0016273238
0.0015826882
0.0015376343
0.0014921386
0.0014461742
0.0013997139
0.0013527273
0.0013051791
0.0012570365
0.0012082759
0.0011588749
0.0011088026
0.0010580392
0.0010065781
0.00095439796
0.00090147429
0.00084780619
0.00079340573
0.0007382933
0.00068250016
0.00062608476
0.00056912886
0.00051176957
0.00045419644
0.00039687206
0.00033985955
0.00028430451
0.0002273439
0.00015886249
4.812336e-05
0.0040020063
0.0040027172
0.0040030319
0.0040027627
0.0040017267
0.0039998162
0.0039969403
0.0039929823
0.003987802
0.0039812506
0.0039731751
0.0039634184
0.0039518192
0.0039382161
0.0039224524
0.0039043816
0.0038838734
0.0038608198
0.0038351412
0.003806793
0.0037757695
0.0037421085
0.003705892
0.0036672465
0.0036263406
0.0035833806
0.0035386053
0.0034922789
0.0034446833
0.0033961101
0.0033468524
0.0032971965
0.0032474145
0.0031977575
0.0031484494
0.0030996827
0.0030516143
0.0030043636
0.0029580122
0.0029126043
0.0028681486
0.002824622
0.0027819729
0.0027401263
0.0026989886
0.0026584531
0.0026184051
0.0025787267
0.0025393007
0.0025000154
0.0024607671
0.0024214646
0.0023820313
0.0023424082
0.0023025537
0.0022624429
0.0022220637
0.0021814137
0.0021404951
0.0020993126
0.0020578707
0.0020161733
0.0019742239
0.0019320251
0.0018895763
0.0018468718
0.0018038993
0.0017606409
0.0017170736
0.0016731688
0.0016288951
0.0015842243
0.0015391334
0.0014935988
0.001447594
0.0014010919
0.0013540622
0.0013064711
0.0012582863
0.0012094833
0.0011600393
0.001109925
0.0010591199
0.0010076148
0.00095539002
0.00090242228
0.0008487088
0.00079426029
0.00073909583
0.00068324519
0.0006267632
0.0005697279
0.00051226862
0.00045456267
0.00039701662
0.00033969385
0.00028336685
0.00022536575
0.00015528366
4.9621604e-05
0.0039595998
0.0039596541
0.0039593205
0.0039584261
0.003956803
0.0039543544
0.0039510005
0.0039466379
0.0039411423
0.003934382
0.0039262226
0.0039165259
0.0039051502
0.0038919534
0.0038767967
0.0038595494
0.0038400932
0.0038183273
0.003794174
0.0037675829
0.0037385362
0.0037070514
0.003673184
0.0036370277
0.0035987139
0.0035584085
0.0035163085
0.0034726368
0.0034276354
0.0033815594
0.0033346695
0.0032872246
0.0032394753
0.0031916569
0.0031439839
0.0030966448
0.0030497986
0.0030035717
0.002958057
0.0029133134
0.0028693674
0.0028262148
0.0027838242
0.0027421408
0.0027010905
0.002660585
0.0026205261
0.0025808104
0.0025413335
0.0025019938
0.002462696
0.0024233547
0.0023838971
0.0023442651
0.0023044164
0.0022643231
0.0022239698
0.00218335
0.002142463
0.0021013104
0.002059895
0.0020182192
0.0019762851
0.0019340941
0.0018916447
0.001848931
0.0018059411
0.0017626579
0.0017190595
0.001675119
0.0016308069
0.0015860958
0.001540962
0.0014953821
0.00144933
0.0014027784
0.0013556978
0.0013080555
0.0012598201
0.0012109662
0.0011614704
0.0011113053
0.0010604492
0.0010088908
0.00095661151
0.00090358952
0.00084982009
0.00079531213
0.00074008306
0.00068416065
0.00062759539
0.0005704604
0.00051287485
0.00045500044
0.00039717819
0.00033945983
0.00028222009
0.00022295205
0.00015099331
5.1140585e-05
0.003909572
0.0039089413
0.0039079353
0.0039063975
0.0039041764
0.0039011871
0.0038973607
0.0038926077
0.0038868203
0.0038798844
0.0038716841
0.0038621005
0.0038510114
0.003838294
0.0038238277
0.0038074978
0.0037891985
0.0037688377
0.0037463402
0.0037216523
0.0036947456
0.0036656201
0.0036343065
0.0036008675
0.0035653977
0.0035280227
0.0034888968
0.0034481986
0.0034061275
0.0033628979
0.0033187331
0.0032738598
0.0032285016
0.003182873
0.003137174
0.0030915853
0.0030462641
0.0030013409
0.0029569179
0.0029130677
0.0028698338
0.0028272316
0.002785251
0.002743859
0.002703003
0.0026626155
0.0026226173
0.0025829224
0.0025434414
0.0025040852
0.0024647691
0.0024254152
0.0023859558
0.0023463352
0.0023065108
0.0022664529
0.0022261426
0.0021855699
0.0021447303
0.0021036228
0.0020622477
0.0020206058
0.0019786978
0.0019365236
0.0018940806
0.0018513627
0.0018083585
0.0017650518
0.0017214219
0.0016774439
0.0016330901
0.0015883342
0.0015431522
0.0014975208
0.0014514142
0.0014048055
0.0013576658
0.0013099635
0.0012616682
0.0012127539
0.0011631967
0.0011129704
0.001062053
0.0010104305
0.00095808524
0.00090499697
0.00085115896
0.00079657783
0.00074126885
0.00068525719
0.00062858804
0.00057132799
0.00051358314
0.00045549524
0.00039732988
0.00033911138
0.00028080667
0.00022007188
0.00014635921
5.2471854e-05
0.0038512008
0.0038498882
0.0038482165
0.0038460477
0.0038432481
0.0038397446
0.0038354794
0.0038303769
0.0038243455
0.0038172887
0.0038091085
0.0037997048
0.0037889745
0.0037768136
0.0037631191
0.003747792
0.0037307399
0.0037118794
0.0036911399
0.0036684663
0.0036438224
0.0036171936
0.0035885893
0.0035580442
0.0035256192
0.0034914016
0.0034555033
0.0034180592
0.0033792242
0.0033391692
0.0032980769
0.0032561369
0.0032135406
0.0031704763
0.0031271241
0.0030836511
0.0030402078
0.0029969245
0.0029539087
0.0029112439
0.0028689887
0.0028271771
0.00278582
0.0027449065
0.0027044071
0.0026642767
0.0026244575
0.0025848832
0.0025454817
0.0025061796
0.0024669043
0.0024275881
0.00238817
0.0023485985
0.0023088322
0.0022688403
0.0022286015
0.0021881024
0.0021473353
0.0021062961
0.0020649827
0.002023394
0.001981529
0.001939386
0.0018969617
0.0018542494
0.0018112382
0.0017679129
0.0017242542
0.0016802392
0.0016358425
0.0015910387
0.0015458042
0.0015001156
0.0014539478
0.0014072742
0.0013600665
0.0013122948
0.0012639294
0.0012149439
0.0011653141
0.0011150148
0.0010640235
0.001012324
0.00095989915
0.00090672986
0.00085280757
0.00079813613
0.000742728
0.00068660489
0.00062980559
0.0005723881
0.00051444184
0.00045608321
0.00039749273
0.00033865046
0.00027912066
0.00021681675
0.00014146363
5.3364289e-05
0.003783928
0.0037819631
0.0037796614
0.0037769028
0.0037735717
0.0037696068
0.0037649609
0.0037595716
0.003753363
0.0037462551
0.003738167
0.0037290163
0.0037187176
0.0037071846
0.0036943311
0.0036800733
0.0036643318
0.0036470328
0.0036281113
0.0036075132
0.0035851975
0.0035611388
0.0035353296
0.0035077811
0.0034785253
0.0034476149
0.0034151232
0.0033811434
0.0033457869
0.003309181
0.0032714657
0.0032327906
0.003193311
0.0031531836
0.0031125628
0.0030715963
0.0030304216
0.0029891626
0.002947927
0.0029068043
0.002865864
0.0028251556
0.0027847089
0.0027445342
0.0027046247
0.0026649581
0.0026254996
0.0025862039
0.0025470191
0.002507889
0.0024687564
0.0024295654
0.0023902645
0.002350808
0.0023111579
0.002271284
0.0022311639
0.0021907818
0.0021501271
0.0021091932
0.0020679754
0.0020264707
0.0019846764
0.0019425893
0.0019002051
0.0018575167
0.0018145136
0.0017711819
0.0017275038
0.0016834584
0.0016390224
0.0015941722
0.0015488846
0.0015031364
0.0014569032
0.0014101591
0.0013628768
0.0013150276
0.0012665828
0.001217516
0.0011678027
0.0011174183
0.0010663402
0.0010145503
0.00096203098
0.00090876436
0.00085474006
0.00079995858
0.00074442876
0.0006881678
0.00063120664
0.00057359218
0.00051539288
0.00045669342
0.00039758147
0.00033797593
0.00027707825
0.00021316318
0.00013634107
5.3611031e-05
0.0037075695
0.0037050265
0.0037021701
0.0036989022
0.003695125
0.0036907871
0.0036858506
0.0036802656
0.0036739706
0.0036669006
0.0036589907
0.0036501739
0.0036403813
0.0036295425
0.0036175868
0.0036044447
0.003590049
0.0035743361
0.0035572475
0.0035387321
0.0035187471
0.0034972606
0.0034742527
0.0034497171
0.0034236622
0.0033961125
0.0033671081
0.0033367054
0.0033049762
0.0032720063
0.0032378944
0.0032027494
0.0031666882
0.0031298327
0.0030923068
0.0030542329
0.0030157292
0.0029769066
0.0029378659
0.0028986958
0.0028594709
0.0028202508
0.0027810795
0.0027419852
0.0027029813
0.0026640672
0.0026252301
0.0025864469
0.0025476865
0.0025089118
0.0024700826
0.0024311576
0.0023920967
0.0023528629
0.0023134236
0.0022737517
0.0022338252
0.0021936279
0.0021531473
0.0021123749
0.0020713041
0.0020299301
0.0019882486
0.0019462551
0.0019039444
0.0018613092
0.0018183396
0.0017750227
0.0017313424
0.00168728
0.0016428147
0.0015979244
0.0015525869
0.0015067798
0.0014604796
0.0014136613
0.0013662985
0.001318364
0.0012698304
0.0012206714
0.0011708623
0.001120379
0.0010691987
0.0010173017
0.00096466983
0.00091128553
0.00085713663
0.00080221979
0.00074653925
0.00069010634
0.00063294238
0.00057508017
0.00051656259
0.00045743567
0.00039769017
0.00033717271
0.00027479606
0.00020927552
0.00013125866
5.3248918e-05
0.0036218873
0.0036188665
0.0036155614
0.0036118883
0.0036077682
0.0036031612
0.0035980378
0.0035923583
0.0035860737
0.0035791328
0.0035714838
0.0035630741
0.0035538486
0.0035437512
0.0035327248
0.0035207129
0.0035076597
0.0034935113
0.0034782168
0.0034617295
0.0034440076
0.0034250162
0.003404728
0.0033831249
0.0033601986
0.0033359519
0.003310399
0.0032835663
0.003255492
0.0032262263
0.0031958302
0.0031643744
0.0031319386
0.0030986088
0.0030644758
0.003029633
0.0029941738
0.0029581896
0.0029217673
0.0028849871
0.0028479211
0.0028106318
0.0027731705
0.0027355773
0.0026978807
0.0026600979
0.0026222354
0.0025842904
0.0025462518
0.0025081019
0.0024698184
0.0024313759
0.0023927478
0.0023539079
0.0023148317
0.0022754974
0.0022358866
0.0021959839
0.0021557774
0.0021152577
0.0020744173
0.0020332503
0.0019917513
0.001949915
0.0019077356
0.0018652057
0.0018223162
0.0017790554
0.0017354091
0.0016913608
0.001646892
0.0016019829
0.0015566126
0.0015107599
0.0014644023
0.0014175162
0.0013700766
0.0013220577
0.0012734332
0.0012241775
0.0011742661
0.001123675
0.0010723812
0.0010203639
0.000967604
0.00091408339
0.00085978794
0.00080470999
0.00074884806
0.00069220599
0.00063479345
0.00057662576
0.00051771574
0.0004580647
0.00039756849
0.0003360017
0.00027209012
0.00020503819
0.00012619234
5.210668e-05
0.0035280043
0.0035246263
0.0035209938
0.0035170443
0.003512711
0.0035079602
0.0035027693
0.0034971082
0.003490939
0.0034842216
0.0034769158
0.0034689802
0.0034603722
0.0034510473
0.0034409604
0.0034300662
0.0034183193
0.003405675
0.0033920899
0.0033775228
0.0033619352
0.0033452922
0.0033275635
0.0033087242
0.0032887557
0.0032676461
0.0032453916
0.0032219963
0.0031974729
0.0031718429
0.0031451363
0.0031173915
0.0030886546
0.0030589783
0.0030284213
0.0029970466
0.0029649202
0.0029321094
0.0028986814
0.0028647012
0.0028302307
0.0027953267
0.0027600401
0.0027244148
0.0026884871
0.0026522853
0.0026158297
0.0025791332
0.0025422014
0.0025050338
0.0024676248
0.0024299648
0.0023920412
0.0023538402
0.0023153473
0.0022765484
0.0022374308
0.002197983
0.0021581953
0.0021180595
0.0020775689
0.0020367174
0.0019954997
0.0019539104
0.0019119438
0.001869593
0.0018268499
0.0017837042
0.001740144
0.0016961549
0.0016517211
0.001606825
0.001561448
0.0015155703
0.0014691711
0.0014222283
0.0013747186
0.0013266178
0.0012779012
0.0012285439
0.0011785219
0.0011278112
0.0010763888
0.001024233
0.0009713232
0.00091764034
0.00086316771
0.00080789283
0.00075180732
0.00069490571
0.0006371838
0.00057863628
0.0005192425
0.00045895582
0.00039758793
0.00033485664
0.00026941758
0.00020097551
0.00012169235
5.0685235e-05
0.0034249363
0.0034213549
0.0034175444
0.0034134528
0.003409033
0.0034042618
0.0033991215
0.0033935879
0.0033876319
0.0033812227
0.0033743295
0.0033669207
0.003358963
0.003350422
0.0033412625
0.0033314484
0.0033209436
0.0033097116
0.0032977164
0.0032849227
0.0032712962
0.0032568047
0.003241418
0.0032251088
0.0032078532
0.0031896315
0.0031704283
0.0031502335
0.0031290423
0.0031068558
0.0030836813
0.0030595318
0.0030344267
0.0030083909
0.0029814548
0.0029536535
0.0029250262
0.0028956149
0.0028654643
0.0028346198
0.0028031268
0.0027710299
0.0027383714
0.0027051908
0.0026715235
0.0026374009
0.0026028494
0.0025678903
0.00253254
0.0024968103
0.0024607082
0.0024242372
0.0023873976
0.002350187
0.0023126014
0.0022746358
0.0022362847
0.0021975424
0.0021584036
0.0021188635
0.0020789175
0.0020385615
0.0019977913
0.0019566027
0.0019149911
0.0018729508
0.0018304751
0.0017875559
0.0017441835
0.0017003461
0.0016560306
0.0016112222
0.0015659047
0.0015200607
0.0014736713
0.0014267165
0.0013791751
0.0013310247
0.0012822422
0.0012328041
0.001182687
0.0011318672
0.0010803217
0.0010280278
0.0009749636
0.00092110813
0.00086644154
0.00081094595
0.00075460499
0.0006974022
0.00063931757
0.0005803229
0.00052036331
0.00045934633
0.00039702026
0.00033307611
0.00026621211
0.0001965987
0.00011725766
4.8633225e-05
0.0033171161
0.0033134326
0.003309554
0.0033054422
0.0033010546
0.00329637
0.0032913758
0.0032860548
0.0032803849
0.0032743424
0.0032679035
0.0032610441
0.0032537388
0.0032459609
0.0032376831
0.0032288772
0.0032195146
0.0032095659
0.0031990019
0.003187793
0.00317591
0.0031633242
0.0031500077
0.0031359341
0.0031210781
0.0031054168
0.0030889294
0.0030715978
0.0030534072
0.0030343459
0.0030144063
0.0029935845
0.0029718805
0.0029492988
0.0029258478
0.0029015399
0.0028763913
0.0028504215
0.0028236529
0.0027961106
0.0027678213
0.0027388128
0.0027091138
0.0026787523
0.002647756
0.002616151
0.0025839614
0.0025512094
0.0025179142
0.0024840925
0.0024497581
0.0024149223
0.0023795935
0.0023437782
0.0023074808
0.0022707043
0.0022334504
0.0021957198
0.0021575126
0.0021188287
0.0020796674
0.0020400277
0.0019999084
0.0019593076
0.001918223
0.0018766514
0.0018345883
0.0017920283
0.0017489642
0.0017053875
0.001661288
0.0016166541
0.0015714724
0.0015257282
0.0014794053
0.0014324864
0.0013849523
0.0013367831
0.0012879575
0.0012384536
0.0011882488
0.0011373202
0.0010856445
0.0010331984
0.00097995841
0.00092590115
0.00087100301
0.00081524008
0.00075858723
0.00070101592
0.00064248938
0.0005829565
0.00052233146
0.00046048553
0.00039713247
0.00033197591
0.00026383975
0.00019330407
0.00011416005
4.7244964e-05
0.0031984718
0.0031948659
0.0031910807
0.0031870859
0.0031828577
0.0031783835
0.0031736524
0.0031686497
0.0031633584
0.0031577607
0.0031518387
0.0031455738
0.0031389464
0.0031319361
0.0031245217
0.0031166811
0.0031083918
0.0030996306
0.0030903737
0.0030805971
0.0030702764
0.003059387
0.0030479045
0.0030358047
0.0030230639
0.003009659
0.0029955679
0.0029807697
0.0029652446
0.0029489749
0.0029319447
0.00291414
0.0028955494
0.0028761638
0.0028559771
0.0028349854
0.002813188
0.0027905865
0.0027671855
0.0027429918
0.0027180145
0.0026922646
0.002665755
0.0026384995
0.0026105132
0.0025818116
0.0025524104
0.0025223249
0.0024915703
0.0024601606
0.0024281093
0.0023954283
0.0023621285
0.0023282196
0.00229371
0.002258607
0.002222917
0.0021866452
0.0021497963
0.0021123741
0.0020743819
0.0020358225
0.001996698
0.0019570097
0.0019167585
0.0018759442
0.0018345655
0.0017926201
0.0017501043
0.001707013
0.0016633394
0.0016190753
0.001574211
0.0015287349
0.0014826342
0.0014358942
0.0013884989
0.0013404308
0.0012916709
0.0012421993
0.0011919947
0.001141035
0.001089297
0.0010367568
0.00098338943
0.00092916871
0.00087406695
0.000818054
0.00076109583
0.00070315189
0.00064416973
0.00058407855
0.00052276991
0.00046009502
0.00039576522
0.0003295322
0.00026038894
0.00018922705
0.00011051379
4.5100245e-05
0.0030840671
0.0030805549
0.0030768931
0.0030730617
0.0030690343
0.0030647975
0.0030603437
0.0030556629
0.0030507423
0.0030455678
0.0030401255
0.0030344009
0.003028379
0.0030220439
0.003015379
0.0030083672
0.0030009906
0.0029932308
0.0029850687
0.0029764847
0.0029674589
0.0029579708
0.0029479995
0.002937524
0.0029265231
0.0029149756
0.0029028604
0.0028901565
0.0028768436
0.0028629016
0.0028483114
0.0028330547
0.0028171141
0.0028004736
0.0027831183
0.0027650351
0.0027462123
0.0027266399
0.0027063096
0.0026852149
0.0026633513
0.0026407156
0.0026173067
0.0025931248
0.0025681716
0.0025424503
0.0025159649
0.0024887206
0.0024607232
0.0024319791
0.0024024951
0.0023722783
0.0023413357
0.0023096744
0.0022773015
0.0022442237
0.0022104477
0.0021759799
0.0021408266
0.0021049937
0.0020684871
0.0020313122
0.0019934737
0.0019549762
0.0019158233
0.0018760176
0.001835561
0.001794454
0.0017526959
0.0017102849
0.0016672175
0.0016234889
0.0015790925
0.0015340202
0.0014882621
0.0014418069
0.0013946413
0.0013467506
0.0012981183
0.0012487265
0.0011985556
0.0011475844
0.0010957903
0.0010431488
0.00098963365
0.00093521626
0.00087986493
0.00082354388
0.00076621142
0.00070781713
0.0006482968
0.00058756703
0.00052550914
0.00046197368
0.00039669636
0.00032950196
0.0002595481
0.00018796885
0.00010957351
4.4845989e-05
0.0029491112
0.0029459178
0.0029425876
0.0029390997
0.0029354441
0.0029316154
0.0029276064
0.0029234073
0.0029190077
0.0029143969
0.0029095642
0.0029044984
0.0028991874
0.0028936186
0.0028877791
0.0028816551
0.0028752324
0.0028684964
0.0028614315
0.002854022
0.0028462514
0.0028381027
0.0028295585
0.0028206008
0.0028112114
0.0028013715
0.0027910621
0.0027802641
0.0027689579
0.0027571242
0.0027447434
0.0027317962
0.0027182634
0.002704126
0.0026893657
0.0026739646
0.0026579053
0.0026411712
0.0026237467
0.0026056169
0.002586768
0.0025671872
0.0025468629
0.0025257846
0.002503943
0.0024813299
0.0024579383
0.0024337622
0.002408797
0.0023830386
0.0023564843
0.0023291321
0.0023009807
0.0022720299
0.0022422798
0.0022117316
0.0021803867
0.0021482477
0.0021153178
0.0020816012
0.0020471031
0.0020118292
0.0019757855
0.0019389786
0.0019014147
0.0018630995
0.0018240372
0.0017842311
0.0017436831
0.001702394
0.0016603632
0.0016175886
0.0015740664
0.0015297914
0.0014847565
0.0014389531
0.0013923704
0.0013449962
0.001296816
0.0012478139
0.0011979716
0.0011472691
0.001095684
0.0010431916
0.0009897645
0.0009353719
0.00087997897
0.00082354577
0.00076602541
0.00070736154
0.00064748419
0.00058630644
0.00052371225
0.00045956705
0.00039364617
0.00032584635
0.00025546948
0.00018379828
0.00010611052
4.2748204e-05
0.0028452247
0.0028421944
0.0028390473
0.0028357754
0.0028323594
0.0028287886
0.0028250578
0.0028211613
0.002817091
0.0028128381
0.0028083933
0.0028037477
0.0027988914
0.0027938145
0.0027885063
0.0027829557
0.0027771511
0.0027710805
0.0027647313
0.0027580905
0.0027511444
0.002743879
0.0027362796
0.0027283312
0.002720018
0.0027113242
0.002702233
0.0026927275
0.0026827903
0.0026724036
0.0026615493
0.0026502091
0.0026383644
0.0026259963
0.0026130862
0.0025996151
0.0025855643
0.0025709151
0.0025556483
0.0025397446
0.0025231852
0.0025059519
0.0024880268
0.0024693926
0.0024500324
0.0024299303
0.002409071
0.0023874399
0.0023650234
0.0023418088
0.0023177844
0.0022929397
0.0022672649
0.0022407519
0.0022133937
0.0021851846
0.002156121
0.0021262011
0.0020954249
0.0020637935
0.0020313092
0.0019979749
0.0019637942
0.0019287708
0.001892907
0.0018562047
0.001818666
0.0017802931
0.0017410878
0.0017010502
0.0016601797
0.0016184742
0.0015759308
0.001532545
0.0014883111
0.0014432217
0.0013972678
0.0013504387
0.0013027219
0.0012541028
0.0012045647
0.001154089
0.0011026541
0.001050236
0.00099680737
0.00094233708
0.00088678967
0.00083012415
0.00077229253
0.00071323809
0.00065289253
0.00059117457
0.00052798092
0.00046320134
0.0003966517
0.00032829007
0.00025748711
0.00018558304
0.00010769417
4.3843317e-05
0.002687612
0.0026851488
0.0026825807
0.0026798894
0.0026770733
0.002674132
0.0026710601
0.0026678498
0.0026644938
0.0026609853
0.0026573171
0.0026534816
0.0026494707
0.0026452759
0.0026408884
0.002636299
0.0026314978
0.002626475
0.0026212198
0.0026157213
0.0026099679
0.0026039477
0.0025976481
0.0025910562
0.0025841584
0.0025769406
0.0025693883
0.0025614864
0.0025532192
0.0025445705
0.0025355236
0.0025260613
0.002516166
0.0025058193
0.0024950027
0.002483697
0.0024718827
0.0024595399
0.0024466482
0.002433187
0.0024191351
0.0024044713
0.0023891742
0.002373222
0.0023565931
0.0023392655
0.0023212174
0.0023024266
0.0022828711
0.0022625287
0.002241377
0.0022193936
0.0021965553
0.0021728387
0.0021482196
0.0021226695
0.0020961574
0.0020686762
0.0020402375
0.0020108566
0.0019805493
0.0019493356
0.0019172477
0.0018843278
0.0018505864
0.0018160076
0.0017805754
0.0017442815
0.0017071198
0.0016690828
0.0016301618
0.0015903478
0.0015496317
0.0015080036
0.0014654529
0.0014219683
0.0013775374
0.0013321466
0.001285781
0.0012384241
0.0011900578
0.0011406621
0.0010902146
0.0010386906
0.00098606221
0.00093229831
0.00087736356
0.00082121774
0.0007638148
0.00070510186
0.0006450174
0.00058349148
0.00052043914
0.00045577786
0.00038936754
0.00032122472
0.0002508356
0.00017964068
0.00010325646
4.1438896e-05
0.0026375264
0.002635028
0.0026324405
0.0026297647
0.0026269801
0.002624074
0.002621043
0.0026178842
0.0026145919
0.0026111591
0.0026075787
0.0026038438
0.0025999471
0.002595881
0.0025916374
0.0025872077
0.0025825831
0.0025777542
0.0025727114
0.0025674443
0.0025619424
0.0025561944
0.0025501886
0.0025439129
0.0025373546
0.0025305004
0.0025233364
0.0025158482
0.002508021
0.002499839
0.0024912862
0.0024823458
0.0024730003
0.002463232
0.0024530221
0.0024423515
0.0024312005
0.0024195489
0.0024073763
0.0023946624
0.0023813863
0.0023675266
0.0023530618
0.0023379699
0.002322229
0.002305817
0.0022887117
0.002270891
0.002252333
0.0022330161
0.0022129188
0.0021920204
0.0021703003
0.002147739
0.0021243175
0.0021000173
0.0020748204
0.002048715
0.0020216949
0.0019937561
0.0019648976
0.0019351215
0.0019044352
0.0018728519
0.0018403821
0.0018070401
0.0017728454
0.0017377887
0.0017018456
0.0016649955
0.0016272233
0.0015885155
0.001548857
0.001508232
0.0014666246
0.0014240191
0.001380399
0.0013357475
0.001290047
0.0012432788
0.0011954233
0.0011464593
0.0010963641
0.001045113
0.0009926789
0.00093903213
0.00088413966
0.00082796469
0.0007704659
0.00071159679
0.00065130425
0.00058952898
0.00052619871
0.00046124478
0.00039453696
0.000326094
0.00025535832
0.00018370349
0.000106363
4.3134644e-05
0.0024056105
0.0024035937
0.00240149
0.0023992909
0.0023969959
0.0023946035
0.0023921087
0.0023895057
0.0023867891
0.0023839535
0.0023809933
0.0023779027
0.0023746751
0.002371304
0.0023677825
0.0023641033
0.0023602588
0.002356241
0.0023520416
0.0023476518
0.0023430624
0.0023382641
0.0023332467
0.0023279998
0.0023225127
0.0023167739
0.0023107718
0.002304494
0.0022979279
0.0022910603
0.0022838774
0.0022763652
0.0022685089
0.0022602935
0.0022517035
0.0022427228
0.0022333351
0.0022235235
0.0022132709
0.0022025598
0.0021913725
0.002179691
0.0021674971
0.0021547725
0.002141499
0.0021276585
0.002113233
0.0020982048
0.0020825568
0.0020662723
0.0020493357
0.0020317321
0.002013448
0.0019944715
0.0019747921
0.0019544043
0.0019333054
0.0019114746
0.0018888774
0.0018654791
0.0018412468
0.0018161481
0.001790144
0.0017631922
0.0017352814
0.0017064315
0.0016766661
0.00164597
0.0016143105
0.0015816603
0.0015479994
0.0015133091
0.0014775687
0.0014407567
0.0014028519
0.0013638334
0.0013236801
0.0012823709
0.0012398841
0.0011961976
0.0011512889
0.0011051346
0.0010577107
0.0010089918
0.00095895161
0.00090756217
0.00085479406
0.00080061604
0.00074499504
0.00068789612
0.00062928227
0.00056911612
0.00050735552
0.00044397213
0.00037889421
0.00031221219
0.00024350723
0.00017423354
0.00010015075
4.0239387e-05
)
;

boundaryField
{
    inlet
    {
        type            zeroGradient;
    }
    top
    {
        type            zeroGradient;
    }
    outlet
    {
        type            fixedValue;
        value           uniform 0;
    }
    slipsurface
    {
        type            slip;
    }
    bottom
    {
        type            zeroGradient;
    }
    frontandback
    {
        type            empty;
    }
}


// ************************************************************************* //
