/*--------------------------------*- C++ -*----------------------------------*\
  =========                 |
  \\      /  F ield         | OpenFOAM: The Open Source CFD Toolbox
   \\    /   O peration     | Website:  https://openfoam.org
    \\  /    A nd           | Version:  12
     \\/     M anipulation  |
\*---------------------------------------------------------------------------*/
FoamFile
{
    format      ascii;
    class       volScalarField;
    location    "1800";
    object      p;
}
// * * * * * * * * * * * * * * * * * * * * * * * * * * * * * * * * * * * * * //

dimensions      [0 2 -2 0 0 0 0];

internalField   nonuniform List<scalar> 
7480
(
0.0060474304
0.0060799083
0.0060449277
0.0060347833
0.0060552592
0.0060703065
0.0060732475
0.0060411239
0.0059696752
0.0058796966
0.0057631449
0.0056201538
0.0054559828
0.0052767639
0.0050864652
0.0048965336
0.0047043426
0.0045153301
0.0043319388
0.0041600211
0.0039957118
0.003839912
0.0036960875
0.0035658952
0.0034492594
0.0033468521
0.0032592394
0.0031865524
0.0031281511
0.003081936
0.0030462486
0.0030176352
0.0029906608
0.0029618207
0.0029292731
0.0028929848
0.0028548675
0.0028169244
0.0027791453
0.0027409651
0.0027020232
0.0026623271
0.0026227627
0.0025834733
0.0025439917
0.0025044023
0.0024651922
0.0024265988
0.002388088
0.0023494319
0.0023108788
0.0022727091
0.0022346621
0.0021964165
0.0021582482
0.0021202791
0.0020821982
0.0020439184
0.0020056847
0.0019674361
0.0019288658
0.0018902047
0.001851442
0.0018123054
0.0017729722
0.0017334346
0.0016934879
0.0016532632
0.0016127343
0.0015717518
0.001530397
0.0014886277
0.0014464074
0.0014037237
0.001360532
0.0013168471
0.0012726349
0.0012278718
0.0011825484
0.0011366536
0.0010901779
0.0010431152
0.00099546388
0.00094722753
0.00089841877
0.000849057
0.00079918343
0.00074883944
0.00069813969
0.00064712733
0.00059617276
0.00054509153
0.00049539555
0.00044511354
0.00040160502
0.00035192405
0.0003344336
0.00025203652
0.00055735214
-0.00046765926
0.0059680423
0.0059954136
0.0059615588
0.0059720971
0.0060027624
0.0060215456
0.0060149811
0.0059856725
0.0059384864
0.0058667446
0.005767032
0.0056405433
0.0054916698
0.0053252714
0.0051476674
0.004961383
0.0047743459
0.0045872657
0.0044033677
0.0042298124
0.004063624
0.0039054562
0.0037577754
0.0036229198
0.0035018876
0.0033951563
0.0033030952
0.0032257654
0.0031623129
0.0031103831
0.0030686921
0.0030345682
0.0030031229
0.0029711583
0.0029369531
0.0029001987
0.0028623616
0.0028249642
0.0027875785
0.0027494721
0.0027103479
0.0026703588
0.0026304987
0.002590932
0.0025511816
0.0025113271
0.0024718491
0.0024329846
0.0023942056
0.0023552917
0.0023164906
0.0022780799
0.0022397969
0.0022013219
0.0021629339
0.0021247538
0.0020864692
0.002047994
0.0020095743
0.0019711473
0.0019324055
0.0018935814
0.001854663
0.0018153777
0.0017759033
0.001736231
0.0016961557
0.0016558088
0.0016151635
0.00157407
0.0015326098
0.00149074
0.0014484242
0.0014056496
0.0013623713
0.0013186042
0.0012743136
0.0012294759
0.0011840814
0.001138119
0.001091579
0.0010444549
0.00099674523
0.00094845325
0.0008995915
0.00085017925
0.00080025761
0.00074986782
0.00069912448
0.0006480706
0.00059707662
0.00054595781
0.00049622665
0.00044591069
0.00040237233
0.00035266149
0.00033513071
0.00025283854
0.00055820802
-0.0004669906
0.0059059975
0.0059454228
0.0059356704
0.0059514867
0.0059764643
0.0059877104
0.0059777351
0.005950303
0.0059016288
0.0058237441
0.0057184198
0.0055877933
0.0054358504
0.0052676616
0.0050889234
0.0049030869
0.0047181969
0.0045342265
0.0043548515
0.0041858995
0.0040259206
0.0038746979
0.0037339038
0.0036060235
0.0034923592
0.0033930843
0.0033084306
0.0032381479
0.0031811528
0.0031352448
0.0030974393
0.0030643892
0.0030323416
0.0029982774
0.0029609216
0.0029202488
0.0028781524
0.0028368952
0.002796578
0.0027565905
0.0027165087
0.0026762514
0.002636532
0.0025971806
0.0025574944
0.002517528
0.0024778407
0.0024387363
0.0023997161
0.0023605781
0.0023215681
0.002282957
0.002244478
0.0022058147
0.0021672507
0.0021289027
0.0020904545
0.0020518212
0.0020132507
0.0019746778
0.001935794
0.0018968345
0.0018577855
0.0018183735
0.0017787784
0.0017389897
0.001698802
0.0016583476
0.0016175989
0.0015764058
0.0015348503
0.001492889
0.0014504854
0.0014076267
0.0013642677
0.0013204233
0.0012760587
0.0012311501
0.0011856877
0.0011396603
0.0010930579
0.0010458742
0.00099810738
0.00094976069
0.00090084656
0.00085138416
0.00080141452
0.00075097878
0.0007001915
0.00064909557
0.00059806151
0.00054690422
0.00049713696
0.00044678555
0.00040321651
0.00035347124
0.00033592138
0.00025371257
0.00055910715
-0.00046633243
0.0058487199
0.0058943205
0.0058962771
0.0059107005
0.0059311433
0.0059404901
0.0059316919
0.0059049137
0.0058562566
0.0057813484
0.0056820483
0.0055594405
0.0054164552
0.005257445
0.0050874464
0.0049101039
0.0047320054
0.0045537733
0.004378988
0.0042121339
0.0040534364
0.0039022558
0.0037603589
0.0036303757
0.0035136401
0.0034104803
0.0033213693
0.0032463992
0.0031850593
0.0031359771
0.0030958322
0.0030615885
0.0030305157
0.0029992353
0.0029658194
0.0029299008
0.0028920623
0.0028530959
0.0028133451
0.0027726669
0.0027308248
0.0026880912
0.0026458534
0.0026044963
0.0025635214
0.0025228809
0.0024829974
0.0024439507
0.0024049901
0.0023658098
0.0023266725
0.0022878952
0.0022492362
0.002210394
0.0021716606
0.0021331466
0.0020945334
0.0020557414
0.0020170209
0.0019783028
0.0019392771
0.0019001834
0.0018610048
0.0018214666
0.001781751
0.0017418459
0.0017015449
0.0016609823
0.001620129
0.0015788348
0.0015371823
0.0014951274
0.0014526339
0.0014096888
0.0013662466
0.0013223225
0.0012778812
0.0012328991
0.001187366
0.0011412708
0.0010946035
0.0010473574
0.00099953084
0.00095112685
0.00090215779
0.00085264276
0.00080262268
0.00075213862
0.00070130509
0.00065016484
0.00059908846
0.00054789049
0.00049808478
0.00044769573
0.000404093
0.00035431021
0.00033674294
0.00025447804
0.00055999105
-0.00046574217
0.0057937817
0.0058426607
0.0058536655
0.0058700148
0.0058893652
0.005897893
0.0058889275
0.005861797
0.0058138904
0.005741675
0.0056456833
0.0055267242
0.0053875249
0.0052322216
0.005065644
0.0048914695
0.0047155966
0.0045396169
0.0043668722
0.0042013932
0.004044355
0.0038950826
0.0037552407
0.0036272575
0.0035124472
0.0034111816
0.0033238125
0.0032503341
0.0031900968
0.0031414843
0.0031011394
0.0030660946
0.0030336113
0.0030004039
0.0029649302
0.0029275997
0.0028890864
0.0028500942
0.0028115354
0.0027732976
0.0027347448
0.0026955541
0.0026557069
0.0026152515
0.0025742553
0.0025326655
0.0024912575
0.0024507021
0.0024105868
0.0023706838
0.0023312107
0.0022923618
0.0022537049
0.002214824
0.0021760054
0.002137377
0.0020986341
0.0020597113
0.0020208631
0.0019820153
0.0019428584
0.0019036402
0.0018643403
0.0018246821
0.0017848518
0.0017448347
0.0017044239
0.0016637559
0.0016228
0.0015814056
0.0015396567
0.0014975081
0.001454924
0.0014118913
0.0013683644
0.0013243585
0.0012798383
0.00123478
0.0011891736
0.0011430077
0.0010962723
0.0010489607
0.001001071
0.00095260641
0.00090357903
0.00085400795
0.00080393401
0.00075339821
0.00070251502
0.00065132707
0.00060020494
0.00054896296
0.00049911524
0.0004486853
0.0004050445
0.00035522056
0.00033762866
0.00025527006
0.00056090354
-0.0004650456
0.0057415222
0.0057924585
0.0058107329
0.0058292217
0.0058473617
0.0058544376
0.0058447888
0.0058175024
0.0057703731
0.0057001487
0.0056069303
0.0054917105
0.0053570497
0.0052067501
0.005045304
0.0048763006
0.0047050619
0.0045336122
0.0043651232
0.0042028877
0.004048699
0.0039018894
0.0037640641
0.003637471
0.0035234694
0.0034225487
0.0033350104
0.0032608283
0.0031994092
0.00314924
0.0031072769
0.0030707376
0.0030370117
0.0030030562
0.0029674154
0.0029302021
0.0028916789
0.0028523738
0.002813097
0.0027737446
0.0027340791
0.0026942186
0.0026540339
0.0026140227
0.0025746101
0.0025354951
0.0024964649
0.0024573161
0.0024178236
0.0023778276
0.0023376474
0.0022978902
0.0022584296
0.0022189904
0.0021798787
0.0021411553
0.0021023795
0.0020634137
0.0020245028
0.0019855741
0.0019463247
0.001907016
0.0018676217
0.0018278644
0.0017879377
0.0017478248
0.0017073178
0.0016665564
0.0016255085
0.0015840231
0.0015421857
0.0014999504
0.0014572815
0.0014141662
0.0013705586
0.0013264743
0.0012818778
0.0012367454
0.0011910671
0.0011448314
0.0010980285
0.0010506514
0.0010026985
0.00095417268
0.00090508621
0.00085545805
0.00080532905
0.00075474013
0.00070380571
0.00065256838
0.00060139867
0.00055011078
0.00050021878
0.00044974585
0.00040606361
0.0003561957
0.00033857339
0.00025612173
0.00056182257
-0.00046419098
0.0056917167
0.0057437951
0.0057676018
0.0057876807
0.0058046136
0.0058103951
0.0058002628
0.0057730243
0.005726638
0.005658279
0.0055679115
0.0054565311
0.005326434
0.0051810681
0.0050245916
0.0048604941
0.0046936076
0.0045262165
0.0043612861
0.0042019553
0.0040500369
0.0039052232
0.003769094
0.0036437718
0.0035306051
0.0034301235
0.0033426391
0.0032681265
0.0032060411
0.0031549867
0.0031121031
0.003074651
0.0030401157
0.003005628
0.0029696613
0.0029321706
0.002893411
0.0028539433
0.0028145386
0.002775148
0.0027355752
0.0026957443
0.0026554367
0.002615118
0.0025751472
0.0025354983
0.0024959681
0.0024565427
0.0024176072
0.0023790561
0.0023406262
0.0023021335
0.0022633473
0.0022240913
0.0021846837
0.0021454647
0.0021061988
0.0020668657
0.0020277601
0.0019887579
0.0019494677
0.0019101213
0.0018706776
0.0018308589
0.0017908706
0.0017506913
0.0017101122
0.0016692785
0.0016281567
0.0015865962
0.0015446844
0.0015023745
0.0014596319
0.0014164436
0.0013727638
0.0013286087
0.0012839424
0.0012387415
0.0011929961
0.0011466948
0.0010998278
0.0010523882
0.0010043744
0.00095578929
0.00090664519
0.00085696107
0.00080677774
0.00075613614
0.00070515066
0.00065386387
0.00060264619
0.00055131186
0.00050137456
0.00045085773
0.00040713164
0.00035721788
0.00033956108
0.00025701262
0.00056271067
-0.00046316683
0.005643982
0.0056963157
0.0057241887
0.0057454957
0.0057614622
0.0057662287
0.0057557573
0.0057286524
0.0056830482
0.0056165481
0.0055290008
0.0054213233
0.0052955896
0.0051549491
0.0050032605
0.0048439029
0.0046812932
0.0045178869
0.0043565057
0.0042001433
0.0040506265
0.0039080039
0.0037737585
0.0036498894
0.0035377222
0.0034378274
0.0033505345
0.0032758354
0.0032131977
0.0031612791
0.00311741
0.0030789355
0.003043458
0.0030082784
0.0029718437
0.0029340476
0.0028951291
0.0028555909
0.0028161178
0.0027766734
0.0027370452
0.0026971322
0.0026567854
0.0026164391
0.002576435
0.0025367381
0.0024971056
0.0024575454
0.0024183738
0.0023795089
0.0023407205
0.0023018977
0.0022633077
0.0022250241
0.0021867979
0.0021484441
0.0021097452
0.0020706118
0.0020313838
0.0019921048
0.0019525238
0.0019129683
0.0018734206
0.0018335503
0.0017935321
0.001753321
0.0017127024
0.0016718276
0.0016306599
0.001589048
0.0015470826
0.0015047165
0.0014619161
0.0014186688
0.0013749293
0.0013307144
0.0012859882
0.0012407276
0.0011949228
0.0011485627
0.0011016375
0.0010541406
0.0010060704
0.00095742986
0.00090823142
0.00085849409
0.00080825875
0.00075756636
0.0007065313
0.00065519619
0.00060393129
0.00055255104
0.00050256834
0.0004520076
0.00040823591
0.00035827512
0.00034058025
0.00025792703
0.0005635375
-0.00046195223
0.0055979893
0.0056498186
0.0056805501
0.0057028216
0.0057180425
0.0057220044
0.0057112952
0.0056844214
0.0056396874
0.0055750512
0.0054902713
0.0053861826
0.0052646771
0.0051286388
0.004981645
0.0048269498
0.0046686122
0.0045091892
0.0043513936
0.0041980602
0.0040510388
0.0039106613
0.0037783355
0.003655952
0.0035448141
0.0034455318
0.0033584498
0.0032835728
0.0032203809
0.0031675922
0.0031227268
0.0030832458
0.0030468381
0.0030109515
0.0029740586
0.0029359849
0.0028969124
0.002857276
0.0028176896
0.0027781285
0.0027383937
0.0026984049
0.0026580436
0.0026176957
0.0025776829
0.0025379638
0.0024983186
0.0024587591
0.0024195469
0.0023805938
0.0023416868
0.0023027546
0.0022640442
0.0022256143
0.0021871005
0.0021484674
0.0021099865
0.0020716098
0.0020331559
0.0019944325
0.0019552621
0.0019158453
0.0018762382
0.0018362012
0.0017960166
0.0017557015
0.0017150281
0.0016741268
0.0016329375
0.0015913004
0.0015493083
0.0015069108
0.0014640748
0.0014207882
0.0013770061
0.0013327467
0.001287974
0.0012426656
0.0011968121
0.0011504027
0.0011034279
0.0010558812
0.0010077611
0.00095907107
0.00090982342
0.00086003736
0.00080975386
0.00075901399
0.00070793215
0.00065655106
0.0006052408
0.00055381614
0.00050378885
0.00045318501
0.00040936663
0.00035935829
0.00034162209
0.00025885574
0.00056427513
-0.00046051785
0.0055534512
0.0056041885
0.0056367656
0.0056597271
0.0056743498
0.0056776724
0.005666829
0.0056402983
0.0055965316
0.0055337788
0.0054517424
0.0053511771
0.0052338108
0.0051022839
0.0049599073
0.0048098018
0.0046557143
0.0045002506
0.0043460315
0.004195747
0.0040512616
0.0039131389
0.0037827407
0.0036618591
0.0035517732
0.0034531263
0.0033662774
0.0032912429
0.0032275217
0.0031738963
0.0031280636
0.0030876005
0.0030502795
0.0030136904
0.0029763377
0.0029379746
0.0028987299
0.0028589764
0.0028192644
0.0027795849
0.002739755
0.0026997029
0.0026593216
0.0026189557
0.0025789072
0.0025391397
0.0024994597
0.002459879
0.0024206357
0.0023816547
0.0023427392
0.002303815
0.0022650813
0.0022265556
0.0021879231
0.0021492148
0.0021106714
0.0020721914
0.0020334735
0.0019946191
0.0019558329
0.0019169453
0.0018777898
0.0018381877
0.0017982631
0.0017580233
0.0017172857
0.0016762783
0.0016350081
0.0015933249
0.0015513108
0.0015088987
0.0014660484
0.0014227449
0.001378942
0.0013346578
0.0012898564
0.0012445159
0.0011986277
0.0011521815
0.0011051681
0.0010575816
0.0010094206
0.0009606889
0.00091139909
0.00086157054
0.0008112444
0.00076046187
0.00070933744
0.00065791401
0.0006065614
0.00055509494
0.00050502482
0.00045437959
0.00041051412
0.00036045835
0.00034267799
0.00025979017
0.00056489639
-0.0004588305
0.0055101218
0.0055593333
0.0055929113
0.0056162734
0.0056303837
0.0056331955
0.0056223108
0.005596224
0.0055535135
0.0054926726
0.0054133731
0.005316288
0.0052029914
0.0050758994
0.0049380725
0.0047924915
0.0046426291
0.0044910997
0.0043404433
0.0041932226
0.0040513066
0.0039154524
0.0037869938
0.0036676323
0.0035586223
0.0034606348
0.0033740428
0.0032988756
0.0032346545
0.0031802262
0.0031334516
0.0030920236
0.003053801
0.0030165086
0.0029786847
0.0029400175
0.0029005863
0.0028607068
0.0028208677
0.0027810711
0.0027411472
0.0027010276
0.0026606168
0.0026202246
0.0025801336
0.0025403178
0.0025006032
0.0024609972
0.0024217179
0.0023827007
0.0023437561
0.0023048073
0.00226604
0.0022274779
0.0021888454
0.0021501475
0.0021115659
0.0020729875
0.0020341815
0.0019952959
0.0019564971
0.0019174169
0.0018780503
0.0018386185
0.0017990279
0.0017591393
0.001718781
0.0016780597
0.0016369254
0.0015952433
0.0015531708
0.0015107033
0.0014678219
0.0014245039
0.0013806925
0.0013364012
0.0012915902
0.0012462366
0.001200331
0.0011538636
0.0011068257
0.0010592119
0.0010110213
0.00096225805
0.00091293511
0.00086307218
0.0008127106
0.00076189185
0.00071073049
0.0006592697
0.00060787902
0.00055637449
0.00050626433
0.00045558036
0.00041166815
0.00036156579
0.00034373898
0.00026072062
0.00056537663
-0.00045685269
0.0054677948
0.0055151702
0.0055490583
0.0055725363
0.0055861711
0.0055885622
0.0055777055
0.0055521406
0.005510558
0.005451654
0.0053750855
0.0052814439
0.0051721589
0.0050494385
0.0049161068
0.0047750001
0.0046293459
0.0044817368
0.0043346391
0.004190502
0.0040511913
0.0039176251
0.0037911199
0.0036732961
0.0035653837
0.0034680772
0.0033817636
0.0033064863
0.0032417918
0.0031865904
0.0031388965
0.0030965203
0.0030574078
0.0030194114
0.002981106
0.0029421229
0.0029024936
0.0028624792
0.0028225092
0.0027825925
0.0027425712
0.0027023803
0.0026619357
0.0026215153
0.0025813818
0.0025415179
0.0025017665
0.0024621311
0.0024228103
0.0023837466
0.0023447634
0.0023057875
0.0022669894
0.0022283948
0.0021897471
0.0021510271
0.0021124047
0.0020737961
0.0020349995
0.0019961169
0.0019572472
0.0019180813
0.0018786904
0.0018392679
0.0017995383
0.0017594682
0.0017191862
0.0016786685
0.0016377941
0.0015964383
0.0015546386
0.0015123137
0.0014694623
0.0014261188
0.0013822751
0.0013379661
0.0012931486
0.0012477928
0.001201885
0.0011554129
0.0011083667
0.0010607407
0.0010125342
0.00096375182
0.00091440691
0.0008645196
0.00081413159
0.00076328467
0.00071209359
0.00066060184
0.00060917866
0.00055764101
0.00050749469
0.00045677564
0.00041281785
0.00036267047
0.00034479553
0.00026163641
0.00056566725
-0.00045454254
0.0054262979
0.0054716237
0.0055052689
0.0055285958
0.0055417558
0.0055437832
0.0055330004
0.0055080116
0.0054676073
0.0054106522
0.0053368004
0.0052465639
0.0051412358
0.0050228304
0.0048939486
0.004757277
0.0046158222
0.0044721302
0.0043285966
0.0041875692
0.0040509036
0.00391965
0.0037951154
0.0036788486
0.0035720564
0.0034754528
0.0033894394
0.0033140744
0.0032489327
0.0031929877
0.0031443985
0.0031010924
0.0030611033
0.0030224038
0.0029836084
0.0029442986
0.0029044595
0.0028643004
0.0028241944
0.0027841538
0.0027440321
0.0027037673
0.0026632855
0.0026228345
0.0025826579
0.0025427449
0.0025029547
0.0024632878
0.0024239239
0.0023848119
0.0023457883
0.0023067833
0.00226795
0.0022293129
0.0021906323
0.0021518853
0.0021132332
0.0020746015
0.002035796
0.0019968906
0.001957978
0.0019188028
0.0018794264
0.0018399646
0.0018001676
0.0017600723
0.0017198003
0.0016791613
0.001638147
0.0015968269
0.0015551641
0.0015130587
0.0014704836
0.0014273776
0.0013836628
0.0013393891
0.0012945628
0.0012491926
0.0012032784
0.0011568065
0.0011097625
0.0010621377
0.0010139298
0.00096514231
0.00091578856
0.00086588886
0.00081548526
0.00076461994
0.00071340789
0.00066189306
0.00061044432
0.00055887974
0.0005087023
0.00045795286
0.00041395154
0.00036376144
0.00034583739
0.00026252759
0.00056572252
-0.00045186037
0.0053854876
0.005428625
0.0054615932
0.0054845279
0.0054971896
0.0054988858
0.0054882043
0.0054638255
0.0054246291
0.0053696202
0.0052984577
0.0052115796
0.0051101504
0.0049960031
0.0048715274
0.0047392573
0.0046019965
0.0044622255
0.0043222694
0.0041843834
0.0040504071
0.0039214972
0.0037989563
0.0036842708
0.0035786248
0.0034827494
0.0033970604
0.0033216328
0.0032560718
0.0031994146
0.0031499562
0.0031057405
0.0030648893
0.0030254894
0.0029861968
0.0029465498
0.0029064895
0.0028661756
0.0028259282
0.0027857601
0.0027455352
0.0027051939
0.0026646709
0.0026241866
0.0025839654
0.0025440023
0.0025041717
0.0024644716
0.0024250638
0.0023859031
0.0023468382
0.0023078019
0.002268931
0.0022302483
0.0021915318
0.0021527565
0.0021140706
0.0020754039
0.0020365716
0.0019976394
0.0019587002
0.001919516
0.0018801295
0.0018406366
0.0018008217
0.0017607291
0.0017204372
0.0016797532
0.0016387197
0.0015973826
0.0015556085
0.0015134274
0.0014708602
0.0014278514
0.0013843477
0.0013403164
0.0012956801
0.0012504118
0.0012045297
0.0011580595
0.0011110134
0.0010633906
0.0010151876
0.0009664053
0.0009170549
0.00086715547
0.00081674849
0.00076587613
0.00071465345
0.00066312487
0.00061165888
0.00056007487
0.00050987251
0.0004590985
0.00041505661
0.00036482684
0.00034685351
0.00026338156
0.00056550331
-0.00044875622
0.0053452444
0.0053861116
0.0054180701
0.0054404017
0.0054525264
0.0054539067
0.0054433409
0.0054195903
0.0053816145
0.0053285352
0.0052600222
0.0051764456
0.0050788491
0.0049688971
0.0048487799
0.004720877
0.004587804
0.0044519609
0.0043156003
0.0041808916
0.0040496528
0.003923124
0.0038026064
0.0036895321
0.0035850634
0.0034899459
0.0034046101
0.0033291485
0.0032631995
0.0032058638
0.003155565
0.003110462
0.0030687651
0.0030286692
0.0029888737
0.0029488801
0.0029085873
0.0028681092
0.0028277149
0.0027874157
0.0027470846
0.002706664
0.0026660958
0.0026255751
0.0025853076
0.0025452935
0.002505421
0.0024656859
0.0024262334
0.0023870232
0.0023479158
0.0023088464
0.0022699366
0.0022312076
0.0021924544
0.0021536492
0.0021149263
0.0020762206
0.0020373585
0.0019983978
0.0019594261
0.001920218
0.0018808069
0.001841288
0.0018014621
0.0017613604
0.0017210518
0.0016803564
0.0016393128
0.0015979597
0.0015561646
0.0015139787
0.001471351
0.0014282407
0.0013846908
0.0013406741
0.0012961525
0.0012510799
0.0012053987
0.0011590742
0.0011121035
0.0010645077
0.0010163125
0.00096753555
0.00091819224
0.00086830061
0.00081790026
0.00076703193
0.00071580972
0.00066427793
0.00061280431
0.0005612096
0.00051098974
0.00046019801
0.00041611948
0.00036585382
0.00034783198
0.00026418326
0.00056497294
-0.00044517067
0.0053054698
0.0053440282
0.0053747283
0.005396278
0.0054078191
0.0054088868
0.0053984418
0.005375326
0.005338571
0.0052873945
0.0052214806
0.0051411386
0.0050473
0.0049414723
0.0048256586
0.0047020837
0.0045731876
0.0044412777
0.0043085317
0.0041770375
0.0040485862
0.0039244807
0.003806022
0.0036945943
0.0035913393
0.0034970147
0.0034120656
0.0033366033
0.0032703014
0.003212324
0.0031612167
0.0031152515
0.0030727273
0.003031942
0.0029916397
0.0029512909
0.0029107555
0.0028701039
0.0028295573
0.0027891234
0.0027486832
0.0027081805
0.0026675631
0.0026270028
0.0025866874
0.0025466213
0.0025067052
0.0024669333
0.0024274351
0.0023881748
0.0023490235
0.0023099194
0.0022709697
0.0022321938
0.0021934028
0.0021545659
0.0021158044
0.0020770589
0.002038166
0.0019991752
0.0019601669
0.0019209305
0.0018814926
0.0018419441
0.0018020966
0.0017619732
0.0017216413
0.0016809337
0.0016398804
0.0015985166
0.0015567224
0.0015145225
0.0014718765
0.0014287627
0.0013851878
0.0013410964
0.0012965007
0.0012513971
0.0012057618
0.0011595669
0.0011127711
0.0010653355
0.0010172476
0.00096852436
0.00091920318
0.00086932265
0.0008189318
0.00076807307
0.00071685938
0.00066533385
0.0006138624
0.00056226651
0.00051203756
0.00046123599
0.00041712573
0.00036682858
0.00034875999
0.00026491832
0.00056409374
-0.00044104801
0.0052660832
0.0053023263
0.0053315887
0.0053522096
0.0053631178
0.0053638676
0.005353542
0.0053310595
0.0052955158
0.005246208
0.0051828353
0.0051056534
0.0050154901
0.0049137077
0.0048021337
0.0046828406
0.0045581029
0.0044301269
0.0043010122
0.0041727682
0.0040471537
0.0039255164
0.0038091562
0.0036994151
0.003597415
0.0035039232
0.0034193992
0.0033439745
0.003277359
0.0032187806
0.0031669
0.0031201007
0.0030767701
0.0030353041
0.002994493
0.002953782
0.0029129948
0.0028721611
0.0028314571
0.0027908851
0.002750333
0.0027097453
0.0026690749
0.0026284719
0.002588107
0.0025479878
0.0025080266
0.0024682161
0.0024286711
0.0023893598
0.0023501637
0.0023110233
0.0022720326
0.0022332091
0.0021943788
0.0021555087
0.0021167079
0.0020779215
0.0020389966
0.0019999739
0.0019609278
0.0019216619
0.0018821962
0.0018426152
0.0018027417
0.0017625933
0.0017222342
0.0016815064
0.0016404341
0.0015990514
0.001557245
0.0015150331
0.0014723834
0.0014292727
0.0013856913
0.0013415892
0.001296971
0.0012518204
0.0012061262
0.0011598847
0.0011130883
0.0010657241
0.0010177696
0.00096919717
0.00091999816
0.00087019237
0.00081983855
0.00076899814
0.00071779662
0.00066628179
0.0006148189
0.00056322975
0.00051299986
0.00046219666
0.0004180603
0.0003677365
0.00034962405
0.00026557076
0.00056280308
-0.00043632809
0.0052270184
0.005260964
0.0052886656
0.0053082415
0.0053184691
0.0053188901
0.0053086773
0.0052868203
0.0052524716
0.0052049931
0.0051440991
0.0050699975
0.0049834211
0.0048855977
0.0047781917
0.0046631262
0.0045425196
0.0044184715
0.0042929999
0.0041680378
0.0040453066
0.0039261826
0.0038119629
0.0037039517
0.0036032512
0.0035106364
0.0034265808
0.0033512364
0.0032843511
0.0032252158
0.003172601
0.0031249989
0.0030808853
0.00303875
0.00299743
0.0029563513
0.0029153041
0.0028742806
0.0028334145
0.0027927014
0.0027520348
0.0027113595
0.0026706324
0.0026299838
0.0025895678
0.0025493945
0.0025093866
0.0024695357
0.002429943
0.0023905801
0.0023513379
0.0023121596
0.0022731269
0.002234255
0.0021953842
0.0021564796
0.0021176385
0.0020788104
0.002039852
0.0020007963
0.0019617114
0.0019224148
0.00188292
0.0018433051
0.0018034041
0.0017632296
0.0017228413
0.0016820897
0.0016409947
0.0015995883
0.0015577621
0.0015155324
0.0014728692
0.0014297468
0.0013861562
0.0013420531
0.0012974349
0.0012522805
0.0012065735
0.0011603019
0.0011134596
0.0010660479
0.00101807
0.00096952819
0.00092042187
0.00087074486
0.00082051352
0.00076976016
0.00071860777
0.00066711818
0.00061566927
0.00056409079
0.00051386478
0.00046306617
0.00041890875
0.00036856273
0.0003504103
0.000266123
0.00056104429
-0.00043094742
0.0051882219
0.0052199062
0.0052459689
0.0052644121
0.0052739155
0.0052739937
0.0052638837
0.0052426392
0.0052094636
0.0051637713
0.00510529
0.0050341856
0.0049511035
0.0048571477
0.004753831
0.0046429317
0.00452642
0.0044062862
0.0042844634
0.0041628091
0.004043003
0.0039264359
0.0038143992
0.0037081627
0.0036088092
0.0035171189
0.0034335787
0.0033583618
0.0032912544
0.0032316101
0.0031783035
0.0031299333
0.0030850626
0.0030422719
0.0030004454
0.0029589951
0.0029176812
0.0028764609
0.0028354286
0.0027945717
0.0027537885
0.0027130233
0.0026722362
0.0026315392
0.0025910705
0.0025508422
0.0025107863
0.0024708934
0.0024312519
0.0023918367
0.0023525474
0.0023133297
0.0022742539
0.0022353331
0.0021964207
0.0021574801
0.0021185979
0.0020797272
0.0020407339
0.0020016441
0.0019625196
0.001923191
0.0018836658
0.001844016
0.0018040864
0.0017638846
0.0017234658
0.001682689
0.0016415696
0.0016001375
0.001558289
0.0015160381
0.0014733552
0.0014302145
0.0013866081
0.0013424935
0.0012978668
0.0012527081
0.0012069997
0.0011607265
0.0011138781
0.0010664481
0.0010184366
0.00096985303
0.00092071537
0.0008710442
0.00082087269
0.00077022266
0.0007191834
0.00066778446
0.00061639135
0.00056484273
0.00051462778
0.00046383728
0.00041966103
0.00036929446
0.00035110584
0.00026655672
0.00055876387
-0.00042484297
0.0051496507
0.0051791237
0.0052035052
0.0052207535
0.0052294958
0.0052292156
0.0052191957
0.0051985469
0.0051665178
0.0051225656
0.005066429
0.0049982365
0.0049185537
0.0048283703
0.0047290584
0.0046222573
0.0045097967
0.0043935555
0.0042753803
0.0041570533
0.0040402087
0.0039262391
0.0038164269
0.0037120102
0.0036140522
0.0035233361
0.0034403614
0.0033653227
0.0032980446
0.0032379425
0.00318399
0.0031348893
0.0030892905
0.0030458607
0.0030035324
0.0029617084
0.0029201224
0.0028786994
0.0028374973
0.0027964946
0.0027555929
0.0027147359
0.0026738857
0.0026331378
0.0025926152
0.0025523311
0.002512226
0.0024722895
0.0024325986
0.0023931304
0.0023537931
0.0023145346
0.0022754148
0.0022364444
0.0021974892
0.0021585114
0.0021195871
0.002080673
0.0020416437
0.0020025186
0.0019633538
0.001923992
0.0018844353
0.0018447497
0.0018047904
0.00176456
0.0017241096
0.0016833064
0.0016421615
0.0016007025
0.0015588305
0.0015165565
0.0014738518
0.0014306907
0.0013870649
0.001342933
0.0012982907
0.0012531191
0.0012074011
0.0011611221
0.001114271
0.0010668398
0.0010188253
0.00097023066
0.00092106914
0.00087136364
0.00082115986
0.00077050179
0.00071949832
0.00066817891
0.00061688404
0.00056542221
0.00051526063
0.00046449964
0.00042031197
0.00036992441
0.00035170214
0.00026685526
0.00055591273
-0.00041795703
0.0051112703
0.0051385927
0.0051612789
0.0051772927
0.0051852447
0.0051845909
0.0051746468
0.0051545738
0.005123661
0.0050814
0.0050275383
0.0049621711
0.0048857908
0.004799282
0.004703886
0.0046011097
0.0044926489
0.0043802717
0.0042657361
0.004150749
0.0040368958
0.0039255605
0.0038180126
0.00371546
0.0036189463
0.0035292555
0.0034468987
0.0033720915
0.003304697
0.0032441912
0.0031896419
0.0031398513
0.0030935559
0.003049506
0.0030066829
0.0029644851
0.002922623
0.0028809925
0.0028396179
0.0027984677
0.002757446
0.0027164956
0.0026755799
0.0026347788
0.0025942012
0.0025538608
0.0025137055
0.0024737242
0.0024339831
0.0023944615
0.0023550754
0.0023157749
0.00227661
0.0022375895
0.0021985905
0.0021595743
0.0021206072
0.0020816488
0.0020425824
0.002003421
0.001964215
0.0019248189
0.0018852297
0.0018455075
0.0018055172
0.0017652573
0.0017247744
0.0016839437
0.0016427722
0.0016012852
0.0015593885
0.0015170901
0.0014743625
0.0014311797
0.0013875327
0.0013433815
0.0012987208
0.0012535322
0.0012077989
0.0011615068
0.0011146453
0.0010672071
0.0010191888
0.00097059257
0.00092142892
0.0008717162
0.00082149529
0.00077080948
0.00071977546
0.00066844042
0.00061716366
0.0005657602
0.00051567615
0.00046499054
0.00042083039
0.00037043882
0.00035219375
0.00026700581
0.00055245663
-0.00041024603
0.0050730538
0.0050982943
0.0051192931
0.0051340523
0.0051411935
0.0051401521
0.0051302688
0.0051107495
0.0050809195
0.0050402987
0.0049886411
0.0049260115
0.0048528358
0.0047699014
0.0046783292
0.0045794995
0.0044749811
0.0043664323
0.0042555215
0.0041438806
0.0040330425
0.0039243737
0.0038191272
0.0037184816
0.0036234604
0.0035348467
0.0034531615
0.0033786414
0.0033111872
0.0032503344
0.0031952399
0.0031448031
0.003097845
0.0030531966
0.0030098879
0.0029673181
0.0029251775
0.0028833359
0.0028417865
0.0028004877
0.0027593453
0.0027183003
0.0026773168
0.0026364608
0.0025958275
0.0025554305
0.0025152242
0.002475197
0.0024354052
0.00239583
0.0023563944
0.0023170506
0.00227784
0.002238769
0.0021997252
0.0021606694
0.0021216586
0.0020826553
0.0020435506
0.002004352
0.0019651042
0.0019256727
0.00188605
0.0018462904
0.0018062682
0.0017659777
0.0017254615
0.0016846023
0.0016434032
0.0016018872
0.0015599647
0.001517641
0.0014748892
0.0014316835
0.0013880142
0.0013438423
0.0012991619
0.0012539546
0.0012082036
0.0011618951
0.0011150188
0.0010675674
0.0010195384
0.00097093416
0.00092176557
0.00087205032
0.00082182728
0.00077113602
0.00072008863
0.00066873011
0.00061742386
0.00056599927
0.00051591617
0.00046526738
0.00042114485
0.00037077881
0.00035255032
0.00026698228
0.00054839267
-0.00040169722
0.0050349805
0.005058214
0.0050775501
0.0050910511
0.0050973695
0.0050959292
0.0050860916
0.0050671023
0.0050383193
0.0049992859
0.0049497604
0.0048897802
0.0048197103
0.0047402489
0.0046524051
0.0045574397
0.0044568008
0.0043520386
0.0042447317
0.0041364363
0.0040286309
0.0039226565
0.0038197455
0.0037210478
0.0036275663
0.0035400811
0.0034591223
0.0033849464
0.0033174913
0.0032563502
0.0032007647
0.0031497276
0.0031021433
0.0030569203
0.0030131379
0.0029701997
0.0029277798
0.0028857245
0.0028439991
0.0028025512
0.0027612875
0.0027201472
0.0026790942
0.0026381818
0.0025974922
0.0025570385
0.0025167809
0.002476707
0.0024368642
0.0023972353
0.0023577496
0.0023183617
0.0022791047
0.0022399827
0.0022008934
0.002161797
0.0021227419
0.002083693
0.002044549
0.0020053122
0.0019660219
0.001926554
0.0018868968
0.0018470991
0.0018070439
0.001766722
0.0017261717
0.001685283
0.0016440554
0.0016025096
0.0015605603
0.0015182104
0.0014754336
0.001432204
0.0013885113
0.0013443177
0.0012996163
0.001254389
0.0012086191
0.0011622927
0.0011153995
0.0010679324
0.0010198888
0.00097127157
0.00092209189
0.00087236787
0.00082213867
0.00077144354
0.00072039297
0.00066902877
0.00061770954
0.00056626208
0.00051614502
0.00046546594
0.00042131037
0.00037092108
0.00035271908
0.00026670835
0.00054374191
-0.00039234676
0.0049970351
0.0050183408
0.0050360521
0.0050483051
0.0050537972
0.0050519497
0.0050421433
0.0050236594
0.0049958858
0.0049583855
0.0049109194
0.0048534998
0.0047864364
0.0047103453
0.0046261322
0.0045349453
0.0044381177
0.0043370945
0.0042333644
0.004128408
0.0040236466
0.0039203897
0.0038198451
0.0037231339
0.003631238
0.0035449326
0.0034647553
0.0033909818
0.003323586
0.003262217
0.0032061968
0.0031546078
0.0031064359
0.0030606647
0.0030164227
0.0029731217
0.0029304233
0.0028881531
0.0028462509
0.002804654
0.002763269
0.002722033
0.0026809094
0.0026399394
0.0025991934
0.0025586832
0.002518374
0.0024782529
0.0024383592
0.0023986766
0.0023591406
0.0023197077
0.0022804038
0.0022412307
0.0022020952
0.0021629572
0.0021238572
0.0020847621
0.0020455778
0.0020063019
0.0019669686
0.0019274632
0.0018877707
0.0018479342
0.0018078451
0.0017674909
0.0017269058
0.0016859866
0.0016447297
0.0016031533
0.0015611764
0.0015187993
0.0014759966
0.0014327422
0.0013890252
0.001344809
0.0013000857
0.0012548374
0.0012090474
0.0011627019
0.0011157906
0.0010683062
0.0010202464
0.00097161388
0.00092241994
0.00087268288
0.00082244212
0.00077173725
0.00072067893
0.00066930867
0.00061798323
0.0005665268
0.00051639042
0.00046568146
0.00042146551
0.00037099019
0.00035276361
0.00026619089
0.00053846297
-0.0003822445
0.0049592068
0.0049786671
0.0049948013
0.0050058277
0.0050104976
0.0050082383
0.0049984498
0.0049804465
0.0049536436
0.0049176211
0.0048721411
0.0048171933
0.0047530367
0.0046802121
0.0045995299
0.0045120322
0.0044189432
0.004321606
0.0042214198
0.0041197896
0.0040180777
0.0039175566
0.0038194058
0.0037247173
0.0036344512
0.003549376
0.0034700354
0.0033967234
0.0033294485
0.0032679135
0.0032115166
0.0031594262
0.0031107076
0.0030644169
0.0030197317
0.0029760757
0.002933101
0.0028906158
0.0028485371
0.0028067919
0.0027652861
0.0027239545
0.0026827593
0.002641731
0.0026009285
0.0025603624
0.0025200017
0.0024798331
0.0024398886
0.0024001527
0.0023605663
0.0023210879
0.0022817367
0.0022425125
0.0022033302
0.0021641498
0.0021250043
0.0020858627
0.0020466372
0.0020073215
0.0019679445
0.0019284008
0.0018886721
0.0018487961
0.0018086722
0.0017682849
0.0017276642
0.0016867137
0.0016454266
0.0016038189
0.0015618135
0.0015194085
0.0014765791
0.0014332991
0.0013895571
0.0013453173
0.0013005712
0.001255301
0.0012094901
0.0011631245
0.001116194
0.0010686913
0.001020614
0.0009719648
0.00092275497
0.00087300278
0.00082274767
0.00077202927
0.00072095829
0.00066957643
0.00061823994
0.00056677285
0.00051662133
0.00046589282
0.00042162791
0.00037106468
0.00035274136
0.0002659705
0.00053210653
-0.00037129733
0.0049214887
0.0049391881
0.0049538002
0.0049636303
0.0049674894
0.0049648175
0.0049550351
0.0049374878
0.0049116163
0.0048770155
0.0048334483
0.0047808832
0.0047195335
0.0046498712
0.0045726182
0.0044887176
0.0043992902
0.0043055806
0.0042088998
0.0041105772
0.0040119144
0.0039141426
0.0038184095
0.0037257772
0.0036371833
0.0035533878
0.003474939
0.0034021479
0.0033350563
0.0032734184
0.0032167045
0.0031641651
0.0031149427
0.0030681635
0.0030230539
0.0029790526
0.0029358058
0.0028931067
0.0028508526
0.0028089604
0.0027673346
0.002725908
0.0026846408
0.0026435538
0.0026026952
0.0025620738
0.0025216619
0.0024814459
0.0024414509
0.0024016622
0.0023620256
0.0023225013
0.0022831027
0.0022438274
0.0022045979
0.0021653745
0.0021261831
0.0020869945
0.0020477271
0.0020083708
0.0019689497
0.0019293669
0.0018896012
0.0018496851
0.0018095256
0.0017691043
0.0017284474
0.0016874647
0.0016461467
0.0016045068
0.0015624723
0.0015200386
0.0014771817
0.0014338753
0.0013901074
0.0013458434
0.0013010737
0.0012557809
0.0012099481
0.0011635617
0.0011166111
0.0010690891
0.0010209933
0.00097232634
0.00092309944
0.0008733308
0.00082305975
0.00077232583
0.00072123957
0.00066984255
0.00061849032
0.00056700716
0.00051683515
0.00046608414
0.00042177123
0.00037112612
0.00035260218
0.00026654005
0.00052439065
-0.00035955577
0.0048838775
0.0048999012
0.0049130517
0.004921723
0.0049247886
0.0049217071
0.0049119209
0.0048948057
0.0048698262
0.0048365909
0.004794863
0.004744592
0.0046859496
0.0046193445
0.0045454177
0.0044650193
0.0043791727
0.0042890274
0.004195808
0.0041007685
0.0040051488
0.0039101347
0.0038168395
0.0037262941
0.0036394126
0.0035569451
0.0034794429
0.0034072325
0.0033403872
0.0032787105
0.0032217408
0.0031688066
0.0031191254
0.0030718909
0.003026378
0.0029820432
0.00293853
0.0028956196
0.0028531921
0.0028111548
0.0027694106
0.0027278897
0.0026865505
0.0026454047
0.0026044907
0.0025638149
0.0025233525
0.0024830893
0.0024430445
0.0024032036
0.0023635171
0.0023239467
0.0022845007
0.0022451745
0.0022058976
0.0021666306
0.0021273932
0.0020881573
0.0020488473
0.0020094498
0.0019699842
0.0019303616
0.0018905581
0.0018506014
0.0018104054
0.0017699494
0.0017292556
0.00168824
0.0016468903
0.0016052176
0.001563153
0.00152069
0.0014778048
0.0014344713
0.0013906769
0.0013463878
0.0013015939
0.0012562777
0.0012104224
0.0011640142
0.0011170428
0.0010695007
0.0010213856
0.0009726999
0.00092345492
0.00087366873
0.00082338056
0.00077262977
0.00072152658
0.00067011239
0.00061874167
0.00056723885
0.00051704123
0.00046626194
0.00042189362
0.00037115765
0.0003523579
0.00026764434
0.00051577402
-0.00034734753
0.0048463724
0.004860806
0.0048725589
0.0048801144
0.0048824093
0.0048789247
0.004869127
0.004852421
0.0048282943
0.0047963686
0.004756407
0.0047083419
0.0046523073
0.0045886543
0.0045179493
0.004440956
0.0043586057
0.0042719568
0.0041821496
0.0040903631
0.0039977746
0.0039055219
0.0038146808
0.0037262498
0.0036411189
0.0035600262
0.0034835245
0.0034119545
0.0033454192
0.0032837686
0.0032266054
0.0031733324
0.0031232391
0.0030755847
0.0030296919
0.0029850376
0.0029412657
0.0028981481
0.0028555501
0.0028133702
0.0027715095
0.0027298958
0.0026884851
0.0026472808
0.0026063121
0.002565583
0.0025250709
0.0024847611
0.0024446673
0.0024047752
0.0023650393
0.0023254229
0.0022859296
0.002246553
0.0022072286
0.0021679176
0.0021286339
0.0020893506
0.0020499975
0.0020105582
0.0019710478
0.0019313846
0.0018915427
0.0018515449
0.0018113117
0.0017708202
0.0017300891
0.0016890397
0.0016476575
0.0016059514
0.0015638561
0.001521363
0.0014784488
0.0014350875
0.0013912658
0.001346951
0.0013021322
0.0012567918
0.0012109133
0.0011644828
0.0011174897
0.0010699269
0.0010217916
0.00097308641
0.0009238225
0.00087401784
0.0008237115
0.00077294271
0.0007218213
0.00067038843
0.0006189973
0.00056747255
0.00051724574
0.00046643411
0.00042200274
0.00037116413
0.00035204832
0.00026888745
0.00050680421
-0.00033496375
0.0048089753
0.0048219038
0.0048323256
0.0048388123
0.0048403635
0.0048364859
0.0048266711
0.0048103526
0.0047870405
0.0047563688
0.0047181011
0.0046721543
0.0046186286
0.0045578228
0.0044902344
0.004416547
0.0043376053
0.0042543806
0.0041679312
0.004079362
0.0039897874
0.0039002947
0.0038119198
0.0037256276
0.0036422827
0.00356261
0.0034871619
0.0034162917
0.0033501301
0.0032885712
0.003231278
0.0031777236
0.0031272669
0.0030792301
0.0030329832
0.0029880257
0.0029440045
0.0029006852
0.0028579208
0.0028156017
0.0027736271
0.0027319224
0.0026904409
0.0026491788
0.0026081565
0.0025673757
0.0025268149
0.0024864592
0.0024463173
0.0024063752
0.0023665905
0.0023269284
0.0022873882
0.0022479616
0.0022085898
0.0021692346
0.0021299046
0.0020905739
0.0020511771
0.0020116957
0.0019721402
0.0019324359
0.0018925549
0.0018525156
0.0018122445
0.0017717169
0.0017309478
0.0016898639
0.0016484486
0.0016067085
0.0015645816
0.0015220578
0.001479114
0.0014357241
0.0013918746
0.0013475334
0.0013026889
0.0012573238
0.0012114213
0.0011649678
0.0011179524
0.0010703681
0.001022212
0.00097348655
0.00092420293
0.00087437897
0.00082405357
0.00077326578
0.00072212498
0.00067067216
0.00061925894
0.00056771044
0.00051745149
0.00046660466
0.00042210306
0.00037116794
0.00035168392
0.00027015465
0.00049773004
-0.000322599
0.0047716901
0.0047831972
0.0047923559
0.0047978235
0.0047986617
0.004794404
0.0047845687
0.0047686176
0.0047460829
0.0047166106
0.0046799652
0.0046360503
0.0045849355
0.004526872
0.0044622944
0.0043918121
0.0043161884
0.0042363117
0.0041531608
0.0040677681
0.0039811844
0.0038944453
0.0038085444
0.0037244118
0.0036428857
0.0035646764
0.0034903337
0.0034202222
0.0033544982
0.0032930968
0.0032357379
0.0031819609
0.0031311912
0.0030828116
0.0030362387
0.0029909964
0.0029467376
0.0029032236
0.0028602979
0.0028178439
0.0027757587
0.0027339653
0.0026924145
0.0026510956
0.0026100211
0.00256919
0.002528582
0.0024881813
0.0024479927
0.0024080016
0.0023681692
0.0023284618
0.0022888751
0.0022493992
0.0022099803
0.0021705807
0.0021312045
0.0020918264
0.0020523858
0.0020128617
0.0019732611
0.0019335151
0.0018935945
0.0018535133
0.0018132037
0.0017726394
0.0017318318
0.0016907128
0.0016492636
0.0016074888
0.0015653299
0.0015227746
0.0014798004
0.0014363815
0.0013925034
0.0013481351
0.0013032643
0.0012578738
0.0012119468
0.0011654695
0.0011184313
0.0010708247
0.0010226471
0.00097390077
0.00092459672
0.0008747527
0.0008244074
0.0007735997
0.00072243847
0.00067096452
0.00061952769
0.00056795378
0.00051765986
0.00046677543
0.00042219626
0.00037118196
0.00035127174
0.00027142688
0.00048859645
-0.00031029785
0.0047345222
0.0047446903
0.0047526541
0.0047571544
0.0047573128
0.0047526908
0.0047428335
0.0047272314
0.0047054381
0.0046771118
0.0046420186
0.0046000503
0.0045512493
0.0044958238
0.0044341511
0.0043667716
0.0042943726
0.0042177641
0.004137848
0.0040555857
0.0039719648
0.0038879677
0.0038045442
0.0037225884
0.0036429111
0.0035662059
0.0034930193
0.0034237245
0.0033585014
0.0032973237
0.0032399641
0.0031860245
0.0031349939
0.0030863131
0.0030394447
0.0029939382
0.0029494553
0.0029057555
0.002862675
0.0028200912
0.0027778994
0.0027360202
0.0026944019
0.0026530277
0.0026119028
0.0025710233
0.0025303695
0.0024899252
0.0024496912
0.0024096527
0.0023697736
0.0023300215
0.002290389
0.0022508646
0.0022113989
0.002171955
0.0021325327
0.0020931074
0.0020536227
0.0020140558
0.0019744099
0.0019346218
0.0018946612
0.0018545378
0.0018141891
0.0017735875
0.0017327409
0.0016915861
0.0016501026
0.0016082926
0.0015661008
0.0015235135
0.0014805084
0.0014370596
0.0013931523
0.0013487563
0.0013038586
0.001258442
0.0012124899
0.0011659883
0.0011189265
0.0010712971
0.0010230973
0.00097432941
0.00092500423
0.00087513942
0.00082477343
0.00077394497
0.00072276231
0.00067126613
0.0006198042
0.00056820334
0.00051787164
0.00046694738
0.00042228343
0.00037118988
0.00035084069
0.00027268848
0.0004793795
-0.00029801689
0.0046974785
0.0047063877
0.0047132248
0.0047168108
0.0047163246
0.004711356
0.0047014776
0.0046862076
0.0046651212
0.0046378889
0.004604279
0.0045641735
0.0045175906
0.0044646997
0.0044058259
0.004341446
0.0042721764
0.0041987528
0.0041220036
0.0040428208
0.0039621293
0.0038808575
0.0037999104
0.0037201448
0.0036423429
0.0035671805
0.0034951985
0.0034267775
0.0033621182
0.0033012302
0.0032439353
0.0031898942
0.003138656
0.0030897176
0.0030425864
0.0029968388
0.0029521474
0.0029082725
0.002865045
0.0028223376
0.0027800438
0.0027380824
0.0026963992
0.0026549716
0.0026137984
0.0025728727
0.002532175
0.0024916886
0.0024514107
0.0024113264
0.0023714018
0.0023316059
0.0022919284
0.0022523564
0.0022128444
0.0021733564
0.0021338884
0.0020944162
0.0020548873
0.0020152773
0.0019755862
0.0019357557
0.0018957546
0.0018555888
0.0018152005
0.001774561
0.0017336752
0.001692484
0.0016509654
0.0016091196
0.0015668944
0.0015242745
0.0014812378
0.0014377586
0.0013938216
0.0013493972
0.001304472
0.0012590287
0.0012130507
0.0011665242
0.0011194382
0.0010717854
0.0010235628
0.00097477269
0.00092542571
0.00087553938
0.00082515195
0.00077430189
0.00072309684
0.00067157736
0.00062008886
0.00056845956
0.00051808721
0.00046712102
0.00042236475
0.00037118209
0.00035041024
0.00027391937
0.00047005637
-0.00028571654
0.004660567
0.0046682952
0.0046740729
0.0046767978
0.0046757036
0.0046704082
0.004660511
0.0046455581
0.0046251458
0.0045989571
0.0045667634
0.0045284385
0.0044839796
0.004433521
0.0043773403
0.0043158561
0.0042496188
0.0041792941
0.0041056399
0.0040294808
0.0039516803
0.0038731125
0.0037946362
0.0037170701
0.0036411667
0.003567583
0.0034968523
0.0034293605
0.0033653272
0.0033047945
0.00324763
0.0031935491
0.0031421582
0.0030930077
0.0030456485
0.0029996851
0.0029548029
0.0029107653
0.0028674001
0.0028245764
0.0027821864
0.0027401472
0.0026984021
0.0026569236
0.0026157045
0.002574735
0.0025339955
0.0024934688
0.002453149
0.0024130207
0.0023730521
0.0023332134
0.0022934919
0.0022538734
0.0022143157
0.0021747839
0.0021352706
0.0020957519
0.0020561788
0.0020165257
0.0019767894
0.0019369162
0.0018968743
0.0018566659
0.0018162376
0.0017755598
0.0017346343
0.0016934061
0.001651852
0.00160997
0.0015677108
0.0015250576
0.0014819888
0.0014384786
0.0013945111
0.0013500578
0.0013051044
0.0012596339
0.0012136295
0.0011670774
0.0011199667
0.0010722898
0.0010240438
0.00097523076
0.0009258613
0.00087595277
0.00082554313
0.00077467065
0.00072344224
0.0006718984
0.00062038188
0.00056872264
0.0005183067
0.00046729651
0.00042243989
0.00037116028
0.00034998081
0.00027510835
0.00046062106
-0.00027337858
0.0046237963
0.0046304189
0.0046352033
0.0046371202
0.0046354556
0.0046298541
0.0046199422
0.004605293
0.0045855237
0.0045603301
0.0045294874
0.0044928629
0.0044504354
0.0044023081
0.0043487155
0.0042900228
0.0042267193
0.0041594047
0.0040887701
0.004015575
0.0039406222
0.0038647319
0.0037887162
0.0037133549
0.0036393699
0.0035673976
0.0034979625
0.0034314537
0.0033681072
0.0033079949
0.0032510264
0.0031969682
0.0031454806
0.003096165
0.0030486148
0.0030024632
0.0029574102
0.0029132242
0.002869732
0.0028268006
0.002784321
0.002742209
0.0027004058
0.0026588796
0.0026176176
0.002576607
0.0025358283
0.0024952634
0.0024549037
0.0024147334
0.0023747226
0.0023348422
0.0022950779
0.002255414
0.0022158116
0.0021762365
0.0021366783
0.0020971136
0.0020574964
0.0020178003
0.0019780189
0.0019381029
0.0018980199
0.0018577689
0.0018173002
0.0017765835
0.0017356181
0.0016943524
0.0016527622
0.0016108435
0.0015685497
0.0015258628
0.0014827612
0.0014392194
0.001395221
0.0013507381
0.001305756
0.0012602576
0.0012142262
0.001167648
0.0011205118
0.0010728103
0.0010245403
0.0009757037
0.00092631111
0.00087637968
0.00082594707
0.00077505135
0.00072379861
0.00067222934
0.00062068331
0.00056899262
0.00051853003
0.00046747379
0.00042250832
0.00037112596
0.0003495474
0.00027625169
0.00045107335
-0.00026099641
0.0045871759
0.0045927653
0.004596621
0.0045977824
0.004595585
0.0045896996
0.0045797783
0.004565421
0.0045462654
0.0045220201
0.0044924652
0.0044574631
0.0044169764
0.004371081
0.0043199724
0.0042639671
0.0042034977
0.0041391023
0.0040714087
0.0040011137
0.003928961
0.0038557171
0.0037821473
0.0037089917
0.0036369409
0.0035666098
0.0034985119
0.003433038
0.0033704377
0.0033108099
0.0032541028
0.00320013
0.0031486026
0.0030991706
0.0030514684
0.0030051583
0.0029599565
0.0029156385
0.0028720318
0.0028290023
0.0027864408
0.0027442621
0.0027024055
0.0026608351
0.0026195336
0.0025784853
0.0025376702
0.0024970694
0.0024566723
0.0024164623
0.0023764111
0.0023364907
0.0022966848
0.002256977
0.0022173308
0.0021777129
0.0021381106
0.0020985005
0.0020588394
0.0020191003
0.0019792742
0.0019393153
0.001899191
0.0018588971
0.0018183877
0.001777632
0.0017366263
0.0016953227
0.0016536959
0.0016117401
0.0015694112
0.00152669
0.0014835551
0.0014399811
0.0013959512
0.0013514382
0.0013064268
0.0012608999
0.001214841
0.0011682359
0.0011210738
0.001073347
0.0010250523
0.00097619157
0.00092677518
0.00087682015
0.0008263638
0.00077544402
0.00072416596
0.00067257018
0.00062099309
0.00056926941
0.00051875699
0.00046765263
0.00042256936
0.00037107889
0.00034910958
0.00027734567
0.00044141359
-0.00024856867
0.0045507152
0.0045553414
0.0045583309
0.0045587884
0.0045560959
0.004549949
0.004540025
0.0045259491
0.0045073796
0.004484038
0.0044557098
0.0044222542
0.00438362
0.0043398589
0.0042911314
0.0042377096
0.004179974
0.0041184054
0.0040535714
0.0039861088
0.0039167042
0.003846071
0.0037749279
0.0037039748
0.0036338704
0.0035652065
0.0034984847
0.0034340951
0.0033722988
0.0033132185
0.0032568374
0.003203013
0.0031515035
0.003102005
0.0030541917
0.003007755
0.0029624287
0.0029179967
0.0028742896
0.0028311732
0.0027885387
0.0027463002
0.0027043955
0.0026627855
0.0026214483
0.0025803661
0.0025395178
0.002498884
0.0024584522
0.002418205
0.0023781156
0.0023381567
0.002298311
0.0022585607
0.0022188718
0.002179212
0.0021395664
0.0020999115
0.002060207
0.0020204251
0.0019805545
0.0019405527
0.001900387
0.0018600504
0.0018195
0.0017787048
0.0017376586
0.0016963167
0.0016546529
0.0016126596
0.001570295
0.0015275391
0.0014843704
0.0014407637
0.0013967018
0.001352158
0.0013071167
0.0012615608
0.0012154737
0.0011688413
0.0011216526
0.0010738999
0.0010255799
0.00097669438
0.00092725352
0.00087727417
0.00082679332
0.00077584862
0.00072454425
0.00067292084
0.0006213111
0.00056955283
0.00051898727
0.00046783268
0.00042262219
0.0003710179
0.00034867333
0.00027838493
0.00043164335
-0.00023609775
0.004514424
0.004518154
0.0045203377
0.0045201415
0.0045169912
0.0045106058
0.0045006863
0.004486883
0.0044688737
0.0044463932
0.004419233
0.0043872503
0.0043503826
0.0043086602
0.0042622124
0.004211271
0.0041561687
0.0040973328
0.0040352745
0.0039705736
0.0039038611
0.0038357987
0.0037670585
0.0036983004
0.0036301503
0.0035631763
0.0034978664
0.0034346079
0.0033736712
0.0033151998
0.0032592087
0.0032055953
0.003154162
0.0031046482
0.0030567664
0.003010237
0.0029648123
0.0029202868
0.0028764949
0.0028333043
0.0027906066
0.0027483163
0.0027063699
0.0026647253
0.0026233572
0.0025822451
0.0025413673
0.0025007039
0.0024602403
0.0024199588
0.0023798336
0.0023398383
0.0022999544
0.0022601634
0.0022204332
0.0021807325
0.0021410444
0.0021013457
0.0020615982
0.0020217739
0.0019818593
0.0019418146
0.0019016075
0.0018612282
0.0018206366
0.0017798017
0.0017387149
0.0016973343
0.001655633
0.0016136019
0.0015712012
0.00152841
0.0014852069
0.001441567
0.0013974725
0.0013528975
0.0013078257
0.0012622402
0.0012161243
0.001169464
0.0011222482
0.001074469
0.0010261231
0.0009772121
0.00092774609
0.00087774171
0.00082723557
0.00077626509
0.00072493336
0.00067328118
0.00062163714
0.00056984265
0.00051922044
0.0004680135
0.00042266581
0.00037094332
0.00034823987
0.00027935967
0.00042176693
-0.00022358908
0.0044783122
0.0044812098
0.0044826461
0.004481845
0.0044782734
0.0044716723
0.0044617655
0.0044482269
0.0044307537
0.0044090936
0.004383045
0.0043524642
0.0043172795
0.0042775024
0.0042332345
0.0041846714
0.0041321019
0.0040759039
0.0040165355
0.0039545225
0.0038904424
0.0038249067
0.0037585415
0.0036919666
0.0036257747
0.0035605095
0.0034966437
0.0034345603
0.0033745366
0.0033167338
0.0032611954
0.0032078553
0.0031565567
0.0031070797
0.0030591736
0.0030125872
0.0029670926
0.0029224956
0.0028786365
0.0028353856
0.0027926362
0.0027503031
0.0027083222
0.0026666491
0.0026252552
0.002584118
0.0025432149
0.0025025254
0.0024620335
0.0024217208
0.0023815626
0.0023415332
0.0023016132
0.0022617834
0.0022220135
0.002182273
0.0021425436
0.002102802
0.0020630122
0.0020231458
0.0019831877
0.0019431005
0.0019028519
0.00186243
0.0018217972
0.0017809223
0.0017397948
0.001698375
0.001656636
0.0016145666
0.0015721294
0.0015293025
0.0014860647
0.001442391
0.0013982634
0.0013536566
0.0013085538
0.0012629382
0.0012167929
0.0011701041
0.0011228605
0.0010750542
0.0010266817
0.0009777447
0.00092825286
0.00087822272
0.00082769047
0.00077669333
0.00072533318
0.00067365103
0.00062197098
0.00057013854
0.00051945604
0.00046819456
0.00042269904
0.00037085808
0.00034779781
0.00028025791
0.00041179239
-0.00021104783
0.0044423893
0.0044445158
0.0044452604
0.0044439014
0.004439944
0.00443315
0.0044232645
0.0044099839
0.0043930241
0.0043721459
0.0043471548
0.0043179075
0.0042843247
0.0042464019
0.0042042164
0.0041579307
0.0041077939
0.0040541382
0.0039973724
0.003937971
0.0038764604
0.0038134034
0.003749381
0.0036849732
0.0036207395
0.0035571979
0.0034948051
0.0034339378
0.0033748775
0.003317801
0.0032627767
0.0032097715
0.003158666
0.0031092788
0.0030613937
0.0030147881
0.0029692538
0.0029246094
0.0028807024
0.0028374067
0.0027946182
0.0027522525
0.0027102452
0.0026685504
0.0026271368
0.0025859798
0.0025450562
0.0025043448
0.0024638283
0.002423488
0.0023832999
0.002343239
0.0023032852
0.0022634188
0.0022236109
0.002183832
0.0021440626
0.0021042792
0.0020644478
0.0020245401
0.001984539
0.0019444095
0.0019041196
0.0018636554
0.0018229813
0.0017820663
0.0017408979
0.0016994388
0.0016576616
0.0016155538
0.0015730796
0.0015302166
0.0014869435
0.0014432356
0.0013990744
0.0013544352
0.0013093009
0.0012636545
0.0012174794
0.0011707615
0.0011234895
0.0010756555
0.0010272559
0.00097829212
0.00092877374
0.0008787171
0.00082815793
0.00077713321
0.00072574353
0.00067403019
0.00062231233
0.00057044015
0.00051969354
0.00046837528
0.00042272065
0.00037076501
0.00034731851
0.00028108517
0.00040172882
-0.00019847893
0.0044066647
0.0044080782
0.0044081846
0.0044063128
0.0044020041
0.0043950396
0.004385184
0.0043721556
0.0043556882
0.0043355553
0.00431157
0.0042835903
0.0042515312
0.0042153745
0.0041751757
0.0041310682
0.0040832647
0.0040320557
0.0039778039
0.0039209356
0.0038619287
0.0038012989
0.0037395831
0.0036773222
0.0036150422
0.0035532353
0.0034923406
0.0034327268
0.0033746779
0.0033183829
0.0032639323
0.0032113224
0.0031604685
0.0031112243
0.003063407
0.0030168212
0.0029712795
0.0029266136
0.0028826797
0.0028393564
0.0027965426
0.0027541557
0.0027121314
0.0026704226
0.0026289959
0.0025878251
0.0025468863
0.0025061577
0.0024656209
0.0024252569
0.0023850424
0.0023449529
0.0023049679
0.0022650673
0.0022252235
0.0021854079
0.0021455998
0.0021057761
0.002065904
0.0020259556
0.0019859123
0.001945741
0.0019054101
0.0018649038
0.0018241884
0.0017832333
0.001742024
0.0017005254
0.0016587097
0.0016165632
0.0015740516
0.0015311521
0.0014878432
0.0014441007
0.0013999055
0.0013552334
0.001310067
0.0012643894
0.0012181838
0.0011714362
0.0011241353
0.0010762729
0.0010278455
0.00097885429
0.00092930868
0.00087922476
0.00082863781
0.00077758457
0.00072616422
0.00067441839
0.00062266088
0.00057074707
0.00051993234
0.000468555
0.0004227293
0.00037066623
0.00034677467
0.00028185312
0.00039158247
-0.00018589575
0.0043711475
0.0043719032
0.0043714223
0.004369081
0.0043644542
0.0043573407
0.0043475241
0.0043347429
0.004318748
0.0042993258
0.004276297
0.0042495218
0.0042189108
0.0041844344
0.0041461292
0.0041041024
0.0040585341
0.0040096762
0.0039578491
0.0039034337
0.003846862
0.0037886045
0.0037291555
0.0036690173
0.0036086826
0.0035486172
0.0034892417
0.0034309155
0.0033739226
0.0033184618
0.0032646425
0.0032124873
0.0031619426
0.0031128952
0.0030651931
0.0030186679
0.0029731524
0.002928493
0.0028845548
0.0028412225
0.0027983988
0.0027560033
0.0027139724
0.0026722584
0.0026308262
0.0025896483
0.0025487001
0.0025079595
0.0024674072
0.0024270239
0.0023867867
0.0023466719
0.0023066587
0.0022667267
0.0022268492
0.0021869987
0.0021471537
0.0021072911
0.0020673796
0.0020273914
0.0019873068
0.0019470941
0.0019067226
0.0018661745
0.001825418
0.0017844227
0.0017431726
0.0017016343
0.0016597799
0.0016175945
0.0015750452
0.0015321088
0.0014887638
0.0014449861
0.0014007564
0.0013560509
0.001310852
0.0012651425
0.0012189059
0.0011721281
0.0011247976
0.0010769063
0.0010284505
0.00097943114
0.00092985756
0.00087974559
0.00082912999
0.00077804725
0.00072659504
0.00067481539
0.00062301627
0.00057105886
0.00052017182
0.00046873302
0.00042272363
0.0003705637
0.00034615139
0.00028255895
0.00038136172
-0.00017331737
0.0043358461
0.0043359965
0.0043349766
0.0043322071
0.0043272939
0.0043200524
0.0043102837
0.0042977453
0.0042822046
0.0042634602
0.0042413408
0.0042157096
0.0041864741
0.0041535952
0.004117093
0.0040770516
0.0040336214
0.0039870198
0.0039375275
0.0038854835
0.0038312764
0.0037753334
0.0037181078
0.0036600641
0.0036016622
0.003543341
0.003485502
0.0034284937
0.003372598
0.0033180212
0.0032648885
0.0032132457
0.0031630672
0.0031142701
0.0030667316
0.0030203089
0.0029748551
0.0029302314
0.0028863134
0.0028429924
0.0028001756
0.0027577854
0.0027157594
0.0026740498
0.0026326205
0.0025914429
0.002550492
0.0025097452
0.0024691827
0.0024287848
0.0023885292
0.0023483929
0.0023083548
0.0022683942
0.0022284858
0.0021886025
0.0021487226
0.0021088227
0.0020688731
0.0020288462
0.0019887212
0.001948468
0.0019080563
0.001867467
0.0018266696
0.0017856342
0.0017443434
0.0017027652
0.001660872
0.0016186475
0.0015760602
0.0015330866
0.0014897051
0.0014458918
0.0014016272
0.0013568878
0.0013116557
0.0012659139
0.0012196458
0.0011728371
0.0011254765
0.0010775557
0.0010290707
0.00098002258
0.00093042029
0.00088027946
0.00082963432
0.00077852107
0.00072703576
0.00067522089
0.00062337812
0.00057137504
0.00052041131
0.00046890859
0.0004227021
0.00037046269
0.0003454322
0.00028318965
0.00037107622
-0.00016076109
0.0043007685
0.0043003632
0.0042988503
0.0042956917
0.0042905224
0.0042831732
0.0042734611
0.0042611615
0.0042460577
0.0042279601
0.0042067053
0.0041821603
0.0041542306
0.0041228691
0.004088082
0.0040499328
0.0040085457
0.0039641062
0.003916859
0.0038671039
0.0038151888
0.0037614999
0.003706451
0.00365047
0.0035939843
0.003537406
0.0034811167
0.0034254526
0.0033706919
0.0033170457
0.0032646524
0.0032135778
0.0031638215
0.003115328
0.0030680018
0.0030217244
0.0029763691
0.0029318124
0.0028879406
0.0028446527
0.0028018609
0.0027594912
0.0027174828
0.0026757884
0.0026343713
0.0025932023
0.0025522559
0.0025115093
0.0024709424
0.0024305352
0.002390266
0.0023501122
0.0023100528
0.0022700672
0.0022301306
0.002190217
0.0021503043
0.0021103691
0.002070383
0.0020303186
0.0019901545
0.0019498617
0.0019094103
0.0018687804
0.0018279425
0.0017868672
0.0017455358
0.0017039178
0.0016619856
0.0016197219
0.0015770964
0.0015340853
0.0014906669
0.0014468176
0.0014025176
0.0013577439
0.0013124782
0.0012667036
0.0012204033
0.0011735633
0.0011261719
0.0010782208
0.0010297061
0.00098062851
0.00093099676
0.00088082625
0.00083015062
0.00077900582
0.00072748614
0.00067563458
0.00062374605
0.00057169511
0.00052065009
0.00046908088
0.00042266325
0.00037036391
0.00034461899
0.0002837274
0.0003607291
-0.00014824379
0.0042659223
0.0042650082
0.0042630457
0.0042595351
0.0042541384
0.0042467006
0.0042370535
0.0042249893
0.0042103061
0.0041928259
0.0041723934
0.0041488792
0.0041221883
0.0040922673
0.0040591102
0.0040227627
0.0039833253
0.0039409549
0.0038958633
0.0038483141
0.0037986169
0.0037471195
0.0036941978
0.0036402441
0.0035856542
0.0035308135
0.0034760829
0.0034217853
0.0033681936
0.0033155214
0.0032639174
0.0032134648
0.0031641852
0.003116048
0.0030689829
0.0030228945
0.0029776758
0.0029332186
0.0028894207
0.0028461891
0.002803442
0.0027611092
0.0027191325
0.0026774651
0.0026360705
0.002594919
0.0025539851
0.0025132459
0.0024726809
0.0024322703
0.0023919926
0.0023518259
0.0023117495
0.0022717424
0.002231781
0.0021918398
0.0021518967
0.0021119285
0.0020719076
0.0020318072
0.0019916053
0.0019512739
0.0019107837
0.0018701138
0.001829236
0.001788121
0.0017467493
0.0017050916
0.0016631204
0.0016208173
0.0015781534
0.0015351046
0.0014916491
0.0014477634
0.0014034276
0.0013586191
0.0013133194
0.0012675113
0.0012211785
0.0011743064
0.0011268837
0.0010789018
0.0010303566
0.00098124884
0.00093158685
0.00088138581
0.00083067874
0.0007795013
0.0007279459
0.00067605613
0.00062411961
0.00057201852
0.00052088745
0.00046924901
0.00042260563
0.00037026284
0.00034373846
0.00028415311
0.00035032409
-0.00013578387
0.0042313141
0.0042299355
0.0042275642
0.0042237366
0.0042181398
0.0042106316
0.0042010576
0.0041892257
0.004174948
0.0041580573
0.0041384065
0.0041158706
0.0040903545
0.0040617999
0.0040301906
0.0039955568
0.003957978
0.0039175853
0.0038745605
0.0038291339
0.0037815796
0.003732209
0.0036813621
0.0036293972
0.003576679
0.0035235664
0.0034703995
0.0034174867
0.0033650941
0.0033134356
0.003262668
0.0032128887
0.0031641387
0.0031164096
0.0030696543
0.0030237992
0.0029787562
0.0029344324
0.0028907373
0.0028475868
0.0028049055
0.0027626275
0.0027206975
0.0026790701
0.0026377092
0.0025965853
0.0025556727
0.0025149486
0.0024743926
0.0024339848
0.0023937044
0.0023535299
0.0023134408
0.0022734164
0.0022334337
0.0021934681
0.0021534974
0.0021134985
0.002073445
0.0020333104
0.0019930722
0.0019527033
0.0019121753
0.0018714664
0.0018305491
0.0017893949
0.0017479833
0.001706286
0.0016642758
0.0016219335
0.001579231
0.0015361442
0.0014926513
0.001448729
0.001404357
0.0013595132
0.001314179
0.0012683371
0.001221971
0.0011750665
0.0011276118
0.0010795985
0.0010310222
0.00098188345
0.00093219043
0.00088195799
0.00083121849
0.00078000727
0.00072841478
0.00067648519
0.00062449838
0.00057234472
0.0005211226
0.00046941203
0.00042252768
0.00037015793
0.00034280989
0.00028444608
0.00033986758
-0.00012339955
0.0041969501
0.0041951486
0.0041924071
0.0041882955
0.0041825242
0.0041749628
0.0041654695
0.0041538669
0.0041399802
0.0041236528
0.0041047454
0.0040831376
0.0040587351
0.0040314759
0.0040013353
0.0039683298
0.0039325208
0.0038940161
0.0038529702
0.0038095831
0.0037640959
0.003716786
0.0036679593
0.0036179415
0.0035670674
0.0035156696
0.0034640672
0.0034125535
0.0033613859
0.0033107773
0.0032608898
0.0032118325
0.003163663
0.0031163927
0.0030699957
0.0030244184
0.002979591
0.0029354355
0.0028918737
0.0028488305
0.0028062373
0.0027640333
0.0027221663
0.002680593
0.0026392782
0.0025981925
0.0025573108
0.0025166106
0.0024760712
0.0024356732
0.0023953963
0.0023552196
0.0023151228
0.0022750856
0.0022350855
0.002195099
0.0021551036
0.0021150769
0.002074993
0.0020348261
0.0019945534
0.0019541486
0.0019135839
0.0018728369
0.0018318809
0.0017906881
0.0017492371
0.0017075005
0.0016654514
0.0016230699
0.0015803288
0.0015372039
0.0014936733
0.001449714
0.0014053056
0.0013604262
0.001315057
0.0012691807
0.001222781
0.0011758433
0.0011283561
0.0010803107
0.0010317026
0.00098253222
0.00093280737
0.00088254263
0.00083176968
0.00078052352
0.00072889248
0.0006769214
0.00062488187
0.00057267309
0.00052135475
0.00046956895
0.00042242782
0.00037004768
0.00034182605
0.00028456231
0.00032939981
-0.00011110421
0.0041628357
0.0041606504
0.0041575748
0.0041532101
0.0041472884
0.0041396899
0.0041302846
0.0041189085
0.0041053991
0.0040896101
0.0040714096
0.0040506822
0.0040273349
0.0040013031
0.003972555
0.0039410957
0.0039069701
0.0038702656
0.0038311122
0.0037896818
0.0037461855
0.0037008688
0.0036540058
0.0036058908
0.0035568298
0.0035071298
0.0034570887
0.003406984
0.0033570636
0.0033075371
0.0032585699
0.0032102804
0.0031627402
0.0031159781
0.0030699869
0.003024732
0.0029801605
0.0029362095
0.0028928125
0.0028499041
0.0028074228
0.0027653132
0.0027235269
0.002682023
0.0026407675
0.0025997319
0.0025588915
0.0025182243
0.00247771
0.0024373294
0.0023970627
0.0023568898
0.0023167908
0.0022767457
0.0022367327
0.002196729
0.0021567126
0.0021166609
0.0020765493
0.0020363523
0.0019960471
0.001955608
0.0019150079
0.001874224
0.0018332304
0.0017919996
0.0017505097
0.0017087342
0.0016666464
0.0016242259
0.0015814462
0.0015382832
0.0014947148
0.0014507183
0.0014062732
0.0013613577
0.0013159531
0.0012700421
0.0012236082
0.0011766369
0.0011291165
0.0010810384
0.0010323978
0.00098319501
0.00093343749
0.00088313954
0.00083233208
0.00078104976
0.00072937867
0.00067736435
0.00062526959
0.00057300301
0.00052158308
0.0004697187
0.00042230439
0.0003699313
0.00034070827
0.00028446352
0.00031901587
-9.8904429e-05
0.0041289755
0.0041264429
0.0041230672
0.0041184785
0.0041124287
0.0041048082
0.0040954975
0.0040843452
0.0040712003
0.0040559261
0.004038398
0.0040185057
0.003996158
0.0039712886
0.0039438599
0.0039138673
0.0038813415
0.0038463516
0.0038090056
0.0037694502
0.0037278686
0.0036844768
0.003639519
0.00359326
0.0035459781
0.0034979553
0.0034494683
0.0034007785
0.0033521231
0.003303707
0.0032556969
0.003208218
0.0031613534
0.003115147
0.0030696084
0.0030247202
0.0029804455
0.0029367356
0.002893536
0.002850791
0.0028084466
0.0027664531
0.0027247664
0.0026833482
0.0026421664
0.0026011936
0.0025604059
0.0025197818
0.0024793017
0.0024389467
0.0023986977
0.0023585353
0.00231844
0.0022783924
0.0022383713
0.0021983547
0.0021583209
0.0021182478
0.0020781113
0.0020378868
0.0019975512
0.0019570797
0.0019164458
0.0018756264
0.0018345962
0.0017933283
0.0017518003
0.0017099864
0.0016678603
0.001625401
0.0015825828
0.0015393816
0.0014957754
0.0014517415
0.0014072594
0.0013623076
0.0013168673
0.001270921
0.0012244524
0.0011774469
0.0011298929
0.0010817814
0.0010331076
0.00098387165
0.00093408064
0.00088374853
0.00083290546
0.00078158573
0.00072987303
0.00067781364
0.00062566103
0.00057333382
0.00052180672
0.00046986013
0.00042215577
0.00036980932
0.00033937983
0.00028413694
0.00030878902
-8.6823841e-05
0.0040953736
0.0040925278
0.0040888836
0.0040840979
0.0040779413
0.0040703128
0.0040611028
0.0040501715
0.0040373788
0.0040225969
0.0040057086
0.0039866083
0.0039652073
0.0039414382
0.003915259
0.0038866566
0.0038556498
0.0038222913
0.0037866696
0.0037489083
0.0037091654
0.0036676297
0.0036245174
0.0035800655
0.0035345258
0.0034881561
0.0034412124
0.0033939394
0.0033465627
0.0032992812
0.0032522611
0.0032056322
0.003159487
0.0031138819
0.0030688414
0.0030243635
0.0029804264
0.0029369949
0.0028940263
0.0028514743
0.002809293
0.0027674386
0.0027258715
0.0026845566
0.002643464
0.0026025677
0.0025618448
0.0025212748
0.0024808387
0.0024405182
0.0024002949
0.0023601502
0.0023200652
0.0022800209
0.002239997
0.0021999721
0.0021599251
0.0021198342
0.0020796762
0.0020394269
0.0019990636
0.0019585618
0.0019178959
0.0018770425
0.001835977
0.0017946729
0.0017531077
0.001711256
0.0016690921
0.0016265945
0.001583738
0.0015404987
0.0014968546
0.0014527832
0.0014082639
0.0013632755
0.0013177991
0.0012718172
0.0012253134
0.0011782733
0.001130685
0.0010825395
0.0010338319
0.00098456199
0.00093473662
0.00088436938
0.0008334896
0.00078213115
0.00073037522
0.00067826885
0.00062605566
0.00057366485
0.00052202484
0.00046999207
0.00042198033
0.00036968407
0.00033786146
0.00028353281
0.00029872694
-7.4895677e-05
0.0040620318
0.0040589047
0.0040550215
0.0040500643
0.0040438203
0.0040361967
0.0040270928
0.0040163797
0.0040039275
0.0039896167
0.0039733369
0.0039549878
0.0039344831
0.0039117553
0.0038867587
0.0038594734
0.0038299075
0.0037980999
0.0037641213
0.0037280749
0.0036900955
0.003650347
0.0036090195
0.0035663242
0.0035224875
0.0034777439
0.0034323289
0.0033864706
0.0033403825
0.0032942559
0.003248255
0.0032025122
0.0031571271
0.0031121667
0.0030676683
0.0030236436
0.0029800847
0.0029369692
0.0028942656
0.0028519374
0.0028099463
0.0027682551
0.0027268286
0.0026856357
0.0026446488
0.0026038436
0.0025631987
0.0025226946
0.0024823131
0.0024420366
0.0024018478
0.0023617285
0.0023216609
0.0022816263
0.0022416053
0.0022015773
0.0021615215
0.002121417
0.002081241
0.0020409701
0.0020005818
0.0019600521
0.0019193562
0.0018784707
0.0018373713
0.0017960323
0.0017544309
0.0017125423
0.0016703411
0.0016278055
0.0015849111
0.0015416338
0.0014979519
0.001453843
0.0014092864
0.0013642612
0.0013187483
0.0012727304
0.0012261911
0.0011791158
0.0011314927
0.0010833126
0.0010345705
0.00098526584
0.00093540524
0.0008850019
0.00083408424
0.00078268573
0.00073088488
0.00067872955
0.00062645294
0.00057399546
0.00052223652
0.0004701135
0.000421776
0.00036955296
0.00033617204
0.00028260541
0.00028879567
-6.3099539e-05
0.0036670223
0.0037856142
0.0039557846
0.0041415194
0.0043537073
0.0045844091
0.004822595
0.005088569
0.0053526043
0.0058175016
0.0036670151
0.0037855983
0.0039557576
0.0041414705
0.004353611
0.0045842063
0.0048221932
0.0050872047
0.0053496173
0.005741228
0.0036670011
0.0037855695
0.0039557083
0.0041413791
0.0043534309
0.0045838361
0.0048214265
0.0050849857
0.0053442885
0.0056964453
0.0036669788
0.0037855242
0.0039556306
0.0041412345
0.004353146
0.0045832531
0.0048202187
0.0050817072
0.0053370916
0.0056600575
0.0036669475
0.0037854606
0.0039555214
0.0041410314
0.0043527466
0.0045824376
0.0048185394
0.0050773774
0.0053274537
0.005623883
0.0036669064
0.003785377
0.003955378
0.0041407649
0.0043522229
0.004581372
0.0048163606
0.0050720076
0.0053153059
0.0055883195
0.0036668545
0.0037852717
0.0039551972
0.0041404289
0.004351564
0.004580036
0.0048136536
0.0050655717
0.0053014166
0.0055531618
0.0036667907
0.0037851425
0.0039549755
0.0041400171
0.0043507581
0.0045784089
0.0048103898
0.0050580643
0.0052861365
0.0055181252
0.0036667142
0.0037849873
0.003954709
0.0041395227
0.0043497927
0.0045764692
0.0048065416
0.005049494
0.0052695154
0.0054831934
0.0036666235
0.0037848037
0.0039543938
0.0041389383
0.0043486547
0.0045741951
0.0048020823
0.0050398701
0.0052516072
0.0054483748
0.0036665176
0.0037845892
0.0039540255
0.0041382565
0.0043473307
0.0045715647
0.0047969862
0.0050292033
0.0052324839
0.00541366
0.0036663951
0.003784341
0.0039535995
0.004137469
0.0043458062
0.0045685557
0.0047912291
0.0050175068
0.0052122176
0.0053790319
0.0036662544
0.0037840564
0.003953111
0.0041365671
0.0043440664
0.0045651458
0.0047847879
0.0050047956
0.0051908766
0.0053444719
0.003666094
0.0037837321
0.0039525546
0.0041355418
0.004342096
0.0045613128
0.0047776415
0.0049910869
0.0051685265
0.0053099606
0.0036659124
0.0037833649
0.0039519248
0.0041343834
0.004339879
0.0045570343
0.0047697704
0.0049763997
0.0051452302
0.0052754781
0.0036657075
0.0037829513
0.0039512156
0.0041330819
0.0043373987
0.0045522885
0.0047611572
0.0049607546
0.0051210484
0.005241005
0.0036654776
0.0037824875
0.0039504208
0.0041316266
0.0043346384
0.0045470535
0.0047517865
0.0049441738
0.005096039
0.005206523
0.0036652206
0.0037819695
0.0039495335
0.0041300064
0.0043315804
0.0045413084
0.0047416454
0.0049266811
0.0050702575
0.0051720151
0.0036649342
0.003781393
0.0039485469
0.0041282096
0.0043282071
0.0045350324
0.0047307231
0.0049083017
0.0050437571
0.0051374667
0.003664616
0.0037807534
0.0039474532
0.004126224
0.0043245004
0.0045282059
0.0047190115
0.004889062
0.0050165884
0.0051028656
0.0036642635
0.0037800459
0.0039462445
0.004124037
0.0043204418
0.0045208098
0.0047065049
0.0048689896
0.0049887996
0.0050682022
0.0036638741
0.0037792654
0.0039449125
0.0041216354
0.0043160128
0.0045128263
0.0046932004
0.0048481133
0.0049604364
0.0050334702
0.0036634447
0.0037784064
0.0039434483
0.0041190056
0.0043111949
0.0045042387
0.0046790977
0.0048264627
0.0049315426
0.0049986658
0.0036629722
0.0037774632
0.0039418427
0.0041161335
0.0043059694
0.0044950316
0.004664199
0.0048040682
0.0049021595
0.0049637886
0.0036624534
0.0037764295
0.0039400857
0.0041130045
0.0043003177
0.0044851909
0.0046485094
0.0047809612
0.0048723265
0.0049288404
0.0036618846
0.0037752989
0.0039381671
0.0041096038
0.0042942217
0.0044747042
0.0046320367
0.0047571735
0.004842081
0.0048938259
0.003661262
0.0037740645
0.0039360763
0.0041059161
0.0042876633
0.004463561
0.0046147911
0.0047327374
0.0048114587
0.0048587519
0.0036605816
0.0037727191
0.0039338019
0.0041019259
0.0042806251
0.0044517521
0.0045967853
0.0047076857
0.0047804937
0.0048236274
0.003659839
0.0037712552
0.0039313323
0.0040976172
0.0042730901
0.0044392707
0.0045780347
0.0046820515
0.0047492184
0.0047884627
0.0036590296
0.0037696646
0.0039286553
0.0040929742
0.0042650421
0.0044261118
0.0045585567
0.0046558681
0.0047176641
0.0047532698
0.0036581485
0.0037679389
0.0039257581
0.0040879805
0.0042564657
0.0044122724
0.004538371
0.0046291689
0.0046858606
0.0047180618
0.0036571905
0.0037660693
0.0039226277
0.0040826201
0.0042473465
0.0043977517
0.0045174994
0.0046019871
0.0046538368
0.0046828524
0.0036561498
0.0037640466
0.0039192505
0.0040768765
0.0042376711
0.0043825511
0.0044959653
0.0045743559
0.0046216204
0.0046476561
0.0036550207
0.0037618609
0.0039156125
0.0040707338
0.0042274273
0.0043666742
0.004473794
0.0045463085
0.0045892383
0.0046124878
0.0036537968
0.0037595022
0.0039116994
0.0040641759
0.0042166044
0.0043501268
0.0044510122
0.0045178775
0.0045567163
0.0045773626
0.0036524715
0.0037569599
0.0039074963
0.0040571872
0.0042051931
0.0043329169
0.0044276478
0.0044890952
0.0045240795
0.0045422953
0.0036510375
0.003754223
0.0039029883
0.0040497524
0.0041931855
0.0043150545
0.0044037299
0.0044599934
0.0044913519
0.0045073011
0.0036494873
0.0037512801
0.00389816
0.0040418567
0.0041805756
0.0042965521
0.0043792883
0.0044306034
0.004458557
0.0044723946
0.0036478131
0.0037481195
0.0038929957
0.0040334857
0.0041673589
0.0042774238
0.0043543536
0.0044009558
0.0044257171
0.0044375901
0.0036460062
0.0037447287
0.0038874798
0.0040246261
0.0041535329
0.0042576857
0.0043289568
0.0043710804
0.0043928538
0.0044029016
0.0036440579
0.0037410954
0.0038815962
0.004015265
0.0041390969
0.004237356
0.0043031294
0.0043410063
0.0043599879
0.0043683423
0.0036419587
0.0037372064
0.0038753291
0.0040053906
0.0041240522
0.0042164543
0.0042769025
0.0043107618
0.0043271391
0.0043339249
0.0036396986
0.0037330485
0.0038686625
0.0039949921
0.004108402
0.0041950019
0.0042503077
0.0042803741
0.0042943262
0.0042996617
0.0036372671
0.003728608
0.0038615804
0.00398406
0.0040921513
0.0041730213
0.004223376
0.0042498694
0.0042615673
0.0042655638
0.0036346532
0.0037238712
0.0038540674
0.0039725858
0.0040753074
0.0041505364
0.004196138
0.0042192731
0.004228879
0.0042316419
0.0036318453
0.0037188239
0.0038461078
0.0039605625
0.0040578791
0.004127572
0.004168624
0.0041886091
0.0041962775
0.0041979057
0.0036288313
0.0037134518
0.0038376865
0.0039479844
0.0040398774
0.0041041539
0.0041408636
0.0041579006
0.0041637774
0.0041643642
0.0036255983
0.0037077405
0.003828789
0.0039348474
0.0040213147
0.0040803086
0.0041128856
0.0041271694
0.0041313927
0.0041310254
0.0036221338
0.0037016763
0.0038194015
0.0039211493
0.0040022051
0.0040560624
0.0040847177
0.004096436
0.004099136
0.0040978966
0.0036184255
0.0036952464
0.003809511
0.0039068901
0.0039825636
0.0040314409
0.004056385
0.0040657177
0.0040670168
0.0040649822
0.0036142912
0.0036881537
0.0037986678
0.0038914542
0.0039615708
0.0040054357
0.0040267339
0.0040337613
0.0040337196
0.0040309296
0.0036092039
0.0036795495
0.0037855947
0.0038731008
0.0039369586
0.0039753239
0.0039927225
0.0039973278
0.003995893
0.0039923262
0.0036025807
0.0036685821
0.00376904
0.0038502227
0.0039067976
0.0039389437
0.0039520602
0.0039540688
0.0039511676
0.0039467971
0.0035938672
0.003654601
0.0037480848
0.0038217682
0.0038700494
0.0038953292
0.0039038732
0.0039031935
0.0038988076
0.0038936342
0.003582257
0.0036367909
0.003721645
0.0037865216
0.0038256038
0.0038435304
0.0038473552
0.0038440071
0.0038381991
0.0038322821
0.0035666203
0.0036140931
0.0036885186
0.0037431768
0.0037723618
0.0037827105
0.0037818639
0.0037759771
0.0037688459
0.0037622418
0.0035455336
0.0035851696
0.0036472948
0.0036903663
0.0037093063
0.0037122286
0.0037070253
0.0036989302
0.0036907516
0.0036836534
0.0035172208
0.0035483382
0.0035964551
0.0036268456
0.003635663
0.003631723
0.0036226237
0.0036125573
0.0036034283
0.003595897
0.0034794953
0.0035015955
0.0035345054
0.0035516735
0.0035510487
0.00354136
0.0035293873
0.0035181467
0.0035086099
0.0035009581
0.0034298284
0.0034427661
0.0034601537
0.0034643877
0.0034554025
0.0034408724
0.003426304
0.0034138169
0.0034038016
0.0033960603
0.0033655786
0.0033697547
0.0033724963
0.003365224
0.003350093
0.0033332007
0.0033181212
0.0033057591
0.0032959913
0.0032884833
0.0032844667
0.0032808948
0.0032711686
0.0032540861
0.0032332344
0.0032132628
0.0031966587
0.0031837759
0.0031740551
0.0031668163
0.0031850968
0.0031757826
0.0031574538
0.0031356771
0.0031147772
0.0030966758
0.0030818134
0.0030700547
0.0030610354
0.0030542781
0.0030680556
0.0030548693
0.0030292902
0.0030006384
0.0029750695
0.0029546398
0.0029391548
0.002927674
0.002919239
0.0029130791
0.0029364789
0.0029244621
0.0029033733
0.0028823866
0.0028645685
0.0028496639
0.0028373103
0.002827478
0.0028199838
0.0028144146
0.0027943705
0.0027758031
0.0027445917
0.0027148732
0.0026927813
0.0026770277
0.0026653748
0.0026566696
0.002650281
0.0026456592
0.0026603843
0.0026637012
0.0026589679
0.002648467
0.0026362267
0.0026245191
0.0026145808
0.002606742
0.0026007767
0.0025963138
0.0024952207
0.0024565686
0.0024154763
0.0023862775
0.0023662525
0.0023517304
0.0023410876
0.0023334199
0.0023279394
0.0023240087
0.0040275781
0.0040241899
0.0040200871
0.0040149768
0.0040086614
0.0040010554
0.0039920674
0.0039815788
0.0039694696
0.0039556285
0.0039399519
0.0039223448
0.0039027238
0.0038810216
0.0038571901
0.0038312032
0.0038030597
0.0037727856
0.0037404357
0.003706094
0.0036698733
0.0036319141
0.0035923812
0.0035514607
0.0035093539
0.0034662724
0.0034224307
0.0033780396
0.0033332992
0.0032883924
0.0032434792
0.0031986933
0.0031541393
0.0031098932
0.0030660034
0.0030224945
0.0029793715
0.0029366245
0.0028942331
0.0028521706
0.0028104071
0.0027689119
0.0027276553
0.0026866101
0.0026457515
0.0026050576
0.0025645086
0.0025240863
0.0024837736
0.0024435539
0.0024034106
0.0023633268
0.0023232852
0.0022832679
0.0022432565
0.002203231
0.0021631715
0.0021230574
0.0020828668
0.0020425771
0.0020021659
0.0019616101
0.0019208852
0.0018799684
0.0018388355
0.0017974616
0.0017558237
0.0017138977
0.0016716584
0.0016290841
0.0015861505
0.001542834
0.0014991128
0.0014549649
0.0014103694
0.0013653056
0.0013197546
0.0012736989
0.0012271222
0.0011800098
0.0011323498
0.001084133
0.0010353542
0.00098601267
0.00093611447
0.00088567247
0.00083471413
0.00078327245
0.00073142299
0.00067921453
0.00062686871
0.00057433856
0.00052244889
0.00047022794
0.00042153042
0.0003693777
0.00033427356
0.00028129934
0.0002785068
-5.0863074e-05
0.0039885679
0.0039849185
0.003980599
0.0039753425
0.0039689675
0.0039613961
0.0039525463
0.0039423108
0.0039305796
0.0039172503
0.0039022268
0.0038854198
0.0038667496
0.0038461497
0.00382357
0.003798979
0.0037723668
0.0037437467
0.0037131575
0.0036806639
0.0036463567
0.0036103518
0.0035727882
0.003533825
0.0034936372
0.0034524112
0.0034103386
0.0033676105
0.0033244114
0.0032809131
0.0032372697
0.0031936139
0.0031500539
0.0031066732
0.0030635307
0.0030206635
0.0029780895
0.0029358118
0.0028938222
0.0028521048
0.0028106388
0.0027694013
0.002728369
0.0026875194
0.0026468315
0.0026062864
0.0025658663
0.002525555
0.0024853367
0.0024451962
0.002405118
0.0023650865
0.0023250853
0.0022850976
0.0022451058
0.0022050911
0.0021650343
0.0021249156
0.0020847141
0.0020444077
0.0020039749
0.0019633931
0.0019226387
0.0018816888
0.0018405202
0.0017991086
0.0017574309
0.0017154635
0.0016731821
0.0016305643
0.0015875867
0.001544226
0.0015004603
0.0014562679
0.001411628
0.0013665201
0.0013209253
0.0012748261
0.0012282061
0.0011810509
0.0011333482
0.0010850888
0.0010362672
0.00098688243
0.00093694014
0.00088645266
0.00083544628
0.00078395343
0.00073204611
0.00067977416
0.00062734531
0.00057472776
0.00052268045
0.00047034119
0.0004212104
0.00036907192
0.00033203211
0.00027939234
0.000266818
-3.7040102e-05
0.0039426253
0.0039387136
0.0039341799
0.0039287858
0.0039223676
0.0039148559
0.0039061781
0.0038962388
0.003884939
0.0038721859
0.0038578919
0.0038419741
0.0038243574
0.0038049771
0.0037837819
0.0037607355
0.0037358196
0.0037090355
0.0036804061
0.0036499764
0.0036178145
0.0035840107
0.0035486765
0.0035119423
0.0034739545
0.0034348713
0.0033948585
0.0033540843
0.0033127144
0.0032709062
0.0032288048
0.0031865391
0.0031442185
0.0031019322
0.0030597484
0.0030177159
0.0029758659
0.002934215
0.0028927679
0.0028515207
0.0028104635
0.0027695824
0.0027288618
0.0026882853
0.0026478369
0.0026075015
0.0025672644
0.0025271118
0.0024870301
0.0024470057
0.0024070251
0.0023670739
0.0023271373
0.0022871997
0.0022472448
0.0022072552
0.0021672127
0.0021270984
0.0020868926
0.0020465743
0.0020061227
0.001965516
0.0019247317
0.0018837474
0.0018425403
0.0018010871
0.001759365
0.0017173509
0.0016750211
0.0016323533
0.0015893247
0.0015459122
0.0015020943
0.0014578493
0.0014131568
0.0013679963
0.0013223492
0.0012761977
0.0012295257
0.0011823187
0.0011345642
0.001086253
0.0010373793
0.00098794173
0.0009379453
0.00088740173
0.00083633587
0.00078477932
0.00073279971
0.00068044789
0.00062791463
0.00057518569
0.00052294034
0.00047044614
0.00042077699
0.00036857086
0.00032927724
0.00027654084
0.00025315484
-2.1275048e-05
0.0038890527
0.0038848878
0.0038801537
0.0038746404
0.0038682039
0.0038607833
0.0038523156
0.0038427174
0.0038319015
0.0038197852
0.0038062898
0.0037913401
0.0037748661
0.0037568061
0.0037371083
0.0037157331
0.0036926549
0.003667864
0.003641368
0.0036131933
0.0035833855
0.0035520094
0.0035191486
0.0034849038
0.0034493911
0.0034127389
0.0033750846
0.0033365706
0.0032973401
0.0032575329
0.0032172813
0.0031767067
0.0031359163
0.003095002
0.0030540388
0.0030130854
0.0029721851
0.0029313676
0.002890651
0.0028500441
0.0028095486
0.0027691612
0.0027288752
0.0026886818
0.0026485713
0.0026085334
0.0025685577
0.0025286338
0.0024887509
0.0024488981
0.0024090639
0.0023692361
0.0023294017
0.002289547
0.0022496572
0.0022097166
0.0021697084
0.0021296153
0.0020894187
0.0020490992
0.0020086367
0.0019680108
0.0019271999
0.0018861827
0.0018449371
0.0018034406
0.0017616711
0.0017196061
0.0016772227
0.0016344989
0.0015914123
0.0015479407
0.0015040624
0.0014597564
0.0014150023
0.0013697801
0.001324071
0.0012778576
0.0012311236
0.0011838545
0.0011360379
0.0010876642
0.0010387272
0.00098922527
0.00093916257
0.00088854999
0.00083741056
0.00078577471
0.00073370477
0.00068125215
0.00062858766
0.00057571563
0.00052322286
0.00047052101
0.00042019218
0.0003678167
0.00032588775
0.00027246188
0.00023752651
-4.1679624e-06
0.0038273344
0.0038229482
0.0038180463
0.0038124494
0.0038060336
0.0037987466
0.0037905344
0.0037813257
0.003771045
0.0037596204
0.0037469826
0.0037330641
0.0037178016
0.0037011369
0.0036830196
0.0036634078
0.0036422704
0.0036195883
0.0035953562
0.0035695833
0.0035422943
0.0035135301
0.0034833471
0.0034518171
0.0034190256
0.0033850705
0.0033500592
0.0033141059
0.0032773288
0.0032398463
0.0032017741
0.0031632216
0.0031242897
0.0030850686
0.0030456363
0.0030060582
0.0029663872
0.0029266643
0.0028869199
0.0028471754
0.0028074447
0.0027677355
0.0027280512
0.0026883919
0.0026487553
0.0026091374
0.0025695334
0.0025299371
0.0024903418
0.0024507398
0.0024111229
0.0023714813
0.0023318049
0.002292082
0.0022523003
0.0022124459
0.0021725042
0.0021324594
0.0020922949
0.0020519928
0.0020115348
0.0019709015
0.001930073
0.001889029
0.0018477486
0.0018062105
0.0017643932
0.0017222753
0.0016798348
0.0016370501
0.0015938996
0.0015503617
0.0015064153
0.0014620396
0.0014172146
0.0013719208
0.0013261395
0.0012798533
0.0012330461
0.0011857034
0.0011378125
0.0010893638
0.0010403506
0.00099077051
0.00094062695
0.00088992961
0.0008386993
0.00078696471
0.00073478187
0.00068220171
0.00062937233
0.00057631539
0.00052351502
0.00047053088
0.00041940687
0.00036668987
0.0003217677
0.00026695246
0.00022012463
1.3258597e-05
0.0037569654
0.0037523997
0.0037473758
0.0037417398
0.0037353886
0.0037282792
0.0037203666
0.0037115903
0.0037018868
0.0036911946
0.0036794538
0.0036666057
0.0036525935
0.0036373642
0.0036208694
0.0036030673
0.0035839231
0.0035634109
0.0035415147
0.0035182297
0.0034935625
0.0034675327
0.0034401723
0.003411526
0.0033816506
0.003350614
0.0033184935
0.0032853747
0.0032513484
0.0032165091
0.0031809517
0.0031447698
0.0031080528
0.0030708841
0.0030333396
0.0029954868
0.0029573839
0.0029190798
0.002880615
0.0028420214
0.0028033242
0.002764542
0.0027256887
0.0026867737
0.0026478033
0.002608781
0.0025697083
0.002530585
0.0024914091
0.0024521776
0.002412886
0.0023735283
0.0023340974
0.002294585
0.0022549813
0.0022152754
0.0021754551
0.0021355069
0.0020954166
0.0020551683
0.0020147457
0.0019741313
0.0019333071
0.0018922541
0.001850953
0.001809384
0.0017675269
0.0017253612
0.0016828663
0.0016400213
0.0015968056
0.0015531984
0.0015091792
0.001464728
0.0014198252
0.0013744516
0.001328589
0.0012822201
0.0012353289
0.001187901
0.0011399236
0.0010913865
0.0010422829
0.00099260943
0.00094236838
0.00089156793
0.00084022615
0.00078836916
0.00073604571
0.00068330436
0.00063026825
0.000576972
0.0005237912
0.00047042223
0.00041835394
0.00036503911
0.0003168016
0.00025996218
0.00020153728
2.9538287e-05
0.0036781591
0.0036734776
0.0036683932
0.0036627812
0.003656555
0.0036496786
0.0036421152
0.0036338155
0.0036247265
0.0036147971
0.0036039765
0.0035922145
0.0035794616
0.0035656703
0.0035507962
0.0035347987
0.0035176419
0.0034992957
0.0034797368
0.0034589496
0.0034369269
0.0034136708
0.0033891927
0.0033635143
0.0033366667
0.0033086905
0.0032796353
0.0032495582
0.0032185229
0.0031865984
0.0031538565
0.003120371
0.0030862152
0.0030514608
0.0030161758
0.002980424
0.0029442633
0.0029077458
0.0028709174
0.0028338175
0.0027964797
0.002758932
0.0027211974
0.0026832945
0.0026452382
0.0026070402
0.0025687091
0.0025302513
0.0024916711
0.0024529706
0.0024141502
0.0023752086
0.0023361429
0.0022969485
0.0022576195
0.0022181483
0.0021785258
0.0021387419
0.0020987848
0.0020586419
0.002018299
0.0019777413
0.001936953
0.0018959172
0.0018546167
0.0018130334
0.0017711489
0.0017289442
0.0016864001
0.0016434972
0.001600216
0.0015565369
0.0015124402
0.0014679069
0.0014229178
0.0013774547
0.0013314996
0.0012850357
0.0012380471
0.0011905193
0.0011424396
0.0010937974
0.0010445852
0.00099479867
0.00094443861
0.00089351123
0.00084203121
0.00079002103
0.00073752093
0.00068457443
0.00063127787
0.00057767106
0.00052402045
0.00047013057
0.00041695418
0.00036270849
0.00031087036
0.00025152659
0.00018305966
4.3086595e-05
0.0035902474
0.0035855263
0.0035804544
0.0035749278
0.0035688805
0.0035622848
0.0035551107
0.0035473179
0.0035388635
0.0035297056
0.0035198024
0.0035091115
0.003497591
0.0034851995
0.0034718973
0.0034576467
0.0034424127
0.0034261638
0.0034088726
0.0033905168
0.0033710795
0.0033505501
0.0033289245
0.003306206
0.003282405
0.0032575394
0.0032316344
0.0032047218
0.0031768401
0.0031480331
0.003118349
0.0030878397
0.0030565594
0.0030245634
0.0029919068
0.0029586436
0.0029248258
0.0028905024
0.002855719
0.0028205172
0.0027849348
0.0027490052
0.0027127582
0.0026762193
0.0026394107
0.0026023514
0.0025650572
0.0025275412
0.002489814
0.0024518838
0.0024137566
0.0023754364
0.0023369252
0.0022982232
0.0022593288
0.0022202385
0.0021809475
0.0021414493
0.0021017357
0.0020617975
0.002021624
0.0019812032
0.0019405223
0.0018995672
0.0018583233
0.0018167749
0.0017749057
0.001732699
0.0016901376
0.0016472036
0.0016038793
0.0015601464
0.0015159869
0.0014713826
0.0014263156
0.0013807682
0.0013347234
0.0012881647
0.0012410766
0.0011934447
0.0011452562
0.0010965
0.0010471679
0.00099725439
0.00094675833
0.00089568335
0.00084403997
0.00079184563
0.00073913073
0.00068593021
0.0006323122
0.00057831082
0.000524088
0.00046951298
0.00041505975
0.00035949965
0.00030396856
0.00024170244
0.00016581706
5.2376268e-05
0.0034953006
0.0034906082
0.0034856172
0.0034802471
0.0034744409
0.0034681758
0.0034614286
0.0034541674
0.0034463582
0.003437967
0.0034289598
0.0034193018
0.0034089582
0.0033978937
0.0033860739
0.0033734653
0.0033600352
0.0033457533
0.0033305909
0.0033145226
0.003297526
0.0032795826
0.003260678
0.0032408027
0.003219952
0.0031981264
0.0031753321
0.0031515804
0.0031268879
0.0031012765
0.0030747723
0.0030474058
0.0030192109
0.0029902242
0.0029604844
0.0029300315
0.0028989059
0.0028671477
0.0028347963
0.0028018897
0.0027684638
0.0027345528
0.002700188
0.0026653985
0.0026302107
0.0025946482
0.0025587324
0.0025224818
0.0024859126
0.0024490388
0.0024118719
0.0023744214
0.0023366946
0.0022986969
0.0022604315
0.0022219001
0.0021831023
0.002144036
0.0021046977
0.0020650822
0.0020251828
0.0019849915
0.0019444991
0.001903695
0.001862568
0.0018211055
0.0017792943
0.0017371204
0.0016945691
0.0016516251
0.0016082728
0.001564496
0.0015202785
0.0014756037
0.0014304551
0.0013848163
0.0013386711
0.001292004
0.0012447998
0.0011970443
0.0011487247
0.0010998296
0.0010503495
0.0010002777
0.00094961054
0.00089834835
0.00084649655
0.00079406585
0.00074107525
0.00068754707
0.00063351987
0.00057900983
0.00052408275
0.00046862353
0.00041271494
0.00035546757
0.00029635957
0.0002312117
0.00015077873
5.7095483e-05
0.0033904756
0.0033859141
0.0033810919
0.0033759451
0.0033704359
0.0033645478
0.0033582612
0.003351551
0.0033443903
0.0033367523
0.0033286099
0.003319935
0.003310699
0.0033008728
0.0032904273
0.0032793336
0.0032675628
0.0032550869
0.0032418787
0.0032279124
0.0032131638
0.0031976106
0.003181233
0.0031640139
0.003145939
0.0031269976
0.0031071823
0.0030864895
0.0030649196
0.0030424768
0.003019169
0.0029950081
0.0029700092
0.0029441907
0.002917574
0.0028901828
0.0028620427
0.0028331811
0.002803626
0.0027734064
0.0027425511
0.0027110887
0.0026790473
0.002646454
0.0026133346
0.0025797135
0.0025456137
0.0025110564
0.002476061
0.0024406451
0.0024048245
0.0023686129
0.0023320223
0.0022950627
0.0022577423
0.0022200674
0.0021820426
0.0021436707
0.0021049528
0.0020658883
0.0020264752
0.0019867101
0.0019465879
0.0019061025
0.0018652464
0.0018240113
0.0017823875
0.0017403644
0.0016979309
0.0016550747
0.0016117831
0.0015680426
0.0015238393
0.0014791589
0.0014339869
0.0013883084
0.0013421088
0.0012953734
0.0012480879
0.0012002386
0.0011518124
0.0011027977
0.0010531838
0.001002962
0.00095212598
0.00090067173
0.00084859849
0.00079590848
0.00074260747
0.0006887012
0.00063419741
0.0005790833
0.00052333958
0.0004668263
0.00040934028
0.0003501791
0.00028787606
0.00022049238
0.00013781446
5.7584704e-05
0.0032830917
0.0032786948
0.0032740799
0.0032692001
0.0032640199
0.0032585249
0.0032527009
0.0032465286
0.0032399868
0.0032330543
0.0032257095
0.00321793
0.0032096925
0.0032009737
0.003191751
0.003182001
0.0031716988
0.0031608183
0.0031493344
0.0031372234
0.0031244616
0.0031110264
0.003096896
0.00308205
0.0030664694
0.0030501371
0.003033038
0.0030151591
0.0029964899
0.0029770225
0.0029567515
0.0029356745
0.0029137916
0.002891106
0.0028676233
0.0028433517
0.002818302
0.0027924869
0.0027659211
0.0027386212
0.0027106047
0.0026818907
0.0026524986
0.0026224487
0.0025917611
0.0025604562
0.0025285538
0.0024960734
0.0024630336
0.0024294523
0.0023953463
0.002360731
0.0023256209
0.0022900288
0.0022539664
0.0022174438
0.0021804697
0.0021430511
0.0021051937
0.0020669018
0.0020281781
0.001989024
0.0019494393
0.0019094227
0.0018689716
0.0018280822
0.0017867494
0.0017449671
0.0017027281
0.0016600241
0.001616846
0.0015731839
0.0015290269
0.0014843636
0.0014391819
0.0013934693
0.0013472128
0.0013003993
0.0012530156
0.0012050486
0.0011564853
0.0011073135
0.0010575214
0.0010070981
0.00095603368
0.00090431931
0.0008519469
0.00079890856
0.00074519528
0.00069079317
0.00063567894
0.0005798043
0.00052307933
0.00046532024
0.00040615174
0.00034498664
0.00028004934
0.00021101651
0.00012794141
5.609251e-05
0.0031617162
0.0031576107
0.0031533129
0.0031487857
0.0031440097
0.003138975
0.0031336694
0.0031280771
0.003122182
0.0031159676
0.0031094169
0.0031025122
0.0030952349
0.0030875662
0.0030794868
0.0030709766
0.0030620152
0.0030525815
0.0030426542
0.003032212
0.0030212336
0.0030096978
0.0029975834
0.0029848697
0.0029715366
0.0029575647
0.0029429352
0.0029276308
0.0029116349
0.0028949326
0.0028775105
0.0028593568
0.0028404615
0.0028208165
0.0028004157
0.0027792549
0.002757332
0.0027346469
0.0027112013
0.0026869989
0.0026620451
0.0026363469
0.0026099128
0.0025827527
0.0025548774
0.0025262988
0.0024970294
0.0024670824
0.0024364712
0.0024052094
0.0023733106
0.0023407881
0.0023076549
0.0022739236
0.0022396062
0.0022047138
0.0021692569
0.002133245
0.0020966867
0.0020595895
0.0020219598
0.0019838031
0.0019451237
0.001905925
0.0018662091
0.001825977
0.0017852287
0.001743963
0.0017021775
0.0016598687
0.001617032
0.0015736615
0.0015297506
0.0014852912
0.0014402747
0.0013946913
0.0013485305
0.0013017813
0.0012544318
0.0012064699
0.001157883
0.0011086583
0.0010587829
0.0010082434
0.00095702583
0.00090511567
0.00085249676
0.00079914996
0.00074505072
0.00069016453
0.00063443913
0.0005777918
0.00052008164
0.00046108913
0.00040037379
0.00033745923
0.00027067247
0.00020070856
0.00011866598
5.2192035e-05
0.0030495097
0.0030456525
0.0030416335
0.0030374294
0.003033018
0.0030283891
0.0030235342
0.0030184416
0.0030130986
0.0030074921
0.0030016087
0.0029954344
0.0029889546
0.0029821538
0.0029750152
0.0029675215
0.0029596562
0.0029514031
0.0029427446
0.0029336626
0.0029241384
0.0029141529
0.0029036872
0.0028927221
0.0028812384
0.002869217
0.0028566389
0.0028434852
0.0028297375
0.002815378
0.0028003882
0.0027847503
0.0027684492
0.0027514711
0.0027338026
0.0027154309
0.0026963448
0.0026765345
0.0026559915
0.0026347089
0.0026126812
0.0025899044
0.0025663758
0.0025420943
0.0025170603
0.0024912752
0.0024647417
0.0024374639
0.0024094464
0.0023806951
0.0023512166
0.002321018
0.0022901071
0.0022584921
0.0022261817
0.002193185
0.0021595117
0.002125171
0.0020901724
0.0020545244
0.0020182357
0.0019813142
0.0019437677
0.0019056028
0.0018668258
0.0018274419
0.0017874553
0.0017468691
0.0017056853
0.0016639045
0.0016215263
0.0015785489
0.0015349696
0.0014907841
0.001445987
0.0014005717
0.0013545302
0.0013078537
0.0012605319
0.0012125536
0.0011639069
0.0011145789
0.0010645553
0.0010138205
0.00096235671
0.00091014377
0.00085715765
0.00080336859
0.00074873795
0.0006932134
0.00063672041
0.00057915208
0.00052034222
0.00046006421
0.00039789642
0.00033349731
0.00026546645
0.0001951004
0.00011438149
5.0558642e-05
0.0029088029
0.002905394
0.0029018422
0.0028981249
0.0028942341
0.0028901642
0.0028859068
0.0028814519
0.0028767893
0.0028719088
0.0028667997
0.0028614506
0.0028558497
0.0028499847
0.0028438427
0.0028374105
0.0028306741
0.0028236193
0.0028162312
0.0028084944
0.0028003931
0.0027919111
0.0027830316
0.0027737377
0.0027640119
0.0027538365
0.0027431935
0.0027320648
0.0027204321
0.0027082769
0.00269558
0.0026823224
0.0026684857
0.0026540523
0.0026390051
0.0026233275
0.0026070034
0.0025900171
0.0025723533
0.0025539974
0.0025349361
0.0025151567
0.0024946477
0.0024733983
0.002451399
0.0024286415
0.0024051182
0.002380823
0.0023557505
0.0023298968
0.0023032588
0.0022758345
0.002247623
0.0022186248
0.0021888414
0.0021582761
0.0021269322
0.0020948138
0.0020619263
0.0020282761
0.0019938709
0.0019587188
0.0019228288
0.0018862101
0.0018488726
0.0018108261
0.0017720798
0.001732642
0.0016925194
0.001651717
0.0016102384
0.001568086
0.0015252609
0.0014817625
0.0014375885
0.001392735
0.0013471965
0.0013009659
0.0012540344
0.0012063922
0.0011580279
0.001108928
0.0010590767
0.0010084554
0.00095704287
0.00090481363
0.00085173691
0.0007977744
0.00074287718
0.00068698143
0.00063000122
0.00057182164
0.00051227818
0.00045116817
0.00038813982
0.00032299103
0.00025463403
0.00018468976
0.00010632945
4.5860399e-05
0.002810501
0.0028073355
0.0028040476
0.0028006256
0.0027970522
0.0027933194
0.0027894219
0.0027853523
0.0027811023
0.0027766631
0.0027720258
0.0027671811
0.0027621194
0.0027568305
0.0027513036
0.0027455279
0.0027394918
0.0027331833
0.0027265899
0.0027196988
0.0027124966
0.0027049694
0.0026971028
0.002688882
0.0026802917
0.0026713159
0.0026619385
0.0026521429
0.0026419122
0.0026312286
0.0026200745
0.002608433
0.0025962854
0.0025836126
0.0025703959
0.0025566172
0.0025422578
0.0025272997
0.0025117251
0.0024955164
0.0024786555
0.0024611249
0.0024429074
0.0024239863
0.0024043454
0.002383969
0.0023628418
0.0023409492
0.0023182769
0.0022948111
0.0022705384
0.0022454449
0.002219518
0.0021927385
0.0021650997
0.0021366326
0.0021073484
0.0020772395
0.0020463006
0.0020145335
0.0019819423
0.0019485317
0.0019143069
0.0018792746
0.0018434419
0.0018068162
0.001769404
0.0017312107
0.0016922416
0.0016525024
0.0016119984
0.0015707341
0.0015287122
0.0014859332
0.0014423967
0.0013981007
0.0013530418
0.0013072134
0.0012606045
0.0012132056
0.0011650094
0.0011160047
0.0010661746
0.0010154993
0.00096395558
0.00091151563
0.00085814562
0.00080380384
0.00074843823
0.00069198323
0.0006343547
0.00057544657
0.0005151159
0.00045320234
0.00038942889
0.00032370405
0.00025509476
0.00018530895
0.00010746571
4.6914781e-05
0.0026424741
0.0026399423
0.0026373026
0.0026345409
0.0026316544
0.0026286393
0.0026254893
0.0026221974
0.0026187569
0.0026151606
0.0026114013
0.0026074711
0.0026033618
0.002599065
0.0025945718
0.0025898728
0.0025849583
0.0025798182
0.0025744418
0.0025688181
0.0025629356
0.0025567823
0.0025503456
0.0025436126
0.0025365699
0.0025292033
0.002521498
0.0025134379
0.0025050076
0.0024961918
0.0024869749
0.00247734
0.0024672695
0.0024567455
0.0024457491
0.0024342608
0.0024222607
0.002409729
0.0023966456
0.0023829898
0.0023687406
0.0023538764
0.0023383757
0.0023222163
0.0023053761
0.0022878322
0.0022695618
0.0022505414
0.0022307473
0.002210155
0.0021887396
0.0021664747
0.0021433328
0.002119284
0.0020942951
0.0020683435
0.0020414308
0.0020135629
0.0019847451
0.0019549849
0.001924295
0.0018926937
0.0018602049
0.0018268587
0.0017926917
0.0017577493
0.0017220616
0.0016856189
0.001648405
0.0016104084
0.0015716227
0.0015320471
0.0014916795
0.0014505128
0.0014085379
0.0013657458
0.0013221274
0.0012776721
0.0012323684
0.0011862037
0.001139164
0.001091233
0.0010423921
0.00099262005
0.00094189231
0.00089018039
0.00083745066
0.00078366322
0.00072877028
0.00067271445
0.00061542599
0.00055682272
0.00049680062
0.00043525818
0.00037201509
0.00030710245
0.00023984915
0.00017210336
9.8100194e-05
4.1798681e-05
0.0025931594
0.0025905985
0.0025879473
0.0025851982
0.0025823339
0.0025793476
0.002576236
0.0025729939
0.0025696148
0.0025660922
0.0025624192
0.002558589
0.002554594
0.0025504265
0.0025460784
0.0025415412
0.0025368058
0.002531863
0.0025267029
0.0025213153
0.0025156896
0.0025098145
0.0025036784
0.002497269
0.0024905738
0.0024835794
0.0024762721
0.0024686376
0.002460661
0.0024523271
0.0024436205
0.0024345247
0.0024250225
0.0024150964
0.0024047282
0.0023938993
0.0023825905
0.0023707819
0.0023584527
0.0023455822
0.0023321494
0.002318133
0.0023035114
0.002288263
0.0022723657
0.0022557975
0.0022385363
0.0022205605
0.0022018489
0.0021823809
0.0021621367
0.0021410977
0.002119246
0.0020965713
0.0020730515
0.0020486351
0.0020232962
0.0019970305
0.001969834
0.0019417001
0.0019126242
0.0018826059
0.0018516488
0.0018197605
0.0017869537
0.0017532482
0.001718664
0.0016832165
0.001646923
0.001609814
0.0015719154
0.0015332104
0.0014936744
0.0014532921
0.0014120525
0.001369943
0.0013269497
0.0012830583
0.0012382541
0.001192522
0.001145846
0.0010982088
0.0010495917
0.00099997393
0.00094933222
0.00089764033
0.00084486821
0.0007909812
0.00073593888
0.00067969396
0.00062219
0.00056336172
0.00050312497
0.00044139902
0.00037801692
0.00031300623
0.00024562017
0.00017757683
0.00010251094
4.4358972e-05
0.0023213055
0.0023191639
0.0023169376
0.0023146152
0.002312195
0.0023096745
0.0023070487
0.0023043124
0.0023014602
0.0022984868
0.0022953867
0.0022921537
0.0022887817
0.0022852641
0.0022815939
0.0022777642
0.0022737673
0.0022695953
0.0022652402
0.0022606932
0.0022559454
0.0022509874
0.0022458095
0.0022404016
0.0022347529
0.0022288526
0.0022226891
0.0022162507
0.0022095248
0.0022024989
0.0021951597
0.0021874936
0.0021794866
0.0021711242
0.0021623915
0.0021532734
0.0021437544
0.0021338185
0.0021234496
0.0021126313
0.0021013472
0.0020895806
0.0020773148
0.0020645331
0.0020512191
0.0020373562
0.0020229283
0.00200792
0.0019923164
0.0019761038
0.0019592693
0.0019418014
0.0019236906
0.0019049285
0.0018855118
0.0018654347
0.0018446697
0.0018231841
0.0018009476
0.001777931
0.0017541031
0.0017294307
0.0017038788
0.0016774115
0.0016499919
0.0016215816
0.0015921606
0.0015617475
0.0015303683
0.0014980506
0.0014648148
0.0014306403
0.0013955002
0.0013593768
0.0013222565
0.0012841243
0.0012449643
0.0012047606
0.0011634977
0.0011211605
0.0010777332
0.0010332001
0.0009875452
0.00094075196
0.00089280344
0.00084368213
0.00079336994
0.00074184833
0.00068909835
0.00063510124
0.00057983842
0.00052329454
0.00046545243
0.00040631781
0.00034584817
0.00028420949
0.00022094467
0.00015783618
8.9718617e-05
3.808996e-05
)
;

boundaryField
{
    inlet
    {
        type            zeroGradient;
    }
    top
    {
        type            zeroGradient;
    }
    outlet
    {
        type            fixedValue;
        value           uniform 0;
    }
    slipsurface
    {
        type            slip;
    }
    bottom
    {
        type            zeroGradient;
    }
    frontandback
    {
        type            empty;
    }
}


// ************************************************************************* //
