/*--------------------------------*- C++ -*----------------------------------*\
  =========                 |
  \\      /  F ield         | OpenFOAM: The Open Source CFD Toolbox
   \\    /   O peration     | Website:  https://openfoam.org
    \\  /    A nd           | Version:  12
     \\/     M anipulation  |
\*---------------------------------------------------------------------------*/
FoamFile
{
    format      ascii;
    class       volScalarField;
    location    "1400";
    object      omega;
}
// * * * * * * * * * * * * * * * * * * * * * * * * * * * * * * * * * * * * * //

dimensions      [0 0 -1 0 0 0 0];

internalField   nonuniform List<scalar> 
7480
(
99.668428
99.668428
99.668428
99.668428
99.668428
99.668428
99.668428
99.668428
99.668428
99.668428
99.668428
99.668428
99.668428
425.17402
681.41255
848.44843
946.61949
996.85062
1022.6636
1021.7515
1016.2801
1006.0568
993.35084
979.75735
965.81476
951.79717
937.96944
924.70824
912.4039
900.91578
890.25843
880.49897
871.68178
863.80524
856.8228
850.65953
845.21728
840.40115
836.14793
832.41038
829.1214
826.19897
823.57001
821.16082
818.94014
816.81161
814.75598
812.74037
810.7323
808.71026
806.65069
804.5253
802.31542
800.01982
797.65104
795.22657
792.7634
790.27899
787.78902
785.30378
782.82836
780.36534
777.91816
775.49269
773.09472
770.72746
768.39406
766.0969
763.83377
761.59877
759.38749
757.19949
755.03602
752.89782
750.78677
748.70494
746.65046
744.61914
742.60827
740.61786
738.64899
736.70338
734.78237
732.88414
731.00508
729.14401
727.30102
725.4775
723.67487
721.89119
720.12355
718.37115
716.63463
714.91313
713.20871
711.50504
709.83571
708.06718
706.56735
703.81879
24.729602
24.769852
24.830812
24.899499
24.972603
25.049402
25.129264
25.212373
25.297874
25.39271
25.466802
25.679619
25.298267
27.771178
39.052771
67.46429
115.63646
179.13751
251.76801
316.42419
363.37598
394.72666
415.47233
429.71365
438.53554
441.28461
439.3081
434.22325
429.55142
428.32124
429.82848
432.5819
435.26506
436.99705
437.32159
436.11254
433.48108
429.71088
425.27597
420.41998
414.945
408.90171
402.61158
396.2799
390.01701
383.91767
378.06104
372.50346
367.26879
362.3498
357.79816
353.60445
349.74672
346.20288
342.94936
339.95498
337.186
334.60789
332.1728
329.85785
327.65503
325.55855
323.55784
321.64193
319.80332
318.03565
316.33323
314.68504
313.0804
311.51589
309.99275
308.51281
307.07667
305.683
304.33005
303.01411
301.73
300.47448
299.24779
298.05092
296.88402
295.74665
294.63604
293.54921
292.48424
291.44116
290.42071
289.42273
288.44557
287.48729
286.54637
285.62279
284.71724
283.82841
282.9559
282.09512
281.25592
280.40798
279.66648
278.40847
24.644347
24.494646
24.343579
24.190465
24.035119
23.877516
23.717665
23.555594
23.391326
23.22492
23.056342
22.885909
22.713316
22.538675
22.395564
22.573158
23.517483
25.952263
30.627655
38.729884
50.896245
66.74805
85.594318
106.43963
129.0168
149.50994
167.06018
181.95713
195.10372
208.06537
222.72271
237.04116
248.9313
258.2339
265.12984
269.75807
272.12852
272.06432
269.65642
265.68393
261.70168
258.24781
255.00456
251.73771
248.3882
245.10184
241.70741
238.14132
234.47827
230.7781
227.11405
223.58766
220.25554
217.13374
214.20995
211.46194
208.87505
206.44112
204.17771
202.07464
200.11388
198.27595
196.5425
194.90112
193.3437
191.86243
190.44862
189.08866
187.77489
186.5081
185.28941
184.11725
182.98896
181.90198
180.85438
179.84094
178.85599
177.89814
176.96857
176.06792
175.19554
174.35078
173.53015
172.7302
171.94985
171.18965
170.45012
169.73138
169.03118
168.34723
167.67862
167.02558
166.38874
165.76709
165.15939
164.56322
163.98364
163.40256
162.91087
162.0443
24.638759
24.480101
24.318871
24.15493
23.988294
23.818979
23.647
23.472376
23.295127
23.115279
22.932859
22.747913
22.560467
22.370752
22.178591
21.985569
21.792097
21.605602
21.446524
21.361884
21.413587
21.666731
22.181333
23.046771
24.281392
26.363683
29.466538
33.709035
39.218356
46.15221
54.848743
65.560228
78.789975
93.078025
107.9677
123.28859
138.9963
155.08355
168.34356
177.82464
184.18012
188.17734
190.25466
190.67756
189.69144
187.54561
185.15834
182.81275
180.43766
177.91089
175.24249
172.59619
169.86922
167.11572
164.37394
161.67067
159.04701
156.53133
154.15105
151.91302
149.8057
147.81749
145.94321
144.17946
142.5165
140.94142
139.4398
138.01281
136.66173
135.3814
134.16419
133.00267
131.89186
130.82841
129.80893
128.82735
127.88014
126.96775
126.09034
125.24652
124.43418
123.65187
122.89521
122.1613
121.45003
120.76188
120.09662
119.4538
118.83038
118.22415
117.63475
117.06244
116.50756
115.96869
115.44424
114.93254
114.43766
113.94395
113.5358
112.80637
24.63834
24.479118
24.317338
24.152856
23.98564
23.815689
23.643011
23.467617
23.28952
23.108739
22.925289
22.739193
22.550476
22.35911
22.165276
21.967949
21.767418
21.564485
21.361237
21.156692
20.951318
20.746495
20.541777
20.338769
20.139888
19.950544
19.778355
19.636446
19.541652
19.516144
19.590071
19.815033
20.232684
21.157233
22.793986
25.371032
29.195363
34.730572
42.429939
53.070103
66.331903
80.938699
96.395349
112.73832
126.28274
135.82348
141.92363
145.36263
146.82775
146.86043
145.85251
144.28262
142.57117
140.73217
138.71439
136.54558
134.37764
132.15767
129.91211
127.66962
125.46513
123.33717
121.31431
119.39553
117.56459
115.81146
114.1339
112.54073
111.03715
109.61705
108.26953
106.98799
105.76883
104.60783
103.49783
102.43886
101.43209
100.47374
99.559262
98.684395
97.846026
97.041666
96.267541
95.522378
94.806083
94.117831
93.456079
92.819466
92.204522
91.609748
91.0351
90.480427
89.945395
89.427988
88.92662
88.44002
87.972189
87.506799
87.128039
86.448622
24.638306
24.479022
24.317176
24.152626
23.985345
23.815331
23.642593
23.467143
23.288996
23.10817
22.924686
22.738569
22.54985
22.358564
22.164761
21.968477
21.76975
21.568601
21.36504
21.158906
20.949771
20.736907
20.521786
20.304909
20.086663
19.867419
19.648301
19.428554
19.2081
18.987288
18.76731
18.547586
18.328461
18.111945
17.902302
17.707102
17.541332
17.430467
17.424413
17.573827
18.099169
19.344505
21.650623
25.564371
31.720245
41.24007
54.041987
68.446666
84.010729
97.772062
107.8418
114.18633
117.66202
119.07827
119.14887
118.35833
117.15774
115.78202
114.25478
112.5703
110.79715
109.00812
107.19626
105.36479
103.52822
101.72279
99.981153
98.3082
96.696125
95.142982
93.653553
92.233597
90.881813
89.592201
88.357898
87.180704
86.064414
85.005689
83.998169
83.037149
82.119753
81.241774
80.405239
79.608852
78.849285
78.123195
77.427811
76.76079
76.119728
75.504016
74.913013
74.345518
73.800257
73.274854
72.768154
72.27906
71.811386
71.347267
70.972459
70.302978
24.638313
24.47902
24.317164
24.152604
23.985311
23.815285
23.642534
23.467071
23.28891
23.108071
22.924572
22.73844
22.549707
22.358417
22.16462
21.968373
21.769733
21.568759
21.365499
21.159998
20.952296
20.742401
20.530348
20.316186
20.09997
19.881743
19.66155
19.43938
19.215115
18.988653
18.759309
18.52837
18.296443
18.063874
17.831018
17.59867
17.367309
17.136242
16.905877
16.678059
16.452356
16.231922
16.026108
15.852931
15.765673
15.830661
16.304712
17.608154
20.26555
24.945651
32.861558
44.456222
57.822219
72.324124
84.034542
92.105774
96.831743
99.056443
99.68587
99.380439
98.548278
97.504289
96.286762
94.947009
93.518067
92.085047
90.62393
89.127184
87.597211
86.066387
84.570438
83.120892
81.713339
80.346668
79.0279
77.761249
76.547029
75.384354
74.272525
73.211193
72.198718
71.230441
70.307667
69.431276
68.598153
67.803929
67.045561
66.319716
65.628906
64.970924
64.342799
63.741995
63.166276
62.613823
62.08419
61.575802
61.091849
60.612681
60.226716
59.54376
24.638328
24.479035
24.317178
24.152617
23.985323
23.815295
23.642542
23.467077
23.288915
23.108074
22.924575
22.738445
22.549715
22.358427
22.164631
21.968381
21.769732
21.568741
21.365466
21.159962
20.952287
20.742506
20.530679
20.31687
20.101142
19.883558
19.66418
19.443073
19.2203
18.995927
18.769994
18.542566
18.313728
18.083574
17.852187
17.619641
17.385974
17.151081
16.914778
16.675975
16.436622
16.197513
15.959349
15.723985
15.490057
15.258463
15.031163
14.8114
14.610871
14.470019
14.461014
14.821779
16.011245
18.650541
23.413563
32.212811
43.526799
56.498893
68.159131
76.609336
81.764542
84.273934
85.032373
84.881494
84.260112
83.442298
82.467365
81.380546
80.215471
79.03724
77.822885
76.565453
75.273462
73.976111
72.702707
71.453944
70.224655
69.021327
67.855155
66.731276
65.649569
64.609188
63.610014
62.654438
61.742066
60.870992
60.039873
59.245523
58.489306
57.770482
57.086214
56.433452
55.809202
55.214319
54.648296
54.107609
53.594499
53.08769
52.679646
51.966542
24.638345
24.479054
24.317199
24.152639
23.985346
23.815318
23.642566
23.467101
23.288939
23.1081
22.924603
22.738475
22.549749
22.358465
22.164674
21.968429
21.769786
21.568798
21.365524
21.160017
20.952334
20.742534
20.53068
20.316837
20.101072
19.88346
19.664072
19.442987
19.220285
18.996048
18.770366
18.543325
18.315011
18.085511
17.854911
17.623299
17.390758
17.157373
16.923231
16.68837
16.452866
16.216816
15.980289
15.743354
15.505844
15.267097
15.026728
14.786829
14.549409
14.315485
14.084016
13.858236
13.640807
13.443156
13.321933
13.353586
13.951945
15.65663
19.099214
25.865944
35.799576
47.557106
58.4305
66.265506
70.95896
73.125573
73.714128
73.544569
73.01696
72.334599
71.507634
70.583599
69.604083
68.608659
67.581004
66.509507
65.405444
64.294678
63.191906
62.098921
61.02024
59.966307
58.941061
57.945705
56.982572
56.055358
55.166011
54.313182
53.495055
52.71343
51.967974
51.256824
50.5776
49.930741
49.316012
48.730217
48.175295
47.628952
47.189609
46.432256
24.638364
24.479076
24.317223
24.152664
23.985372
23.815346
23.642595
23.467131
23.288971
23.108133
22.924639
22.738516
22.549795
22.358518
22.164733
21.968493
21.769854
21.56887
21.365596
21.160089
20.952405
20.742603
20.530744
20.316894
20.10112
19.883494
19.66409
19.442984
19.220256
18.995989
18.770267
18.54318
18.314818
18.085272
17.854638
17.623013
17.390495
17.157185
16.923185
16.688605
16.453549
16.218117
15.982406
15.746502
15.510494
15.274452
15.038407
14.802415
14.566571
14.33078
14.094856
13.856643
13.619099
13.385174
13.155313
12.928847
12.709868
12.502891
12.341045
12.293874
12.680793
14.04113
16.992561
23.242574
32.48156
43.548081
53.048679
59.522088
63.046598
64.486621
64.725435
64.449599
63.941935
63.319602
62.579213
61.77575
60.944919
60.087039
59.186197
58.244907
57.284126
56.323253
55.362778
54.403131
53.453917
52.52424
51.617878
50.737335
49.883679
49.059814
48.267395
47.507418
46.780025
46.083857
45.418979
44.784452
44.183244
43.592883
43.114675
42.299129
24.638384
24.479098
24.317248
24.152691
23.985401
23.815376
23.642626
23.467164
23.289006
23.108171
22.92468
22.738562
22.549847
22.358576
22.164798
21.968565
21.769932
21.568951
21.36568
21.160174
20.952491
20.742688
20.530828
20.316976
20.1012
19.883571
19.664164
19.443054
19.220322
18.996049
18.77032
18.543223
18.314847
18.085285
17.854631
17.622981
17.390434
17.157091
16.923053
16.688426
16.453314
16.217825
15.982065
15.746143
15.510167
15.274249
15.038502
14.803031
14.567932
14.333278
14.09916
13.865567
13.632518
13.400124
13.168239
12.936313
12.702815
12.471199
12.245369
12.022664
11.808017
11.60325
11.436555
11.375931
11.764014
13.178408
16.272387
23.167997
32.398814
42.345329
50.002695
54.661073
56.759264
57.391046
57.29829
56.922192
56.422875
55.831691
55.167146
54.463017
53.738548
52.97645
52.172725
51.340876
50.499244
49.650355
48.796133
47.946731
47.10891
46.285502
45.480189
44.698115
43.942612
43.213163
42.510705
41.836214
41.19452
40.563884
40.048033
39.170158
24.638406
24.479123
24.317274
24.15272
23.985431
23.815408
23.64266
23.4672
23.289044
23.108211
22.924725
22.738611
22.549903
22.358639
22.164869
21.968642
21.770014
21.569038
21.36577
21.160265
20.952581
20.742777
20.530916
20.317061
20.101283
19.883652
19.664241
19.443128
19.220393
18.996117
18.770385
18.543285
18.314906
18.085341
17.854684
17.623031
17.39048
17.157133
16.92309
16.688455
16.453333
16.217829
15.982051
15.746105
15.510099
15.274142
15.038343
14.802811
14.567654
14.33298
14.098896
13.865519
13.632952
13.401279
13.170566
12.94088
12.712178
12.484501
12.257792
12.032118
11.8042
11.577956
11.358277
11.141898
10.934479
10.737143
10.588346
10.567526
11.181007
12.944708
17.194763
24.771221
34.428042
42.544122
47.871333
50.324998
51.218269
51.276791
50.997415
50.582949
50.092469
49.527939
48.926779
48.307645
47.653113
46.956286
46.227872
45.486291
44.734197
43.972352
43.209404
42.453055
41.707742
40.976329
40.262543
39.568855
38.902294
38.242668
37.699465
36.768371
24.638429
24.479148
24.317302
24.15275
23.985463
23.815442
23.642696
23.467238
23.289084
23.108255
22.924773
22.738664
22.549962
22.358706
22.164943
21.968724
21.770101
21.569129
21.365864
21.16036
20.952677
20.742872
20.531009
20.317153
20.101372
19.883738
19.664325
19.443209
19.22047
18.99619
18.770455
18.543351
18.31497
18.085401
17.854741
17.623085
17.390532
17.157182
16.923138
16.688501
16.453377
16.217872
15.982092
15.746145
15.510137
15.274177
15.038372
14.80283
14.567658
14.332963
14.098851
13.865428
13.632799
13.401068
13.170336
12.940705
12.712283
12.485165
12.259396
12.035068
11.812089
11.590471
11.370175
11.151393
10.930345
10.711722
10.499773
10.291976
10.093448
9.9138076
9.7977567
10.004972
11.121731
13.93106
20.29074
28.977693
37.020324
42.503775
45.083842
46.067742
46.187404
45.950282
45.586514
45.161855
44.671888
44.151244
43.611305
43.039916
42.429248
41.787744
41.130485
40.45871
39.775588
39.089394
38.405892
37.72804
37.06555
36.399916
35.847494
34.88457
24.638454
24.479176
24.317332
24.152782
23.985497
23.815478
23.642734
23.467278
23.289127
23.108301
22.924823
22.73872
22.550025
22.358777
22.165021
21.968809
21.770192
21.569225
21.365962
21.16046
20.952777
20.742972
20.531107
20.31725
20.101466
19.883829
19.664413
19.443293
19.220551
18.996268
18.770529
18.543422
18.315036
18.085465
17.854801
17.623142
17.390586
17.157234
16.923186
16.688548
16.453422
16.217915
15.982133
15.746184
15.510175
15.274214
15.038408
14.802866
14.567693
14.332998
14.098884
13.865458
13.632822
13.401077
13.170326
12.940666
12.712197
12.485013
12.259211
12.034878
11.81212
11.591026
11.371626
11.154009
10.938045
10.723744
10.511048
10.299769
10.086842
9.8780671
9.6749329
9.4792488
9.2949972
9.1494765
9.1801119
9.9574405
12.091434
17.669533
25.674971
33.318546
38.517235
40.874879
41.74123
41.829955
41.601819
41.268826
40.887378
40.456103
39.999479
39.524852
39.020218
38.47712
37.905377
37.316254
36.71106
36.093455
35.476026
34.839861
34.306384
33.348339
24.63848
24.479204
24.317363
24.152815
23.985533
23.815516
23.642774
23.467321
23.289173
23.10835
22.924877
22.738779
22.550091
22.358851
22.165103
21.968897
21.770287
21.569324
21.366064
21.160564
20.952881
20.743075
20.53121
20.31735
20.101565
19.883925
19.664505
19.443382
19.220636
18.99635
18.770607
18.543496
18.315107
18.085532
17.854865
17.623203
17.390644
17.157289
16.923239
16.688597
16.453469
16.21796
15.982176
15.746225
15.510214
15.274251
15.038444
14.8029
14.567727
14.33303
14.098916
13.865489
13.632852
13.401107
13.170355
12.940694
12.712221
12.485029
12.259211
12.034857
11.812056
11.590895
11.371459
11.153825
10.93809
10.724328
10.512559
10.302836
10.095033
9.8890517
9.6852145
9.4806776
9.2771493
9.0808907
8.8885435
8.7122749
8.5409683
8.5184959
9.1524595
11.06721
16.305991
23.975275
31.012426
35.510323
37.419133
38.046479
38.053366
37.820145
37.508645
37.161401
36.776139
36.371112
35.948919
35.493594
35.002968
34.487125
33.957395
33.39086
32.911453
32.008551
24.638508
24.479235
24.317396
24.152851
23.98557
23.815556
23.642816
23.467366
23.289221
23.108402
22.924933
22.738842
22.55016
22.358927
22.165187
21.968989
21.770384
21.569426
21.36617
21.160671
20.952989
20.743183
20.531316
20.317455
20.101667
19.884024
19.664601
19.443475
19.220726
18.996435
18.770689
18.543575
18.315182
18.085603
17.854933
17.623267
17.390705
17.157347
16.923294
16.68865
16.453519
16.218008
15.982222
15.746269
15.510256
15.274291
15.038482
14.802937
14.567762
14.333064
14.098948
13.865519
13.632881
13.401136
13.170383
12.940721
12.712247
12.485054
12.259236
12.034881
11.812077
11.590909
11.371458
11.153804
10.938025
10.724197
10.512393
10.302679
10.095143
9.8898225
9.6867661
9.4858875
9.2870548
9.0903554
8.8950896
8.698012
8.5093111
8.3211545
8.1611438
7.9541028
7.9561737
8.5899461
10.620065
15.908913
23.500335
29.709367
33.091098
34.451828
34.817226
34.74207
34.50695
34.216161
33.897217
33.548231
33.181953
32.797163
32.383941
31.919674
31.527433
30.732517
24.638538
24.479267
24.317431
24.152888
23.98561
23.815598
23.642861
23.467413
23.289272
23.108457
22.924993
22.738907
22.550232
22.359007
22.165275
21.969084
21.770485
21.569532
21.366279
21.160782
20.953101
20.743294
20.531427
20.317563
20.101773
19.884128
19.664702
19.443572
19.220819
18.996525
18.770775
18.543656
18.31526
18.085678
17.855004
17.623335
17.390769
17.157408
16.923352
16.688705
16.453572
16.218058
15.98227
15.746315
15.5103
15.274334
15.038523
14.802976
14.567799
14.333099
14.098982
13.865552
13.632913
13.401166
13.170412
12.940748
12.712273
12.485079
12.25926
12.034904
11.8121
11.590931
11.37148
11.153825
10.938044
10.724208
10.512388
10.302651
10.095064
9.8896915
9.6865882
9.4858239
9.2874622
9.0914951
8.8979787
8.7065782
8.5175441
8.3307774
8.1406427
7.958281
7.7806242
7.6151914
7.4684289
7.496035
8.233043
10.783231
16.519076
23.519337
28.640722
30.987845
31.867709
31.990835
31.83562
31.588949
31.310661
31.012086
30.698113
30.350799
30.06425
29.418799
24.63857
24.479301
24.317467
24.152927
23.985651
23.815642
23.642908
23.467463
23.289325
23.108514
22.925055
22.738975
22.550308
22.35909
22.165365
21.969181
21.770589
21.56964
21.366391
21.160896
20.953215
20.743409
20.53154
20.317675
20.101883
19.884235
19.664805
19.443672
19.220916
18.996618
18.770864
18.543742
18.315341
18.085755
17.855078
17.623405
17.390836
17.157472
16.923413
16.688763
16.453628
16.218111
15.982321
15.746363
15.510346
15.274378
15.038565
14.803017
14.567838
14.333137
14.099018
13.865587
13.632946
13.401198
13.170442
12.940777
12.712301
12.485106
12.259285
12.034928
11.812123
11.590953
11.371501
11.153845
10.938063
10.724227
10.512407
10.30267
10.095079
9.8896964
9.6865781
9.4857796
9.2873554
9.0913552
8.8978226
8.7068373
8.5183525
8.3325424
8.148757
7.9677943
7.7888759
7.6079404
7.4345033
7.2652802
7.1117216
6.9717156
7.1571482
8.1228962
11.859679
18.172844
24.158915
27.672122
29.06021
29.46057
29.425261
29.237
28.999619
28.724906
28.502298
28.012801
24.638604
24.479337
24.317506
24.152968
23.985695
23.815688
23.642957
23.467516
23.289381
23.108575
22.925121
22.739047
22.550386
22.359176
22.165459
21.969282
21.770695
21.569752
21.366506
21.161013
20.953334
20.743527
20.531657
20.317791
20.101996
19.884345
19.664913
19.443776
19.221016
18.996714
18.770956
18.54383
18.315426
18.085836
17.855155
17.623479
17.390906
17.157538
16.923477
16.688824
16.453686
16.218167
15.982374
15.746414
15.510395
15.274424
15.03861
14.803059
14.567879
14.333176
14.099056
13.865623
13.632981
13.401231
13.170474
12.940808
12.71233
12.485134
12.259312
12.034954
11.812147
11.590976
11.371522
11.153866
10.938083
10.724245
10.512425
10.302687
10.095096
9.889713
9.6865946
9.4857948
9.2873642
9.0913507
8.8977977
8.7067508
8.5182484
8.3323243
8.1490439
7.9683976
7.7904382
7.6148027
7.4417546
7.2702819
7.09788
6.9322337
6.7737504
6.6309305
6.532609
6.9552187
8.6811291
13.528817
19.83347
24.453014
26.476559
27.185897
27.269284
27.117009
26.954496
26.560136
24.638639
24.479375
24.317547
24.153011
23.985741
23.815737
23.643009
23.467571
23.28944
23.108638
22.925189
22.739121
22.550467
22.359265
22.165555
21.969385
21.770805
21.569866
21.366623
21.161133
20.953455
20.743648
20.531778
20.317909
20.102112
19.884459
19.665023
19.443884
19.221119
18.996814
18.771052
18.543922
18.315514
18.08592
17.855235
17.623555
17.390979
17.157608
16.923543
16.688887
16.453746
16.218224
15.982429
15.746467
15.510446
15.274473
15.038656
14.803104
14.567922
14.333217
14.099095
13.865661
13.633017
13.401265
13.170507
12.94084
12.71236
12.485162
12.259339
12.03498
11.812172
11.591
11.371545
11.153888
10.938103
10.724265
10.512443
10.302704
10.095113
9.8897286
9.6866095
9.4858094
9.2873787
9.0913649
8.8978119
8.7067601
8.5182478
8.3323072
8.1489757
7.9682811
7.7902466
7.614931
7.442302
7.2724053
7.1047429
6.9401676
6.7749721
6.6124823
6.4542947
6.3120565
6.1677647
6.2704859
7.0322111
10.478888
16.327684
21.446488
24.081257
25.04409
25.329128
25.125333
24.638677
24.479416
24.317589
24.153057
23.985789
23.815788
23.643063
23.467629
23.289502
23.108705
22.925261
22.739199
22.550552
22.359356
22.165654
21.969491
21.770917
21.569983
21.366744
21.161256
20.953579
20.743772
20.531901
20.318031
20.102232
19.884576
19.665137
19.443994
19.221226
18.996917
18.771151
18.544017
18.315605
18.086007
17.855317
17.623634
17.391055
17.15768
16.923612
16.688953
16.453809
16.218284
15.982486
15.746522
15.510498
15.274523
15.038705
14.80315
14.567966
14.33326
14.099136
13.8657
13.633054
13.401301
13.170541
12.940872
12.712391
12.485193
12.259368
12.035007
11.812198
11.591024
11.371569
11.15391
10.938124
10.724285
10.512462
10.302722
10.09513
9.8897448
9.6866248
9.4858237
9.2873923
9.0913779
8.8978244
8.7067726
8.5182598
8.3323201
8.1489842
7.9682802
7.7902315
7.6148647
7.4421974
7.2722547
7.1050586
6.9406305
6.7788379
6.6193084
6.4629635
6.303831
6.1515755
6.0061151
5.8707462
5.7881921
6.2011479
8.1527191
13.033852
18.383972
21.853416
23.262266
24.638717
24.479458
24.317635
24.153105
23.98584
23.815842
23.64312
23.467689
23.289567
23.108774
22.925335
22.73928
22.550639
22.35945
22.165755
21.969599
21.771031
21.570102
21.366867
21.161382
20.953706
20.7439
20.532028
20.318156
20.102355
19.884696
19.665255
19.444108
19.221336
18.997023
18.771253
18.544115
18.315698
18.086096
17.855403
17.623716
17.391133
17.157755
16.923683
16.689021
16.453874
16.218346
15.982546
15.746579
15.510553
15.274576
15.038755
14.803198
14.568012
14.333304
14.099179
13.865741
13.633093
13.401339
13.170577
12.940907
12.712424
12.485224
12.259398
12.035035
11.812225
11.59105
11.371593
11.153933
10.938146
10.724306
10.512482
10.302741
10.095147
9.8897615
9.6866406
9.4858387
9.2874064
9.0913911
8.8978369
8.7067843
8.5182709
8.3323308
8.1489948
7.9682906
7.7902427
7.6148723
7.4421981
7.2722345
7.1050012
6.9404996
6.778773
6.6197782
6.4636483
6.309788
6.1589542
6.0084941
5.8599388
5.7155833
5.5861932
5.4595205
5.6354464
7.0323447
10.277078
17.275697
24.638759
24.479503
24.317682
24.153155
23.985893
23.815899
23.64318
23.467753
23.289634
23.108846
22.925413
22.739363
22.550729
22.359548
22.16586
21.96971
21.771148
21.570224
21.366993
21.16151
20.953835
20.744029
20.532157
20.318284
20.102481
19.88482
19.665375
19.444225
19.221449
18.997132
18.771358
18.544216
18.315795
18.086189
17.855492
17.623801
17.391214
17.157832
16.923757
16.689092
16.453941
16.218411
15.982607
15.746638
15.510609
15.27463
15.038807
14.803248
14.56806
14.33335
14.099223
13.865783
13.633134
13.401377
13.170614
12.940942
12.712458
12.485256
12.259428
12.035065
11.812253
11.591076
11.371618
11.153957
10.938169
10.724327
10.512502
10.30276
10.095166
9.8897787
9.6866569
9.485854
9.2874209
9.0914048
8.8978497
8.7067964
8.5182823
8.3323415
8.1490048
7.9683001
7.7902518
7.6148814
7.4422071
7.2722442
7.1050054
6.9404996
6.778735
6.6197211
6.4634556
6.309967
6.1592545
6.0112054
5.8654967
5.7228358
5.5776464
5.4397566
5.3050211
5.2046423
5.1617701
8.3134701
24.638804
24.47955
24.317732
24.153208
23.985949
23.815958
23.643243
23.467819
23.289705
23.108922
22.925494
22.73945
22.550822
22.359648
22.165967
21.969824
21.771267
21.570348
21.367121
21.161641
20.953967
20.744162
20.532289
20.318415
20.10261
19.884946
19.665498
19.444345
19.221566
18.997244
18.771466
18.54432
18.315895
18.086285
17.855583
17.623888
17.391297
17.157912
16.923833
16.689164
16.454011
16.218478
15.982671
15.746699
15.510668
15.274686
15.038861
14.8033
14.56811
14.333397
14.099268
13.865826
13.633175
13.401417
13.170652
12.940979
12.712493
12.485289
12.25946
12.035095
11.812281
11.591104
11.371644
11.153982
10.938192
10.724349
10.512523
10.30278
10.095184
9.8897965
9.6866736
9.4858698
9.2874358
9.0914188
8.8978629
8.7068088
8.5182939
8.3323524
8.1490151
7.9683097
7.7902608
7.6148898
7.442215
7.2722519
7.1050128
6.9405076
6.7787424
6.6197225
6.4634467
6.3099215
6.159137
6.0111182
5.8658049
5.7233881
5.5829271
5.4467262
5.3048571
5.1877702
4.9849216
5.0144859
24.638851
24.4796
24.317785
24.153263
23.986008
23.81602
23.643308
23.467889
23.289779
23.109
22.925578
22.73954
22.550919
22.359751
22.166076
21.96994
21.771389
21.570475
21.367251
21.161774
20.954102
20.744297
20.532424
20.318549
20.102742
19.885075
19.665625
19.444468
19.221685
18.99736
18.771577
18.544427
18.315998
18.086383
17.855678
17.623978
17.391384
17.157994
16.923912
16.68924
16.454083
16.218546
15.982737
15.746762
15.510728
15.274744
15.038916
14.803353
14.568161
14.333446
14.099315
13.865871
13.633218
13.401458
13.170692
12.941016
12.712529
12.485323
12.259493
12.035126
11.812311
11.591132
11.371671
11.154007
10.938216
10.724372
10.512545
10.302801
10.095204
9.8898147
9.6866908
9.485886
9.287451
9.0914332
8.8978764
8.7068215
8.5183058
8.3323635
8.1490255
7.9683195
7.7902699
7.6148983
7.4422229
7.2722593
7.1050197
6.940514
6.7787489
6.6197285
6.4634543
6.3099253
6.1591374
6.0110865
5.8657665
5.7231724
5.583299
5.4461643
5.3118013
5.1777159
5.0594268
4.8591094
24.638901
24.479653
24.31784
24.153322
23.98607
23.816084
23.643377
23.467961
23.289856
23.109082
22.925665
22.739633
22.551018
22.359856
22.166189
21.970059
21.771514
21.570604
21.367384
21.16191
20.954239
20.744435
20.532562
20.318686
20.102877
19.885208
19.665754
19.444594
19.221807
18.997478
18.771692
18.544536
18.316103
18.086484
17.855775
17.624071
17.391472
17.158079
16.923993
16.689317
16.454157
16.218617
15.982805
15.746827
15.510791
15.274803
15.038973
14.803408
14.568213
14.333496
14.099363
13.865917
13.633263
13.401501
13.170732
12.941055
12.712566
12.485359
12.259526
12.035158
11.812341
11.591161
11.371698
11.154033
10.938241
10.724396
10.512567
10.302821
10.095223
9.8898334
9.6867084
9.4859026
9.2874666
9.0914478
8.8978902
8.7068345
8.518318
8.3323749
8.1490362
7.9683294
7.7902792
7.6149069
7.442231
7.2722668
7.1050267
6.9405205
6.7787549
6.619734
6.4634596
6.3099304
6.1591433
6.0110914
5.8657705
5.7231534
5.5833013
5.4458946
5.3122797
5.1765302
5.0644441
4.8640915
24.638954
24.479708
24.317898
24.153383
23.986134
23.816152
23.643448
23.468037
23.289936
23.109167
22.925755
22.739729
22.55112
22.359965
22.166304
21.97018
21.77164
21.570736
21.367519
21.162047
20.954379
20.744576
20.532702
20.318825
20.103014
19.885343
19.665886
19.444722
19.221932
18.997599
18.771809
18.544649
18.316211
18.086588
17.855874
17.624166
17.391564
17.158166
16.924076
16.689397
16.454233
16.218691
15.982875
15.746894
15.510855
15.274865
15.039032
14.803464
14.568267
14.333548
14.099413
13.865965
13.633308
13.401544
13.170774
12.941095
12.712604
12.485395
12.259561
12.035191
11.812373
11.591191
11.371727
11.15406
10.938266
10.72442
10.512589
10.302843
10.095244
9.8898524
9.6867264
9.4859195
9.2874826
9.0914628
8.8979043
8.7068476
8.5183303
8.3323865
8.149047
7.9683395
7.7902886
7.6149157
7.4422391
7.2722743
7.1050337
6.9405269
6.7787608
6.6197396
6.4634647
6.3099351
6.1591477
6.0110957
5.8657745
5.7231593
5.5833013
5.4459039
5.3122005
5.1766349
5.0638565
4.8637912
24.639009
24.479766
24.317959
24.153447
23.986201
23.816223
23.643523
23.468115
23.290019
23.109255
22.925848
22.739828
22.551225
22.360076
22.166421
21.970303
21.771769
21.570869
21.367657
21.162188
20.954521
20.744719
20.532845
20.318967
20.103154
19.885481
19.666021
19.444854
19.22206
18.997723
18.771928
18.544765
18.316323
18.086695
17.855977
17.624265
17.391658
17.158256
16.924162
16.689479
16.454312
16.218766
15.982947
15.746963
15.510921
15.274928
15.039093
14.803522
14.568323
14.333602
14.099464
13.866014
13.633355
13.401589
13.170817
12.941136
12.712643
12.485432
12.259596
12.035225
11.812405
11.591221
11.371755
11.154087
10.938292
10.724444
10.512613
10.302865
10.095264
9.8898719
9.6867447
9.4859368
9.2874988
9.091478
8.8979185
8.706861
8.5183428
8.3323982
8.1490579
7.9683497
7.7902981
7.6149245
7.4422473
7.2722819
7.1050407
6.9405334
6.7787668
6.6197451
6.4634697
6.3099398
6.1591519
6.0110996
5.865778
5.7231631
5.5833033
5.445912
5.3121917
5.1766582
5.0638048
4.863628
24.639068
24.479827
24.318023
24.153514
23.986272
23.816297
23.643601
23.468197
23.290105
23.109346
22.925945
22.73993
22.551333
22.36019
22.166541
21.970429
21.771901
21.571005
21.367797
21.16233
20.954666
20.744864
20.53299
20.319111
20.103297
19.885621
19.666159
19.444989
19.222191
18.99785
18.772051
18.544883
18.316437
18.086804
17.856082
17.624365
17.391754
17.158349
16.924251
16.689564
16.454393
16.218843
15.983021
15.747034
15.510989
15.274993
15.039155
14.803582
14.56838
14.333656
14.099516
13.866064
13.633403
13.401635
13.170861
12.941177
12.712683
12.48547
12.259632
12.035259
11.812437
11.591252
11.371785
11.154115
10.938319
10.724469
10.512636
10.302887
10.095285
9.8898917
9.6867634
9.4859543
9.2875152
9.0914935
8.897933
8.7068745
8.5183555
8.33241
8.1490689
7.9683599
7.7903076
7.6149334
7.4422555
7.2722895
7.1050478
6.9405399
6.7787728
6.6197505
6.4634747
6.3099443
6.159156
6.0111034
5.8657814
5.7231662
5.5833059
5.4459147
5.3121951
5.1766616
5.0638112
4.8636293
24.639129
24.479891
24.31809
24.153584
23.986345
23.816374
23.643682
23.468283
23.290195
23.109441
22.926044
22.740035
22.551444
22.360307
22.166664
21.970558
21.772034
21.571144
21.367939
21.162475
20.954812
20.745011
20.533138
20.319258
20.103442
19.885764
19.666299
19.445126
19.222325
18.99798
18.772177
18.545004
18.316553
18.086917
17.856189
17.624469
17.391853
17.158443
16.924341
16.689651
16.454476
16.218923
15.983097
15.747107
15.511058
15.27506
15.039219
14.803643
14.568439
14.333713
14.09957
13.866116
13.633452
13.401682
13.170906
12.94122
12.712724
12.485509
12.25967
12.035294
11.812471
11.591284
11.371815
11.154144
10.938346
10.724495
10.51266
10.30291
10.095307
9.8899119
9.6867823
9.4859721
9.2875319
9.0915091
8.8979476
8.7068882
8.5183683
8.3324219
8.14908
7.9683703
7.7903172
7.6149422
7.4422637
7.2722971
7.1050547
6.9405463
6.7787787
6.6197559
6.4634796
6.3099488
6.1591601
6.0111071
5.8657847
5.7231691
5.5833086
5.445917
5.3121967
5.1766625
5.0638132
4.8636286
24.639193
24.479958
24.31816
24.153657
23.986422
23.816454
23.643766
23.468371
23.290288
23.109538
22.926147
22.740143
22.551558
22.360427
22.16679
21.970689
21.77217
21.571284
21.368083
21.162622
20.954961
20.745161
20.533287
20.319407
20.10359
19.88591
19.666442
19.445266
19.222461
18.998112
18.772305
18.545128
18.316673
18.087031
17.8563
17.624574
17.391954
17.15854
16.924434
16.68974
16.454561
16.219004
15.983175
15.747182
15.51113
15.275129
15.039285
14.803706
14.568499
14.33377
14.099625
13.866168
13.633503
13.401731
13.170952
12.941264
12.712765
12.485549
12.259708
12.03533
11.812505
11.591316
11.371846
11.154173
10.938373
10.724521
10.512685
10.302933
10.095329
9.8899323
9.6868015
9.4859902
9.2875488
9.0915249
8.8979624
8.706902
8.5183811
8.3324339
8.1490911
7.9683806
7.7903268
7.6149511
7.4422719
7.2723046
7.1050616
6.9405526
6.7787844
6.6197612
6.4634844
6.3099531
6.159164
6.0111106
5.8657878
5.7231719
5.5833111
5.4459192
5.3121992
5.1766656
5.0638153
4.8636278
24.639261
24.480029
24.318234
24.153734
23.986502
23.816538
23.643853
23.468463
23.290384
23.109639
22.926253
22.740254
22.551675
22.36055
22.166918
21.970822
21.772309
21.571427
21.368229
21.162771
20.955112
20.745313
20.53344
20.319559
20.10374
19.886058
19.666588
19.445408
19.2226
18.998247
18.772436
18.545254
18.316795
18.087149
17.856413
17.624683
17.392058
17.15864
16.92453
16.689831
16.454649
16.219088
15.983256
15.747258
15.511203
15.275199
15.039352
14.80377
14.568561
14.333829
14.099682
13.866222
13.633555
13.40178
13.170999
12.941309
12.712808
12.48559
12.259746
12.035367
11.81254
11.591349
11.371877
11.154202
10.938401
10.724547
10.51271
10.302956
10.095351
9.8899531
9.686821
9.4860084
9.2875659
9.0915409
8.8979773
8.7069159
8.5183941
8.3324459
8.1491023
7.9683909
7.7903363
7.6149599
7.44228
7.272312
7.1050684
6.9405588
6.7787901
6.6197663
6.4634891
6.3099573
6.1591677
6.0111139
5.8657908
5.7231745
5.5833134
5.4459212
5.3122001
5.1766659
5.0638158
4.8636256
24.639332
24.480102
24.31831
24.153814
23.986585
23.816625
23.643944
23.468557
23.290483
23.109743
22.926362
22.740369
22.551794
22.360675
22.167048
21.970958
21.772449
21.571572
21.368377
21.162922
20.955265
20.745467
20.533594
20.319712
20.103893
19.886209
19.666736
19.445553
19.222741
18.998384
18.772569
18.545384
18.316919
18.087269
17.856528
17.624794
17.392165
17.158742
16.924628
16.689925
16.454738
16.219174
15.983338
15.747337
15.511279
15.275271
15.039421
14.803836
14.568624
14.33389
14.09974
13.866278
13.633607
13.40183
13.171047
12.941355
12.712852
12.485631
12.259786
12.035405
11.812576
11.591383
11.371909
11.154233
10.93843
10.724574
10.512735
10.30298
10.095373
9.889974
9.6868406
9.4860268
9.2875831
9.0915569
8.8979923
8.7069298
8.518407
8.3324579
8.1491134
7.9684012
7.7903458
7.6149686
7.442288
7.2723193
7.1050751
6.9405649
6.7787956
6.6197713
6.4634935
6.3099613
6.1591713
6.011117
5.8657935
5.7231769
5.5833154
5.445923
5.3122023
5.1766689
5.0638179
4.8636249
24.639406
24.480179
24.31839
24.153897
23.986671
23.816715
23.644038
23.468656
23.290586
23.109851
22.926474
22.740486
22.551917
22.360803
22.167182
21.971096
21.772592
21.571719
21.368528
21.163075
20.95542
20.745624
20.533751
20.319868
20.104048
19.886362
19.666886
19.4457
19.222885
18.998525
18.772705
18.545515
18.317046
18.087391
17.856646
17.624907
17.392274
17.158846
16.924727
16.69002
16.45483
16.219261
15.983422
15.747417
15.511356
15.275345
15.039491
14.803904
14.568688
14.333951
14.099799
13.866334
13.633661
13.401882
13.171096
12.941402
12.712896
12.485674
12.259826
12.035443
11.812612
11.591417
11.371941
11.154263
10.938459
10.724601
10.512761
10.303004
10.095396
9.8899952
9.6868605
9.4860453
9.2876004
9.0915731
8.8980073
8.7069438
8.5184199
8.3324698
8.1491244
7.9684113
7.7903551
7.6149772
7.4422958
7.2723265
7.1050816
6.9405708
6.7788009
6.619776
6.4634977
6.309965
6.1591746
6.0111199
5.865796
5.723179
5.5833172
5.4459245
5.3122027
5.1766688
5.063818
4.8636224
24.639483
24.480259
24.318473
24.153983
23.986761
23.816809
23.644136
23.468757
23.290692
23.109961
22.92659
22.740606
22.552042
22.360933
22.167317
21.971237
21.772737
21.571868
21.36868
21.163231
20.955577
20.745782
20.533909
20.320027
20.104205
19.886517
19.667039
19.44585
19.223032
18.998667
18.772843
18.545649
18.317176
18.087516
17.856766
17.625023
17.392385
17.158953
16.92483
16.690118
16.454924
16.219351
15.983507
15.747499
15.511434
15.27542
15.039563
14.803973
14.568754
14.334014
14.099859
13.866392
13.633716
13.401934
13.171146
12.94145
12.712942
12.485717
12.259867
12.035482
11.812649
11.591452
11.371974
11.154294
10.938488
10.724629
10.512786
10.303028
10.095418
9.8900165
9.6868804
9.4860639
9.2876178
9.0915892
8.8980223
8.7069577
8.5184328
8.3324817
8.1491354
7.9684214
7.7903643
7.6149856
7.4423035
7.2723334
7.1050879
6.9405764
6.7788059
6.6197805
6.4635017
6.3099685
6.1591776
6.0111225
5.8657982
5.7231809
5.5833187
5.4459258
5.312204
5.1766706
5.0638196
4.8636222
24.639564
24.480343
24.31856
24.154073
23.986855
23.816906
23.644236
23.468862
23.290801
23.110075
22.926708
22.74073
22.552171
22.361066
22.167455
21.97138
21.772884
21.572019
21.368835
21.163388
20.955736
20.745942
20.53407
20.320187
20.104364
19.886674
19.667194
19.446002
19.22318
18.998812
18.772984
18.545786
18.317308
18.087644
17.856889
17.625141
17.392498
17.159062
16.924934
16.690218
16.455019
16.219443
15.983595
15.747583
15.511515
15.275497
15.039637
14.804043
14.568822
14.334079
14.09992
13.86645
13.633772
13.401988
13.171197
12.941498
12.712988
12.485761
12.259908
12.035521
11.812686
11.591487
11.372008
11.154326
10.938517
10.724656
10.512813
10.303053
10.095441
9.890038
9.6869004
9.4860826
9.2876351
9.0916053
8.8980373
8.7069715
8.5184456
8.3324935
8.1491462
7.9684313
7.7903734
7.6149938
7.4423109
7.2723402
7.1050939
6.9405818
6.7788107
6.6197848
6.4635054
6.3099717
6.1591803
6.0111248
5.8658001
5.7231824
5.5833199
5.4459266
5.3122041
5.1766702
5.0638202
4.8636242
24.639648
24.48043
24.31865
24.154166
23.986951
23.817006
23.64434
23.46897
23.290913
23.110191
22.92683
22.740856
22.552302
22.361202
22.167596
21.971525
21.773034
21.572172
21.368991
21.163547
20.955897
20.746104
20.534232
20.320349
20.104525
19.886834
19.667351
19.446157
19.223331
18.998959
18.773128
18.545925
18.317442
18.087774
17.857014
17.625261
17.392614
17.159173
16.92504
16.69032
16.455117
16.219537
15.983685
15.747669
15.511597
15.275575
15.039712
14.804115
14.56889
14.334144
14.099983
13.86651
13.633829
13.402042
13.171249
12.941547
12.713035
12.485805
12.259951
12.035561
11.812724
11.591523
11.372041
11.154357
10.938547
10.724684
10.512839
10.303078
10.095464
9.8900595
9.6869205
9.4861013
9.2876525
9.0916214
8.8980521
8.7069853
8.5184582
8.3325051
8.1491568
7.968441
7.7903822
7.6150018
7.4423181
7.2723466
7.1050997
6.9405869
6.7788152
6.6197887
6.4635088
6.3099746
6.1591827
6.0111267
5.8658016
5.7231836
5.5833207
5.4459272
5.312204
5.1766698
5.06382
4.8636247
24.639735
24.48052
24.318743
24.154263
23.987051
23.817109
23.644448
23.469082
23.291029
23.110311
22.926954
22.740985
22.552435
22.361341
22.167739
21.971672
21.773185
21.572327
21.369149
21.163708
20.95606
20.746268
20.534396
20.320513
20.104688
19.886995
19.66751
19.446313
19.223484
18.999109
18.773273
18.546066
18.317579
18.087906
17.857142
17.625384
17.392732
17.159286
16.925149
16.690424
16.455217
16.219632
15.983776
15.747757
15.51168
15.275655
15.039789
14.804188
14.56896
14.334211
14.100047
13.866571
13.633887
13.402097
13.171301
12.941597
12.713082
12.48585
12.259993
12.035601
11.812762
11.591559
11.372075
11.154389
10.938577
10.724713
10.512865
10.303102
10.095487
9.890081
9.6869406
9.4861199
9.2876698
9.0916374
8.8980669
8.7069988
8.5184707
8.3325165
8.1491672
7.9684504
7.7903907
7.6150095
7.442325
7.2723528
7.1051051
6.9405917
6.7788194
6.6197922
6.4635118
6.309977
6.1591847
6.0111283
5.8658028
5.7231843
5.5833212
5.4459273
5.3122037
5.1766695
5.0638195
4.863623
24.639826
24.480614
24.31884
24.154363
23.987155
23.817216
23.644559
23.469196
23.291148
23.110434
22.927081
22.741117
22.552572
22.361482
22.167884
21.971822
21.773339
21.572484
21.369309
21.16387
20.956224
20.746433
20.534562
20.320679
20.104853
19.887158
19.667671
19.446471
19.22364
18.99926
18.773421
18.546209
18.317718
18.08804
17.857271
17.625509
17.392852
17.159401
16.92526
16.690531
16.455319
16.219729
15.983869
15.747846
15.511766
15.275737
15.039867
14.804262
14.569031
14.334279
14.100111
13.866633
13.633946
13.402153
13.171355
12.941648
12.71313
12.485896
12.260037
12.035642
11.8128
11.591596
11.37211
11.154421
10.938608
10.724741
10.512892
10.303127
10.095511
9.8901026
9.6869606
9.4861385
9.2876869
9.0916532
8.8980814
8.7070122
8.5184829
8.3325276
8.1491773
7.9684596
7.790399
7.6150168
7.4423316
7.2723585
7.1051102
6.9405961
6.7788231
6.6197953
6.4635144
6.3099791
6.1591863
6.0111294
5.8658035
5.7231847
5.5833211
5.445927
5.3122031
5.1766688
5.0638186
4.8636214
24.639921
24.480711
24.31894
24.154466
23.987261
23.817327
23.644673
23.469314
23.291269
23.11056
22.927212
22.741251
22.552711
22.361625
22.168032
21.971973
21.773494
21.572643
21.369471
21.164034
20.95639
20.746601
20.53473
20.320846
20.105019
19.887323
19.667834
19.446632
19.223797
18.999414
18.77357
18.546355
18.317859
18.088177
17.857403
17.625635
17.392974
17.159519
16.925372
16.690639
16.455422
16.219828
15.983964
15.747936
15.511852
15.27582
15.039946
14.804338
14.569104
14.334348
14.100177
13.866696
13.634006
13.40221
13.171409
12.941699
12.713179
12.485942
12.26008
12.035684
11.812839
11.591632
11.372144
11.154454
10.938638
10.72477
10.512919
10.303152
10.095534
9.890124
9.6869805
9.4861569
9.2877039
9.0916688
8.8980958
8.7070253
8.5184948
8.3325385
8.1491871
7.9684684
7.7904068
7.6150238
7.4423377
7.2723639
7.1051148
6.9406
6.7788264
6.619798
6.4635165
6.3099807
6.1591874
6.0111301
5.8658037
5.7231845
5.5833206
5.4459263
5.312202
5.1766677
5.0638172
4.8636197
24.640019
24.480812
24.319044
24.154573
23.987372
23.81744
23.64479
23.469435
23.291394
23.110689
22.927345
22.741388
22.552852
22.361771
22.168182
21.972127
21.773652
21.572804
21.369635
21.1642
20.956558
20.746769
20.534899
20.321015
20.105187
19.88749
19.667999
19.446794
19.223956
18.999569
18.773722
18.546502
18.318002
18.088315
17.857536
17.625764
17.393098
17.159638
16.925487
16.690748
16.455527
16.219929
15.984061
15.748029
15.511941
15.275904
15.040026
14.804415
14.569177
14.334418
14.100244
13.866759
13.634067
13.402268
13.171463
12.941751
12.713228
12.485989
12.260124
12.035725
11.812879
11.591669
11.372179
11.154487
10.938669
10.724798
10.512945
10.303177
10.095557
9.8901454
9.6870002
9.4861751
9.2877206
9.0916842
8.8981098
8.7070381
8.5185064
8.3325489
8.1491965
7.9684767
7.7904142
7.6150303
7.4423434
7.2723688
7.1051189
6.9406034
6.7788292
6.6198002
6.4635181
6.3099818
6.159188
6.0111302
5.8658034
5.7231838
5.5833196
5.4459249
5.3122004
5.176666
5.0638153
4.8636171
24.640121
24.480917
24.319151
24.154684
23.987485
23.817557
23.64491
23.469559
23.291522
23.110821
22.92748
22.741528
22.552996
22.361919
22.168334
21.972283
21.773811
21.572966
21.3698
21.164367
20.956727
20.746939
20.53507
20.321185
20.105357
19.887658
19.668165
19.446957
19.224116
18.999727
18.773875
18.546652
18.318147
18.088455
17.857672
17.625895
17.393224
17.159759
16.925603
16.69086
16.455634
16.220032
15.984159
15.748122
15.51203
15.27599
15.040108
14.804493
14.569251
14.334489
14.100312
13.866824
13.634128
13.402326
13.171519
12.941804
12.713278
12.486036
12.260169
12.035767
11.812918
11.591706
11.372214
11.154519
10.938699
10.724827
10.512972
10.303201
10.09558
9.8901665
9.6870197
9.486193
9.2877371
9.0916992
8.8981235
8.7070505
8.5185176
8.3325589
8.1492054
7.9684847
7.7904212
7.6150364
7.4423486
7.2723731
7.1051225
6.9406063
6.7788314
6.6198018
6.4635191
6.3099823
6.159188
6.0111297
5.8658025
5.7231826
5.583318
5.4459231
5.3121982
5.1766637
5.0638131
4.8636137
24.640225
24.481024
24.319262
24.154797
23.987602
23.817677
23.645033
23.469686
23.291653
23.110955
22.927619
22.741671
22.553142
22.362069
22.168488
21.97244
21.773972
21.57313
21.369966
21.164536
20.956897
20.747111
20.535242
20.321357
20.105528
19.887828
19.668333
19.447123
19.224279
18.999886
18.77403
18.546803
18.318294
18.088597
17.857809
17.626028
17.393351
17.159882
16.925721
16.690973
16.455743
16.220136
15.984258
15.748218
15.512121
15.276077
15.040191
14.804572
14.569327
14.334561
14.10038
13.866889
13.63419
13.402385
13.171575
12.941857
12.713328
12.486083
12.260214
12.035809
11.812958
11.591744
11.372249
11.154552
10.93873
10.724855
10.512998
10.303226
10.095602
9.8901874
9.6870389
9.4862106
9.2877532
9.0917139
8.8981367
8.7070624
8.5185283
8.3325685
8.1492139
7.9684921
7.7904276
7.6150418
7.4423532
7.2723769
7.1051255
6.9406086
6.778833
6.6198028
6.4635195
6.3099821
6.1591873
6.0111286
5.865801
5.7231807
5.5833158
5.4459206
5.3121954
5.1766609
5.0638102
4.8636099
24.640334
24.481135
24.319376
24.154914
23.987722
23.8178
23.64516
23.469816
23.291786
23.111093
22.92776
22.741815
22.553291
22.362221
22.168643
21.9726
21.774134
21.573295
21.370134
21.164706
20.957069
20.747283
20.535415
20.32153
20.1057
19.887999
19.668502
19.447289
19.224442
19.000046
18.774187
18.546955
18.318442
18.088741
17.857948
17.626162
17.393481
17.160006
16.925841
16.691088
16.455853
16.220241
15.984359
15.748314
15.512213
15.276165
15.040275
14.804653
14.569403
14.334634
14.10045
13.866955
13.634253
13.402445
13.171631
12.94191
12.713379
12.486131
12.260258
12.035852
11.812998
11.591781
11.372283
11.154584
10.93876
10.724883
10.513024
10.30325
10.095624
9.890208
9.6870578
9.4862278
9.2877688
9.0917281
8.8981495
8.7070739
8.5185385
8.3325775
8.1492217
7.9684989
7.7904334
7.6150467
7.4423571
7.2723801
7.1051279
6.9406103
6.778834
6.6198031
6.4635192
6.3099813
6.159186
6.0111269
5.8657988
5.7231781
5.5833129
5.4459174
5.312192
5.1766574
5.0638066
4.8636053
24.640445
24.481249
24.319493
24.155034
23.987845
23.817926
23.645289
23.469949
23.291923
23.111233
22.927903
22.741963
22.553442
22.362375
22.168801
21.972761
21.774298
21.573462
21.370304
21.164877
20.957241
20.747457
20.535589
20.321704
20.105873
19.888171
19.668672
19.447457
19.224607
19.000208
18.774345
18.547109
18.318592
18.088886
17.858089
17.626298
17.393612
17.160132
16.925962
16.691204
16.455964
16.220348
15.984461
15.748412
15.512307
15.276254
15.04036
14.804734
14.569481
14.334708
14.10052
13.867022
13.634316
13.402505
13.171688
12.941964
12.71343
12.486179
12.260304
12.035894
11.813037
11.591818
11.372318
11.154617
10.93879
10.724911
10.51305
10.303274
10.095646
9.8902281
9.6870762
9.4862446
9.287784
9.0917417
8.8981617
8.7070847
8.5185481
8.3325859
8.149229
7.968505
7.7904385
7.6150509
7.4423604
7.2723825
7.1051296
6.9406112
6.7788342
6.6198027
6.4635182
6.3099798
6.159184
6.0111244
5.8657959
5.7231748
5.5833092
5.4459135
5.3121879
5.1766533
5.0638025
4.8635999
24.64056
24.481367
24.319613
24.155157
23.987971
23.818055
23.645422
23.470084
23.292062
23.111375
22.928049
22.742112
22.553595
22.362532
22.168961
21.972923
21.774464
21.57363
21.370474
21.16505
20.957415
20.747632
20.535764
20.321879
20.106048
19.888344
19.668843
19.447626
19.224773
19.000371
18.774505
18.547265
18.318743
18.089033
17.858231
17.626435
17.393744
17.16026
16.926084
16.691322
16.456077
16.220456
15.984565
15.748511
15.512401
15.276344
15.040446
14.804816
14.569559
14.334782
14.10059
13.867089
13.63438
13.402565
13.171745
12.942018
12.71348
12.486227
12.260349
12.035936
11.813077
11.591855
11.372353
11.154649
10.93882
10.724939
10.513076
10.303298
10.095668
9.8902478
9.6870941
9.4862608
9.2877986
9.0917548
8.8981733
8.707095
8.518557
8.3325936
8.1492355
7.9685104
7.7904429
7.6150543
7.4423629
7.2723842
7.1051304
6.9406113
6.7788336
6.6198015
6.4635164
6.3099774
6.1591811
6.0111211
5.8657922
5.7231707
5.5833048
5.4459088
5.3121829
5.1766484
5.0637975
4.8635937
24.640679
24.481488
24.319736
24.155283
23.9881
23.818187
23.645557
23.470222
23.292203
23.11152
22.928197
22.742263
22.553749
22.362689
22.169122
21.973087
21.774631
21.5738
21.370646
21.165223
20.95759
20.747807
20.53594
20.322055
20.106223
19.888517
19.669015
19.447796
19.224941
19.000535
18.774665
18.547421
18.318895
18.089181
17.858374
17.626573
17.393878
17.160388
16.926208
16.691441
16.456191
16.220565
15.984669
15.748611
15.512497
15.276435
15.040533
14.804898
14.569638
14.334857
14.100662
13.867156
13.634444
13.402626
13.171802
12.942072
12.713532
12.486275
12.260394
12.035979
11.813117
11.591892
11.372387
11.154681
10.93885
10.724966
10.513101
10.303321
10.095689
9.8902669
9.6871114
9.4862764
9.2878125
9.0917672
8.8981843
8.7071045
8.5185652
8.3326005
8.1492412
7.9685151
7.7904465
7.6150569
7.4423646
7.272385
7.1051304
6.9406106
6.7788322
6.6197994
6.4635138
6.3099742
6.1591774
6.0111169
5.8657876
5.7231658
5.5832995
5.4459032
5.3121772
5.1766428
5.0637918
4.863587
24.6408
24.481611
24.319863
24.155412
23.988231
23.818322
23.645694
23.470363
23.292347
23.111667
22.928347
22.742417
22.553906
22.362849
22.169284
21.973253
21.774799
21.57397
21.370818
21.165397
20.957765
20.747983
20.536116
20.322231
20.106398
19.888692
19.669188
19.447966
19.225109
19.000699
18.774826
18.547579
18.319049
18.08933
17.858519
17.626713
17.394012
17.160518
16.926333
16.691561
16.456306
16.220675
15.984775
15.748711
15.512593
15.276527
15.040621
14.804982
14.569717
14.334932
14.100733
13.867224
13.634508
13.402686
13.17186
12.942126
12.713583
12.486323
12.260439
12.036021
11.813156
11.591929
11.372421
11.154712
10.938879
10.724993
10.513125
10.303343
10.09571
9.8902854
9.687128
9.4862913
9.2878258
9.0917788
8.8981944
8.7071132
8.5185725
8.3326066
8.1492461
7.9685188
7.7904492
7.6150586
7.4423654
7.2723849
7.1051295
6.9406089
6.7788298
6.6197964
6.4635102
6.3099701
6.1591728
6.0111118
5.8657821
5.7231599
5.5832933
5.4458968
5.3121705
5.1766362
5.063785
4.8635794
24.640924
24.481738
24.319992
24.155544
23.988366
23.818459
23.645834
23.470506
23.292493
23.111815
22.928499
22.742572
22.554064
22.36301
22.169448
21.973419
21.774968
21.574141
21.370991
21.165572
20.957941
20.74816
20.536293
20.322408
20.106575
19.888867
19.669361
19.448137
19.225277
19.000865
18.774988
18.547737
18.319203
18.08948
17.858664
17.626854
17.394148
17.160649
16.926459
16.691682
16.456422
16.220786
15.984881
15.748813
15.51269
15.276619
15.040709
14.805066
14.569797
14.335008
14.100805
13.867292
13.634573
13.402748
13.171917
12.942181
12.713634
12.486371
12.260484
12.036063
11.813195
11.591965
11.372455
11.154744
10.938907
10.725019
10.51315
10.303365
10.095729
9.8903034
9.6871441
9.4863055
9.2878383
9.0917897
8.8982038
8.7071211
8.5185791
8.3326119
8.1492502
7.9685218
7.7904511
7.6150595
7.4423653
7.2723839
7.1051278
6.9406064
6.7788266
6.6197925
6.4635057
6.309965
6.1591672
6.0111058
5.8657757
5.7231531
5.5832863
5.4458895
5.3121631
5.1766288
5.0637776
4.8635712
24.641044
24.48186
24.320117
24.155671
23.988496
23.818592
23.64597
23.470644
23.292634
23.11196
22.928646
22.742722
22.554217
22.363166
22.169607
21.97358
21.775131
21.574307
21.371159
21.165741
20.958111
20.748331
20.536465
20.322579
20.106745
19.889037
19.66953
19.448304
19.225441
19.001026
18.775146
18.547891
18.319353
18.089625
17.858805
17.62699
17.39428
17.160776
16.926581
16.691799
16.456535
16.220894
15.984984
15.748911
15.512784
15.276709
15.040794
14.805146
14.569873
14.335081
14.100874
13.867357
13.634634
13.402805
13.171972
12.942232
12.713682
12.486415
12.260526
12.036102
11.813231
11.591999
11.372486
11.154772
10.938933
10.725043
10.513171
10.303384
10.095747
9.8903186
9.6871575
9.4863172
9.2878483
9.0917982
8.8982108
8.7071267
8.5185834
8.3326149
8.149252
7.9685225
7.7904508
7.6150582
7.4423632
7.272381
7.105124
6.9406019
6.7788215
6.6197868
6.4634995
6.3099583
6.15916
6.0110982
5.8657677
5.7231449
5.5832777
5.4458808
5.3121542
5.1766201
5.0637688
4.8635617
291.94877
59.191897
38.832756
31.854413
28.837909
27.223478
26.239823
25.578661
25.183151
24.722671
291.94868
59.191882
38.832751
31.85441
28.837911
27.223458
26.239901
25.578358
25.184262
24.718739
291.94863
59.192077
38.832803
31.854501
28.837714
27.224293
26.237007
25.588607
25.148795
24.840778
291.94862
59.192096
38.832812
31.85451
28.837713
27.22432
26.236945
25.588821
25.14816
24.84279
291.94861
59.192094
38.832811
31.854511
28.837713
27.224322
26.236945
25.58883
25.148139
24.842899
291.94861
59.192089
38.83281
31.854511
28.837714
27.224323
26.236946
25.588834
25.148142
24.842921
291.9486
59.192085
38.832809
31.854511
28.837715
27.224325
26.236949
25.588839
25.148149
24.842933
291.9486
59.19208
38.832808
31.854511
28.837716
27.224327
26.236953
25.588844
25.148158
24.842947
291.94859
59.192075
38.832808
31.854512
28.837718
27.22433
26.236957
25.588851
25.148169
24.842961
291.94859
59.19207
38.832807
31.854513
28.83772
27.224334
26.236963
25.588859
25.148181
24.842977
291.94859
59.192064
38.832806
31.854515
28.837723
27.224339
26.236969
25.588869
25.148194
24.842994
291.94859
59.192057
38.832806
31.854517
28.837727
27.224344
26.236977
25.588879
25.148209
24.843013
291.94859
59.192051
38.832806
31.85452
28.837731
27.22435
26.236985
25.588892
25.148225
24.843033
291.94859
59.192043
38.832806
31.854523
28.837737
27.224357
26.236996
25.588905
25.148243
24.843055
291.94859
59.192036
38.832807
31.854526
28.837742
27.224366
26.237007
25.588921
25.148262
24.843078
291.94859
59.192027
38.832807
31.854531
28.837749
27.224375
26.23702
25.588937
25.148283
24.843104
291.94859
59.192018
38.832808
31.854535
28.837757
27.224386
26.237034
25.588956
25.148306
24.84313
291.94859
59.192009
38.832809
31.854541
28.837765
27.224398
26.23705
25.588976
25.148331
24.843159
291.94859
59.191998
38.832811
31.854547
28.837775
27.224411
26.237067
25.588998
25.148358
24.84319
291.9486
59.191987
38.832813
31.854555
28.837786
27.224426
26.237087
25.589023
25.148386
24.843222
291.9486
59.191975
38.832815
31.854563
28.837798
27.224442
26.237108
25.589049
25.148417
24.843257
291.94861
59.191962
38.832818
31.854572
28.837812
27.22446
26.23713
25.589077
25.14845
24.843294
291.94861
59.191949
38.832821
31.854582
28.837826
27.22448
26.237155
25.589107
25.148485
24.843334
291.94862
59.191934
38.832825
31.854593
28.837843
27.224501
26.237182
25.58914
25.148523
24.843375
291.94863
59.191919
38.83283
31.854605
28.83786
27.224524
26.237212
25.589174
25.148563
24.84342
291.94863
59.191902
38.832835
31.854619
28.83788
27.22455
26.237243
25.589212
25.148605
24.843466
291.94864
59.191885
38.83284
31.854634
28.837901
27.224577
26.237277
25.589252
25.148651
24.843516
291.94865
59.191867
38.832847
31.85465
28.837924
27.224607
26.237313
25.589294
25.148698
24.843568
291.94866
59.191847
38.832854
31.854668
28.837949
27.224639
26.237352
25.589339
25.148749
24.843623
291.94868
59.191827
38.832862
31.854687
28.837976
27.224673
26.237393
25.589387
25.148803
24.843681
291.94869
59.191806
38.832872
31.854709
28.838006
27.22471
26.237437
25.589438
25.148859
24.843742
291.94871
59.191783
38.832882
31.854732
28.838037
27.224749
26.237484
25.589492
25.148919
24.843806
291.94872
59.19176
38.832893
31.854757
28.838071
27.224791
26.237534
25.589549
25.148981
24.843874
291.94874
59.191736
38.832906
31.854784
28.838108
27.224836
26.237587
25.589609
25.149047
24.843944
291.94876
59.191711
38.83292
31.854813
28.838147
27.224884
26.237643
25.589672
25.149117
24.844018
291.94878
59.191686
38.832935
31.854844
28.838189
27.224935
26.237702
25.589738
25.149189
24.844095
291.9488
59.19166
38.832952
31.854878
28.838233
27.224989
26.237765
25.589808
25.149265
24.844176
291.94882
59.191633
38.832971
31.854914
28.83828
27.225046
26.237831
25.589882
25.149344
24.84426
291.94884
59.191606
38.832991
31.854953
28.838331
27.225106
26.2379
25.589958
25.149427
24.844348
291.94887
59.191579
38.833013
31.854995
28.838384
27.22517
26.237972
25.590039
25.149514
24.844439
291.94889
59.191552
38.833038
31.855039
28.838441
27.225237
26.238048
25.590122
25.149604
24.844534
291.94892
59.191526
38.833065
31.855086
28.838501
27.225307
26.238128
25.59021
25.149697
24.844632
291.94895
59.191499
38.833094
31.855137
28.838564
27.225381
26.238211
25.5903
25.149794
24.844733
291.94898
59.191474
38.833126
31.85519
28.838631
27.225459
26.238298
25.590395
25.149894
24.844838
291.94901
59.19145
38.83316
31.855247
28.838701
27.22554
26.238388
25.590493
25.149998
24.844947
291.94905
59.191427
38.833197
31.855307
28.838775
27.225625
26.238482
25.590594
25.150105
24.845059
291.94908
59.191406
38.833237
31.85537
28.838852
27.225713
26.23858
25.590699
25.150216
24.845174
291.94912
59.191388
38.833281
31.855437
28.838933
27.225805
26.23868
25.590807
25.15033
24.845292
291.94916
59.191371
38.833327
31.855508
28.839017
27.2259
26.238785
25.590919
25.150447
24.845413
291.94919
59.191342
38.833366
31.855572
28.839097
27.22599
26.238885
25.591026
25.15056
24.84553
291.94923
59.191265
38.833377
31.855616
28.839158
27.226065
26.238969
25.591119
25.150659
24.845633
291.94926
59.191139
38.833365
31.855646
28.83921
27.226133
26.23905
25.591208
25.150755
24.845735
291.9493
59.190974
38.833343
31.855676
28.839268
27.226209
26.23914
25.59131
25.150865
24.845851
291.94934
59.190752
38.833302
31.855699
28.839325
27.226289
26.239238
25.59142
25.150985
24.845978
291.94941
59.19057
38.833311
31.855777
28.839438
27.226427
26.239393
25.591589
25.151164
24.846164
291.94955
59.190799
38.833623
31.856121
28.839801
27.226805
26.239784
25.59199
25.151572
24.846577
291.94972
59.191063
38.833989
31.856523
28.840224
27.227245
26.240236
25.592452
25.152042
24.847052
291.94991
59.191373
38.834411
31.856984
28.840706
27.227742
26.240746
25.592971
25.152567
24.847583
291.95013
59.19174
38.834885
31.857495
28.841236
27.228286
26.2413
25.593533
25.153135
24.848154
291.95035
59.192163
38.835399
31.858038
28.841794
27.228854
26.241876
25.594115
25.153721
24.848743
291.95058
59.192623
38.835921
31.858578
28.842343
27.229408
26.242434
25.594675
25.154283
24.849306
291.95078
59.193065
38.836398
31.859065
28.842834
27.229904
26.242933
25.595176
25.154785
24.84981
291.95094
59.193497
38.836805
31.859459
28.84322
27.230283
26.243307
25.595546
25.155152
24.850174
291.95105
59.193695
38.83705
31.859721
28.84349
27.230558
26.243586
25.595828
25.155435
24.850458
291.95105
59.193942
38.837136
31.859749
28.843488
27.230537
26.243551
25.595783
25.155384
24.850402
291.95115
59.194029
38.837356
31.860012
28.843769
27.230828
26.243847
25.596081
25.155683
24.850702
291.95071
59.193277
38.836479
31.859097
28.842839
27.229889
26.242903
25.595135
25.154735
24.849752
291.95184
59.195743
38.838477
31.860926
28.84459
27.231596
26.244582
25.596794
25.15638
24.851388
24.64115
24.481969
24.320228
24.155785
23.988612
23.818711
23.646092
23.47077
23.292762
23.112091
22.928781
22.74286
22.554358
22.36331
22.169753
21.97373
21.775283
21.574461
21.371315
21.165899
20.958271
20.748491
20.536625
20.32274
20.106906
19.889196
19.669688
19.44846
19.225594
19.001177
18.775294
18.548035
18.319493
18.089762
17.858937
17.627118
17.394403
17.160894
16.926694
16.691907
16.456638
16.220993
15.985078
15.749001
15.512868
15.276789
15.04087
14.805218
14.569941
14.335145
14.100934
13.867413
13.634686
13.402854
13.172018
12.942274
12.713721
12.486452
12.260559
12.036132
11.813259
11.592023
11.372508
11.154792
10.938951
10.725058
10.513184
10.303395
10.095756
9.890326
9.6871631
9.4863212
9.2878507
9.0917991
8.8982103
8.707125
8.5185804
8.3326108
8.1492469
7.9685164
7.7904438
7.6150504
7.4423546
7.2723717
7.1051142
6.9405915
6.7788105
6.6197754
6.4634876
6.3099461
6.1591475
6.0110854
5.8657547
5.7231317
5.5832644
5.4458674
5.3121409
5.176607
5.0637557
4.8635483
24.641256
24.482077
24.320339
24.155899
23.98873
23.818832
23.646216
23.470897
23.292893
23.112226
22.928919
22.743001
22.554502
22.363458
22.169905
21.973884
21.77544
21.574621
21.371477
21.166063
20.958436
20.748658
20.536793
20.322907
20.107073
19.889362
19.669852
19.448622
19.225755
19.001334
18.775448
18.548185
18.319639
18.089903
17.859074
17.62725
17.39453
17.161016
16.92681
16.692018
16.456743
16.221093
15.985172
15.74909
15.512953
15.276868
15.040944
14.805288
14.570006
14.335205
14.10099
13.867465
13.634734
13.402898
13.172058
12.942311
12.713754
12.486481
12.260585
12.036155
11.813279
11.59204
11.372522
11.154803
10.93896
10.725065
10.513188
10.303397
10.095755
9.8903237
9.6871589
9.4863152
9.2878431
9.09179
8.8981997
8.707113
8.5185672
8.3325965
8.1492315
7.9685
7.7904265
7.6150323
7.4423358
7.2723522
7.1050941
6.9405709
6.7787895
6.619754
6.4634659
6.3099241
6.1591253
6.011063
5.8657322
5.7231092
5.5832419
5.445845
5.3121186
5.1765852
5.0637342
4.8635267
24.641376
24.482201
24.320466
24.15603
23.988864
23.81897
23.646358
23.471043
23.293043
23.112379
22.929076
22.743162
22.554667
22.363626
22.170077
21.97406
21.775619
21.574803
21.371661
21.166249
20.958624
20.748848
20.536983
20.323098
20.107263
19.889551
19.67004
19.448808
19.225937
19.001513
18.775623
18.548357
18.319806
18.090065
17.85923
17.6274
17.394674
17.161153
16.926942
16.692143
16.456862
16.221205
15.985278
15.74919
15.513046
15.276956
15.041026
14.805364
14.570076
14.33527
14.10105
13.86752
13.634784
13.402944
13.172098
12.942347
12.713786
12.486509
12.260609
12.036175
11.813295
11.592053
11.372532
11.154809
10.938963
10.725065
10.513185
10.303392
10.095748
9.8903134
9.6871464
9.4863006
9.2878266
9.0917716
8.8981796
8.7070913
8.5185441
8.332572
8.1492058
7.9684732
7.7903986
7.6150035
7.4423061
7.2723218
7.105063
6.9405393
6.7787574
6.6197215
6.463433
6.309891
6.159092
6.0110296
5.8656988
5.7230757
5.5832085
5.4458118
5.3120857
5.1765529
5.0637022
4.8634948
24.641507
24.482336
24.320605
24.156173
23.989011
23.819122
23.646514
23.471203
23.293207
23.112548
22.92925
22.74334
22.554849
22.363813
22.170267
21.974254
21.775817
21.575003
21.371865
21.166455
20.958832
20.749057
20.537193
20.323308
20.107473
19.88976
19.670247
19.449013
19.226139
19.001712
18.775817
18.548546
18.319989
18.090243
17.859402
17.627565
17.394832
17.161305
16.927086
16.69228
16.456991
16.221327
15.985393
15.749297
15.513146
15.277049
15.041112
14.805443
14.57015
14.335337
14.10111
13.867575
13.634833
13.402987
13.172136
12.942379
12.713813
12.486531
12.260627
12.036188
11.813304
11.592058
11.372532
11.154806
10.938956
10.725055
10.513172
10.303375
10.095728
9.8902914
9.6871218
9.4862736
9.2877972
9.0917401
8.8981462
8.7070561
8.5185072
8.3325336
8.149166
7.9684322
7.7903565
7.6149604
7.4422621
7.272277
7.1050175
6.9404932
6.7787108
6.6196745
6.4633858
6.3098435
6.1590444
6.010982
5.8656512
5.7230282
5.5831613
5.4457648
5.3120392
5.1765072
5.063657
4.8634501
24.641699
24.482531
24.320805
24.156376
23.989219
23.819333
23.64673
23.471424
23.293432
23.112777
22.929483
22.743578
22.555092
22.364059
22.170518
21.974508
21.776074
21.575264
21.372128
21.166721
20.9591
20.749325
20.537462
20.323577
20.107741
19.890027
19.670511
19.449274
19.226397
19.001965
18.776065
18.548788
18.320225
18.090472
17.859623
17.627778
17.395037
17.161502
16.927274
16.692459
16.457162
16.221488
15.985545
15.74944
15.513281
15.277175
15.04123
14.805552
14.57025
14.33543
14.101195
13.867652
13.634903
13.40305
13.172192
12.942429
12.713856
12.486568
12.260657
12.036213
11.813323
11.592072
11.372541
11.15481
10.938955
10.725049
10.513162
10.303362
10.095711
9.8902701
9.6870971
9.4862456
9.2877662
9.0917063
8.8981097
8.7070172
8.518466
8.3324902
8.1491207
7.9683851
7.7903078
7.6149102
7.4422106
7.2722244
7.1049638
6.9404386
6.7786555
6.6196185
6.4633292
6.3097865
6.158987
6.0109244
5.8655934
5.7229705
5.5831036
5.4457074
5.3119822
5.176451
5.0636013
4.8633947
24.642116
24.482951
24.321227
24.156802
23.989648
23.819766
23.647166
23.471862
23.293874
23.113223
22.929932
22.744029
22.555546
22.364516
22.170977
21.97497
21.776538
21.575729
21.372594
21.167188
20.959566
20.749792
20.537927
20.32404
20.108201
19.890484
19.670964
19.449722
19.226839
19.0024
18.776493
18.549208
18.320636
18.090873
17.860015
17.62816
17.395408
17.16186
16.927621
16.692794
16.457485
16.221799
15.985844
15.749727
15.513556
15.277437
15.04148
14.805791
14.570478
14.335646
14.101401
13.867847
13.635087
13.403224
13.172356
12.942583
12.714001
12.486703
12.260784
12.036331
11.813432
11.592173
11.372634
11.154896
10.939033
10.72512
10.513226
10.303419
10.095762
9.8903153
9.6871365
9.4862796
9.287795
9.0917301
8.8981288
8.7070318
8.5184764
8.3324966
8.1491233
7.9683841
7.7903035
7.6149027
7.4422002
7.2722112
7.1049481
6.9404205
6.7786351
6.6195961
6.4633049
6.3097604
6.1589594
6.0108953
5.8655631
5.722939
5.5830711
5.4456742
5.3119484
5.176417
5.063567
4.8633595
24.642594
24.483433
24.321712
24.15729
23.990139
23.820259
23.647662
23.472362
23.294377
23.113728
22.93044
22.74454
22.55606
22.365032
22.171495
21.97549
21.77706
21.576252
21.373118
21.167711
20.96009
20.750314
20.538448
20.324559
20.108717
19.890996
19.671471
19.450224
19.227334
19.002889
18.776974
18.54968
18.321099
18.091325
17.860456
17.62859
17.395826
17.162266
16.928014
16.693174
16.457851
16.222152
15.986184
15.750053
15.513868
15.277736
15.041766
14.806064
14.570737
14.335892
14.101634
13.868068
13.635297
13.403421
13.172542
12.942758
12.714164
12.486857
12.260926
12.036464
11.813556
11.592287
11.372739
11.154992
10.939121
10.7252
10.513298
10.303483
10.095819
9.8903655
9.6871802
9.486317
9.2878265
9.091756
8.8981494
8.7070474
8.5184872
8.3325029
8.1491254
7.9683823
7.7902979
7.6148937
7.442188
7.2721959
7.10493
6.9403998
6.7786121
6.6195709
6.4632777
6.3097314
6.1589287
6.0108632
5.8655297
5.7229044
5.5830357
5.445638
5.3119118
5.1763802
5.0635301
4.863322
24.643128
24.483969
24.322251
24.157831
23.990683
23.820806
23.648212
23.472914
23.294932
23.114285
22.931
22.745102
22.556624
22.365598
22.172063
21.976058
21.777629
21.576822
21.373688
21.168281
20.960659
20.750882
20.539014
20.325122
20.109276
19.89155
19.672021
19.450767
19.227871
19.003418
18.777494
18.550191
18.3216
18.091816
17.860935
17.629056
17.39628
17.162707
16.928441
16.693587
16.458249
16.222536
15.986552
15.750406
15.514206
15.278059
15.042074
14.806357
14.571015
14.336156
14.101884
13.868304
13.635518
13.403629
13.172737
12.94294
12.714334
12.487014
12.261072
12.036598
11.813678
11.592399
11.372841
11.155083
10.939203
10.725272
10.513362
10.303538
10.095866
9.8904044
9.6872117
9.4863414
9.2878442
9.0917673
8.8981546
8.7070469
8.5184813
8.332492
8.1491098
7.9683622
7.7902737
7.6148657
7.4421563
7.272161
7.1048921
6.9403591
6.7785688
6.6195252
6.4632299
6.3096818
6.1588775
6.0108105
5.8654757
5.7228495
5.5829799
5.4455817
5.3118552
5.1763237
5.0634736
4.8632653
24.643702
24.484545
24.322829
24.158411
23.991265
23.82139
23.648798
23.473502
23.295521
23.114877
22.931593
22.745697
22.557219
22.366195
22.17266
21.976656
21.778227
21.57742
21.374285
21.168877
20.961253
20.751474
20.539603
20.325707
20.109858
19.892127
19.672592
19.451332
19.228429
19.003967
18.778035
18.550722
18.32212
18.092325
17.861432
17.62954
17.39675
17.163163
16.928883
16.694013
16.458661
16.222931
15.986931
15.750769
15.514553
15.27839
15.042388
14.806654
14.571297
14.336421
14.102133
13.868538
13.635737
13.403833
13.172926
12.943114
12.714494
12.487161
12.261205
12.036718
11.813786
11.592494
11.372925
11.155156
10.939264
10.725323
10.513403
10.30357
10.095888
9.8904184
9.6872174
9.4863392
9.2878345
9.0917506
8.8981313
8.7070173
8.5184459
8.3324511
8.1490637
7.9683114
7.7902185
7.6148064
7.4420933
7.2720945
7.1048224
6.9402866
6.7784937
6.6194479
6.4631506
6.3096007
6.1587949
6.0107266
5.8653908
5.7227638
5.5828937
5.4454952
5.3117688
5.1762377
5.0633879
4.8631802
24.644293
24.485137
24.323423
24.159007
23.991862
23.821988
23.649397
23.474103
23.296123
23.11548
22.932197
22.746301
22.557824
22.3668
22.173266
21.977261
21.778832
21.578024
21.374888
21.169478
20.961852
20.752069
20.540195
20.326295
20.110441
19.892705
19.673164
19.451897
19.228987
19.004517
18.778575
18.551253
18.32264
18.092834
17.861929
17.630024
17.39722
17.163619
16.929324
16.69444
16.459071
16.223325
15.987309
15.75113
15.514897
15.278716
15.042697
14.806946
14.571572
14.336679
14.102374
13.868761
13.635944
13.404024
13.173101
12.943273
12.714638
12.487289
12.261319
12.036818
11.813872
11.592567
11.372984
11.155203
10.9393
10.725347
10.513416
10.303572
10.095881
9.890401
9.6871909
9.4863041
9.2877912
9.0916995
8.898073
8.7069522
8.5183744
8.3323737
8.1489808
7.9682234
7.7901258
7.6147093
7.4419923
7.27199
7.1047147
6.9401759
6.7783805
6.6193325
6.4630332
6.3094817
6.1586745
6.0106051
5.8652686
5.7226411
5.5827708
5.4453724
5.3116464
5.1761161
5.0632669
4.8630604
24.644857
24.485702
24.323987
24.159572
23.992427
23.822554
23.649963
23.474669
23.296689
23.116045
22.932762
22.746866
22.558389
22.367363
22.173828
21.977822
21.779391
21.578581
21.375442
21.17003
20.9624
20.752615
20.540736
20.326832
20.110973
19.893231
19.673684
19.45241
19.229491
19.005013
18.779062
18.55173
18.323107
18.093289
17.862372
17.630455
17.397638
17.164023
16.929713
16.694814
16.45943
16.223668
15.987635
15.75144
15.515189
15.278991
15.042955
14.807187
14.571794
14.336884
14.102562
13.868932
13.636097
13.40416
13.17322
12.943376
12.714725
12.487361
12.261376
12.036859
11.813899
11.59258
11.372984
11.15519
10.939274
10.725309
10.513366
10.303512
10.095809
9.8903199
9.6871004
9.4862047
9.2876835
9.0915839
8.8979501
8.7068224
8.5182383
8.3322318
8.1488336
7.9680712
7.7899692
7.6145487
7.4418281
7.2718226
7.1045445
6.9400033
6.7782059
6.6191561
6.4628555
6.309303
6.1584951
6.0104254
5.8650888
5.7224616
5.5825919
5.4451946
5.3114698
5.1759411
5.0630931
4.8628893
24.64536
24.486206
24.324492
24.160076
23.992932
23.823059
23.650468
23.475174
23.297194
23.11655
22.933266
22.747369
22.558891
22.367865
22.174328
21.978321
21.779888
21.579075
21.375935
21.170519
20.962887
20.753097
20.541215
20.327306
20.111442
19.893695
19.674141
19.452861
19.229935
19.005449
18.779491
18.552149
18.323517
18.093688
17.86276
17.630832
17.398002
17.164375
16.930052
16.695138
16.459739
16.223962
15.987914
15.751703
15.515436
15.279222
15.043168
14.807383
14.571974
14.337046
14.102707
13.869059
13.636207
13.404253
13.173297
12.943436
12.714769
12.487388
12.261387
12.036855
11.81388
11.592547
11.372936
11.155129
10.9392
10.725222
10.513267
10.303401
10.095688
9.8901879
9.6869584
9.4860534
9.2875234
9.0914156
8.897774
8.7066392
8.5180485
8.3320358
8.148632
7.9678646
7.7897579
7.6143334
7.4416091
7.2716004
7.1043196
6.9397762
6.7779768
6.6189256
6.4626239
6.3090706
6.1582624
6.0101927
5.8648565
5.72223
5.5823614
5.4449654
5.3112423
5.1757156
5.0628694
4.862669
24.645724
24.486568
24.324852
24.160436
23.99329
23.823415
23.650823
23.475527
23.297545
23.116899
22.933613
22.747714
22.559234
22.368205
22.174665
21.978656
21.780219
21.579404
21.37626
21.170841
20.963204
20.75341
20.541523
20.327609
20.11174
19.893987
19.674427
19.45314
19.230207
19.005714
18.779747
18.552397
18.323756
18.093918
17.86298
17.631041
17.3982
17.164561
16.930226
16.6953
16.459888
16.224098
15.988036
15.75181
15.515529
15.2793
15.043231
14.807431
14.572006
14.337063
14.102708
13.869045
13.636177
13.404207
13.173235
12.94336
12.714677
12.487282
12.261266
12.03672
11.813732
11.592385
11.372761
11.154941
10.939
10.725011
10.513045
10.303168
10.095445
9.8899357
9.6866974
9.4857841
9.2872463
9.0911314
8.8974833
8.7063425
8.5177463
8.3317287
8.1483206
7.9675494
7.7894394
7.6140121
7.4412855
7.271275
7.1039929
6.9394486
6.7776488
6.6185975
6.4622962
6.3087438
6.1579368
6.0098686
5.8645343
5.7219101
5.5820441
5.4446511
5.3109313
5.1754082
5.062565
4.8623706
24.646008
24.486852
24.325137
24.16072
23.993574
23.8237
23.651107
23.475811
23.297829
23.117182
22.933895
22.747996
22.559514
22.368484
22.174943
21.978932
21.780494
21.579676
21.37653
21.171108
20.963469
20.753672
20.541781
20.327864
20.11199
19.894233
19.674668
19.453376
19.230438
19.005938
18.779965
18.552608
18.323959
18.094113
17.863167
17.631219
17.398369
17.16472
16.930374
16.695437
16.460015
16.224213
15.988139
15.7519
15.515606
15.279363
15.043281
14.807467
14.572028
14.33707
14.1027
13.869022
13.63614
13.404155
13.173168
12.943278
12.71458
12.48717
12.26114
12.03658
11.813577
11.592216
11.37258
11.154746
10.938793
10.724792
10.512814
10.302926
10.095192
9.8896722
9.6864241
9.4855016
9.2869552
9.0908322
8.8971765
8.7060287
8.5174261
8.3314027
8.1479892
7.9672132
7.789099
7.613668
7.4409383
7.2709251
7.1036408
6.9390949
6.7772939
6.6182419
6.4619404
6.3083881
6.1575817
6.0095146
5.8641818
5.7215594
5.5816956
5.4443052
5.3105881
5.1750683
5.0622278
4.8620388
24.645948
24.48679
24.325073
24.160653
23.993505
23.823628
23.651032
23.475733
23.297748
23.117099
22.933809
22.747907
22.559422
22.368389
22.174845
21.97883
21.780389
21.579568
21.376418
21.170993
20.96335
20.753549
20.541654
20.327733
20.111855
19.894093
19.674524
19.453227
19.230284
19.005779
18.779801
18.552438
18.323783
18.093932
17.862979
17.631025
17.398168
17.164512
16.93016
16.695215
16.459785
16.223975
15.987893
15.751646
15.515343
15.279092
15.043001
14.807177
14.571729
14.336762
14.102383
13.868695
13.635804
13.403809
13.172813
12.942913
12.714206
12.486786
12.260747
12.036178
11.813166
11.591797
11.372152
11.154311
10.938349
10.724341
10.512356
10.302462
10.094722
9.8891966
9.6859433
9.4850159
9.2864652
9.0903384
8.8966794
8.7055287
8.5169238
8.3308985
8.1474837
7.9667068
7.7885922
7.6131613
7.4404321
7.27042
7.1031372
6.9385932
6.7767945
6.6177454
6.461447
6.3078983
6.1570959
6.0090331
5.863705
5.7210876
5.5812292
5.4438443
5.3101331
5.1746194
5.0617843
4.8616056
24.646248
24.48709
24.325372
24.160953
23.993804
23.823926
23.65133
23.47603
23.298044
23.117393
22.934102
22.748198
22.559712
22.368677
22.175131
21.979114
21.78067
21.579846
21.376693
21.171265
20.963618
20.753813
20.541915
20.327989
20.112106
19.894339
19.674765
19.453462
19.230513
19.006002
18.780017
18.552647
18.323985
18.094126
17.863165
17.631202
17.398337
17.164671
16.930309
16.695355
16.459914
16.224093
15.988
15.751742
15.515427
15.279164
15.04306
14.807224
14.571762
14.336782
14.102389
13.868688
13.635783
13.403775
13.172764
12.94285
12.714129
12.486696
12.260643
12.03606
11.813035
11.591652
11.371994
11.15414
10.938166
10.724145
10.512149
10.302243
10.094491
9.8889548
9.6856909
9.4847534
9.2861928
9.0900566
8.8963885
8.7052293
8.5166163
8.3305834
8.1471614
7.9663779
7.7882572
7.6128206
7.4400863
7.2700695
7.1027825
6.9382348
6.7764331
6.6173813
6.4610807
6.3075304
6.1567267
6.0086633
5.8633348
5.7207176
5.5808597
5.4434757
5.3097657
5.1742536
5.0614198
4.8612443
24.645298
24.48614
24.324422
24.160002
23.992853
23.822975
23.650379
23.47508
23.297094
23.116444
22.933154
22.74725
22.558765
22.367731
22.174185
21.97817
21.779727
21.578904
21.375753
21.170326
20.962681
20.752878
20.540981
20.327057
20.111176
19.893412
19.67384
19.45254
19.229593
19.005085
18.779102
18.551735
18.323076
18.09322
17.862263
17.630303
17.397441
17.163779
16.92942
16.694469
16.459032
16.223215
15.987126
15.750871
15.514561
15.278301
15.042202
14.80637
14.570912
14.335937
14.101548
13.867852
13.63495
13.402947
13.171941
12.942031
12.713315
12.485886
12.259838
12.03526
11.812239
11.590861
11.371208
11.153359
10.93739
10.723374
10.511383
10.301482
10.093736
9.8882047
9.6849463
9.4840144
9.2854597
9.0893293
8.8956674
8.7045144
8.5159077
8.3298814
8.1464661
7.9656895
7.7875759
7.6121465
7.4394197
7.2694105
7.1021314
6.9375917
6.7757981
6.6167547
6.4604627
6.306921
6.1561262
6.0080717
5.8627524
5.7201444
5.5802958
5.4429213
5.3092207
5.1737185
5.0608931
4.8607331
24.646927
24.487763
24.326038
24.161613
23.994457
23.824573
23.65197
23.476663
23.29867
23.118012
22.934714
22.748802
22.560308
22.369265
22.17571
21.979684
21.781232
21.580399
21.377237
21.171799
20.964142
20.754327
20.542418
20.328482
20.112588
19.894811
19.675225
19.45391
19.230949
19.006426
18.780428
18.553045
18.32437
18.094497
17.863522
17.631545
17.398665
17.164985
16.930607
16.695637
16.46018
16.224343
15.988233
15.751957
15.515625
15.279344
15.043222
14.807367
14.571887
14.336887
14.102475
13.868754
13.635828
13.403799
13.172767
12.942832
12.714089
12.486634
12.260559
12.035953
11.812905
11.5915
11.371818
11.153941
10.937944
10.7239
10.51188
10.301951
10.094176
9.8886177
9.6853316
9.4843724
9.2857907
9.0896338
8.8959457
8.7047671
8.5161353
8.3300844
8.1466452
7.9658453
7.7877091
7.6122578
7.4395098
7.2694802
7.1021814
6.9376228
6.7758111
6.6167503
6.4604418
6.3068844
6.1560747
6.008006
5.8626733
5.7200526
5.5801921
5.4428064
5.3090952
5.1735828
5.0607487
4.8605749
)
;

boundaryField
{
    inlet
    {
        type            fixedValue;
        value           uniform 750;
    }
    top
    {
        type            zeroGradient;
    }
    outlet
    {
        type            zeroGradient;
    }
    slipsurface
    {
        type            slip;
    }
    bottom
    {
        beta1           0.075;
        blended         false;
        type            omegaWallFunction;
        value           nonuniform List<scalar> 
100
(
99.668428
99.668428
99.668428
99.668428
99.668428
99.668428
99.668428
99.668428
99.668428
99.668428
99.668428
99.668428
99.668428
425.17402
681.41255
848.44843
946.61949
996.85062
1022.6636
1021.7515
1016.2801
1006.0568
993.35084
979.75735
965.81476
951.79717
937.96944
924.70824
912.4039
900.91578
890.25843
880.49897
871.68178
863.80524
856.8228
850.65953
845.21728
840.40115
836.14793
832.41038
829.1214
826.19897
823.57001
821.16082
818.94014
816.81161
814.75598
812.74037
810.7323
808.71026
806.65069
804.5253
802.31542
800.01982
797.65104
795.22657
792.7634
790.27899
787.78902
785.30378
782.82836
780.36534
777.91816
775.49269
773.09472
770.72746
768.39406
766.0969
763.83377
761.59877
759.38749
757.19949
755.03602
752.89782
750.78677
748.70494
746.65046
744.61914
742.60827
740.61786
738.64899
736.70338
734.78237
732.88414
731.00508
729.14401
727.30102
725.4775
723.67487
721.89119
720.12355
718.37115
716.63463
714.91313
713.20871
711.50504
709.83571
708.06718
706.56735
703.81879
)
;
    }
    frontandback
    {
        type            empty;
    }
}


// ************************************************************************* //
