/*--------------------------------*- C++ -*----------------------------------*\
  =========                 |
  \\      /  F ield         | OpenFOAM: The Open Source CFD Toolbox
   \\    /   O peration     | Website:  https://openfoam.org
    \\  /    A nd           | Version:  12
     \\/     M anipulation  |
\*---------------------------------------------------------------------------*/
FoamFile
{
    format      ascii;
    class       volScalarField;
    location    "1400";
    object      p;
}
// * * * * * * * * * * * * * * * * * * * * * * * * * * * * * * * * * * * * * //

dimensions      [0 2 -2 0 0 0 0];

internalField   nonuniform List<scalar> 
7480
(
0.0053224069
0.0052834189
0.0051751387
0.0051426505
0.0051597001
0.0051941229
0.0052419578
0.0053069609
0.0053955282
0.0055146989
0.0056850884
0.0059235905
0.0063922709
0.006817648
0.006759926
0.006325855
0.005858539
0.0054884698
0.005172874
0.0048906467
0.004644949
0.0044348903
0.0042572637
0.0040905092
0.0039237359
0.0037618147
0.0036086264
0.003477275
0.0033647564
0.0032576493
0.0031596304
0.0030739138
0.0029995557
0.0029356398
0.0028806569
0.0028328396
0.0027906277
0.0027541195
0.002722138
0.002692056
0.0026634454
0.0026364023
0.0026110675
0.0025861247
0.0025598093
0.00253198
0.002503088
0.0024743424
0.0024450997
0.0024141951
0.0023810469
0.0023451987
0.0023083633
0.0022710138
0.0022319028
0.0021912052
0.0021500134
0.0021100407
0.0020706732
0.0020298413
0.0019880296
0.0019462636
0.0019055891
0.0018648382
0.0018227711
0.0017805758
0.0017395096
0.0016986004
0.0016563392
0.0016134247
0.0015709135
0.0015280402
0.0014839887
0.0014394862
0.0013952352
0.0013505614
0.0013047549
0.0012584963
0.0012116547
0.0011641337
0.0011157243
0.0010668379
0.0010176369
0.00096711681
0.00091603562
0.00086439269
0.00081144589
0.00075831448
0.00070459258
0.00064964465
0.000594695
0.00053922288
0.0004832343
0.00042780092
0.00037411157
0.00032002682
0.00028139121
0.00022268268
0.00035999925
-0.0002414205
0.0052598776
0.0052211843
0.0051487197
0.0051268902
0.0051474422
0.0051860505
0.0052360696
0.0053020251
0.0053909949
0.0055101866
0.0056790797
0.0059146697
0.0063426563
0.006715855
0.0066577277
0.0062993849
0.005886432
0.0055412641
0.0052386919
0.0049602734
0.0047154266
0.0045011226
0.0043095929
0.0041288728
0.0039561439
0.0037925199
0.0036412518
0.0035093248
0.0033933732
0.0032848984
0.0031861482
0.0030997008
0.0030244621
0.0029593206
0.0029028483
0.0028534115
0.0028095388
0.0027715249
0.0027383227
0.002707182
0.00267746
0.0026492566
0.0026228537
0.002597007
0.0025697908
0.0025410734
0.0025114297
0.0024820282
0.0024521926
0.0024207549
0.002387179
0.0023509789
0.002313819
0.0022761731
0.002236793
0.0021958584
0.0021544563
0.0021143113
0.0020747894
0.0020337926
0.0019918127
0.0019498821
0.0019090498
0.0018681422
0.00182592
0.0017835756
0.0017423675
0.001701322
0.0016589288
0.0016158896
0.0015732611
0.0015302754
0.0014861163
0.0014415121
0.0013971643
0.0013523974
0.0013065022
0.0012601607
0.0012132404
0.001165645
0.0011171645
0.0010682104
0.0010189447
0.00096836279
0.00091722382
0.00086552603
0.00081252706
0.00075934629
0.00070557685
0.00065058389
0.00059559211
0.00054007975
0.00048405326
0.00042858373
0.00037486156
0.00032074395
0.00028206779
0.00022339249
0.00036082919
-0.00024082654
0.005218174
0.0052040509
0.0051589938
0.0051373323
0.005154027
0.0051919264
0.0052408582
0.0053053614
0.0053927893
0.0055102409
0.0056749529
0.0059036635
0.0062707091
0.0065848653
0.0065458215
0.0062305917
0.0058390053
0.0054975829
0.0051985461
0.0049247223
0.0046831615
0.0044715297
0.0042825761
0.0041087033
0.0039447045
0.0037889911
0.0036454003
0.0035171125
0.0034024534
0.0032972622
0.0032010009
0.0031154821
0.0030408306
0.002975939
0.0029193945
0.0028696777
0.0028255181
0.0027868399
0.0027525131
0.002720426
0.002689869
0.0026607696
0.0026335427
0.0026071086
0.0025794183
0.0025501631
0.0025199298
0.002489959
0.0024596603
0.0024275096
0.0023931519
0.0023564903
0.0023190162
0.002281125
0.0022415148
0.0022003741
0.0021587954
0.0021185097
0.0020788531
0.0020377051
0.0019955667
0.0019534866
0.0019125197
0.0018714764
0.0018291169
0.0017866417
0.0017453129
0.0017041509
0.0016616381
0.001618482
0.0015757432
0.0015326506
0.0014883882
0.0014436865
0.0013992465
0.0013543901
0.0013084077
0.0012619838
0.0012149848
0.0011673146
0.0011187624
0.0010697401
0.0010204086
0.00096976252
0.00091856373
0.00086680886
0.0008137551
0.00076052287
0.00070670315
0.00065166188
0.00059662512
0.00054106944
0.00048500194
0.0004294932
0.00037573494
0.00032157925
0.00028287513
0.0002242898
0.00036174375
-0.00024009216
0.0051850597
0.0051841995
0.0051491723
0.0051293176
0.0051453495
0.0051833719
0.0052327508
0.0052973408
0.0053843271
0.0055005675
0.0056607421
0.005879536
0.0061954033
0.006468457
0.0064494255
0.0061697488
0.0058042564
0.0054772453
0.0051907934
0.0049272033
0.0046908311
0.0044819323
0.0042939147
0.0041210073
0.0039567453
0.0037999915
0.0036546918
0.0035239178
0.0034076869
0.0033023481
0.0032056875
0.0031193963
0.0030445497
0.0029800342
0.0029243169
0.002875875
0.0028333676
0.0027955647
0.0027613348
0.002729682
0.0026997216
0.0026709137
0.0026430219
0.002615442
0.0025871145
0.0025574498
0.0025267614
0.0024963547
0.0024657583
0.0024331411
0.0023982467
0.0023612837
0.0023236015
0.0022856213
0.0022459337
0.0022046873
0.0021629697
0.0021224198
0.0020824974
0.0020412074
0.001998959
0.0019567868
0.0019157411
0.0018746055
0.0018321414
0.0017895704
0.00174815
0.0017068848
0.0016642615
0.001620999
0.0015781616
0.0015349734
0.001490617
0.0014458262
0.0014013033
0.001356366
0.001310302
0.0012637996
0.001216725
0.0011689831
0.0011203614
0.0010712735
0.001021879
0.00097117008
0.00091991294
0.00086810216
0.0008149942
0.00076171142
0.0007078418
0.00065275219
0.00059767083
0.00054207191
0.00048596308
0.00043041484
0.00037661918
0.00032242457
0.00028369451
0.0002250807
0.00036260224
-0.00023939356
0.0051543193
0.0051614244
0.0051372855
0.0051247442
0.0051427998
0.0051813339
0.0052312388
0.0052956507
0.005381473
0.0054952941
0.0056494681
0.0058544183
0.0061295983
0.0063659095
0.0063567408
0.0061067271
0.0057672947
0.0054546248
0.0051779135
0.0049211736
0.0046877406
0.0044800454
0.0042926743
0.0041203433
0.0039568866
0.0038015711
0.0036577977
0.0035283054
0.0034130624
0.003308377
0.0032119924
0.0031256667
0.0030505195
0.0029854091
0.0029288677
0.0028795492
0.0028361608
0.0027972982
0.002762358
0.0027307807
0.0027014867
0.0026737782
0.0026468138
0.0026197655
0.0025920583
0.0025632113
0.0025332567
0.0025026025
0.0024710414
0.0024379208
0.0024028377
0.0023657294
0.0023278741
0.0022898009
0.0022500907
0.0022087718
0.002166866
0.002125999
0.002085875
0.0020445364
0.0020022337
0.0019599865
0.001918875
0.0018776779
0.0018351407
0.0017925147
0.0017509899
0.0017095589
0.0016668069
0.0016234628
0.0015805587
0.0015373003
0.0014928695
0.0014480074
0.0014034145
0.0013583999
0.001312256
0.0012656781
0.0012185301
0.0011707186
0.0011220288
0.0010728778
0.0010234224
0.00097265029
0.00092133369
0.00086946552
0.00081630146
0.00076296721
0.00070904674
0.00065390696
0.00059877934
0.00054313516
0.00048698269
0.00043139293
0.00037755683
0.00032332143
0.00028455694
0.00022585905
0.00036345295
-0.00023860125
0.0051258069
0.0051390651
0.0051254909
0.0051196221
0.0051383734
0.0051760133
0.0052254578
0.0052890368
0.005373089
0.0054837979
0.0056310522
0.0058218658
0.0060628388
0.0062657608
0.0062621048
0.0060404216
0.0057273594
0.005429436
0.0051624234
0.0049133636
0.0046847898
0.0044798636
0.0042945234
0.0041238176
0.0039620356
0.0038085044
0.003666077
0.0035372094
0.003421875
0.0033169215
0.0032204185
0.0031338608
0.003058245
0.0029925278
0.0029353099
0.0028852917
0.0028411605
0.0028015834
0.002765984
0.0027336704
0.0027035194
0.0026749187
0.0026472045
0.0026196446
0.0025917536
0.002563266
0.0025341621
0.0025042096
0.0024731268
0.0024407345
0.0024065508
0.0023703283
0.0023325721
0.0022937846
0.0022536294
0.0022121838
0.0021701732
0.0021292438
0.0020891542
0.0020478576
0.0020054808
0.0019630597
0.0019218449
0.0018806441
0.0018380799
0.0017953954
0.001753742
0.0017121517
0.0016692946
0.0016259004
0.0015829564
0.0015396441
0.0014951521
0.0014502417
0.0014055743
0.0013604449
0.00131421
0.0012675729
0.001220369
0.0011725027
0.0011237567
0.001074549
0.0010250327
0.0009741979
0.00092282312
0.00087089855
0.0008176788
0.00076429474
0.00071032423
0.00065513312
0.00059995777
0.00054426656
0.00048806872
0.0004324363
0.00037855704
0.00032427901
0.00028547052
0.00022668326
0.00036429572
-0.00023763854
0.0050993492
0.0051173119
0.0051126724
0.005112574
0.005132299
0.0051695873
0.005219037
0.0052821797
0.0053646216
0.0054720068
0.0056120047
0.0057887111
0.005999999
0.0061734143
0.0061726772
0.0059765963
0.0056882986
0.0054047447
0.00514716
0.0049057636
0.0046821884
0.0044797718
0.0042961016
0.0041264634
0.003965885
0.00381363
0.0036721376
0.0035436757
0.0034283068
0.00332339
0.0032271286
0.0031406317
0.0030647943
0.0029987217
0.0029410673
0.0028905547
0.0028459149
0.0028058921
0.0027698261
0.0027370028
0.0027063819
0.0026773476
0.0026492373
0.0026212946
0.0025929889
0.0025640175
0.0025343276
0.0025038506
0.0024725196
0.0024401354
0.0024063268
0.0023709347
0.0023339145
0.0022954284
0.0022557799
0.0022151571
0.0021739152
0.0021330004
0.0020922321
0.0020505614
0.0020081033
0.001965656
0.0019245054
0.0018833694
0.0018408234
0.0017980143
0.0017562413
0.0017146376
0.0016717723
0.0016283268
0.0015853117
0.0015419389
0.0014973923
0.0014524449
0.0014077052
0.0013624618
0.0013161465
0.00126947
0.0012222277
0.0011743195
0.0011255312
0.0010762539
0.0010266503
0.00097575368
0.00092433323
0.00087236415
0.00081909843
0.00076566933
0.00071164738
0.00065640572
0.00060118387
0.00054544639
0.00048920412
0.00043352991
0.00037960583
0.00032528401
0.00028642301
0.00022754497
0.00036509878
-0.00023648336
0.0050746109
0.0050960946
0.0050988784
0.0051040964
0.0051252529
0.0051623911
0.0052116075
0.0052739336
0.0053542493
0.0054576015
0.0055897336
0.0057522469
0.0059374483
0.0060850803
0.0060851986
0.0059115571
0.0056465423
0.0053774846
0.0051294791
0.0048958718
0.0046774817
0.0044780972
0.0042964172
0.0041282154
0.0039691892
0.0038185227
0.0036783018
0.0035505993
0.0034355311
0.0033308491
0.0032348593
0.0031483827
0.0030722645
0.0030057544
0.0029475594
0.0028964397
0.0028511825
0.0028105855
0.0027739416
0.0027405573
0.0027094559
0.0026799857
0.0026514823
0.0026231904
0.002594582
0.0025653569
0.0025354518
0.0025048071
0.0024732985
0.0024406514
0.0024064966
0.0023707066
0.0023333377
0.0022947263
0.0022553173
0.0022153245
0.0021750812
0.0021346828
0.0020939104
0.0020526468
0.0020108252
0.0019688602
0.0019273862
0.0018855547
0.0018428836
0.0018000888
0.0017584172
0.0017169117
0.0016740963
0.001630564
0.0015874613
0.0015440895
0.0014995368
0.0014545388
0.0014097299
0.0013644356
0.0013180795
0.0012713681
0.001224081
0.001176126
0.0011272986
0.0010779547
0.0010282687
0.00097731785
0.00092586377
0.00087386165
0.00082056021
0.00076707135
0.0007129772
0.00065768956
0.00060243089
0.00054665563
0.00049037344
0.00043465696
0.00038068657
0.00032632174
0.00028740118
0.00022842743
0.00036583085
-0.00023511522
0.0050512909
0.005075411
0.0050843256
0.0050943613
0.0051171006
0.0051540935
0.0052028473
0.0052641486
0.0053421365
0.0054411691
0.0055653093
0.0057140943
0.0058765025
0.006001835
0.0060014111
0.0058473182
0.0056042517
0.0053497551
0.0051113569
0.0048854678
0.0046724811
0.0044764172
0.0042968797
0.0041302507
0.0039727939
0.0038236625
0.0036846448
0.0035576298
0.0034427857
0.0033382161
0.0032423684
0.0031558474
0.0030794329
0.0030124858
0.0029537663
0.0029020705
0.0028562319
0.0028150939
0.0027779187
0.0027440188
0.0027124552
0.0026825465
0.0026536371
0.002624999
0.0025961106
0.0025666702
0.0025365964
0.0025058085
0.002474155
0.0024413709
0.0024071201
0.0023712766
0.0023338921
0.0022952659
0.0022557506
0.0022155273
0.0021749838
0.0021342289
0.0020934259
0.0020526653
0.002011688
0.0019705627
0.0019291238
0.0018872251
0.0018450125
0.0018026984
0.0017608781
0.0017187547
0.0016757638
0.0016322762
0.0015893042
0.0015460298
0.0015015152
0.0014564408
0.0014115846
0.001366323
0.0013199622
0.0012732002
0.0012258597
0.0011778654
0.0011290031
0.0010796174
0.0010298871
0.00097889449
0.00092740902
0.00087537081
0.00082203155
0.00076848245
0.00071432122
0.00065899357
0.00060370583
0.00054790163
0.00049157182
0.00043579614
0.00038177675
0.00032737637
0.0002883943
0.00022931933
0.00036645972
-0.00023350586
0.0050291155
0.0050552152
0.0050691348
0.0050834166
0.0051077619
0.005144655
0.0051928218
0.0052529338
0.0053283916
0.0054228128
0.0055388355
0.0056743723
0.0058166248
0.0059225577
0.0059205844
0.0057833167
0.0055607067
0.0053206014
0.005091766
0.0048735225
0.0046661486
0.0044736656
0.0042964612
0.0041315771
0.0039757801
0.0038282436
0.0036905017
0.0035642719
0.0034497715
0.0033454141
0.0032497926
0.0031633245
0.0030867018
0.0030193783
0.0029601774
0.0029079337
0.0028615257
0.0028198437
0.0027821295
0.0027476968
0.0027156442
0.0026852765
0.0026559486
0.0026269571
0.0025977787
0.0025681027
0.0025378252
0.0025068535
0.0024750346
0.0024421192
0.0024077896
0.0023719156
0.0023345359
0.0022959208
0.0022563993
0.0022161709
0.0021756005
0.0021348104
0.0020939624
0.0020530418
0.0020118053
0.0019703546
0.0019286996
0.0018871971
0.0018458351
0.001804323
0.0017625554
0.0017202873
0.001677569
0.0016344627
0.0015913269
0.0015475135
0.0015028999
0.0014579193
0.0014132055
0.0013680257
0.0013216771
0.0012748665
0.001227523
0.0011795408
0.0011306447
0.0010812128
0.0010314586
0.00098043904
0.00092892179
0.0008768417
0.00082346277
0.00076988224
0.0007156858
0.00066032031
0.00060500222
0.00054916761
0.00049278621
0.00043695231
0.00038288685
0.00032845717
0.00028940864
0.00023021371
0.00036694166
-0.00023162472
0.0050078554
0.005035437
0.0050533936
0.0050713359
0.0050972369
0.0051340685
0.0051815265
0.0052402516
0.0053129654
0.0054025474
0.0055104539
0.0056333731
0.005757779
0.0058469098
0.005842858
0.0057200316
0.0055163777
0.0052904322
0.0050711771
0.0048605606
0.0046589861
0.0044703407
0.0042956797
0.0041327125
0.0039786726
0.0038327865
0.0036963712
0.0035709857
0.0034568922
0.0033527758
0.0032573741
0.0031709513
0.0030941106
0.0030263919
0.0029666908
0.002913882
0.0028668877
0.0028246433
0.0027863765
0.0027514007
0.0027188503
0.0026880209
0.0026582738
0.0026289249
0.00259945
0.0025695313
0.0025390469
0.0025078962
0.002475924
0.0024428855
0.0024084741
0.0023725536
0.0023351591
0.0022965452
0.0022570347
0.0022168369
0.0021762953
0.0021355338
0.0020946843
0.0020537181
0.0020124265
0.0019709055
0.0019291944
0.0018875954
0.001846028
0.0018042076
0.0017622259
0.0017203669
0.0016784519
0.0016360355
0.0015929116
0.0015489379
0.0015045388
0.001459802
0.0014148192
0.0013692027
0.0013228874
0.0012762132
0.00122898
0.0011810524
0.0011321323
0.001082687
0.0010329638
0.00098193015
0.00093037071
0.00087826235
0.00082485649
0.00077125394
0.00071702819
0.00066162941
0.00060628418
0.00055041476
0.00049399373
0.00043812746
0.00038402124
0.00032955972
0.00029042887
0.00023110708
0.0003672597
-0.00022942162
0.004987317
0.0050159913
0.0050371629
0.0050581928
0.0050855301
0.0051223039
0.0051689336
0.0052260825
0.0052958739
0.0053804775
0.0054803767
0.0055913822
0.0056999368
0.0057745059
0.0057681022
0.0056575799
0.0054713254
0.0052591771
0.0050494794
0.0048464344
0.0046507703
0.004466179
0.0042942545
0.004133358
0.0039811659
0.0038369811
0.0037019399
0.0035774587
0.003463841
0.0033600106
0.0032648476
0.0031784959
0.0031014721
0.0030333891
0.0029732163
0.0029198681
0.0028723072
0.0028295119
0.0027907019
0.00275519
0.0027221431
0.0026908522
0.0026606829
0.0026309704
0.0026011922
0.0025710248
0.0025403295
0.0025089965
0.0024768659
0.0024436966
0.0024091948
0.002373223
0.0023358144
0.0022972077
0.0022577132
0.0022175395
0.0021770066
0.0021362443
0.0020953762
0.002054389
0.0020131047
0.0019716032
0.001929912
0.0018882794
0.0018466251
0.0018047075
0.0017626377
0.0017206741
0.0016785567
0.0016358902
0.0015927195
0.0015493274
0.001505647
0.0014613502
0.0014162795
0.0013705138
0.001324407
0.0012776983
0.0012301381
0.0011820952
0.0011332753
0.0010839555
0.0010343043
0.00098326648
0.0009316941
0.00087962132
0.00082620922
0.0007725732
0.00071832549
0.00066290666
0.00060753747
0.00055163272
0.00049518117
0.00043929408
0.00038514732
0.00033065328
0.00029142446
0.00023198705
0.00036738506
-0.00022684408
0.0049673329
0.0049967871
0.0050204799
0.0050440527
0.0050726524
0.0051093389
0.0051550312
0.0052104337
0.0052771552
0.0053567047
0.0054487775
0.0055486038
0.0056430473
0.0057049893
0.0056961593
0.0055960948
0.0054257115
0.0052269178
0.0050267426
0.0048312245
0.0046415619
0.0044612377
0.0042922549
0.0041335922
0.0039833535
0.0038409351
0.0037073267
0.0035838184
0.003470751
0.0033672577
0.0032723572
0.0031861009
0.003108922
0.0030404942
0.0029798613
0.0029259798
0.0028778524
0.002834499
0.0027951373
0.0027590806
0.0027255252
0.0026937621
0.0026631606
0.0026330746
0.0026029843
0.00257256
0.0025416469
0.0025101254
0.002477831
0.0024445273
0.002409933
0.0023739099
0.0023364871
0.0022978868
0.0022584055
0.0022182516
0.0021777264
0.0021369675
0.0020960922
0.0020550945
0.0020138102
0.0019723015
0.0019306001
0.0018889372
0.0018472624
0.0018053583
0.0017632977
0.0017212867
0.0016790664
0.0016362893
0.0015930178
0.0015495308
0.001505637
0.0014611996
0.001416396
0.0013712658
0.0013257064
0.0012791215
0.0012313988
0.0011833636
0.0011346178
0.0010850834
0.001035216
0.00098425093
0.00093281549
0.00088082209
0.00082742063
0.00077377676
0.0007195594
0.00066413718
0.00060873858
0.00055281422
0.00049634364
0.00044043452
0.00038624677
0.00033172624
0.00029238965
0.00023283236
0.00036725262
-0.00022384364
0.004947757
0.0049777332
0.0050033625
0.0050289722
0.0050586226
0.0050951617
0.0051398154
0.0051933208
0.005256853
0.0053313285
0.0054158174
0.0055052144
0.0055870829
0.0056380707
0.0056268749
0.0055356919
0.0053796979
0.0051937288
0.0050030013
0.0048149565
0.0046313507
0.0044554755
0.0042896252
0.0041333487
0.0039851636
0.0038445739
0.0037124536
0.0035899822
0.0034775343
0.0033744273
0.0032798127
0.0031936742
0.0031163674
0.0030476161
0.0029865388
0.0029321368
0.0028834515
0.0028395426
0.002799631
0.0027630309
0.0027289653
0.0026967281
0.0026656928
0.0026352299
0.0026048235
0.0025741378
0.0025430027
0.002511289
0.0024788285
0.0024453889
0.0024107005
0.0023746243
0.0023371848
0.0022985887
0.0022591191
0.0022189845
0.002178469
0.0021377151
0.0020968334
0.0020558221
0.0020145313
0.0019730129
0.0019313067
0.0018896264
0.0018479335
0.0018060187
0.0017639352
0.0017218784
0.0016796287
0.0016368567
0.0015935881
0.0015500442
0.0015060433
0.0014614933
0.0014165875
0.0013713087
0.0013256135
0.0012792016
0.0012319756
0.0011844481
0.0011359827
0.0010863068
0.001036295
0.00098543554
0.00093386348
0.00088163092
0.00082829537
0.00077478326
0.00072064066
0.00066522985
0.00060983426
0.0005539431
0.00049746539
0.00044152722
0.00038730861
0.00033277031
0.00029331683
0.0002336255
0.00036680123
-0.00022034777
0.0049284613
0.0049587417
0.0049858138
0.0050129981
0.0050434647
0.0050797699
0.0051232887
0.0051747676
0.0052350214
0.0053044532
0.00538165
0.0054613656
0.0055320216
0.0055734983
0.0055600793
0.0054764455
0.0053334298
0.0051596853
0.0049782905
0.004797662
0.0046201444
0.0044488761
0.0042863434
0.0041326057
0.0039865797
0.0038478886
0.0037173179
0.0035959523
0.0034841968
0.003381531
0.0032872326
0.003201239
0.0031238354
0.0030547865
0.0029932843
0.0029383767
0.0028891429
0.0028446813
0.0028042199
0.0027670749
0.0027324941
0.0026997774
0.0026683023
0.0026374551
0.0026067247
0.0025757696
0.0025444056
0.002512494
0.0024798628
0.0024462836
0.0024114974
0.0023753648
0.0023379056
0.0022993118
0.0022598533
0.0022197371
0.0021792314
0.0021384816
0.0020975927
0.0020565669
0.0020152696
0.0019737444
0.0019320357
0.001890338
0.0018486215
0.0018066896
0.0017645861
0.0017224954
0.0016802174
0.0016374295
0.0015941399
0.0015505624
0.0015065537
0.0014620103
0.0014170778
0.0013717098
0.0013258932
0.0012793719
0.0012320115
0.0011843859
0.001136107
0.0010868253
0.0010372505
0.0009867251
0.00093501578
0.0008825645
0.00082931561
0.0007757148
0.00072137908
0.00066602659
0.00061076135
0.0005549335
0.00049846334
0.00044252793
0.00038831479
0.00033376527
0.00029418944
0.00023435026
0.00036596899
-0.0002162705
0.0049093327
0.0049397296
0.0049678262
0.0049961685
0.0050272063
0.0050631699
0.0051054613
0.0051548066
0.0052117239
0.0052761855
0.0053464179
0.0054171844
0.0054778415
0.005511054
0.0054956028
0.0054184035
0.0052870467
0.0051248756
0.0049526547
0.0047793776
0.004607958
0.0044414278
0.0042823858
0.0041313348
0.0039875726
0.0038508516
0.0037218928
0.0036017011
0.0034907091
0.0033885399
0.0032945901
0.0032087684
0.0031312986
0.0030619784
0.0030000708
0.0029446725
0.0028949001
0.0028498891
0.0028088786
0.0027711886
0.0027360894
0.0027028892
0.0026709705
0.0026397339
0.0026086738
0.0025774435
0.0025458457
0.0025137322
0.0024809274
0.0024472064
0.00241232
0.0023761289
0.0023386482
0.0023000556
0.0022606078
0.0022205093
0.0021800133
0.0021392673
0.0020983715
0.0020573321
0.0020160287
0.001974497
0.0019327843
0.0018910679
0.0018493266
0.0018073788
0.0017652584
0.0017231347
0.0016808232
0.0016380134
0.0015947054
0.0015511033
0.0015070791
0.0014625211
0.0014175605
0.001372175
0.001326347
0.0012798062
0.0012323844
0.0011846535
0.0011362628
0.0010868392
0.0010372068
0.00098692327
0.00093554581
0.00088346003
0.00083051158
0.00077677355
0.00072221252
0.00066692522
0.00061159105
0.00055560124
0.00049920144
0.00044337473
0.00038918757
0.00033464769
0.00029497707
0.00023497818
0.00036468361
-0.00021151539
0.0048902711
0.0049206198
0.0049493851
0.0049785134
0.0050098774
0.0050453763
0.0050863519
0.0051334785
0.005187031
0.0052466318
0.0053102527
0.0053727791
0.0054245221
0.0054505502
0.0054332812
0.0053615898
0.0052406755
0.0050893925
0.0049261411
0.0047601387
0.004594808
0.0044331209
0.0042777288
0.0041295079
0.0039881142
0.0038534374
0.0037261555
0.0036072073
0.0034970513
0.003395437
0.0033018723
0.0032162528
0.0031387497
0.0030691874
0.0030068969
0.0029510253
0.0029007264
0.002855172
0.0028136149
0.0027753812
0.0027397616
0.0027060749
0.0026737088
0.0026420777
0.0026106817
0.0025791699
0.0025473327
0.0025150123
0.00248203
0.0024481639
0.0024131741
0.0023769219
0.002339417
0.0023008236
0.0022613851
0.002221303
0.0021808165
0.0021400739
0.0020991714
0.0020581187
0.0020168086
0.0019752699
0.0019335522
0.0018918173
0.0018500518
0.0018080879
0.0017659497
0.0017237914
0.0016814447
0.0016386138
0.0015952902
0.0015516633
0.0015076179
0.0014630425
0.00141806
0.0013726557
0.0013268013
0.0012802373
0.0012328158
0.0011850691
0.001136651
0.0010871768
0.0010374433
0.0009870452
0.00093552154
0.00088345177
0.00083080193
0.00077736723
0.00072310177
0.00066802118
0.00061250785
0.00055632444
0.00049997174
0.00044407972
0.00038978084
0.00033532751
0.00029561668
0.00023543075
0.00036283477
-0.00020597631
0.0048711876
0.004901342
0.0049304718
0.0049600566
0.004991509
0.0050264114
0.0050659868
0.0051108309
0.0051610186
0.005215898
0.0052732764
0.0053282416
0.0053720426
0.0053918236
0.0053729578
0.0053060079
0.0051944287
0.0050533314
0.0048988014
0.004739982
0.0045807152
0.0044239517
0.0042723529
0.0041270993
0.0039881779
0.0038556212
0.0037300829
0.0036124486
0.0035032011
0.0034022015
0.0033090617
0.0032236763
0.0031461739
0.0030764001
0.0030137508
0.0029574244
0.0029066124
0.0028605214
0.0028184213
0.0027796453
0.0027435039
0.0027093278
0.002676511
0.0026444804
0.0026127429
0.0025809435
0.0025488612
0.0025163296
0.0024831661
0.0024491523
0.0024140563
0.0023777404
0.002340209
0.0023016132
0.0022621832
0.0022221164
0.0021816395
0.0021409002
0.0020999913
0.0020589257
0.0020176086
0.0019760629
0.0019343397
0.0018925868
0.0018507971
0.0018088162
0.0017666591
0.0017244661
0.0016820845
0.0016392324
0.0015958922
0.0015522389
0.0015081712
0.0014635802
0.0014185771
0.0013731507
0.0013272665
0.0012806831
0.0012332594
0.0011854829
0.001137041
0.0010875758
0.0010378225
0.00098738545
0.00093581059
0.00088364754
0.00083087367
0.0007773146
0.00072317447
0.00066840698
0.00061314626
0.00055721384
0.00050094301
0.00044484454
0.00039041033
0.00033597339
0.00029604339
0.00023560272
0.00036026813
-0.00019956
0.0048520031
0.004881832
0.0049110654
0.0049408168
0.0049721329
0.0050063044
0.0050444003
0.0050869175
0.0051337664
0.0051840884
0.0052356014
0.0052836508
0.0053203819
0.0053347313
0.005314486
0.005251645
0.0051484035
0.0050167886
0.0048706923
0.0047189462
0.0045657037
0.0044139206
0.004266241
0.0041240846
0.0039877376
0.0038573778
0.0037336511
0.0036174018
0.0035091352
0.0034088119
0.0033161399
0.0032310233
0.003153557
0.0030836047
0.0030206228
0.0029638621
0.0029125521
0.0028659335
0.0028232953
0.00278398
0.0027473165
0.0027126491
0.0026793789
0.0026469447
0.0026148603
0.0025827675
0.0025504351
0.0025176876
0.0024843396
0.0024501751
0.0024149701
0.0023785878
0.0023410273
0.0023024272
0.0022630045
0.002222952
0.0021824843
0.0021417479
0.0021008329
0.0020597545
0.0020184299
0.0019768772
0.0019351479
0.0018933771
0.0018515631
0.0018095642
0.0017673876
0.0017251602
0.0016827433
0.0016398689
0.0015965111
0.0015528311
0.001508741
0.001464134
0.0014191093
0.0013736592
0.0013277462
0.0012811445
0.0012337154
0.0011859077
0.0011374457
0.0010879844
0.0010381981
0.00098773601
0.0009361686
0.00088399272
0.00083117576
0.00077754658
0.00072331426
0.00066840983
0.00061311182
0.00055742421
0.00050143499
0.00044552349
0.00039123246
0.00033673231
0.00029647643
0.00023575266
0.00035690263
-0.00019218699
0.0048326476
0.0048620329
0.0048911451
0.0049208094
0.0049517813
0.0049850899
0.0050216337
0.0050617979
0.0051053571
0.0051513049
0.0051973314
0.0052390738
0.0052695186
0.0052791481
0.0052577299
0.0051984763
0.0051026819
0.0049798584
0.0048418744
0.0046970717
0.0045497996
0.0044030323
0.0042593795
0.0041204413
0.0039867679
0.0038586824
0.0037368363
0.0036220433
0.0035148304
0.0034152463
0.0033230882
0.0032382775
0.0031608843
0.003090788
0.0030275018
0.0029703292
0.0029185378
0.0028714022
0.002828232
0.0027883812
0.0027511966
0.0027160366
0.0026823107
0.0026494692
0.0026170328
0.0025846411
0.0025520533
0.0025190856
0.0024855494
0.0024512313
0.0024159146
0.0023794631
0.002341871
0.0023032646
0.0022638479
0.0022238086
0.0021833499
0.0021426162
0.0021016952
0.0020606046
0.0020192722
0.0019777124
0.0019359765
0.001894188
0.0018523495
0.0018103319
0.0017681354
0.0017258737
0.0016834211
0.0016405234
0.0015971472
0.0015534406
0.0015093275
0.0014647036
0.0014196566
0.0013741824
0.001328241
0.0012816198
0.0012341838
0.0011863463
0.0011378645
0.0010884034
0.0010385842
0.00098810011
0.00093653226
0.00088433553
0.0008315005
0.00077787013
0.00072361831
0.00066865664
0.00061328314
0.00055749444
0.00050137542
0.00044556442
0.00039153509
0.00033723769
0.00029699963
0.00023599019
0.00035290737
-0.00018358407
0.0048130594
0.004841894
0.0048706916
0.0049000478
0.0049304868
0.0049628072
0.0049977343
0.0050355359
0.005075875
0.0051176463
0.0051585615
0.0051945684
0.0052194307
0.0052249626
0.0052025644
0.0051464682
0.0050573314
0.0049426314
0.0048124112
0.004674401
0.0045330319
0.0043912957
0.0042517583
0.0041161489
0.0039852449
0.0038595103
0.0037396145
0.0036263493
0.0035202628
0.003421482
0.0033298867
0.0032454212
0.0031681398
0.0030979361
0.003034376
0.0029768155
0.0029245613
0.0028769209
0.0028332266
0.0027928454
0.0027551416
0.0027194888
0.0026853057
0.0026520536
0.0026192606
0.0025865648
0.0025537167
0.0025205245
0.0024867967
0.0024523224
0.0024168909
0.0023803677
0.0023427413
0.0023041267
0.0022647148
0.0022246874
0.0021842374
0.0021435062
0.0021025794
0.0020614768
0.0020201364
0.0019785693
0.0019368263
0.0018950201
0.0018531573
0.0018111202
0.0017689031
0.0017266071
0.0016841183
0.0016411965
0.0015978014
0.001554068
0.0015099312
0.0014652894
0.0014202198
0.0013747211
0.0013287508
0.0012821091
0.0012346654
0.0011867987
0.0011382959
0.0010888337
0.0010389832
0.00098847667
0.00093690531
0.00088468856
0.00083183646
0.00077819551
0.00072392217
0.00066895296
0.00061356805
0.00055773792
0.0005015517
0.00044565487
0.00039147488
0.00033714103
0.00029695943
0.00023580433
0.00034826477
-0.00017353964
0.0047931841
0.0048213714
0.0048496874
0.0048785447
0.0049082824
0.0049394998
0.0049727549
0.0050081995
0.005045405
0.0050832077
0.0051193792
0.0051501841
0.0051700962
0.0051720763
0.0051488753
0.0050955811
0.0050124055
0.0049051928
0.0047823685
0.0046509787
0.0045154314
0.0043787233
0.0042433709
0.0041111894
0.003983146
0.003859838
0.0037419617
0.0036302957
0.0035254083
0.003427496
0.0033365145
0.0032524364
0.0031753071
0.0031050342
0.0030412327
0.0029833104
0.0029306136
0.0028824827
0.0028382735
0.0027973682
0.0027591485
0.0027230034
0.0026883622
0.002654697
0.0026215433
0.0025885385
0.0025554253
0.0025220046
0.0024880819
0.0024534484
0.0024178995
0.0023813017
0.0023436385
0.0023050135
0.002265605
0.0022255884
0.0021851466
0.0021444177
0.0021034853
0.0020623711
0.0020210224
0.0019794479
0.0019376973
0.0018958736
0.0018539864
0.001811929
0.0017696907
0.0017273605
0.0016848354
0.0016418885
0.0015984737
0.0015547134
0.0015105521
0.0014658919
0.0014207993
0.0013752754
0.0013292759
0.0012826131
0.0012351607
0.0011872651
0.0011387403
0.0010892759
0.0010393949
0.00098886453
0.00093728875
0.00088505321
0.00083218307
0.00077852892
0.00072423649
0.00066925655
0.0006138488
0.00055799682
0.00050180915
0.00044588328
0.00039161596
0.00033718414
0.00029655033
0.00023531608
0.00034178682
-0.0001620873
0.0047729744
0.0048004274
0.0048281185
0.0048563128
0.0048852019
0.004915214
0.0049467526
0.0049798591
0.0050140319
0.0050480804
0.0050798645
0.0051059632
0.0051214932
0.0051204007
0.0050965584
0.0050457717
0.0049679457
0.0048676214
0.0047518133
0.0046268517
0.0044970307
0.0043653307
0.0042342146
0.0041055476
0.0039804502
0.0038596425
0.0037438544
0.0036338584
0.0035302422
0.0034332643
0.0033429503
0.0032593039
0.0031823689
0.0031120669
0.0030480584
0.0029898024
0.002936685
0.0028880797
0.0028433667
0.0028019449
0.0027632135
0.0027265779
0.0026914785
0.0026573982
0.0026238803
0.002590562
0.0025571794
0.0025235262
0.0024894053
0.0024546099
0.0024189409
0.0023822658
0.0023445631
0.0023059255
0.002266519
0.002226512
0.0021860779
0.0021453511
0.0021044133
0.0020632879
0.0020219307
0.0019803486
0.0019385899
0.0018967488
0.0018548372
0.001812759
0.0017704989
0.0017281345
0.0016855727
0.0016425999
0.0015991647
0.0015553773
0.0015111909
0.0014665114
0.0014213954
0.0013758457
0.0013298167
0.0012831321
0.00123567
0.0011877457
0.0011391981
0.0010897305
0.0010398193
0.00098926419
0.00093768328
0.00088542897
0.00083253966
0.00077887211
0.00072456126
0.00066956805
0.00061413672
0.0005582653
0.00050206726
0.00044610992
0.00039179686
0.00033732602
0.00029618989
0.00023582562
0.00033364052
-0.00014967937
0.0047523898
0.0047790307
0.0048059741
0.0048333662
0.0048612799
0.0048899989
0.0049197878
0.0049505876
0.0049818396
0.0050123514
0.005040091
0.0050619423
0.0050736001
0.0050698566
0.005045519
0.0049969949
0.0049239828
0.0048299886
0.0047208119
0.0046020686
0.0044778647
0.004351137
0.0042242901
0.0040992109
0.0039771382
0.0038589018
0.0037452694
0.0036370135
0.00353474
0.003438763
0.0033491719
0.0032660038
0.003189307
0.0031190176
0.0030548388
0.0029962791
0.0029427653
0.0028937033
0.0028484993
0.00280657
0.0027673327
0.0027302094
0.0026946526
0.002660156
0.0026262709
0.002592635
0.0025589787
0.0025250893
0.0024907671
0.0024558074
0.0024200155
0.0023832604
0.0023455155
0.0023068631
0.002267457
0.0022274584
0.0021870315
0.0021463065
0.0021053634
0.0020642272
0.0020228613
0.0019812716
0.0019395044
0.001897646
0.0018557101
0.0018136104
0.0017713278
0.0017289294
0.0016863306
0.001643331
0.0015998747
0.00155606
0.0015118479
0.0014671482
0.0014220084
0.0013764323
0.0013303735
0.0012836664
0.0012361936
0.0011882408
0.0011396697
0.0010901977
0.0010402566
0.00098967609
0.00093808911
0.00088581591
0.00083290679
0.00077922538
0.00072489551
0.0006698879
0.00061443361
0.00055854189
0.00050232988
0.00044634224
0.00039197877
0.00033745647
0.00029590204
0.00023701147
0.00032490522
-0.00013684062
0.0047313961
0.004757156
0.0047832476
0.0048097204
0.0048365522
0.0048639054
0.0048919233
0.0049204587
0.0049489104
0.0049761032
0.0050001257
0.0050181529
0.0050263959
0.0050203727
0.0049956711
0.0049492051
0.0048805383
0.0047923581
0.0046894296
0.0045766796
0.0044579696
0.0043361636
0.004213602
0.0040921698
0.0039731929
0.0038575953
0.0037461844
0.003639737
0.0035388771
0.0034439676
0.0033551565
0.0032725157
0.0031961026
0.0031258692
0.0030615586
0.0030027275
0.002948843
0.0028993444
0.0028536638
0.0028112377
0.0027715015
0.0027338943
0.0026978817
0.0026629684
0.0026287138
0.0025947569
0.0025608231
0.0025266941
0.0024921677
0.002457041
0.0024211237
0.0023842858
0.0023464961
0.0023078267
0.0022684194
0.0022284279
0.0021880076
0.0021472843
0.0021063361
0.0020651893
0.0020238147
0.0019822172
0.0019404411
0.0018985655
0.0018566054
0.0018144834
0.0017721779
0.0017297454
0.0016871094
0.0016440822
0.0016006041
0.0015567619
0.0015125235
0.0014678029
0.0014226387
0.0013770357
0.0013309468
0.0012842165
0.0012367318
0.0011887508
0.0011401556
0.0010906778
0.0010407072
0.00099010056
0.00093850648
0.00088621432
0.00083328482
0.00077958884
0.00072523942
0.00067021671
0.00061473906
0.00055882565
0.00050259865
0.00044658062
0.00039216279
0.00033758479
0.00029565268
0.00023823335
0.00031627056
-0.00012426483
0.004709965
0.0047347839
0.0047599362
0.004785393
0.0048110556
0.0048369857
0.0048632235
0.0048895466
0.0049153246
0.0049394137
0.0049600297
0.0049746219
0.0049798603
0.0049718847
0.0049469367
0.0049023571
0.0048376262
0.0047547862
0.0046577295
0.0045507357
0.0044373834
0.0043204347
0.0042021579
0.004084418
0.0039685993
0.0038557037
0.0037465775
0.0036420057
0.0035426289
0.0034488535
0.0033608809
0.0032788182
0.0032027362
0.0031326039
0.003068202
0.0030091335
0.0029549064
0.0029049929
0.0028588522
0.0028159413
0.0027757147
0.0027376289
0.0027011632
0.0026658336
0.0026312077
0.0025969267
0.0025627121
0.0025283403
0.0024936071
0.0024583109
0.0024222657
0.0023853424
0.0023475052
0.0023088164
0.0022694064
0.0022294206
0.0021890063
0.0021482845
0.0021073313
0.0020661744
0.0020247909
0.0019831855
0.0019414002
0.0018995074
0.0018575232
0.0018153785
0.0017730493
0.0017305829
0.0016879096
0.001644854
0.0016013532
0.0015574833
0.001513218
0.0014684756
0.0014232867
0.0013776562
0.0013315369
0.0012847827
0.0012372851
0.001189276
0.0011406559
0.001091171
0.0010411714
0.00099053793
0.00093893566
0.00088662448
0.00083367398
0.00077996269
0.00072559331
0.00067055466
0.00061505305
0.00055911696
0.00050287374
0.00044682429
0.00039234753
0.00033772121
0.00029542258
0.00023928271
0.00030793592
-0.00011216053
0.0046880741
0.0047119004
0.0047360414
0.004760404
0.0047848281
0.0048092932
0.0048337534
0.004857925
0.0048811599
0.0049023562
0.004919859
0.0049313728
0.0049339739
0.0049243345
0.004899245
0.0048564071
0.0047952542
0.0047173216
0.0046257714
0.0045242883
0.0044161454
0.0043039764
0.004189969
0.0040759524
0.0039633449
0.0038532094
0.0037464283
0.0036437967
0.003545971
0.0034533961
0.0033663214
0.0032848894
0.0032091875
0.003139203
0.003074752
0.0030154824
0.0029609425
0.002910638
0.0028640554
0.0028206736
0.0027799665
0.0027414086
0.0027044935
0.0026687489
0.0026337509
0.0025991435
0.0025646451
0.0025300277
0.0024950851
0.0024596172
0.0024234417
0.0023864304
0.0023485431
0.0023098326
0.0022704181
0.0022304368
0.0021900279
0.0021493072
0.0021083492
0.0020671826
0.0020257902
0.0019841767
0.0019423819
0.001900472
0.0018584638
0.0018162959
0.0017739425
0.0017314423
0.0016887315
0.0016456466
0.0016021225
0.0015582247
0.0015139319
0.0014691669
0.0014239528
0.0013782942
0.0013321441
0.0012853653
0.0012378538
0.0011898167
0.0011411711
0.0010916779
0.0010416494
0.0009909885
0.00093937696
0.00088704664
0.00083407455
0.00078034718
0.00072595738
0.00067090191
0.00061537575
0.00055941604
0.00050315517
0.00044707281
0.00039253455
0.00033786078
0.0002951902
0.00024016554
0.00029987218
-0.00010050971
0.0046657064
0.0046884972
0.0047115686
0.0047347756
0.004757909
0.0047808818
0.0048035781
0.0048256665
0.0048464912
0.0048649994
0.0048796643
0.0048884257
0.004888718
0.0048776696
0.004852532
0.0048113127
0.0047534247
0.004680006
0.0045936115
0.0044973887
0.0043942961
0.0042868172
0.004177049
0.0040667731
0.0039574197
0.0038500965
0.0037457172
0.0036450878
0.0035488795
0.0034575706
0.0033714542
0.003290707
0.0032154356
0.003145647
0.003081191
0.0030217585
0.0029669379
0.0029162682
0.0028692639
0.0028254267
0.0027842506
0.0027452285
0.0027078688
0.0026717115
0.0026363414
0.0026014058
0.0025666212
0.0025317558
0.0024966015
0.0024609598
0.0024246517
0.0023875499
0.0023496098
0.0023108753
0.0022714546
0.0022314765
0.0021910722
0.0021503525
0.0021093898
0.0020682139
0.0020268126
0.0019851909
0.0019433863
0.0019014595
0.0018594274
0.0018172359
0.0017748578
0.0017323237
0.0016895753
0.0016464605
0.0016029123
0.0015589862
0.0015146654
0.0014698771
0.0014246372
0.00137895
0.0013327688
0.0012859648
0.0012384382
0.0011903732
0.0011417015
0.0010921986
0.0010421416
0.00099145261
0.00093983068
0.00088748108
0.0008344868
0.00078074255
0.00072633186
0.00067125865
0.00061570734
0.00055972301
0.00050344284
0.00044732661
0.00039272228
0.00033800934
0.0002949473
0.00024091148
0.0002919908
-8.9280247e-05
0.0046428501
0.0046645708
0.0046865273
0.0047085325
0.0047303386
0.0047518055
0.0047727622
0.0047928418
0.0048113899
0.0048274075
0.0048394919
0.0048457981
0.0048440754
0.0048318424
0.0048067394
0.0047670338
0.0047121363
0.0046428747
0.0045613019
0.0044700873
0.0043718766
0.0042689869
0.0041634147
0.004056883
0.0039508165
0.0038463512
0.0037444261
0.0036458579
0.003551331
0.0034613526
0.003376255
0.0032962479
0.003221459
0.003151916
0.0030875008
0.0030279455
0.0029728781
0.002921871
0.0028744673
0.0028301921
0.0027885601
0.0027490829
0.0027112848
0.002674718
0.0026389766
0.002603712
0.0025686393
0.0025335238
0.0024981559
0.0024623386
0.0024258958
0.002388701
0.0023507056
0.0023119448
0.0022725161
0.0022325399
0.0021921394
0.0021514205
0.0021104533
0.0020692684
0.0020278583
0.0019862284
0.0019444138
0.00190247
0.0018604142
0.0018181986
0.0017757953
0.0017332274
0.0016904415
0.001647296
0.0016037229
0.0015597684
0.001515419
0.0014706065
0.0014253404
0.001379624
0.0013334114
0.0012865814
0.0012390387
0.0011909459
0.0011422475
0.0010927336
0.0010426483
0.00099193059
0.0009402971
0.00088792805
0.00083491098
0.00078114906
0.00072671697
0.00067162508
0.00061604797
0.00056003796
0.00050373691
0.00044758513
0.00039291276
0.00033815507
0.00029469404
0.00024154677
0.00028427195
-7.8468815e-05
0.0046194986
0.0046401226
0.0046609306
0.0046817019
0.0047021581
0.0047221183
0.0047413693
0.0047595196
0.0047759242
0.0047896402
0.0047993837
0.004803505
0.0048000296
0.0047868098
0.0047618145
0.0047235325
0.0046713846
0.0046059573
0.0045288905
0.0044424331
0.0043489288
0.004250517
0.004149085
0.0040462884
0.0039435308
0.0038419618
0.0037425384
0.003646087
0.0035533028
0.0034647181
0.0033806998
0.003301489
0.0032272358
0.0031579892
0.0030936622
0.0030340262
0.0029787478
0.0029274334
0.0028796543
0.0028349603
0.0027928872
0.0027529658
0.0027147366
0.0026777648
0.0026416539
0.00260606
0.002570698
0.0025353307
0.0024997476
0.0024637531
0.0024271736
0.0023898835
0.0023518304
0.002313041
0.0022736025
0.0022336268
0.0021932295
0.0021525111
0.0021115396
0.0020703461
0.0020289274
0.001987289
0.0019454642
0.0019035037
0.0018614244
0.0018191844
0.0017767554
0.0017341538
0.0016913302
0.0016481535
0.0016045547
0.0015605715
0.0015161931
0.0014713555
0.0014260627
0.0013803166
0.0013340723
0.0012872157
0.0012396557
0.0011915351
0.0011428094
0.0010932831
0.0010431697
0.00099242276
0.00094077654
0.00088838782
0.00083534738
0.00078156694
0.0007271129
0.0006720014
0.0006163978
0.00056036102
0.00050403729
0.00044784888
0.0003931034
0.00033830903
0.00029444844
0.00024206115
0.00027670382
-6.8089269e-05
0.0045956499
0.0046151584
0.0046347951
0.0046543128
0.0046734097
0.0046918737
0.0047094612
0.004725766
0.0047401583
0.004751753
0.0047593777
0.0047615594
0.0047565652
0.0047425332
0.0047177097
0.0046807731
0.0046311626
0.004569278
0.0044964205
0.0044144734
0.0043254945
0.0042314402
0.0041340814
0.0040349983
0.0039355608
0.0038369187
0.0037400394
0.003645756
0.003554773
0.0034676434
0.0033847645
0.0033064069
0.0032327436
0.0031638456
0.0030996556
0.0030399826
0.0029845312
0.0029329412
0.0028848131
0.0028397212
0.0027972235
0.0027568703
0.0027182188
0.0026808474
0.0026443698
0.0026084473
0.0025727955
0.0025371755
0.002501376
0.0024652027
0.0024284849
0.0023910974
0.0023529841
0.0023141639
0.0022747138
0.0022347373
0.0021943424
0.0021536243
0.0021126486
0.002071447
0.0020300197
0.001988373
0.0019465378
0.0019045606
0.0018624581
0.0018201934
0.0017777382
0.0017351031
0.0016922418
0.0016490331
0.001605408
0.0015613958
0.0015169878
0.0014721244
0.0014268044
0.0013810282
0.0013347517
0.0012878678
0.0012402895
0.0011921412
0.0011433876
0.0010938475
0.0010437062
0.00099292946
0.0009412693
0.00088886064
0.00083579625
0.00078199643
0.00072751988
0.00067238778
0.00061675696
0.00056069226
0.00050434413
0.00044811718
0.00039329651
0.00033845964
0.00029421172
0.000242468
0.00026927349
-5.814898e-05
0.0045713062
0.0045896881
0.0046081408
0.0046263964
0.0046441358
0.0046611246
0.0046770983
0.0046916441
0.0047041529
0.0047137969
0.0047195083
0.0047199727
0.004713668
0.0046989771
0.0046743817
0.0046387221
0.004591462
0.0045328566
0.004463931
0.0043862529
0.0043016151
0.0042117903
0.0041184271
0.0040230242
0.0039269075
0.0038312148
0.0037369161
0.0036448477
0.0035557208
0.0034701055
0.0033884253
0.0033109781
0.0032379597
0.0031694632
0.0031054604
0.003045796
0.0029902114
0.0029383798
0.0028899308
0.0028444641
0.00280156
0.0027607889
0.0027217252
0.0026839612
0.0026471208
0.0026108713
0.0025749298
0.0025390565
0.0025030397
0.0024666868
0.0024298292
0.0023923422
0.0023541665
0.0023153132
0.0022758499
0.0022358712
0.0021954779
0.0021547599
0.0021137803
0.002072571
0.0020311352
0.0019894801
0.0019476346
0.0019056409
0.0018635153
0.0018212257
0.001778744
0.0017360754
0.0016931766
0.0016499353
0.0016062831
0.0015622417
0.0015178037
0.0014729137
0.0014275659
0.001381759
0.00133545
0.0012885382
0.0012409405
0.0011927643
0.0011439823
0.0010944272
0.0010442579
0.00099345099
0.00094177568
0.00088934677
0.00083625788
0.00078243778
0.00072793812
0.00067278442
0.0006171256
0.00056103182
0.0005046573
0.00044839056
0.00039348921
0.00033861953
0.00029397295
0.00024276468
0.00026198307
-4.8656315e-05
0.004546474
0.0045637252
0.0045809903
0.0045979854
0.0046143794
0.0046299228
0.0046443383
0.0046572139
0.0046679645
0.004675819
0.0046798066
0.0046787545
0.0046713248
0.0046561098
0.0046317912
0.0045973486
0.0045522729
0.0044967089
0.0044314569
0.0043578142
0.0042773315
0.0041916014
0.0041021471
0.0040103803
0.0039175746
0.0038248455
0.0037331573
0.003643346
0.0035561265
0.0034720821
0.0033916587
0.003315179
0.003242861
0.0031748202
0.0031110559
0.003051447
0.0029957709
0.0029437336
0.0028949938
0.0028491772
0.0028058868
0.0027647135
0.0027252492
0.0026871007
0.0026499025
0.0026133286
0.0025770984
0.0025409719
0.0025047376
0.0024682043
0.0024312056
0.0023936175
0.0023553772
0.0023164888
0.0022770103
0.0022370282
0.0021966359
0.0021559177
0.0021149344
0.0020737178
0.0020322739
0.0019906105
0.0019487545
0.0019067444
0.0018645961
0.0018222815
0.0017797729
0.0017370709
0.0016941346
0.0016508604
0.0016071803
0.0015631093
0.0015186409
0.0014737236
0.0014283474
0.0013825094
0.0013361676
0.0012892272
0.001241609
0.0011934048
0.001144594
0.0010950224
0.0010448253
0.00099398767
0.000942296
0.00088984648
0.00083673251
0.00078289123
0.00072836781
0.0006731915
0.00061750385
0.00056137976
0.00050497695
0.00044866822
0.00039368416
0.00033877631
0.00029370379
0.00024297889
0.0002548308
-3.9617345e-05
0.0045211637
0.0045372869
0.0045533687
0.0045691137
0.0045841834
0.0045983189
0.004611237
0.0046225321
0.0046316459
0.0046378626
0.0046403005
0.0046379132
0.0046295232
0.0046139026
0.0045899029
0.0045566237
0.0045135849
0.0044608474
0.0043990289
0.004329197
0.0042526836
0.0041709084
0.0040852678
0.003997083
0.0039075685
0.0038178084
0.0037287543
0.0036412369
0.0035559719
0.0034735521
0.0033944421
0.0033189864
0.0032474246
0.003179894
0.0031164206
0.0030569158
0.0030011914
0.0029489862
0.0028999879
0.0028538482
0.0028101934
0.0027686353
0.0027287836
0.0026902599
0.0026527103
0.0026158157
0.0025792986
0.0025429197
0.0025064681
0.002469754
0.0024326133
0.0023949225
0.0023566157
0.0023176901
0.002278195
0.0022382081
0.002197816
0.0021570975
0.0021161107
0.0020748873
0.0020334355
0.0019917639
0.0019498975
0.0019078713
0.0018657005
0.0018233607
0.0017808251
0.0017380897
0.0016951161
0.0016518084
0.0016080999
0.0015639991
0.0015194999
0.0014745544
0.0014291494
0.0013832798
0.0013369048
0.0012899352
0.0012422955
0.0011940632
0.001145223
0.0010956336
0.0010454086
0.00099453982
0.00094283055
0.00089036002
0.0008372204
0.00078335702
0.00072880917
0.00067360919
0.00061789184
0.00056173617
0.00050530291
0.00044895075
0.00039387786
0.0003389441
0.00029340737
0.00024309729
0.00024783409
-3.1055091e-05
0.004495389
0.004510393
0.0045253033
0.0045398166
0.0045535905
0.0045663619
0.0045778474
0.004587652
0.0045952462
0.0045999672
0.004601015
0.0045974559
0.004588252
0.0045723293
0.0045486845
0.0045165206
0.0044753871
0.0044252814
0.0043666742
0.004300438
0.00422771
0.0041497459
0.0040678168
0.0039831508
0.003896898
0.003810104
0.0037237003
0.0036385079
0.00355524
0.0034744954
0.0033967531
0.0033223772
0.0032516273
0.003184662
0.0031215327
0.0030621817
0.0030064541
0.0029541205
0.0029048979
0.0028584639
0.0028144685
0.0027725445
0.0027323202
0.0026934324
0.0026555388
0.0026183282
0.002581527
0.0025448973
0.0025082291
0.0024713344
0.0024340512
0.0023962564
0.0023578813
0.0023189167
0.0022794032
0.0022394105
0.0021990178
0.0021582988
0.0021173088
0.0020760791
0.0020346199
0.0019929402
0.0019510634
0.0019090214
0.0018668285
0.0018244636
0.0017819006
0.0017391321
0.0016961213
0.0016527798
0.0016090422
0.0015649112
0.0015203807
0.0014754065
0.001429972
0.0013840705
0.0013376619
0.0012906625
0.0012430002
0.0011947395
0.0011458696
0.001096261
0.001046008
0.00099510775
0.00094337964
0.00089088764
0.00083772182
0.00078383538
0.00072926238
0.00067403768
0.0006182897
0.0005621011
0.00050563533
0.00044923725
0.00039407324
0.0003391076
0.00029307805
0.00024313684
0.00024101433
-2.2986976e-05
0.0044691665
0.0044830661
0.0044968231
0.0045101298
0.0045226429
0.0045340995
0.00454422
0.0045526235
0.0045588105
0.0045621687
0.0045619727
0.0045573887
0.0045475005
0.0045313664
0.0045081068
0.0044770147
0.0044376683
0.0043900183
0.0043344164
0.0042715713
0.0042024476
0.0041281485
0.0040498225
0.003968604
0.0038855743
0.0038017348
0.0037179907
0.0036351487
0.0035539156
0.0034748929
0.0033985706
0.003325329
0.0032554464
0.0031891014
0.00312637
0.0030672237
0.0030115394
0.0029591188
0.0029097078
0.0028630102
0.0028186998
0.0027764309
0.0027358505
0.002696611
0.0026583822
0.0026208616
0.0025837801
0.0025469019
0.0025100184
0.0024729437
0.0024355178
0.0023976181
0.0023591732
0.0023201678
0.0022806345
0.0022406348
0.0022002409
0.0021595214
0.0021185284
0.002077293
0.0020358267
0.0019941392
0.0019522521
0.0019101945
0.0018679799
0.0018255899
0.0017829994
0.001740198
0.0016971502
0.0016537746
0.0016100073
0.0015658458
0.0015212838
0.0014762801
0.0014308157
0.0013848816
0.0013384392
0.0012914094
0.0012437234
0.0011954342
0.001146534
0.0010969051
0.0010466239
0.00099569175
0.00094394357
0.0008914296
0.00083823701
0.00078432655
0.00072972765
0.00067447712
0.00061869753
0.00056247463
0.00050597401
0.00044952817
0.00039426703
0.00033927711
0.00029272143
0.00024306521
0.00023436286
-1.5400698e-05
0.0044425158
0.0044553308
0.0044679585
0.0044800894
0.0044913822
0.0045015772
0.0045104023
0.0045174931
0.0045223804
0.0045244996
0.0045231934
0.0045177167
0.004507259
0.0044909924
0.0044681436
0.004438083
0.0044004174
0.004355063
0.0043022761
0.004242628
0.0041769318
0.0041061503
0.0040313142
0.0039534642
0.0038736109
0.003792706
0.0037116235
0.0036311509
0.0035519854
0.0034747274
0.0033998743
0.0033278199
0.0032588591
0.0031931896
0.0031309104
0.0030720204
0.0030164271
0.0029639626
0.0029144009
0.0028674724
0.0028228746
0.0027802834
0.0027393649
0.0026997877
0.0026612341
0.0026234106
0.0025860536
0.0025489301
0.0025118334
0.0024745799
0.0024370115
0.0023990062
0.0023604903
0.0023214427
0.0022818881
0.0022418803
0.0022014847
0.0021607645
0.002119769
0.0020785283
0.0020370554
0.0019953604
0.0019534633
0.0019113905
0.0018691546
0.0018267397
0.0017841217
0.0017412875
0.001698203
0.0016547929
0.0016109954
0.0015668032
0.0015222093
0.0014771754
0.0014316806
0.0013857137
0.001339237
0.0012921762
0.0012444656
0.0011961475
0.0011472167
0.001097566
0.0010472565
0.00099629212
0.00094452265
0.00089198614
0.00083876622
0.00078483076
0.00073020515
0.00067492768
0.00061911543
0.00056285678
0.00050631903
0.00044982284
0.00039446098
0.00033943807
0.00029234204
0.00024285562
0.00022785559
-8.2613883e-06
0.0044154587
0.0044272136
0.004438741
0.0044497318
0.004459849
0.004468839
0.0044764393
0.004482304
0.0044859939
0.0044869894
0.0044846949
0.004478444
0.0044675183
0.0044511879
0.0044287706
0.0043997045
0.0043636234
0.0043204189
0.0042702711
0.0042136363
0.0041511959
0.0040837847
0.0040123214
0.0039377546
0.0038610229
0.0037830251
0.0037045987
0.0036265083
0.0035494377
0.0034739829
0.0034006451
0.0033298289
0.0032618433
0.003196904
0.0031351312
0.00307655
0.0030210968
0.0029686327
0.0029189601
0.002871835
0.0028269791
0.0027840901
0.0027428535
0.002702954
0.0026640873
0.0026259694
0.0025883428
0.0025509781
0.0025136711
0.0024762405
0.0024385302
0.0024004192
0.0023618313
0.0023227401
0.002283163
0.0022431462
0.0022027484
0.0021620275
0.0021210298
0.0020797847
0.0020383057
0.0019966035
0.0019546966
0.001912609
0.0018703523
0.0018279128
0.0017852672
0.0017424006
0.0016992797
0.001655835
0.0016120067
0.0015677835
0.0015231574
0.0014780928
0.0014325669
0.0013865668
0.0013400555
0.0012929631
0.001245227
0.0011968798
0.0011479178
0.0010982443
0.0010479061
0.00099690912
0.00094511716
0.0008925575
0.00083930966
0.00078534822
0.00073069506
0.00067538949
0.0006195435
0.00056324759
0.00050667028
0.00045012113
0.00039465434
0.00033958609
0.00029194433
0.00024248468
0.00022151611
-1.5524307e-06
0.004388019
0.0043987425
0.0044092026
0.004419093
0.0044280829
0.0044359264
0.0044423731
0.004447096
0.0044496856
0.0044496644
0.0044464928
0.0044395739
0.0044282698
0.0044119352
0.0043899662
0.0043618598
0.0043272755
0.0042860881
0.0042384167
0.0041846221
0.0041252713
0.0040610839
0.0039928736
0.0039214995
0.0038478277
0.0037727016
0.0036969188
0.0036212169
0.0035462629
0.003472645
0.0034008653
0.0033313357
0.0032643775
0.0032002222
0.0031390102
0.0030807907
0.0030255273
0.0029731097
0.0029233671
0.0028760817
0.0028309989
0.0027878385
0.0027463052
0.0027061006
0.0026669341
0.0026285316
0.0025906425
0.0025530417
0.002515528
0.0024779226
0.0024400719
0.0024018552
0.0023631947
0.0023240589
0.0022844583
0.0022444317
0.0022040312
0.0021633097
0.0021223103
0.0020810613
0.0020395769
0.001997868
0.0019559517
0.0019138498
0.0018715729
0.001829109
0.001786436
0.0017435372
0.0017003802
0.0016569008
0.0016130413
0.0015687868
0.0015241284
0.0014790325
0.0014334751
0.0013874413
0.0013408952
0.0012937706
0.0012460079
0.0011976312
0.0011486377
0.0010989401
0.001048573
0.00099754305
0.00094572739
0.00089314393
0.00083986759
0.00078587915
0.00073119757
0.00067586272
0.00061998183
0.00056364707
0.00050702769
0.0004504228
0.00039484643
0.00033972017
0.00029152632
0.000241963
0.00021536024
4.7210248e-06
0.0043602222
0.0043699463
0.0043793759
0.0043882087
0.004396122
0.0044028792
0.0044082429
0.0044119058
0.004413487
0.0044125483
0.0044086007
0.0044011091
0.0043895055
0.004373218
0.0043517104
0.0043245309
0.0042913634
0.0042520714
0.004206726
0.0041556083
0.0040991874
0.0040380793
0.0039730003
0.0039047237
0.0038340439
0.0037617471
0.0036885883
0.0036152747
0.0035424533
0.0034707015
0.0034005187
0.0033323213
0.0032664408
0.0032031225
0.0031425251
0.0030847203
0.0030296975
0.0029773732
0.0029276035
0.0028801956
0.002834919
0.002791515
0.0027497084
0.0027092177
0.002669766
0.0026310902
0.002592947
0.0025551162
0.0025174002
0.0024796231
0.0024416337
0.0024033121
0.0023645787
0.0023253976
0.0022857726
0.0022457355
0.0022053322
0.0021646102
0.0021236096
0.0020823575
0.0020408684
0.0019991532
0.0019572281
0.0019151123
0.0018728158
0.0018303281
0.0017876278
0.0017446971
0.0017015045
0.0016579904
0.0016140993
0.0015698133
0.0015251222
0.0014799945
0.0014344051
0.0013883374
0.001341756
0.0012945988
0.0012468086
0.0011984021
0.0011493767
0.0010996537
0.0010492574
0.00099819414
0.00094635362
0.00089374563
0.00084044019
0.00078642374
0.00073171281
0.00067634747
0.00062043047
0.00056405522
0.00050739116
0.00045072752
0.00039503676
0.00033983917
0.00029108557
0.00024130312
0.00020939216
1.0555853e-05
0.004332095
0.0043408547
0.0043492932
0.0043571138
0.0043640031
0.0043697348
0.0043740853
0.0043767669
0.0043774265
0.004375662
0.0043710305
0.0043630512
0.0043512178
0.0043350215
0.0043139849
0.0042877012
0.0042558768
0.0042183688
0.00417521
0.004126616
0.0040729715
0.0040148009
0.0039527307
0.0038874529
0.0038196915
0.0037501751
0.0036796141
0.0036086822
0.0035380035
0.0034681416
0.0033995905
0.0033327681
0.0032680132
0.0032055834
0.0031456538
0.0030883168
0.0030335858
0.0029814029
0.00293165
0.0028841592
0.0028387233
0.0027951058
0.0027530509
0.0027122945
0.0026725741
0.0026336375
0.0025952498
0.0025571963
0.0025192834
0.0024813385
0.0024432126
0.0024047873
0.0023659812
0.0023267544
0.0022871044
0.0022470565
0.00220665
0.0021659278
0.0021249267
0.0020836723
0.0020421793
0.0020004586
0.0019585251
0.0019163962
0.0018740808
0.0018315696
0.0017888424
0.0017458803
0.0017026525
0.0016591037
0.0016151808
0.001570863
0.001526139
0.0014809791
0.0014353573
0.0013892552
0.0013426384
0.001295448
0.0012476293
0.0011991926
0.001150135
0.0011003855
0.0010499595
0.00099886267
0.00094699613
0.00089436286
0.0008410277
0.00078698222
0.00073224096
0.00067684389
0.0006208895
0.00056447204
0.00050776059
0.00045103498
0.00039522488
0.00033994187
0.00029062017
0.00024051466
0.00020361892
1.5956827e-05
0.0043036651
0.0043114978
0.0043189868
0.0043258425
0.0043317614
0.0043365285
0.0043399341
0.0043417102
0.0043415296
0.0043390242
0.0043337921
0.0043254014
0.0043133992
0.004297332
0.004276773
0.0042513553
0.0042208062
0.0041849794
0.0041438781
0.0040976637
0.004046649
0.0039912773
0.0039320936
0.003869713
0.0038047917
0.003738001
0.0036700048
0.0036014416
0.00353291
0.0034649569
0.0033980677
0.0033326595
0.0032690759
0.0032075844
0.0031483748
0.0030915583
0.0030371705
0.002985178
0.002935487
0.0028879541
0.0028423954
0.0027985957
0.0027563194
0.0027153196
0.0026753483
0.0026361652
0.002597544
0.0025592762
0.0025211726
0.0024830644
0.0024448054
0.002406278
0.0023673999
0.0023281273
0.0022884521
0.0022483929
0.0022079834
0.0021672615
0.0021262605
0.0020850048
0.0020435087
0.0020017833
0.0019598421
0.0019177007
0.0018753672
0.0018328331
0.0017900794
0.0017470863
0.0017038239
0.0016602406
0.0016162855
0.0015719359
0.0015271789
0.0014819863
0.0014363316
0.0013901949
0.0013435424
0.0012963183
0.0012484704
0.001200003
0.0011509127
0.0011011358
0.0010506796
0.00099954882
0.00094765512
0.00089499577
0.00084163027
0.00078755471
0.00073278212
0.00067735203
0.00062135891
0.00056489745
0.00050813582
0.00045134479
0.00039541019
0.00034002703
0.00029012813
0.00023960564
0.00019805175
2.0931339e-05
0.0042749606
0.0042819058
0.0042884887
0.0042944277
0.0042994304
0.0043032932
0.0043058206
0.0043067633
0.0043058192
0.004302651
0.0042968943
0.00428816
0.0042760427
0.0042601366
0.0042400594
0.0042154789
0.004186142
0.0041519018
0.0041127381
0.004068768
0.0040202431
0.0039675357
0.0039111168
0.0038515301
0.0037893667
0.0037252414
0.0036597713
0.0035935578
0.0035271716
0.0034611406
0.0033959393
0.0033319807
0.0032696111
0.0032091059
0.0031506671
0.0030944232
0.0030404302
0.0029886772
0.0029390945
0.0028915618
0.002845918
0.0028019695
0.0027595002
0.0027182808
0.0026780782
0.0026386643
0.0025998219
0.0025613493
0.0025230626
0.0024847966
0.0024464082
0.0024077811
0.0023688321
0.0023295141
0.0022898136
0.0022497433
0.0022093309
0.0021686097
0.0021276098
0.0020863537
0.0020448557
0.0020031263
0.0019611782
0.0019190252
0.0018766744
0.0018341182
0.0017913385
0.0017483151
0.0017050186
0.001661401
0.0016174137
0.0015730321
0.0015282419
0.0014830163
0.0014373284
0.0013911568
0.0013444682
0.00129721
0.0012493321
0.0012008336
0.0011517102
0.0011019047
0.0010514179
0.0010002529
0.00094833093
0.00089564466
0.00084224815
0.00078814148
0.00073333648
0.00067787206
0.00062183881
0.00056533146
0.00050851676
0.00045165667
0.00039559221
0.0003400936
0.00028960744
0.00023858426
0.00019270392
2.5487775e-05
0.0042460103
0.0042521086
0.0042578298
0.0042629012
0.0042670419
0.0042700598
0.0042717734
0.0042719516
0.0042703156
0.0042665566
0.004260344
0.0042513269
0.0042391413
0.0042234235
0.0042038298
0.0041800587
0.0041518754
0.0041191339
0.0040817965
0.0040399436
0.0039937753
0.0039436018
0.0038898274
0.0038329301
0.0037734393
0.0037119145
0.003648926
0.0035850372
0.0035207891
0.0034566883
0.0033931958
0.0033307185
0.0032696025
0.0032101289
0.0031525104
0.0030968902
0.0030433432
0.0029918796
0.0029424521
0.002894963
0.0028492734
0.0028052108
0.0027625786
0.0027211652
0.0026807526
0.002641125
0.0026020751
0.0025634087
0.0025249472
0.0024865298
0.0024480166
0.0024092928
0.0023702747
0.0023309121
0.0022911867
0.0022511055
0.0022106907
0.0021699709
0.002128973
0.0020877178
0.0020462189
0.0020044866
0.0019625325
0.0019203688
0.0018780016
0.0018354242
0.0017926191
0.0017495659
0.0017062361
0.0016625845
0.0016185649
0.0015741512
0.0015293279
0.001484069
0.0014383475
0.0013921407
0.001345416
0.0012981232
0.0012502144
0.0012016843
0.0011525276
0.0011026925
0.0010521745
0.0010009749
0.00094902364
0.00089630956
0.00084288136
0.00078874253
0.00073390403
0.00067840393
0.00062232906
0.00056577389
0.00050890311
0.00045197009
0.00039577022
0.0003401404
0.00028905576
0.00023745868
0.00018759007
2.9635715e-05
0.0042168427
0.0042221358
0.0042270404
0.0042312934
0.0042346257
0.0042368569
0.0042378188
0.0042372977
0.0042350367
0.0042307532
0.0042241469
0.0042149012
0.0042026883
0.0041871815
0.0041680709
0.0041450823
0.0041179976
0.0040866734
0.0040510586
0.0040112038
0.0039672654
0.0039194997
0.0038682517
0.0038139389
0.0037570326
0.0036980394
0.0036374832
0.0035758885
0.0035137655
0.0034515976
0.0033898302
0.0033288614
0.0032690353
0.0032106361
0.0031538852
0.0030989388
0.0030458885
0.0029947641
0.0029455393
0.0028981383
0.0028524433
0.0028083028
0.0027655395
0.0027239593
0.0026833595
0.0026435371
0.0026042949
0.0025654467
0.00252682
0.0024882587
0.002449626
0.0024108093
0.0023717243
0.0023323185
0.002292569
0.0022524775
0.002212061
0.0021713435
0.0021303487
0.0020890956
0.0020475972
0.0020058631
0.001963904
0.0019217306
0.0018793483
0.0018367505
0.0017939207
0.0017508386
0.0017074762
0.0016637911
0.0016197391
0.0015752934
0.0015304369
0.0014851445
0.0014393891
0.001393147
0.0013463858
0.0012990581
0.0012511178
0.0012025556
0.0011533651
0.0011034996
0.0010529499
0.0010017153
0.00094973367
0.00089699087
0.00084353029
0.00078935822
0.00073448508
0.0006789479
0.00062282988
0.00056622483
0.00050929488
0.00045228485
0.00039594379
0.0003401668
0.00028847106
0.000236237
0.00018272549
3.3390288e-05
0.0041874862
0.0041920163
0.0041961498
0.0041996333
0.0042022099
0.0042037108
0.0042039806
0.004202822
0.0041999984
0.0041952512
0.0041883076
0.0041788813
0.0041666769
0.0041513998
0.0041327701
0.0041105379
0.0040845002
0.0040545175
0.0040205285
0.0039825599
0.0039407311
0.0038952519
0.0038464147
0.0037945818
0.0037401703
0.0036836363
0.0036254583
0.0035661219
0.0035061055
0.0034458679
0.0033858368
0.0033263996
0.0032678958
0.0032106111
0.003154773
0.0031005488
0.0030480451
0.0029973095
0.0029483353
0.0029010675
0.0028554089
0.0028112281
0.0027683669
0.0027266486
0.002685886
0.0026458891
0.0026064714
0.0025674549
0.0025286737
0.0024899768
0.002451231
0.0024123258
0.002373177
0.0023337297
0.0022939574
0.0022538565
0.0022134392
0.0021727251
0.0021317348
0.0020904853
0.0020489887
0.0020072542
0.0019652913
0.0019231094
0.001880713
0.0018380959
0.0017952424
0.0017521323
0.001708738
0.0016650199
0.0016209358
0.0015764581
0.0015315684
0.0014862424
0.0014404529
0.0013941752
0.0013473775
0.0013000145
0.0012520419
0.0012034473
0.0011542227
0.0011043258
0.0010537437
0.0010024739
0.00095046086
0.00089768839
0.00084419469
0.00078998832
0.00073507936
0.00067950365
0.00062334088
0.00056668384
0.00050969151
0.00045260017
0.00039611198
0.00034017153
0.00028785299
0.00023492825
0.00017811014
3.6761072e-05
0.0041579687
0.0041617783
0.0041651857
0.0041679481
0.0041698209
0.004170646
0.0041702805
0.0041685425
0.0041652143
0.0041600593
0.0041528294
0.0041432654
0.0041311005
0.0041160686
0.004097916
0.0040764145
0.0040513753
0.0040226634
0.0039902099
0.0039540223
0.003914189
0.0038708799
0.0038243407
0.0037748837
0.0037228762
0.0036687262
0.0036128684
0.0035557497
0.0034978164
0.0034395012
0.0033812127
0.0033233255
0.0032661728
0.0032100391
0.0031551566
0.0031017014
0.003049793
0.0029994953
0.0029508199
0.0029037309
0.0028581513
0.0028139691
0.0027710446
0.0027292186
0.0026883191
0.0026481696
0.0026085945
0.0025694246
0.0025305009
0.0024916778
0.0024528262
0.0024138378
0.0023746288
0.0023351426
0.0022953491
0.0022552402
0.0022148233
0.0021741141
0.0021331298
0.0020918855
0.0020503923
0.0020086588
0.0019666935
0.0019245044
0.0018820953
0.0018394601
0.001796584
0.0017534467
0.0017100215
0.0016662711
0.0016221552
0.0015776455
0.0015327229
0.0014873632
0.0014415393
0.001395226
0.0013483917
0.001300993
0.0012529875
0.00120436
0.0011551009
0.0011051718
0.0010545568
0.0010032513
0.00095120592
0.00089840282
0.00084487524
0.00079063349
0.00073568747
0.00068007176
0.00062386256
0.0005671513
0.00051009329
0.00045291613
0.00039627469
0.00034015425
0.00028720347
0.00023354245
0.00017375014
3.9761713e-05
0.0041283178
0.0041314489
0.004134175
0.0041362638
0.0041374827
0.0041376846
0.0041367378
0.004134475
0.004130696
0.0041251844
0.0041177142
0.0041080506
0.004095952
0.0040811776
0.004063497
0.0040427013
0.0040186148
0.0039911072
0.0039601048
0.0039255993
0.0038876536
0.0038464029
0.0038020519
0.0037548685
0.0037051736
0.0036533303
0.0035997311
0.0035447853
0.0034889065
0.0034325007
0.0033759562
0.0033196331
0.003263856
0.0032089067
0.0031550196
0.003102378
0.0030511123
0.0030013009
0.002952972
0.0029061081
0.0028606507
0.0028165068
0.002773555
0.002731653
0.0026906443
0.0026503655
0.0026106525
0.0025713454
0.0025322924
0.0024933537
0.0024544045
0.0024153391
0.0023760743
0.0023365523
0.0022967398
0.0022566247
0.0022162099
0.0021755071
0.0021345305
0.0020932933
0.0020518053
0.0020100744
0.0019681081
0.0019259134
0.001883493
0.0018408411
0.0017979434
0.0017547801
0.0017113252
0.0016675431
0.0016233958
0.0015788544
0.0015338989
0.0014885056
0.0014426473
0.0013962983
0.0013494272
0.0013019927
0.0012539537
0.0012052928
0.0011559989
0.0011060367
0.0010553883
0.0010040467
0.00095196808
0.00089913336
0.00084557111
0.0007912929
0.00073630856
0.00068065134
0.00062439397
0.00056762619
0.0005104991
0.00045323142
0.00039643044
0.00034011352
0.00028652325
0.00023208756
0.00016961801
4.238839e-05
0.0040985599
0.0041010545
0.0041031433
0.0041046047
0.0041052184
0.0041048472
0.0041033704
0.0041006341
0.0040964543
0.0040906327
0.0040829638
0.0040732343
0.0040612252
0.0040467181
0.0040295032
0.0040093889
0.0039862117
0.0039598464
0.0039302159
0.0038972996
0.0038611389
0.0038218397
0.0037795709
0.0037345602
0.0036870865
0.0036374709
0.0035860659
0.003533244
0.0034793866
0.0034248726
0.0033700685
0.0033153188
0.0032609377
0.0032072025
0.0031543478
0.0031025621
0.0030519849
0.0030027071
0.0029547722
0.0029081795
0.0028628884
0.0028188237
0.0027758817
0.0027339368
0.0026928477
0.0026524647
0.002612635
0.0025732083
0.0025340405
0.0024949979
0.0024559604
0.002416825
0.0023775097
0.0023379557
0.002298127
0.0022580079
0.0022175972
0.0021769028
0.002135936
0.0020947078
0.002053227
0.0020115006
0.0019695351
0.0019273363
0.0018849063
0.0018422392
0.0017993213
0.0017561332
0.0017126496
0.0016688369
0.0016246585
0.0015800859
0.0015350979
0.0014896709
0.0014437782
0.0013973935
0.0013504856
0.001303015
0.001254942
0.0012062472
0.0011569182
0.0011069223
0.0010562398
0.0010048618
0.0009527489
0.00089988155
0.0008462838
0.00079196802
0.00073694406
0.00068124375
0.00062493637
0.00056810967
0.00051090998
0.00045354686
0.00039657994
0.00034005013
0.00028581521
0.0002305732
0.00016582564
4.4630884e-05
0.0040687195
0.0040706187
0.0040721133
0.0040729924
0.0040730475
0.0040721512
0.0040701928
0.0040670308
0.0040624962
0.0040564076
0.0040485774
0.0040388119
0.0040269121
0.0040126796
0.003995923
0.0039764664
0.0039541572
0.0039288757
0.0039005429
0.0038691285
0.003834656
0.0037972064
0.0037569172
0.0037139806
0.0036686373
0.0036211696
0.0035718919
0.0035211417
0.0034692684
0.0034166237
0.0033635518
0.0033103801
0.0032574112
0.0032049158
0.0031531272
0.0031022368
0.0030523917
0.0030036936
0.0029561994
0.0029099238
0.002864843
0.0028208989
0.0027780048
0.0027360513
0.0026949123
0.0026544513
0.0026145275
0.002575
0.0025357332
0.0024965997
0.002457484
0.0024182867
0.0023789269
0.0023393454
0.0022995041
0.0022593837
0.0022189795
0.0021782957
0.002137341
0.0020961242
0.0020546527
0.0020129328
0.00197097
0.0019287691
0.0018863311
0.0018436505
0.0018007139
0.0017575025
0.0017139915
0.0016701491
0.0016259404
0.0015813369
0.0015363167
0.0014908563
0.0014449293
0.0013985088
0.0013515643
0.0013040573
0.00125595
0.001207221
0.0011578565
0.0011078262
0.0010571089
0.0010056941
0.00095354614
0.00090064516
0.00084701108
0.00079265663
0.00073759173
0.00068184672
0.00062548746
0.00056859938
0.0005113235
0.00045385987
0.00039672049
0.00033996172
0.00028507903
0.00022900453
0.00016225116
4.6517284e-05
0.0036523482
0.0037371127
0.0038911114
0.0040553889
0.0042234231
0.0043959673
0.0045704036
0.0047479019
0.0049361399
0.005176988
0.0036523419
0.0037371011
0.0038910924
0.0040553554
0.0042233631
0.0043958578
0.0045701728
0.0047472601
0.0049330896
0.0051500946
0.0036523287
0.0037370772
0.0038910524
0.004055285
0.0042232375
0.0043956257
0.0045696933
0.0047458959
0.0049276025
0.0051208693
0.0036523079
0.0037370398
0.0038909892
0.0040551738
0.0042230397
0.004395259
0.0045689399
0.0047437998
0.0049205257
0.005095195
0.0036522786
0.0037369877
0.0038909004
0.0040550182
0.0042227628
0.0043947461
0.0045678836
0.0047410483
0.0049121598
0.0050717669
0.0036522399
0.0037369196
0.0038907837
0.0040548137
0.0042223995
0.0043940729
0.004566509
0.0047376431
0.0049029008
0.0050497702
0.0036521911
0.0037368341
0.0038906364
0.004054556
0.0042219419
0.0043932257
0.0045647993
0.0047336007
0.0048930273
0.0050287986
0.003652131
0.0037367295
0.0038904557
0.0040542402
0.0042213817
0.004392191
0.0045627362
0.0047289511
0.0048825955
0.0050086357
0.0036520587
0.0037366043
0.0038902385
0.0040538611
0.0042207101
0.0043909544
0.0045603049
0.0047237102
0.0048716583
0.0049891545
0.003651973
0.0037364566
0.0038899815
0.0040534133
0.0042199177
0.0043895013
0.0045574907
0.0047178921
0.0048602652
0.0049702363
0.0036518727
0.0037362845
0.0038896814
0.0040528908
0.0042189947
0.0043878171
0.0045542797
0.0047115104
0.0048484548
0.00495177
0.0036517566
0.003736086
0.0038893343
0.0040522875
0.004217931
0.0043858865
0.0045506587
0.0047045767
0.0048362556
0.0049336555
0.0036516232
0.0037358589
0.0038889362
0.0040515966
0.0042167156
0.0043836946
0.0045466153
0.0046971013
0.0048236876
0.0049158022
0.003651471
0.0037356009
0.003888483
0.004050811
0.0042153374
0.0043812258
0.0045421376
0.0046890924
0.0048107636
0.0048981272
0.0036512984
0.0037353093
0.00388797
0.0040499234
0.0042137845
0.0043784646
0.0045372141
0.0046805566
0.0047974903
0.0048805542
0.0036511037
0.0037349815
0.0038873924
0.0040489258
0.0042120448
0.0043753956
0.0045318338
0.0046714987
0.0047838688
0.0048630131
0.003650885
0.0037346147
0.003886745
0.0040478099
0.0042101055
0.0043720029
0.0045259861
0.0046619221
0.0047698958
0.004845439
0.0036506404
0.0037342057
0.0038860224
0.0040465667
0.0042079537
0.0043682709
0.0045196608
0.0046518283
0.0047555643
0.0048277721
0.0036503676
0.0037337512
0.0038852186
0.0040451871
0.0042055758
0.004364184
0.0045128478
0.0046412173
0.0047408642
0.004809957
0.0036500644
0.0037332478
0.0038843276
0.0040436613
0.0042029578
0.0043597264
0.0045055373
0.004630088
0.0047257831
0.0047919426
0.0036497284
0.0037326917
0.0038833427
0.004041979
0.0042000855
0.0043548826
0.0044977198
0.0046184379
0.004710307
0.0047736821
0.0036493569
0.0037320788
0.0038822569
0.0040401296
0.0041969442
0.0043496372
0.0044893858
0.0046062633
0.0046944206
0.0047551326
0.0036489472
0.003731405
0.003881063
0.004038102
0.0041935191
0.004343975
0.0044805263
0.00459356
0.0046781084
0.0047362555
0.0036484962
0.0037306657
0.0038797531
0.0040358844
0.004189795
0.0043378809
0.0044711324
0.0045803229
0.0046613547
0.0047170158
0.0036480007
0.0037298562
0.003878319
0.0040334648
0.0041857565
0.0043313401
0.0044611957
0.0045665467
0.0046441442
0.004697383
0.0036474573
0.0037289712
0.0038767522
0.0040308307
0.004181388
0.0043243383
0.0044507077
0.0045522259
0.0046264626
0.0046773303
0.0036468623
0.0037280054
0.0038750435
0.0040279691
0.0041766738
0.0043168615
0.0044396609
0.0045373549
0.0046082968
0.0046568352
0.0036462119
0.003726953
0.0038731835
0.0040248666
0.0041715983
0.004308896
0.0044280479
0.0045219288
0.0045896353
0.0046358792
0.0036455019
0.0037258079
0.0038711622
0.0040215094
0.0041661457
0.0043004289
0.0044158622
0.0045059431
0.0045704685
0.004614448
0.0036447278
0.0037245638
0.0038689692
0.0040178835
0.0041603004
0.0042914478
0.0044030978
0.0044893941
0.0045507888
0.0045925312
0.0036438849
0.0037232138
0.0038665936
0.0040139744
0.0041540469
0.0042819411
0.0043897497
0.0044722794
0.0045305913
0.0045701227
0.0036429682
0.0037217507
0.0038640242
0.0040097673
0.0041473699
0.0042718978
0.0043758138
0.0044545976
0.0045098731
0.0045472199
0.0036419724
0.0037201669
0.0038612491
0.0040052474
0.0041402546
0.004261308
0.0043612872
0.004436349
0.0044886343
0.0045238244
0.0036408917
0.0037184546
0.0038582562
0.0040003994
0.0041326863
0.0042501626
0.0043461679
0.0044175355
0.0044668776
0.0044999411
0.00363972
0.0037166053
0.0038550329
0.0039952082
0.0041246511
0.0042384537
0.0043304557
0.0043981607
0.0044446082
0.0044755783
0.003638451
0.0037146103
0.0038515661
0.0039896584
0.0041161356
0.0042261746
0.0043141514
0.0043782301
0.004421834
0.0044507478
0.0036370779
0.0037124604
0.0038478426
0.0039837347
0.0041071268
0.0042133198
0.0042972577
0.0043577511
0.0043985657
0.004425464
0.0036355935
0.0037101459
0.0038438486
0.0039774219
0.004097613
0.004199885
0.0042797787
0.0043367334
0.0043748162
0.004399744
0.00363399
0.0037076568
0.00383957
0.0039707049
0.0040875831
0.0041858677
0.0042617202
0.0043151882
0.0043506009
0.0043736075
0.0036322595
0.0037049826
0.0038349926
0.003963569
0.0040770269
0.0041712666
0.0042430898
0.0042931291
0.0043259373
0.0043470759
0.0036303933
0.0037021126
0.0038301018
0.0039559997
0.0040659355
0.0041560821
0.0042238969
0.0042705712
0.0043008449
0.0043201725
0.0036283825
0.0036990353
0.0038248828
0.003947983
0.004054301
0.0041403162
0.0042041525
0.0042475319
0.0042753449
0.0042929221
0.0036262176
0.003695739
0.0038193207
0.0039395055
0.0040421171
0.0041239728
0.0041838695
0.0042240298
0.0042494601
0.0042653506
0.0036238884
0.0036922118
0.0038134006
0.0039305544
0.0040293786
0.0041070571
0.0041630623
0.0042000853
0.0042232143
0.0042374846
0.0036213846
0.003688441
0.0038071076
0.0039211177
0.0040160816
0.0040895763
0.0041417472
0.0041757202
0.0041966328
0.0042093513
0.003618695
0.0036844139
0.0038004266
0.0039111843
0.0040022242
0.0040715392
0.0041199418
0.0041509574
0.0041697411
0.0041809781
0.003615808
0.0036801174
0.0037933429
0.0039007441
0.0039878056
0.0040529564
0.0040976652
0.0041258208
0.0041425656
0.0041523924
0.0036127115
0.0036755379
0.0037858417
0.0038897883
0.0039728267
0.0040338398
0.0040749379
0.0041003353
0.004115133
0.0041236218
0.0036093926
0.0036706619
0.0037779087
0.0038783092
0.0039572904
0.0040142033
0.0040517811
0.0040745258
0.0040874695
0.0040946926
0.0036058381
0.0036654755
0.0037695297
0.0038663005
0.0039412009
0.0039940623
0.004028218
0.0040484185
0.0040596016
0.0040656305
0.0036018755
0.0036597363
0.0037603242
0.0038532349
0.0039238722
0.0039725756
0.0040032764
0.0040209435
0.0040303909
0.0040352504
0.0035970059
0.0036527451
0.0037492041
0.0038376151
0.0039033807
0.0039474241
0.0039743217
0.0039892413
0.0039968275
0.0040004422
0.0035906807
0.0036437702
0.0037350871
0.0038180196
0.0038780067
0.0039166536
0.0039392401
0.0039511014
0.0039566439
0.0039589044
0.0035823988
0.0036322051
0.0037171726
0.0037934706
0.0038466984
0.003879223
0.0038970412
0.0039055908
0.0039089554
0.0039097871
0.0035714583
0.0036172432
0.0036945082
0.0037628304
0.003808283
0.0038340368
0.0038467394
0.0038518201
0.0038529453
0.0038523287
0.0035568877
0.003597803
0.0036659597
0.0037248262
0.0037615289
0.0037800341
0.0037874588
0.0037890556
0.0037879712
0.0037859399
0.0035374219
0.0035725731
0.0036301465
0.0036780646
0.0037052138
0.003716269
0.0037185042
0.0037167889
0.0037136668
0.0037103642
0.0035114201
0.0035399075
0.0035854629
0.0036211633
0.0036383117
0.0036420968
0.0036395081
0.003634777
0.0036298059
0.0036253617
0.0034768275
0.003497853
0.0035302363
0.003552955
0.003560176
0.0035573133
0.0035506488
0.0035435565
0.0035372282
0.0035319695
0.0034312148
0.003444257
0.0034629066
0.0034726591
0.0034706537
0.00346202
0.0034518734
0.0034426986
0.0034351641
0.0034292399
0.0033719675
0.0033769937
0.0033822696
0.0033800384
0.0033703343
0.0033577079
0.0033457352
0.0033357255
0.0033277545
0.0033215701
0.0032967094
0.00329434
0.0032878027
0.0032754258
0.0032592447
0.0032428766
0.0032287727
0.0032176436
0.0032092012
0.0032028978
0.003203877
0.0031956154
0.0031799715
0.0031610565
0.0031425623
0.0031264275
0.0031131608
0.0031026291
0.0030944998
0.0030883735
0.0030937891
0.003081676
0.0030593904
0.003034099
0.0030108918
0.0029919395
0.0029774473
0.0029667056
0.0029588294
0.0029530781
0.0029691743
0.0029562604
0.0029349179
0.0029139846
0.0028965957
0.0028823797
0.0028707391
0.0028614382
0.0028542851
0.0028489464
0.0028360341
0.0028197677
0.0027906699
0.0027610084
0.0027377865
0.0027214669
0.0027099144
0.0027014533
0.0026952218
0.0026906943
0.002706623
0.0027049895
0.0026979186
0.0026885635
0.0026781476
0.0026676691
0.0026582898
0.002650699
0.0026448999
0.0026405674
0.0025718018
0.0025342833
0.0024940366
0.0024661003
0.0024477335
0.0024343786
0.0024243422
0.0024170276
0.0024118253
0.0024081242
0.0040375809
0.0040389016
0.0040398208
0.0040401385
0.0040396584
0.0040382626
0.00403585
0.0040322912
0.0040274314
0.0040211052
0.0040131422
0.0040033667
0.0039915985
0.0039776576
0.0039613698
0.0039425738
0.0039211279
0.0038969178
0.0038698638
0.0038399277
0.0038071179
0.0037714932
0.0037331629
0.0036922863
0.0036490683
0.0036037538
0.0035566205
0.0035079705
0.0034581212
0.0034073959
0.0033561151
0.0033045874
0.0032531018
0.0032019207
0.0031512741
0.0031013548
0.0030523157
0.0030042676
0.0029572801
0.0029113825
0.002866567
0.0028227924
0.0027799888
0.0027380632
0.0026969051
0.0026563919
0.0026163948
0.0025767838
0.0025374317
0.002498218
0.0024590329
0.0024197804
0.0023803816
0.002340777
0.0023009267
0.0022608085
0.002220414
0.0021797443
0.0021388048
0.0020976024
0.0020561433
0.0020144325
0.0019724748
0.0019302736
0.0018878296
0.0018451368
0.0018021825
0.0017589483
0.0017154103
0.0016715381
0.0016272987
0.0015826636
0.0015376103
0.0014921155
0.0014461529
0.0013996953
0.0013527125
0.0013051677
0.0012570241
0.001208259
0.0011588573
0.0011087905
0.0010580365
0.0010065828
0.00095439741
0.00090146032
0.00084778746
0.00079339155
0.00073828255
0.00068248924
0.00062607389
0.00056911915
0.00051176003
0.00045418621
0.00039686031
0.00033984672
0.00028428793
0.00022732379
0.00015883657
4.8124553e-05
0.0040019696
0.0040026805
0.0040029952
0.0040027261
0.0040016901
0.0039997796
0.0039969038
0.0039929458
0.0039877656
0.0039812142
0.0039731389
0.0039633823
0.0039517833
0.0039381803
0.0039224167
0.0039043461
0.0038838381
0.0038607846
0.0038351063
0.0038067582
0.0037757349
0.003742074
0.0037058577
0.0036672123
0.0036263064
0.0035833465
0.0035385713
0.003492245
0.0034446495
0.0033960764
0.0033468188
0.003297163
0.0032473811
0.0031977242
0.0031484164
0.0030996499
0.0030515817
0.0030043312
0.0029579801
0.0029125724
0.002868117
0.0028245906
0.0027819417
0.0027400952
0.0026989576
0.0026584222
0.0026183743
0.0025786959
0.00253927
0.0024999847
0.0024607364
0.0024214339
0.0023820007
0.0023423776
0.0023025232
0.0022624125
0.0022220335
0.0021813837
0.0021404654
0.0020992832
0.0020578416
0.0020161446
0.0019741956
0.0019319972
0.0018895489
0.0018468448
0.0018038727
0.0017606147
0.0017170479
0.0016731435
0.0016288702
0.0015841999
0.0015391096
0.001493576
0.001447573
0.0014010734
0.0013540472
0.0013064591
0.0012582736
0.001209467
0.0011600223
0.0011099131
0.0010591164
0.0010076179
0.00095538873
0.00090240911
0.00084869082
0.00079424613
0.00073908499
0.00068323435
0.00062675236
0.00056971809
0.00051225903
0.00045455243
0.00039700493
0.00033968103
0.0002833506
0.00022534613
0.00015525995
4.9621366e-05
0.0039595634
0.0039596176
0.003959284
0.0039583897
0.0039567666
0.0039543181
0.0039509642
0.0039466016
0.0039411061
0.0039343459
0.0039261866
0.00391649
0.0039051145
0.0038919178
0.0038767612
0.0038595141
0.003840058
0.0038182923
0.0037941391
0.0037675482
0.0037385016
0.0037070169
0.0036731496
0.0036369935
0.0035986798
0.0035583745
0.0035162747
0.003472603
0.0034276017
0.0033815258
0.003334636
0.0032871912
0.003239442
0.0031916238
0.0031439509
0.0030966121
0.003049766
0.0030035394
0.0029580249
0.0029132816
0.0028693358
0.0028261834
0.002783793
0.0027421097
0.0027010596
0.0026605541
0.0026204953
0.0025807797
0.0025413028
0.0025019631
0.0024626654
0.0024233241
0.0023838666
0.0023442347
0.002304386
0.0022642928
0.0022239397
0.0021833202
0.0021424334
0.0021012811
0.002059866
0.0020181906
0.0019762569
0.0019340663
0.0018916174
0.0018489041
0.0018059146
0.0017626319
0.0017190339
0.0016750938
0.0016307822
0.0015860715
0.0015409385
0.0014953596
0.0014493091
0.00140276
0.0013556825
0.0013080428
0.0012598071
0.0012109504
0.0011614542
0.0011112935
0.0010604449
0.0010088921
0.00095660934
0.00090357714
0.00084980296
0.00079529803
0.00074007211
0.0006841499
0.0006275846
0.00057045048
0.00051286519
0.00045499018
0.00039716659
0.00033944705
0.00028220424
0.0002229331
0.0001509719
5.1138905e-05
0.0039095358
0.0039089051
0.0039078991
0.0039063614
0.0039041403
0.0039011511
0.0038973247
0.0038925717
0.0038867844
0.0038798486
0.0038716484
0.0038620649
0.0038509759
0.0038382586
0.0038237925
0.0038074626
0.0037891636
0.0037688028
0.0037463054
0.0037216177
0.0036947112
0.0036655858
0.0036342723
0.0036008334
0.0035653637
0.0035279889
0.003488863
0.0034481649
0.003406094
0.0033628644
0.0033186997
0.0032738266
0.0032284685
0.00318284
0.0031371412
0.0030915527
0.0030462317
0.0030013087
0.0029568859
0.0029130359
0.0028698022
0.0028272002
0.0027852198
0.0027438279
0.0027029721
0.0026625846
0.0026225866
0.0025828917
0.0025434107
0.0025040547
0.0024647386
0.0024253848
0.0023859254
0.0023463049
0.0023064806
0.0022664228
0.0022261127
0.0021855402
0.0021447009
0.0021035937
0.0020622189
0.0020205774
0.0019786698
0.0019364959
0.0018940534
0.001851336
0.0018083322
0.0017650259
0.0017213965
0.0016774189
0.0016330656
0.0015883102
0.001543129
0.0014974986
0.0014513937
0.0014047872
0.0013576501
0.0013099502
0.0012616549
0.0012127386
0.0011631812
0.0011129588
0.0010620477
0.0010104299
0.00095808206
0.00090498535
0.0008511428
0.00079656388
0.00074125778
0.00068524652
0.00062857731
0.00057131798
0.00051357341
0.00045548497
0.00039731838
0.0003390987
0.00028079132
0.00022005389
0.00014634028
5.2468873e-05
0.003851165
0.0038498524
0.0038481807
0.0038460119
0.0038432124
0.0038397089
0.0038354438
0.0038303413
0.00382431
0.0038172532
0.0038090731
0.0037996695
0.0037889393
0.0037767785
0.0037630841
0.0037477571
0.0037307051
0.0037118448
0.0036911054
0.0036684319
0.0036437881
0.0036171594
0.0035885552
0.0035580102
0.0035255854
0.0034913679
0.0034554697
0.0034180257
0.0033791908
0.0033391359
0.0032980437
0.0032561038
0.0032135076
0.0031704435
0.0031270915
0.0030836187
0.0030401755
0.0029968924
0.0029538768
0.0029112122
0.0028689572
0.0028271458
0.0027857888
0.0027448754
0.0027043762
0.0026642459
0.0026244269
0.0025848526
0.0025454512
0.0025061491
0.0024668739
0.0024275578
0.0023881398
0.0023485684
0.0023088022
0.0022688104
0.0022285718
0.0021880729
0.0021473061
0.0021062671
0.0020649541
0.0020233657
0.0019815011
0.0019393586
0.0018969347
0.0018542228
0.001811212
0.0017678872
0.001724229
0.0016802144
0.0016358182
0.001591015
0.0015457813
0.0015000937
0.0014539275
0.0014072559
0.0013600505
0.0013122808
0.0012639158
0.0012149291
0.0011652994
0.0011150033
0.0010640172
0.0010123216
0.00095989484
0.00090671887
0.00085279245
0.00079812241
0.0007427168
0.00068659427
0.00062979492
0.00057237799
0.00051443201
0.00045607294
0.00039748136
0.00033863794
0.0002791059
0.0002168
0.00014144685
5.3360329e-05
0.0037838926
0.0037819277
0.003779626
0.0037768674
0.0037735364
0.0037695715
0.0037649256
0.0037595364
0.0037533279
0.00374622
0.003738132
0.0037289813
0.0037186828
0.0037071498
0.0036942964
0.0036800388
0.0036642973
0.0036469984
0.003628077
0.003607479
0.0035851634
0.0035611049
0.0035352957
0.0035077474
0.0034784917
0.0034475813
0.0034150897
0.0033811101
0.0033457537
0.0033091479
0.0032714327
0.0032327577
0.0031932783
0.003153151
0.0031125303
0.003071564
0.0030303894
0.0029891306
0.0029478952
0.0029067726
0.0028658325
0.0028251244
0.0027846778
0.0027445032
0.0027045939
0.0026649274
0.002625469
0.0025861734
0.0025469887
0.0025078587
0.0024687262
0.0024295353
0.0023902344
0.0023507781
0.0023111281
0.0022712544
0.0022311345
0.0021907526
0.0021500982
0.0021091645
0.002067947
0.0020264427
0.0019846487
0.0019425621
0.0019001783
0.0018574903
0.0018144877
0.0017711564
0.0017274788
0.0016834338
0.0016389985
0.0015941489
0.001548862
0.0015031149
0.0014568831
0.0014101409
0.0013628605
0.001315013
0.0012665688
0.0012175016
0.0011677887
0.0011174069
0.0010663329
0.001014546
0.00096202548
0.00090875387
0.000854726
0.00079994521
0.00074441747
0.00068815723
0.00063119607
0.00057358201
0.00051538299
0.00045668317
0.00039757028
0.00033796368
0.00027706424
0.00021314779
0.00013632647
5.3606543e-05
0.0037075345
0.0037049915
0.0037021352
0.0036988673
0.0036950901
0.0036907522
0.0036858158
0.0036802309
0.0036739358
0.003666866
0.0036589561
0.0036501393
0.0036403468
0.0036295081
0.0036175525
0.0036044105
0.0035900149
0.003574302
0.0035572135
0.0035386982
0.0035187133
0.0034972269
0.0034742191
0.0034496835
0.0034236288
0.0033960792
0.0033670749
0.0033366723
0.0033049432
0.0032719734
0.0032378616
0.0032027167
0.0031666557
0.0031298003
0.0030922745
0.0030542008
0.0030156973
0.0029768748
0.0029378343
0.0028986643
0.0028594395
0.0028202196
0.0027810485
0.0027419543
0.0027029506
0.0026640366
0.0026251996
0.0025864166
0.0025476562
0.0025088817
0.0024700526
0.0024311277
0.0023920669
0.0023528333
0.0023133941
0.0022737223
0.0022337961
0.0021935989
0.0021531186
0.0021123465
0.002071276
0.0020299023
0.0019882212
0.0019462281
0.0019039178
0.0018612831
0.0018183139
0.0017749974
0.0017313177
0.0016872558
0.001642791
0.0015979014
0.0015525648
0.0015067587
0.0014604598
0.001413643
0.001366282
0.001318349
0.0012698161
0.0012206573
0.0011708488
0.0011203676
0.0010691903
0.0010172956
0.0009646631
0.00091127532
0.00085712355
0.00080220685
0.0007465279
0.00069009577
0.0006329319
0.00057506996
0.00051655262
0.00045742546
0.00039767918
0.00033716082
0.00027478291
0.00020926159
0.0001312462
5.3244248e-05
0.0036218528
0.0036188321
0.003615527
0.0036118539
0.0036077338
0.0036031268
0.0035980035
0.003592324
0.0035860395
0.0035790986
0.0035714497
0.00356304
0.0035538146
0.0035437172
0.0035326909
0.003520679
0.0035076259
0.0034934776
0.0034781832
0.0034616959
0.0034439741
0.0034249828
0.0034046947
0.0033830917
0.0033601655
0.0033359188
0.0033103661
0.0032835334
0.0032554593
0.0032261937
0.0031957977
0.0031643421
0.0031319063
0.0030985766
0.0030644438
0.0030296011
0.0029941421
0.0029581581
0.0029217358
0.0028849558
0.00284789
0.0028106008
0.0027731396
0.0027355466
0.0026978501
0.0026600675
0.0026222052
0.0025842603
0.0025462218
0.002508072
0.0024697887
0.0024313463
0.0023927183
0.0023538785
0.0023148025
0.0022754684
0.0022358577
0.0021959553
0.0021557491
0.0021152297
0.0020743896
0.0020332229
0.0019917242
0.0019498884
0.0019077093
0.0018651799
0.0018222908
0.0017790305
0.0017353847
0.001691337
0.0016468688
0.0016019603
0.0015565909
0.0015107392
0.0014643828
0.001417498
0.0013700599
0.0013220422
0.0012734186
0.0012241635
0.0011742529
0.0011236634
0.0010723719
0.0010203563
0.00096759611
0.00091407329
0.00085977572
0.00080469759
0.00074883676
0.00069219545
0.00063478308
0.00057661559
0.00051770578
0.0004580546
0.00039755783
0.00033599035
0.00027207799
0.00020502586
0.00012618198
5.2102229e-05
0.0035279704
0.0035245923
0.0035209599
0.0035170104
0.0035126772
0.0035079264
0.0035027355
0.0034970745
0.0034909053
0.003484188
0.0034768822
0.0034689467
0.0034603387
0.0034510138
0.003440927
0.0034300328
0.003418286
0.0034056417
0.0033920567
0.0033774897
0.0033619021
0.0033452592
0.0033275306
0.0033086914
0.0032887229
0.0032676135
0.0032453591
0.0032219639
0.0031974406
0.0031718106
0.0031451042
0.0031173595
0.0030886227
0.0030589465
0.0030283896
0.0029970151
0.0029648888
0.0029320781
0.0028986502
0.0028646702
0.0028301998
0.0027952959
0.0027600095
0.0027243844
0.0026884568
0.0026522551
0.0026157997
0.0025791033
0.0025421716
0.0025050042
0.0024675954
0.0024299354
0.002392012
0.0023538112
0.0023153184
0.0022765198
0.0022374023
0.0021979548
0.0021581673
0.0021180318
0.0020775415
0.0020366903
0.001995473
0.0019538841
0.0019119179
0.0018695676
0.0018268249
0.0017836797
0.0017401199
0.0016961315
0.0016516983
0.0016068029
0.0015614267
0.0015155499
0.0014691518
0.0014222101
0.0013747017
0.0013266021
0.0012778864
0.0012285299
0.0011785087
0.0011277993
0.0010763786
0.001024224
0.00097131421
0.00091763011
0.0008631561
0.00080788093
0.0007517961
0.00069489515
0.00063717351
0.00057862615
0.00051923256
0.00045894584
0.00039757762
0.00033484592
0.00026940655
0.00020096478
0.00012168386
5.0681245e-05
0.0034249029
0.0034213216
0.0034175112
0.0034134195
0.0034089998
0.0034042286
0.0033990883
0.0033935548
0.0033875988
0.0033811896
0.0033742965
0.0033668877
0.0033589301
0.0033503891
0.0033412296
0.0033314156
0.0033209109
0.0033096789
0.0032976838
0.0032848901
0.0032712637
0.0032567723
0.0032413856
0.0032250765
0.003207821
0.0031895993
0.0031703962
0.0031502015
0.0031290104
0.003106824
0.0030836495
0.0030595002
0.0030343952
0.0030083595
0.0029814235
0.0029536224
0.0029249951
0.002895584
0.0028654335
0.0028345891
0.0028030963
0.0027709995
0.0027383412
0.0027051606
0.0026714935
0.0026373711
0.0026028197
0.0025678607
0.0025325106
0.002496781
0.0024606791
0.0024242083
0.0023873688
0.0023501584
0.002312573
0.0022746077
0.0022362567
0.0021975147
0.0021583762
0.0021188363
0.0020788906
0.0020385349
0.0019977651
0.0019565769
0.0019149656
0.0018729257
0.0018304506
0.0017875319
0.0017441599
0.0017003231
0.0016560083
0.0016112006
0.0015658838
0.0015200406
0.0014736522
0.0014266985
0.0013791581
0.0013310087
0.0012822272
0.00123279
0.0011826738
0.0011318551
0.0010803107
0.0010280177
0.00097495373
0.00092109771
0.00086643038
0.00081093456
0.000754594
0.00069739174
0.00063930743
0.00058031296
0.00052035355
0.00045933665
0.00039701049
0.00033306623
0.00026620233
0.00019658964
0.00011725091
4.8629947e-05
0.0033170834
0.0033134
0.0033095213
0.0033054096
0.003301022
0.0032963374
0.0032913432
0.0032860223
0.0032803524
0.0032743099
0.0032678711
0.0032610117
0.0032537064
0.0032459286
0.0032376508
0.003228845
0.0032194824
0.0032095338
0.0031989698
0.003187761
0.003175878
0.0031632923
0.0031499759
0.0031359023
0.0031210464
0.0031053852
0.0030888978
0.0030715663
0.0030533758
0.0030343146
0.0030143751
0.0029935533
0.0029718495
0.0029492679
0.002925817
0.0029015092
0.0028763607
0.002850391
0.0028236226
0.0027960804
0.0027677912
0.0027387828
0.0027090839
0.0026787226
0.0026477264
0.0026161215
0.0025839322
0.0025511803
0.0025178852
0.0024840637
0.0024497295
0.0024148938
0.0023795652
0.0023437501
0.0023074529
0.0022706767
0.0022334229
0.0021956926
0.0021574857
0.002118802
0.002079641
0.0020400016
0.0019998826
0.0019592823
0.0019181981
0.0018766268
0.0018345642
0.0017920047
0.0017489411
0.001705365
0.0016612661
0.0016166328
0.0015714518
0.0015257084
0.0014793865
0.0014324684
0.0013849353
0.001336767
0.0012879423
0.0012384393
0.0011882353
0.0011373076
0.0010856328
0.0010331874
0.00097994775
0.0009258904
0.00087099199
0.00081522898
0.00075857641
0.00070100552
0.00064247933
0.0005829467
0.00052232189
0.00046047616
0.00039712324
0.00033196687
0.00026383116
0.00019329648
0.00011415468
4.7242332e-05
0.0031984399
0.003194834
0.0031910488
0.003187054
0.0031828258
0.0031783517
0.0031736207
0.003168618
0.0031633267
0.003157729
0.003151807
0.0031455422
0.0031389149
0.0031319046
0.0031244902
0.0031166496
0.0031083604
0.0030995992
0.0030903424
0.0030805658
0.0030702451
0.0030593558
0.0030478734
0.0030357736
0.0030230329
0.0030096281
0.0029955371
0.0029807389
0.0029652139
0.0029489443
0.0029319141
0.0029141095
0.002895519
0.0028761335
0.0028559469
0.0028349553
0.002813158
0.0027905566
0.0027671557
0.0027429621
0.0027179849
0.0026922352
0.0026657257
0.0026384704
0.0026104842
0.0025817828
0.0025523817
0.0025222964
0.0024915419
0.0024601324
0.0024280812
0.0023954004
0.0023621008
0.0023281921
0.0022936827
0.00225858
0.0022228902
0.0021866186
0.00214977
0.0021123481
0.0020743562
0.0020357971
0.0019966729
0.001956985
0.0019167342
0.0018759203
0.001834542
0.0017925971
0.0017500819
0.0017069911
0.0016633181
0.0016190546
0.0015741909
0.0015287156
0.0014826156
0.0014358764
0.001388482
0.0013404147
0.0012916557
0.0012421848
0.001191981
0.0011410221
0.0010892848
0.0010367452
0.00098337827
0.00092915775
0.00087405606
0.00081804323
0.00076108533
0.00070314175
0.00064415996
0.00058406911
0.00052276079
0.00046008623
0.00039575677
0.00032952421
0.00026038167
0.00018922092
0.00011050969
4.5098314e-05
0.0030840359
0.0030805237
0.0030768619
0.0030730305
0.0030690032
0.0030647665
0.0030603126
0.0030556319
0.0030507113
0.0030455368
0.0030400945
0.00303437
0.0030283481
0.0030220131
0.0030153482
0.0030083365
0.0030009599
0.0029932001
0.002985038
0.0029764542
0.0029674284
0.0029579403
0.0029479691
0.0029374936
0.0029264928
0.0029149453
0.0029028302
0.0028901264
0.0028768135
0.0028628716
0.0028482815
0.0028330249
0.0028170843
0.0028004439
0.0027830887
0.0027650057
0.0027461829
0.0027266106
0.0027062804
0.0026851859
0.0026633223
0.0026406868
0.002617278
0.0025930962
0.0025681432
0.002542422
0.0025159368
0.0024886926
0.0024606954
0.0024319515
0.0024024677
0.002372251
0.0023413086
0.0023096476
0.0022772748
0.0022441973
0.0022104215
0.0021759539
0.0021408009
0.0021049683
0.002068462
0.0020312874
0.0019934493
0.0019549521
0.0019157995
0.0018759943
0.0018355381
0.0017944315
0.001752674
0.0017102635
0.0016671967
0.0016234686
0.0015790728
0.0015340011
0.0014882437
0.0014417892
0.0013946244
0.0013467344
0.0012981029
0.0012487118
0.0011985416
0.0011475711
0.0010957776
0.0010431367
0.00098962201
0.00093520498
0.00087985394
0.00082353317
0.00076620103
0.00070780713
0.00064828721
0.00058755784
0.00052550037
0.00046196537
0.00039668857
0.00032949482
0.00025954184
0.00018796378
0.00010957024
4.4844466e-05
0.002949081
0.0029458876
0.0029425574
0.0029390696
0.002935414
0.0029315854
0.0029275764
0.0029233774
0.0029189777
0.0029143669
0.0029095343
0.0029044685
0.0028991575
0.0028935888
0.0028877493
0.0028816253
0.0028752027
0.0028684667
0.0028614019
0.0028539924
0.0028462219
0.0028380732
0.002829529
0.0028205714
0.002811182
0.0028013422
0.0027910329
0.0027802349
0.0027689288
0.0027570952
0.0027447145
0.0027317673
0.0027182346
0.0027040973
0.0026893371
0.002673936
0.0026578768
0.0026411429
0.0026237185
0.0026055888
0.00258674
0.0025671593
0.0025468351
0.002525757
0.0025039155
0.0024813025
0.002457911
0.0024337351
0.00240877
0.0023830118
0.0023564577
0.0023291057
0.0023009545
0.0022720039
0.0022422541
0.002211706
0.0021803614
0.0021482226
0.002115293
0.0020815767
0.0020470789
0.0020118052
0.0019757619
0.0019389554
0.0019013919
0.001863077
0.0018240152
0.0017842095
0.0017436619
0.0017023733
0.001660343
0.0016175689
0.0015740473
0.0015297729
0.0014847386
0.0014389358
0.0013923538
0.0013449802
0.0012968007
0.0012477992
0.0011979576
0.0011472557
0.0010956712
0.0010431794
0.0009897528
0.00093536066
0.00087996815
0.00082353536
0.00076601542
0.00070735199
0.00064747511
0.00058629785
0.00052370419
0.00045955955
0.00039363932
0.00032584027
0.00025546436
0.00018379431
0.00010610808
4.2747139e-05
0.0028451952
0.0028421649
0.0028390179
0.0028357459
0.0028323301
0.0028287592
0.0028250285
0.002821132
0.0028170618
0.0028128088
0.0028083641
0.0028037185
0.0027988623
0.0027937854
0.0027884772
0.0027829267
0.0027771221
0.0027710515
0.0027647024
0.0027580616
0.0027511155
0.0027438502
0.0027362508
0.0027283025
0.0027199894
0.0027112956
0.0027022044
0.002692699
0.0026827618
0.0026723752
0.002661521
0.0026501809
0.0026383363
0.0026259683
0.0026130582
0.0025995872
0.0025855366
0.0025708875
0.0025556207
0.0025397171
0.0025231579
0.0025059247
0.0024879997
0.0024693656
0.0024500056
0.0024299036
0.0024090444
0.0023874134
0.0023649971
0.0023417827
0.0023177585
0.0022929139
0.0022672394
0.0022407266
0.0022133686
0.0021851597
0.0021560964
0.0021261767
0.0020954007
0.0020637697
0.0020312856
0.0019979516
0.0019637713
0.0019287482
0.0018928848
0.0018561829
0.0018186445
0.001780272
0.0017410671
0.00170103
0.0016601599
0.0016184549
0.001575912
0.0015325268
0.0014882934
0.0014432046
0.0013972513
0.0013504228
0.0013027065
0.001254088
0.0012045506
0.0011540754
0.0011026411
0.0010502236
0.00099679544
0.00094232567
0.00088677877
0.00083011374
0.00077228262
0.0007132287
0.00065288368
0.00059116628
0.00052797324
0.00046319431
0.00039664539
0.00032828459
0.00025748258
0.00018557959
0.00010769206
4.3842389e-05
0.002687584
0.0026851207
0.0026825527
0.0026798614
0.0026770454
0.0026741041
0.0026710322
0.002667822
0.002664466
0.0026609575
0.0026572893
0.0026534539
0.002649443
0.0026452482
0.0026408607
0.0026362713
0.0026314702
0.0026264474
0.0026211923
0.0026156938
0.0026099404
0.0026039203
0.0025976207
0.0025910288
0.0025841311
0.0025769133
0.0025693611
0.0025614592
0.0025531921
0.0025445434
0.0025354966
0.0025260344
0.0025161391
0.0025057925
0.002494976
0.0024836704
0.0024718561
0.0024595134
0.0024466219
0.0024331607
0.002419109
0.0024044453
0.0023891483
0.0023731962
0.0023565674
0.00233924
0.002321192
0.0023024014
0.002282846
0.0022625038
0.0022413523
0.002219369
0.002196531
0.0021728146
0.0021481957
0.0021226457
0.0020961339
0.0020686529
0.0020402144
0.0020108338
0.0019805268
0.0019493134
0.0019172259
0.0018843062
0.0018505653
0.0018159868
0.001780555
0.0017442615
0.0017071002
0.0016690636
0.001630143
0.0015903295
0.0015496138
0.0015079862
0.0014654361
0.001421952
0.0013775216
0.0013321313
0.0012857662
0.0012384098
0.0011900441
0.001140649
0.001090202
0.0010386786
0.00098605076
0.00093228741
0.00087735321
0.00082120794
0.00076380556
0.00070509319
0.00064500932
0.00058348402
0.00052043234
0.00045577176
0.0003893622
0.00032122019
0.00025083197
0.00017963803
0.00010325491
4.1438253e-05
0.0026374987
0.0026350003
0.0026324129
0.0026297372
0.0026269526
0.0026240465
0.0026210155
0.0026178567
0.0026145645
0.0026111317
0.0026075513
0.0026038164
0.0025999198
0.0025958537
0.0025916101
0.0025871805
0.0025825559
0.0025777271
0.0025726842
0.0025674172
0.0025619153
0.0025561673
0.0025501616
0.002543886
0.0025373277
0.0025304735
0.0025233096
0.0025158215
0.0025079943
0.0024998124
0.0024912597
0.0024823193
0.002472974
0.0024632057
0.0024529959
0.0024423254
0.0024311745
0.0024195229
0.0024073504
0.0023946366
0.0023813606
0.0023675011
0.0023530363
0.0023379446
0.0023222038
0.0023057919
0.0022886868
0.0022708662
0.0022523084
0.0022329916
0.0022128945
0.0021919962
0.0021702764
0.0021477153
0.002124294
0.002099994
0.0020747973
0.0020486922
0.0020216723
0.0019937338
0.0019648756
0.0019350998
0.0019044138
0.0018728308
0.0018403613
0.0018070197
0.0017728254
0.001737769
0.0017018264
0.0016649766
0.0016272049
0.0015884975
0.0015488394
0.0015082148
0.0014666079
0.0014240029
0.0013803833
0.0013357323
0.0012900323
0.0012432647
0.0011954096
0.0011464462
0.0010963515
0.0010451009
0.00099266742
0.00093902122
0.00088412932
0.00082795493
0.00077045673
0.00071158823
0.00065129632
0.00058952171
0.00052619211
0.0004612389
0.00039453183
0.00032608968
0.00025535487
0.00018370094
0.00010636148
4.3133993e-05
0.0024055859
0.0024035691
0.0024014654
0.0023992663
0.0023969714
0.002394579
0.0023920842
0.0023894812
0.0023867646
0.002383929
0.0023809689
0.0023778782
0.0023746507
0.0023712797
0.0023677582
0.002364079
0.0023602345
0.0023562168
0.0023520174
0.0023476276
0.0023430383
0.00233824
0.0023332226
0.0023279758
0.0023224887
0.00231675
0.0023107479
0.0023044702
0.0022979042
0.0022910366
0.0022838538
0.0022763416
0.0022684854
0.0022602701
0.0022516801
0.0022426995
0.0022333118
0.0022235004
0.0022132479
0.0022025369
0.0021913497
0.0021796683
0.0021674744
0.00215475
0.0021414766
0.0021276362
0.0021132108
0.0020981828
0.0020825349
0.0020662506
0.0020493141
0.0020317107
0.0020134268
0.0019944504
0.0019747713
0.0019543837
0.0019332849
0.0019114543
0.0018888574
0.0018654593
0.0018412273
0.0018161288
0.0017901249
0.0017631734
0.0017352629
0.0017064133
0.0016766482
0.0016459525
0.0016142933
0.0015816434
0.0015479829
0.0015132929
0.0014775529
0.0014407413
0.0014028369
0.0013638188
0.001323666
0.0012823572
0.0012398708
0.0011961848
0.0011512766
0.0011051228
0.0010576994
0.0010089811
0.00095894139
0.0009075525
0.00085478494
0.0008006075
0.00074498708
0.00068788878
0.00062927555
0.00056911004
0.0005073501
0.00044396739
0.00037889018
0.00031220888
0.00024350466
0.00017423172
0.00010014971
4.0238965e-05
)
;

boundaryField
{
    inlet
    {
        type            zeroGradient;
    }
    top
    {
        type            zeroGradient;
    }
    outlet
    {
        type            fixedValue;
        value           uniform 0;
    }
    slipsurface
    {
        type            slip;
    }
    bottom
    {
        type            zeroGradient;
    }
    frontandback
    {
        type            empty;
    }
}


// ************************************************************************* //
