/*--------------------------------*- C++ -*----------------------------------*\
  =========                 |
  \\      /  F ield         | OpenFOAM: The Open Source CFD Toolbox
   \\    /   O peration     | Website:  https://openfoam.org
    \\  /    A nd           | Version:  12
     \\/     M anipulation  |
\*---------------------------------------------------------------------------*/
FoamFile
{
    format      ascii;
    class       volScalarField;
    location    "900";
    object      p;
}
// * * * * * * * * * * * * * * * * * * * * * * * * * * * * * * * * * * * * * //

dimensions      [0 2 -2 0 0 0 0];

internalField   nonuniform List<scalar> 
7480
(
0.0087171098
0.0081282635
0.0070201358
0.0064119634
0.0061121677
0.0058666904
0.0056062138
0.0053526405
0.0051125587
0.0048746843
0.0046319044
0.0043833017
0.0041398565
0.0039213376
0.0037511198
0.003640024
0.0035866826
0.0035517715
0.0035273254
0.0035142631
0.0035035448
0.0034929539
0.0034812787
0.003454928
0.003416084
0.0033732007
0.0033304387
0.0032901825
0.0032497924
0.0032099319
0.0031715213
0.0031345479
0.0030995809
0.0030646363
0.0030263503
0.0029852449
0.0029430823
0.0029014232
0.0028616168
0.0028235232
0.0027864667
0.0027504419
0.0027155038
0.0026815941
0.0026483114
0.0026150662
0.0025814037
0.0025476587
0.0025139279
0.0024788858
0.0024411403
0.0024032358
0.0023676166
0.0023346174
0.0023020382
0.0022684781
0.0022331499
0.0021953563
0.0021561815
0.0021169993
0.0020777854
0.0020380789
0.0019979563
0.0019574701
0.0019163931
0.0018747513
0.0018326812
0.0017901058
0.0017469913
0.001703397
0.0016592007
0.0016143604
0.0015689343
0.0015228028
0.0014759739
0.001428458
0.001380117
0.0013309888
0.0012810434
0.0012301008
0.0011783744
0.0011255266
0.001071236
0.0010158418
0.00095826711
0.00089060751
0.00081686368
0.00076201211
0.0007078698
0.00065015915
0.00059209445
0.00053549569
0.00048021552
0.00042550707
0.00037321157
0.0003203205
0.00028390746
0.00022600558
0.00038489381
-0.00027975074
0.0082807497
0.0076994647
0.006834873
0.0063081391
0.0060393423
0.005814505
0.0055723152
0.0053354439
0.0051150183
0.0049027498
0.0046925741
0.0044830297
0.0042823184
0.0041018524
0.0039519103
0.0038382333
0.0037548479
0.0037002183
0.0036593286
0.0036252035
0.0035934335
0.0035601978
0.0035207134
0.0034756159
0.003428652
0.0033815838
0.0033375471
0.003296853
0.0032569244
0.0032178022
0.0031799798
0.0031433464
0.0031080999
0.0030724289
0.0030337451
0.0029926838
0.0029508163
0.0029095054
0.0028699074
0.0028317807
0.0027944835
0.002758107
0.0027227714
0.0026884585
0.0026546927
0.0026208839
0.0025866745
0.0025522175
0.0025176272
0.002481788
0.0024443479
0.0024072469
0.0023724336
0.0023394083
0.002306309
0.0022722181
0.0022365424
0.0021985797
0.0021593118
0.0021200393
0.0020807334
0.0020409389
0.0020007339
0.0019601679
0.0019190101
0.0018772873
0.001835135
0.0017924743
0.0017492729
0.0017055917
0.0016613097
0.0016163855
0.0015708777
0.0015246664
0.00147776
0.001430169
0.0013817567
0.001332563
0.0012825559
0.0012315546
0.001179772
0.0011268697
0.0010725242
0.0010170662
0.00095924909
0.00089012373
0.00081948486
0.00076662869
0.00071216191
0.00065347784
0.00059474265
0.00053765647
0.00048199079
0.00042699018
0.0003744915
0.00032145128
0.00028492542
0.00022701607
0.00038595014
-0.00027898365
0.0079897203
0.0075790511
0.0069020014
0.0063869438
0.0060969199
0.0058590761
0.005610639
0.0053669196
0.0051393215
0.0049197158
0.0047017844
0.0044827369
0.0042706906
0.0040765251
0.0039121369
0.0037863797
0.0036996069
0.0036492926
0.0036200585
0.0035973661
0.0035744839
0.0035485777
0.003517748
0.0034843031
0.0034478156
0.0034081073
0.0033670255
0.0033253402
0.0032834663
0.0032417686
0.0032007774
0.0031605347
0.0031216821
0.0030833588
0.0030433008
0.0030016256
0.0029594927
0.0029180836
0.0028784517
0.0028402663
0.0028028343
0.0027662646
0.0027306884
0.0026961086
0.0026619533
0.0026276369
0.0025929286
0.0025580362
0.0025229845
0.0024868313
0.0024494127
0.0024121596
0.0023769709
0.0023434859
0.0023100505
0.0022757782
0.0022400116
0.0022020217
0.0021627328
0.0021234074
0.0020840193
0.0020441254
0.0020038165
0.0019631457
0.001921884
0.0018800634
0.001837818
0.0017950644
0.0017517703
0.0017079987
0.0016636285
0.001618619
0.0015730286
0.0015267373
0.0014797538
0.0014320882
0.0013836033
0.0013343381
0.0012842617
0.0012331936
0.0011813475
0.0011283842
0.001073982
0.0010184815
0.00096052565
0.00089094436
0.00082372202
0.00077107897
0.00071614452
0.00065693282
0.0005977515
0.00054024338
0.00048419975
0.00042889415
0.00037615771
0.00032291228
0.00028622964
0.00022831823
0.00038716708
-0.00027802313
0.0077640332
0.0074468285
0.0068507566
0.0063462753
0.0060458281
0.0058103932
0.0055700471
0.0053330241
0.0051112291
0.0048983987
0.0046883569
0.0044786992
0.0042773038
0.0040942322
0.0039403815
0.00382315
0.0037420976
0.0036919743
0.0036583208
0.0036281636
0.0035971344
0.0035641158
0.0035283235
0.0034909635
0.0034510292
0.003409304
0.0033668243
0.0033242853
0.0032834366
0.0032440985
0.0032060406
0.0031689365
0.0031321006
0.0030944022
0.003054644
0.0030128223
0.0029699757
0.0029274501
0.0028866814
0.0028476506
0.0028096817
0.0027727427
0.0027368793
0.0027021243
0.002667842
0.0026333503
0.0025984049
0.0025633287
0.0025280008
0.0024915482
0.0024538455
0.0024162433
0.0023806936
0.0023469222
0.0023133095
0.0022789172
0.0022430686
0.0022050617
0.0021657756
0.0021264178
0.0020869625
0.0020469883
0.002006602
0.001965853
0.0019245107
0.001882616
0.0018402982
0.001797468
0.0017540954
0.0017102453
0.0016657966
0.0016207096
0.001575043
0.0015286761
0.0014816183
0.0014338801
0.001385322
0.0013359836
0.001285835
0.0012346963
0.0011827825
0.0011297532
0.0010752904
0.0010197363
0.00096176988
0.00089337258
0.00082724544
0.00077408233
0.00071881919
0.00065937308
0.0005999497
0.00054219926
0.00048594465
0.00043045112
0.0003775421
0.00032414587
0.00028734951
0.0002293282
0.00038821359
-0.00027721473
0.007557642
0.0072962619
0.0067813097
0.0063227334
0.006032111
0.0058053584
0.0055737094
0.0053416933
0.0051224828
0.0049120838
0.0047050058
0.0044992173
0.0043015833
0.0041211755
0.0039674152
0.0038470675
0.0037601148
0.0037019424
0.0036609589
0.0036260841
0.0035929817
0.0035597537
0.0035247914
0.0034881906
0.0034491281
0.003408241
0.0033662874
0.0033241292
0.0032834344
0.0032440062
0.0032057996
0.0031688831
0.0031320868
0.0030943527
0.0030554318
0.0030152018
0.0029743735
0.0029338118
0.0028941123
0.0028553602
0.0028173605
0.0027799859
0.0027433721
0.0027078931
0.0026731169
0.0026383132
0.0026031325
0.0025678959
0.0025324278
0.0024958233
0.002457971
0.0024202307
0.0023844974
0.0023505009
0.0023166794
0.0022821083
0.0022461288
0.0022080736
0.0021687704
0.0021293654
0.0020898416
0.0020497961
0.0020093446
0.0019685258
0.0019271113
0.0018851548
0.001842774
0.0017998727
0.001756427
0.0017125037
0.0016679811
0.0016228202
0.0015770803
0.0015306398
0.0014835093
0.0014356991
0.0013870693
0.0013376603
0.0012874422
0.0012362348
0.0011842548
0.0011311602
0.0010766345
0.0010210176
0.00096305136
0.00089569306
0.00083021885
0.00077689922
0.00072144557
0.0006617969
0.00060214028
0.00054415887
0.00048769987
0.0004320156
0.00037893191
0.00032539394
0.00028848307
0.00023031608
0.00038923246
-0.00027632087
0.0073686738
0.0071507456
0.0067135031
0.0063004112
0.0060145552
0.0057877443
0.0055593663
0.0053301421
0.0051127278
0.0049052997
0.0047012102
0.0045006246
0.0043082632
0.0041323576
0.0039815712
0.003862163
0.0037744891
0.0037143835
0.0036717819
0.0036362435
0.0036027534
0.0035689583
0.0035332663
0.00349571
0.0034558864
0.0034143711
0.0033718975
0.0033293529
0.0032881081
0.0032480828
0.0032092326
0.003171496
0.0031337454
0.0030951828
0.0030557079
0.0030151796
0.0029743373
0.0029339678
0.0028943074
0.0028558101
0.0028187092
0.0027826724
0.0027474209
0.0027127168
0.0026781812
0.0026433776
0.0026079192
0.0025722404
0.0025363984
0.0024995606
0.0024615873
0.0024237958
0.0023879686
0.0023538074
0.0023198167
0.0022851111
0.00224904
0.0022109498
0.0021716297
0.0021321881
0.0020926163
0.0020525172
0.0020120153
0.0019711399
0.001929666
0.0018876598
0.0018452268
0.001802265
0.0017587565
0.0017147701
0.0016701827
0.0016249564
0.0015791509
0.0015326439
0.0014854471
0.0014375707
0.0013888745
0.0013394002
0.0012891172
0.0012378452
0.001185803
0.0011326463
0.0010780598
0.0010223792
0.00096439288
0.00089773287
0.00083297723
0.00077978772
0.00072427487
0.00066446633
0.00060457948
0.00054634678
0.00048964686
0.00043374468
0.00038047142
0.00032677437
0.00028972311
0.00023139816
0.00039026971
-0.00027523145
0.0071961327
0.00701219
0.0066408005
0.0062686251
0.0059899322
0.0057654408
0.0055438177
0.0053212575
0.0051085791
0.0049060914
0.0047059804
0.0045109402
0.0043238285
0.0041522013
0.0040040637
0.0038850791
0.0037957853
0.0037323661
0.0036859848
0.0036470986
0.0036106667
0.0035744232
0.0035369855
0.0034982301
0.0034577865
0.0034159838
0.0033734447
0.003330949
0.0032896459
0.0032495815
0.0032106703
0.0031727899
0.0031349869
0.0030965245
0.0030571987
0.0030168299
0.0029760403
0.0029355064
0.0028955203
0.0028566885
0.0028193052
0.0027831104
0.0027478061
0.0027129742
0.0026785622
0.0026444188
0.0026100551
0.0025752381
0.0025397542
0.0025031284
0.0024651712
0.002427204
0.0023911004
0.0023566678
0.0023224731
0.0022876481
0.0022515344
0.0022134552
0.0021741542
0.002134713
0.0020951292
0.0020550058
0.0020144797
0.0019735739
0.0019320633
0.0018900234
0.0018475543
0.00180455
0.0017609956
0.0017169617
0.0016723235
0.0016270449
0.0015811861
0.0015346235
0.0014873706
0.0014394373
0.0013906831
0.001341151
0.0012908098
0.0012394792
0.0011873805
0.0011341667
0.0010795237
0.0010237821
0.00096576617
0.00089967451
0.00083563859
0.00078262455
0.00072711742
0.00066720485
0.0006071186
0.00054864453
0.00049170147
0.00043557655
0.00038210708
0.0003282426
0.00029103405
0.00023254305
0.00039127963
-0.00027393177
0.0070379881
0.0068802233
0.0065637625
0.0062303353
0.0059630326
0.0057428218
0.0055280708
0.0053118487
0.0051033219
0.0049039942
0.0047081463
0.0045175411
0.0043349593
0.0041671784
0.0040214487
0.0039028674
0.00381212
0.0037458046
0.0036962188
0.0036547751
0.0036164961
0.0035790323
0.0035409509
0.0035018428
0.0034612862
0.0034194663
0.0033769517
0.0033344694
0.0032930339
0.0032527888
0.0032136316
0.0031754222
0.0031373432
0.0030986734
0.0030591757
0.0030187271
0.0029778847
0.0029373083
0.0028973441
0.00285853
0.0028210821
0.0027847177
0.0027491032
0.0027138816
0.0026791198
0.0026447277
0.0026103093
0.0025753868
0.0025398342
0.0025036283
0.0024665425
0.0024294048
0.0023936721
0.0023593204
0.0023250136
0.0022899639
0.0022536827
0.0022155522
0.0021762476
0.0021368149
0.00209725
0.0020571377
0.0020166233
0.0019757231
0.001934206
0.0018921574
0.0018496761
0.0018066515
0.0017630719
0.0017190098
0.0016743385
0.0016290239
0.0015831271
0.0015365229
0.0014892268
0.0014412487
0.001392447
0.0013428671
0.0012924766
0.0012410952
0.0011889475
0.0011356831
0.0010809892
0.001025191
0.00096714658
0.00090159271
0.00083822002
0.00078535072
0.00072987471
0.00066990007
0.00060964795
0.00055095504
0.00049378338
0.0004374443
0.00038378156
0.00032975128
0.0002923771
0.00023371264
0.00039221378
-0.00027240771
0.0068923075
0.0067549242
0.006484308
0.0061870609
0.0059334728
0.0057183098
0.0055099714
0.0053001969
0.0050963431
0.004900893
0.0047098932
0.0045240452
0.0043463135
0.0041826882
0.004039657
0.0039218326
0.003830019
0.0037612295
0.0037087404
0.0036648326
0.0036246162
0.0035856382
0.0035464378
0.0035064509
0.003465273
0.0034230262
0.0033802271
0.0033375435
0.003295858
0.0032553597
0.0032159342
0.0031774186
0.0031390924
0.0031002612
0.0030606785
0.0030202573
0.0029794802
0.0029389672
0.0028990667
0.0028602443
0.0028227089
0.0027862292
0.0027505024
0.0027152198
0.002680404
0.0026459109
0.0026113072
0.0025761123
0.0025402992
0.0025039356
0.002466869
0.0024297457
0.0023939345
0.002359742
0.0023259647
0.002291421
0.0022553991
0.0022174485
0.0021781705
0.0021386565
0.0020990276
0.0020588906
0.0020183823
0.0019775085
0.001936014
0.0018939869
0.0018515232
0.0018085056
0.0017649257
0.0017208586
0.0016761754
0.0016308441
0.0015849274
0.0015382981
0.0014909743
0.0014429657
0.0013941297
0.001344514
0.0012940853
0.001242663
0.0011904758
0.0011371693
0.001082432
0.0010265836
0.00096851585
0.00090348406
0.00084072111
0.00078796734
0.00073253324
0.00067252455
0.00061213416
0.00055324494
0.00049586145
0.00043931989
0.00038547041
0.00033127958
0.00029373399
0.00023488897
0.00039303593
-0.00027062831
0.006757306
0.0066361252
0.0064036661
0.0061393915
0.0059008212
0.0056917675
0.0054899908
0.0052871113
0.0050885932
0.0048974804
0.0047112448
0.0045300846
0.0043569883
0.0041972801
0.0040567676
0.0039396502
0.0038468186
0.003775684
0.0037203791
0.0036739929
0.0036317971
0.0035912839
0.0035509868
0.00351023
0.0034685906
0.0034261067
0.0033832071
0.0033404823
0.0032986904
0.0032580444
0.003218432
0.0031796742
0.0031411355
0.0031021632
0.003062505
0.003022095
0.002981352
0.002940856
0.0029009594
0.0028620854
0.002824448
0.0027878543
0.002752016
0.0027166392
0.002681705
0.0026470705
0.0026123397
0.0025770797
0.0025412543
0.0025048857
0.0024678006
0.0024305677
0.0023945205
0.0023600682
0.0023261496
0.0022914671
0.0022553817
0.0022177494
0.002179041
0.0021399632
0.0021005361
0.002060474
0.0020199275
0.0019790098
0.0019374995
0.0018954809
0.0018530449
0.0018100557
0.0017665012
0.0017224555
0.0016777848
0.0016324596
0.0015865441
0.0015399088
0.001492575
0.0014445523
0.0013956971
0.0013460599
0.0012956061
0.0012441549
0.0011919397
0.0011386012
0.0010838297
0.0010279396
0.00096985568
0.00090532947
0.0008431353
0.00079047555
0.00073508898
0.0006750675
0.00061456271
0.00055549855
0.00049792017
0.00044118881
0.0003871606
0.00033281575
0.00029509359
0.00023606083
0.00039371434
-0.00026855339
0.0066315458
0.0065235245
0.006322771
0.0060880767
0.0058652291
0.005663418
0.005468413
0.0052726052
0.0050797865
0.0048932505
0.0047117213
0.0045352893
0.0043667801
0.0042109608
0.0040730309
0.0039568073
0.0038632294
0.0037900773
0.0037322385
0.0036835473
0.0036394893
0.0035975272
0.0035561787
0.0035146719
0.0034725454
0.0034297634
0.0033866764
0.0033438109
0.0033018256
0.0032609489
0.0032210798
0.0031820283
0.0031432318
0.0031040817
0.0030643193
0.003023892
0.002983166
0.0029426813
0.0029027917
0.002863884
0.0028261655
0.00278947
0.0027535212
0.0027180412
0.0026829881
0.0026482282
0.0026133951
0.0025780792
0.0025422132
0.0025058085
0.0024687367
0.002431544
0.0023954743
0.0023609067
0.0023268023
0.0022918838
0.0022555933
0.0022178779
0.0021791742
0.0021400646
0.002100704
0.0020610201
0.0020208793
0.0019801921
0.0019388
0.0018967867
0.0018543272
0.001811327
0.0017677839
0.0017237658
0.0016791247
0.0016338276
0.0015879358
0.0015413158
0.0014939922
0.0014459739
0.0013971165
0.0013474737
0.0012970094
0.0012455429
0.0011933127
0.0011399541
0.0010851593
0.0010292379
0.00097114642
0.00090710903
0.00084544793
0.00079286356
0.00073752858
0.00067751334
0.0006169168
0.00055769922
0.00049994389
0.00044303682
0.00038883927
0.00033434815
0.0002964448
0.00023721657
0.00039421596
-0.00026613674
0.0065138645
0.0064167268
0.0062423323
0.0060338805
0.0058269137
0.0056332984
0.0054452658
0.0052566002
0.0050697932
0.0048881416
0.0047114067
0.0045397766
0.0043758296
0.0042238576
0.004088524
0.0039732966
0.0038791435
0.0038041903
0.0037439968
0.0036930831
0.003647186
0.0036037676
0.0035613302
0.0035190306
0.0034763705
0.0034332542
0.0033899598
0.0033469496
0.0033047912
0.003263712
0.0032236195
0.0031843147
0.0031452943
0.0031059932
0.0030661493
0.0030257186
0.0029850228
0.0029445615
0.0029046856
0.0028657488
0.0028279493
0.002791147
0.0027550823
0.0027194953
0.0026843261
0.0026494441
0.0026145046
0.0025791174
0.0025431962
0.0025067548
0.0024697053
0.0024325548
0.0023964429
0.0023617356
0.0023274757
0.0022924578
0.002256134
0.0022184182
0.002179665
0.0021404231
0.0021009306
0.0020612063
0.0020210198
0.0019803181
0.0019391648
0.0018975104
0.0018553058
0.0018124238
0.0017688991
0.0017248685
0.0016802223
0.0016349404
0.0015890777
0.0015424872
0.0014951926
0.0014471984
0.0013983568
0.0013487259
0.0012982674
0.0012468003
0.0011945696
0.0011412039
0.0010863979
0.0010304573
0.00097236787
0.00090880191
0.00084763825
0.00079511196
0.00073983283
0.00067984259
0.00061917695
0.00055982827
0.00050191538
0.00044484842
0.00039049243
0.0003358642
0.00029777577
0.00023834402
0.00039448191
-0.00026332854
0.0064032934
0.0063152977
0.0061628692
0.0059775051
0.0057861318
0.005601444
0.0054206179
0.0052391448
0.0050586105
0.0048821337
0.0047102848
0.0045434733
0.0043840405
0.0042358626
0.0041031338
0.0039890075
0.0038944666
0.0038179526
0.0037556235
0.003702624
0.0036549658
0.0036101384
0.003566633
0.0035235533
0.0034803647
0.0034369157
0.0033934131
0.0033502533
0.0033079218
0.0032666353
0.0032263116
0.0031867482
0.0031474934
0.0031080264
0.0030680857
0.0030276328
0.0029869511
0.0029465003
0.0029066247
0.0028676499
0.0028297644
0.0027928521
0.0027566706
0.0027209753
0.0026856898
0.0026506842
0.002615635
0.0025801733
0.0025442003
0.0025077289
0.0024707004
0.0024335823
0.0023974202
0.0023625753
0.002328172
0.00229306
0.0022566861
0.002218956
0.0021802041
0.0021409648
0.0021014734
0.0020617055
0.0020214106
0.0019805812
0.0019393622
0.0018976746
0.00185545
0.0018127267
0.0017695017
0.0017257021
0.0016811622
0.0016359007
0.0015900339
0.0015434454
0.0014961699
0.0014482062
0.0013993933
0.0013497904
0.0012993544
0.0012479022
0.0011956865
0.0011423277
0.0010875236
0.0010315771
0.00097350021
0.00091038678
0.00084968319
0.00079719833
0.00074198008
0.00068203403
0.0006213225
0.0005618661
0.00050381657
0.0004466072
0.0003921053
0.00033735062
0.00029907388
0.00023942934
0.00039447695
-0.00026007892
0.0062990172
0.0062188053
0.0060847474
0.0059195755
0.0057431843
0.0055679262
0.0053945458
0.0052202935
0.0050462153
0.0048751572
0.0047082894
0.004546308
0.0043913617
0.00424695
0.0041168531
0.0040039424
0.0039092033
0.0038313623
0.0037671094
0.0037121583
0.0036628101
0.0036166088
0.0035720419
0.0035281753
0.0034844406
0.0034406357
0.0033969004
0.003353568
0.0033110506
0.0032695492
0.0032289913
0.0031891745
0.0031496904
0.0031100606
0.0030700266
0.0030295517
0.0029888855
0.0029484484
0.0029085754
0.0028695672
0.002831602
0.0027945846
0.0027582896
0.0027224863
0.002687085
0.0026519563
0.0026167975
0.0025812611
0.0025452367
0.0025087345
0.0024717208
0.0024346288
0.0023984179
0.0023634415
0.0023288965
0.0022936833
0.0022572507
0.0022195058
0.0021807628
0.0021415258
0.0021020202
0.0020622206
0.0020219081
0.0019810776
0.0019398348
0.0018980697
0.0018557306
0.0018129342
0.0017696771
0.001725857
0.0016814515
0.0016364449
0.0015907699
0.0015442684
0.0014970057
0.0014490434
0.0014002413
0.0013506605
0.0013002539
0.0012488285
0.0011966421
0.0011433046
0.0010885161
0.0010325781
0.00097452488
0.00091184339
0.00085156024
0.00079910005
0.00074394797
0.00068406575
0.00062333214
0.00056379243
0.00050562863
0.00044829599
0.0003936623
0.00033879333
0.00030032586
0.00024045774
0.00039415401
-0.00025632701
0.006200346
0.0061268395
0.0060082113
0.0058606318
0.0056983964
0.0055328429
0.0053671183
0.0052000981
0.005032595
0.0048671596
0.0047053768
0.0045482415
0.0043977617
0.0042570959
0.0041296579
0.0040180691
0.0039233109
0.0038443645
0.003778395
0.0037216329
0.0036706755
0.0036231456
0.0035775359
0.0035328867
0.0034886002
0.0034444288
0.0034004499
0.0033569356
0.0033142319
0.0032725189
0.0032317313
0.0031916694
0.0031519618
0.00311217
0.0030720412
0.0030315383
0.0029908812
0.0029504531
0.0029105773
0.0028715325
0.0028334863
0.0027963619
0.002759951
0.0027240359
0.0026885165
0.0026532638
0.0026179943
0.0025823804
0.0025463028
0.0025097682
0.0024727649
0.0024356951
0.0023994364
0.0023643303
0.002329642
0.0022943251
0.0022578342
0.002220076
0.0021813408
0.0021421002
0.0021025758
0.0020627501
0.0020224249
0.0019815834
0.0019403161
0.0018985313
0.0018561884
0.0018133761
0.0017700546
0.0017261307
0.001681658
0.001636619
0.0015909316
0.0015445779
0.0014975321
0.0014497081
0.0014009726
0.0013513994
0.001300997
0.0012495862
0.0011974288
0.0011441199
0.0010893584
0.0010334433
0.00097542511
0.00091315367
0.0008532494
0.00080079631
0.00074571511
0.00068591629
0.00062518468
0.00056558677
0.0005073322
0.0004498969
0.00039514705
0.00034017745
0.00030151763
0.00024141435
0.00039345724
-0.00025200403
0.006106692
0.0060390202
0.005933413
0.00580113
0.0056520978
0.0054963171
0.0053384041
0.0051786153
0.005017755
0.0048581034
0.004701506
0.0045492331
0.0044032007
0.0042662655
0.0041415166
0.0040313549
0.0039367532
0.0038569193
0.003789441
0.0037310175
0.0036785415
0.0036297355
0.0035831076
0.0035376834
0.0034928408
0.0034482917
0.0034040561
0.0033603474
0.0033174513
0.0032755241
0.0032345061
0.0031942025
0.0031542736
0.0031143185
0.0030740924
0.0030335563
0.0029929034
0.002952482
0.0029126008
0.0028735192
0.0028353942
0.0027981646
0.002761639
0.002725612
0.0026899752
0.0026545997
0.00261922
0.0025835274
0.0025473959
0.0025108288
0.002473833
0.0024367814
0.0024004748
0.0023652407
0.0023304093
0.0022949881
0.0022584386
0.0022206651
0.0021819346
0.0021426892
0.0021031478
0.0020632981
0.0020229567
0.0019820989
0.0019408088
0.0018990097
0.0018566583
0.0018138271
0.0017704845
0.0017265525
0.001682063
0.001636964
0.001591184
0.0015447801
0.0014977012
0.0014498821
0.0014013103
0.0013519211
0.0013016139
0.0012502386
0.0011980924
0.0011447924
0.0010900505
0.0010341635
0.00097618824
0.00091430269
0.00085473413
0.00080226957
0.0007472628
0.0006875661
0.00062686011
0.0005672292
0.00050890803
0.00045139172
0.00039654258
0.00034148736
0.00030263428
0.00024228289
0.0003923512
-0.00024704486
0.0060175509
0.0059550004
0.0058604367
0.0057414466
0.0056046081
0.0054584924
0.005308477
0.0051559043
0.0050017123
0.0048479611
0.0046966382
0.0045492441
0.0044076424
0.0042744286
0.0041524034
0.0040437729
0.0039494986
0.0038689883
0.0038002056
0.003740274
0.0036863766
0.0036363523
0.0035887363
0.0035425485
0.0034971488
0.0034522137
0.0034077105
0.0033637975
0.0033207047
0.0032785637
0.0032373176
0.0031967782
0.0031566333
0.0031165167
0.003076193
0.0030356203
0.0029949678
0.0029545506
0.0029146617
0.0028755425
0.0028373397
0.0028000056
0.0027633653
0.0027272249
0.00269147
0.0026559716
0.0026204808
0.0025847074
0.0025485205
0.0025119198
0.0024749274
0.0024378894
0.0024015341
0.002366174
0.0023312001
0.0022956735
0.002259064
0.0022212726
0.0021825449
0.0021432945
0.0021037363
0.002063862
0.0020235027
0.0019826288
0.001941318
0.0018995034
0.0018571386
0.0018142884
0.0017709292
0.0017269863
0.0016824789
0.0016373611
0.0015915732
0.0015451481
0.0014980069
0.0014501071
0.0014014962
0.001352082
0.001301823
0.0012506104
0.0011986095
0.0011453723
0.0010906442
0.0010347664
0.00097682245
0.0009152868
0.00085600463
0.00080350718
0.00074857618
0.00068899877
0.0006283409
0.00056870153
0.00051033784
0.00045276266
0.00039783194
0.00034270711
0.00030366041
0.00024304621
0.00039077026
-0.00024138214
0.0059324881
0.0058744667
0.0057893179
0.0056818868
0.0055562272
0.0054195275
0.0052774182
0.0051320266
0.0049844929
0.0048367161
0.0046907401
0.0045482405
0.0044110548
0.0042815575
0.0041622933
0.0040552954
0.0039615136
0.0038805309
0.003810645
0.0037493628
0.0036941485
0.0036429706
0.0035944029
0.0035474685
0.003501515
0.0034561886
0.0034114094
0.0033672834
0.0033239903
0.0032816359
0.0032401641
0.0031993941
0.0031590378
0.0031187606
0.003078338
0.0030377244
0.0029970676
0.0029566515
0.0029167519
0.002877594
0.0028393145
0.002801877
0.0027651223
0.0027288678
0.0026929947
0.0026573738
0.002621772
0.0025859164
0.0025496732
0.0025130384
0.002476046
0.0024390172
0.0024026129
0.0023671291
0.0023320135
0.0022963808
0.00225971
0.0022218987
0.0021831722
0.0021439164
0.0021043409
0.0020644415
0.0020240637
0.001983174
0.0019418424
0.0019000106
0.0018576321
0.0018147644
0.0017713881
0.0017274306
0.0016829047
0.0016377717
0.001591973
0.00154553
0.0014983735
0.0014504657
0.0014018256
0.0013523452
0.0013020224
0.001250774
0.0011987752
0.0011456465
0.0010910642
0.0010352715
0.00097737371
0.00091614081
0.00085707676
0.00080451125
0.00074964877
0.00069020312
0.00062961319
0.00056998831
0.00051160543
0.00045399331
0.00039899892
0.00034382105
0.00030458059
0.00024368639
0.00038865578
-0.00023494664
0.0058511271
0.0057971374
0.0057200575
0.0056226936
0.0055072277
0.0053795893
0.0052453164
0.0051070455
0.0049661306
0.0048243628
0.0046837855
0.0045461928
0.0044134096
0.0042876262
0.0041711616
0.0040658958
0.0039727657
0.0038915082
0.0038207168
0.0037582442
0.0037018239
0.0036495637
0.0036000866
0.0035524273
0.0035059271
0.0034602071
0.0034151452
0.0033707994
0.003327303
0.0032847361
0.0032430416
0.0032020463
0.0031614839
0.0031210481
0.0030805258
0.0030398681
0.002999203
0.0029587853
0.0029188729
0.0028796757
0.0028413207
0.0028037813
0.0027669129
0.0027305438
0.0026945523
0.0026588096
0.0026230967
0.0025871575
0.0025508568
0.0025141866
0.0024771906
0.0024401666
0.0024037127
0.0023681072
0.002332851
0.002297111
0.0022603777
0.0022225445
0.0021838173
0.0021445553
0.002104962
0.0020650375
0.0020246406
0.0019837344
0.0019423817
0.0019005322
0.0018581397
0.0018152545
0.0017718601
0.0017278872
0.0016833441
0.0016381953
0.0015923825
0.0015459222
0.0014987528
0.001450834
0.0014021766
0.0013526844
0.0013023504
0.0012510577
0.0011989968
0.001145832
0.0010912245
0.0010354788
0.00097772628
0.00091686073
0.00085799556
0.00080532329
0.0007505014
0.00069118379
0.00063067177
0.0005710791
0.00051269769
0.00045506944
0.00040002892
0.00034481458
0.00030537997
0.00024418589
0.00038595438
-0.0002276718
0.00577314
0.0057227602
0.0056526325
0.0055640567
0.0054578525
0.0053388468
0.0052122677
0.0050810272
0.0049466652
0.0048109055
0.0046757557
0.0045430763
0.0044146821
0.0042926115
0.0041789859
0.0040755485
0.0039832234
0.0039018819
0.0038303785
0.0037668775
0.0037093679
0.0036561027
0.0036057645
0.0035574072
0.0035103715
0.0034642589
0.0034189102
0.0033743396
0.003330638
0.0032878603
0.003245947
0.0032047324
0.0031639692
0.0031233772
0.0030827548
0.0030420501
0.0030013727
0.0029609506
0.0029210231
0.0028817858
0.0028433566
0.0028057165
0.0027687352
0.0027322511
0.0026961411
0.0026602772
0.0026244534
0.0025884292
0.0025520698
0.0025153633
0.0024783602
0.0024413366
0.0024048325
0.0023691076
0.0023337118
0.002297864
0.0022610668
0.0022232098
0.0021844801
0.002145211
0.0021055996
0.00206565
0.0020252333
0.0019843102
0.0019429362
0.0019010685
0.0018586617
0.0018157585
0.0017723456
0.0017283571
0.0016837966
0.001638631
0.0015928038
0.001546327
0.0014991437
0.0014512112
0.0014025378
0.001353035
0.0013026878
0.0012513875
0.0011993095
0.0011461195
0.0010914735
0.0010356836
0.00097791339
0.00091728057
0.00085863425
0.00080592206
0.0007511663
0.00069197854
0.00063153769
0.00057197959
0.00051361017
0.0004559814
0.00040091
0.00034567485
0.00030604471
0.00024452851
0.0003826191
-0.00021949931
0.0056982407
0.0056511094
0.005587004
0.005506122
0.0054083131
0.0052974653
0.0051783742
0.0050540411
0.0049261417
0.0047963573
0.0046666397
0.0045388715
0.0044148518
0.0042964932
0.0041857455
0.0040842297
0.0039928567
0.0039116146
0.0038395881
0.0037752215
0.0037167442
0.0036625573
0.003611412
0.0035623887
0.0035148332
0.0034683324
0.0034226958
0.0033778974
0.0033339899
0.0032910039
0.0032488763
0.0032074483
0.0031664902
0.0031257449
0.0030850226
0.0030442683
0.003003575
0.0029631457
0.0029232013
0.0028839232
0.0028454209
0.0028076818
0.0027705885
0.0027339895
0.0026977614
0.0026617769
0.0026258424
0.0025897323
0.002553313
0.002516569
0.0024795555
0.0024425281
0.0024059728
0.0023701308
0.0023345967
0.0022986405
0.0022617783
0.0022238954
0.0021851611
0.0021458842
0.0021062543
0.0020662795
0.0020258423
0.0019849017
0.0019435064
0.00190162
0.0018591982
0.0018162768
0.001772845
0.0017288405
0.0016842623
0.0016390794
0.0015932376
0.0015467441
0.0014995459
0.0014515998
0.0014029109
0.0013533956
0.0013030345
0.0012517278
0.0011996287
0.0011464241
0.0010917858
0.0010359849
0.00097822484
0.00091769922
0.00085913307
0.00080622267
0.00075151795
0.00069254828
0.00063223086
0.000572723
0.00051436353
0.00045673499
0.00040163847
0.00034639316
0.00030656317
0.00024469639
0.00037861869
-0.00021038727
0.005626178
0.0055819835
0.0055231228
0.005448999
0.0053587905
0.0052556023
0.0051437414
0.0050261596
0.0049046092
0.0047807395
0.0046564349
0.0045335648
0.0044139025
0.0042992543
0.0041914217
0.0040919169
0.0040016366
0.0039206702
0.0038483046
0.0037832351
0.0037239154
0.0036688958
0.0036170031
0.003567351
0.0035192957
0.003472415
0.0034264918
0.003381465
0.0033373522
0.0032941614
0.0032518247
0.0032101902
0.0031690434
0.0031281483
0.0030873264
0.0030465204
0.0030058081
0.0029653691
0.0029254059
0.0028860866
0.0028475126
0.0028096762
0.0027724721
0.0027357583
0.0026994124
0.0026633083
0.0026272634
0.0025910665
0.0025545861
0.0025178034
0.0024807762
0.0024437407
0.0024071334
0.0023711764
0.0023355057
0.0022994406
0.0022625121
0.0022246014
0.0021858606
0.0021465749
0.0021069262
0.002066926
0.0020264677
0.0019855091
0.0019440924
0.0019021869
0.0018597494
0.0018168097
0.0017733586
0.0017293376
0.0016847413
0.0016395409
0.0015936839
0.0015471734
0.0014999599
0.0014519999
0.0014032953
0.0013537669
0.0013033924
0.001252078
0.0011999572
0.0011467398
0.0010921093
0.0010362914
0.00097860257
0.00091818025
0.0008596544
0.00080655277
0.00075176517
0.0006928687
0.00063264456
0.00057326056
0.00051496936
0.00045735879
0.00040223428
0.0003469759
0.00030693504
0.00024466163
0.00037395049
-0.00020031858
0.0055567309
0.0055152021
0.0054609332
0.0053927676
0.0053094374
0.0052134043
0.0051084758
0.0049974578
0.0048821205
0.0047640798
0.0046451461
0.0045271486
0.0044118225
0.0043008815
0.0041959989
0.0040985896
0.0040095358
0.0039290137
0.0038564876
0.0037908767
0.0037308435
0.0036750851
0.00362251
0.0035722714
0.003523741
0.0034764925
0.0034302873
0.0033850336
0.0033407178
0.0032973268
0.0032547873
0.0032129532
0.0031716246
0.0031305837
0.0030896633
0.0030488041
0.0030080698
0.0029676187
0.0029276352
0.0028882744
0.00284963
0.0028116981
0.0027743846
0.0027375567
0.0027010935
0.0026648708
0.0026287161
0.0025924317
0.0025558891
0.0025190663
0.0024820221
0.0024449745
0.0024083143
0.0023722446
0.0023364389
0.0023002647
0.0022632686
0.0022253281
0.002186579
0.0021472835
0.0021076156
0.0020675898
0.0020271099
0.0019861328
0.0019446945
0.0019027693
0.0018603156
0.0018173573
0.0017738867
0.0017298486
0.0016852341
0.0016400157
0.0015941431
0.0015476153
0.0015003861
0.0014524119
0.0014036912
0.0013541494
0.0013037613
0.0012524385
0.0012002965
0.0011470667
0.0010924416
0.0010366072
0.00097899314
0.00091866897
0.0008601543
0.00080694376
0.00075207651
0.00069320721
0.00063299276
0.00057358535
0.00051532983
0.0004577974
0.00040270203
0.00034744882
0.00030718929
0.00024441071
0.00036861686
-0.00018929238
0.0054897037
0.0054506035
0.0054003763
0.005337484
0.0052603803
0.0051710048
0.0050726828
0.0049680131
0.0048587319
0.0047464121
0.0046327858
0.0045196217
0.0044086049
0.004301365
0.0041994638
0.0041042297
0.0040165291
0.0039366121
0.0038640979
0.0037981056
0.0037374897
0.003681091
0.0036279036
0.0035771258
0.0035281496
0.0034805493
0.00343407
0.0033885936
0.0033440789
0.0033004934
0.0032577581
0.0032157324
0.003174229
0.0031330471
0.0030920297
0.0030511162
0.0030103577
0.0029698925
0.0029298874
0.0028904849
0.0028517715
0.0028137463
0.002776325
0.0027393838
0.0027028041
0.0026664638
0.0026302
0.0025938277
0.0025572217
0.0025203575
0.0024832933
0.0024462296
0.0024095154
0.0023733351
0.0023373964
0.0023011128
0.0022640481
0.0022260759
0.0021873163
0.0021480101
0.0021083226
0.0020682712
0.0020277691
0.0019867729
0.001945313
0.0019033676
0.0018608972
0.00181792
0.0017744295
0.0017303738
0.0016857407
0.001640504
0.0015946154
0.0015480701
0.0015008248
0.001452836
0.0014040989
0.0013545433
0.0013041414
0.0012528096
0.001200647
0.0011474042
0.0010927843
0.0010369321
0.00097939423
0.00091916715
0.00086067946
0.00080734377
0.00075239226
0.00069356598
0.00063338467
0.00057393733
0.00051564734
0.00045807598
0.00040294561
0.00034774565
0.00030730193
0.00024413774
0.00036245076
-0.00017727023
0.005424923
0.0053880428
0.0053413915
0.0052831853
0.0052117226
0.0051285234
0.0050364645
0.0049379037
0.004834502
0.0047277754
0.0046193731
0.0045109894
0.0044042479
0.004300699
0.0042018066
0.0041088213
0.0040225929
0.0039434338
0.0038710978
0.0038048812
0.003743815
0.0036868783
0.0036331536
0.0035818888
0.0035325006
0.0034845686
0.0034378265
0.0033921342
0.0033474266
0.0033036536
0.0032607307
0.0032185219
0.0031768516
0.0031355339
0.0030944218
0.0030534536
0.0030126689
0.0029721878
0.0029321601
0.0028927161
0.0028539353
0.002815819
0.0027782918
0.0027412383
0.0027045432
0.0026680866
0.0026317146
0.0025952539
0.0025585836
0.0025216766
0.0024845893
0.0024475058
0.0024107366
0.002374448
0.0023383781
0.0023019853
0.0022648508
0.002226845
0.0021880731
0.0021487551
0.0021090475
0.0020689703
0.0020284454
0.0019874297
0.0019459479
0.0019039821
0.0018614943
0.001818498
0.0017749873
0.0017309135
0.0016862616
0.0016410062
0.001595101
0.0015485379
0.0015012761
0.0014532723
0.0014045187
0.0013549489
0.0013045329
0.0012531917
0.0012010086
0.0011477526
0.0010931378
0.0010372699
0.00097980414
0.00091967962
0.00086122308
0.00080775209
0.00075271108
0.00069393044
0.00063377622
0.00057432106
0.00051600636
0.0004583859
0.00040315352
0.00034791461
0.00030704433
0.00024421429
0.00035497946
-0.00016411779
0.0053622339
0.0053273893
0.0052839181
0.0052298932
0.0051635474
0.0050860655
0.0049999175
0.004907208
0.0048094916
0.0047082129
0.0046049332
0.004501263
0.0043987548
0.0042988818
0.0042030204
0.0041123513
0.0040277063
0.0039494494
0.003877451
0.003811164
0.0037497804
0.0036924112
0.0036382283
0.0035865333
0.0035367716
0.0034885322
0.003441542
0.0033956435
0.003350751
0.0033067991
0.0032636977
0.0032213153
0.0031794866
0.0031380392
0.0030968352
0.0030558126
0.0030150003
0.0029745019
0.0029344509
0.0028949658
0.0028561193
0.0028179142
0.0027802832
0.002743119
0.0027063098
0.0026697383
0.0026332591
0.00259671
0.0025599744
0.0025230232
0.00248591
0.0024488029
0.0024119777
0.0023755828
0.0023393841
0.0023028823
0.0022656769
0.0022276357
0.0021888493
0.0021495184
0.0021097904
0.0020696873
0.0020291392
0.0019881034
0.0019465996
0.0019046129
0.0018621072
0.0018190916
0.0017755603
0.001731468
0.0016867969
0.0016415225
0.0015956003
0.0015490192
0.0015017405
0.0014537212
0.0014049508
0.0013553665
0.0013049362
0.0012535849
0.0012013818
0.0011481123
0.0010935022
0.0010376245
0.00098022078
0.00092020514
0.00086178536
0.00080816382
0.00075303974
0.00069430468
0.00063417715
0.00057471363
0.00051636916
0.00045871857
0.00040339922
0.00034812499
0.00030662221
0.00024487005
0.00034615138
-0.00015025794
0.005301498
0.0052685252
0.0052278963
0.0051776176
0.0051159202
0.0050437223
0.0049631326
0.0048760033
0.0047837631
0.0046877713
0.0045894969
0.0044904597
0.0043921339
0.0042959158
0.004203102
0.0041148094
0.0040318506
0.0039546318
0.003883123
0.0038169156
0.003755347
0.0036976532
0.0036430953
0.0035910313
0.0035409388
0.0034924204
0.0034452006
0.0033991084
0.0033540414
0.0033099206
0.0032666514
0.0032241055
0.0031821275
0.0031405572
0.003099265
0.0030581888
0.0030173484
0.0029768317
0.002936757
0.0028972314
0.0028583211
0.00282003
0.0027822976
0.0027450244
0.0027081025
0.0026714179
0.0026348327
0.0025981952
0.0025613936
0.0025243968
0.0024872548
0.0024501208
0.0024132385
0.0023767395
0.0023404142
0.0023038037
0.0022665266
0.0022284481
0.0021896454
0.0021503004
0.0021105515
0.0020704224
0.0020298506
0.0019887942
0.0019472683
0.0019052602
0.0018627361
0.0018197008
0.0017761487
0.0017320374
0.0016873469
0.0016420532
0.0015961135
0.0015495141
0.0015022181
0.001454183
0.0014053956
0.0013557964
0.0013053515
0.0012539896
0.0012017667
0.0011484838
0.0010938778
0.0010379962
0.00098064371
0.00092074394
0.00086236697
0.00080857892
0.00075338035
0.00069468913
0.00063458811
0.0005751145
0.00051673851
0.00045905456
0.00040364976
0.00034834569
0.00030626124
0.00024594457
0.00033676205
-0.00013630871
0.0052425906
0.0052113437
0.0051732675
0.0051263589
0.0050688911
0.005001572
0.0049261926
0.0048443646
0.0047573794
0.0046665004
0.0045730998
0.0044786023
0.0043843987
0.004291808
0.0042020518
0.0041161883
0.00403501
0.003958956
0.0038880815
0.0038220986
0.0037604765
0.0037025676
0.0036477212
0.0035953534
0.0035449773
0.0034962123
0.0034487848
0.0034025147
0.0033572859
0.0033130082
0.0032695827
0.0032268847
0.0031847675
0.0031430817
0.0031017058
0.0030605778
0.003019709
0.0029791736
0.0029390753
0.0028995102
0.0028605383
0.0028221639
0.0027843328
0.0027469528
0.00270992
0.0026731241
0.0026364344
0.0025997088
0.0025628404
0.0025257967
0.0024886234
0.0024514591
0.0024145187
0.0023779177
0.0023414683
0.0023047497
0.0022673998
0.0022292824
0.0021904614
0.0021511012
0.002111331
0.0020711758
0.0020305797
0.0019895022
0.001947954
0.0019059243
0.0018633813
0.0018203261
0.0017767529
0.0017326221
0.0016879119
0.0016425984
0.0015966409
0.0015500229
0.0015027092
0.0014546579
0.0014058533
0.0013562388
0.001305779
0.0012544061
0.0012021637
0.0011488672
0.001094265
0.0010383844
0.00098107366
0.00092129671
0.00086296847
0.00080899725
0.00075373282
0.00069508345
0.00063500865
0.00057552448
0.00051711591
0.00045939655
0.00040390308
0.00034855816
0.00030595974
0.00024708088
0.00032745118
-0.00012264561
0.0051853993
0.0051557478
0.0051199749
0.0050761099
0.0050224979
0.0049596806
0.0048891731
0.0048123637
0.0047304033
0.0046444518
0.0045557814
0.0044657187
0.0043755676
0.0042865691
0.0041998738
0.0041164843
0.0040371716
0.0039624
0.0038922963
0.0038266778
0.0037651312
0.0037071179
0.003652072
0.0035994694
0.0035488608
0.0034998858
0.0034522763
0.003405847
0.0033604715
0.0033160507
0.0032724821
0.0032296444
0.0031873989
0.003145606
0.0031041517
0.0030629742
0.0030220778
0.0029815237
0.0029414024
0.0029017991
0.002862768
0.0028243134
0.0027863866
0.0027489022
0.0027117607
0.0026748556
0.0026380629
0.0026012498
0.0025643142
0.0025272222
0.002490015
0.0024528174
0.0024158179
0.002379117
0.002342546
0.0023057201
0.0022682967
0.0022301386
0.0021912974
0.0021519209
0.002112129
0.0020719474
0.0020313268
0.0019902277
0.001948657
0.0019066053
0.0018640429
0.0018209674
0.0017773729
0.0017332222
0.0016884919
0.0016431585
0.0015971826
0.0015505458
0.0015032141
0.0014551462
0.0014063241
0.0013566939
0.001306219
0.0012548346
0.0012025731
0.0011492629
0.0010946642
0.0010387871
0.00098151216
0.00092186405
0.00086359043
0.00080942036
0.00075409701
0.00069548745
0.00063543884
0.00057594381
0.00051750129
0.00045974454
0.00040415883
0.00034876921
0.00030568918
0.00024812969
0.00031831136
-0.00010943772
0.0051298219
0.0051016487
0.0050679635
0.0050268578
0.0049767672
0.0049181027
0.0048521415
0.0047800688
0.0047028969
0.004621679
0.0045375845
0.0044518411
0.0043656635
0.0042802146
0.0041965757
0.0041156966
0.0040383256
0.0039649445
0.0038957396
0.0038306192
0.0037692748
0.0037112675
0.0036561136
0.0036033483
0.003552562
0.0035034175
0.0034556554
0.0034090887
0.0033635843
0.003319036
0.0032753391
0.0032323752
0.0031900132
0.0031481226
0.003106596
0.0030653725
0.0030244498
0.0029838779
0.0029437343
0.0029040946
0.002865007
0.0028264757
0.0027884565
0.0027508704
0.0027136227
0.0026766106
0.0026397169
0.0026028169
0.0025658137
0.0025286723
0.002491429
0.0024541953
0.0024171358
0.0023803369
0.002343647
0.0023067148
0.0022692173
0.0022310168
0.0021921536
0.0021527596
0.0021129454
0.0020727374
0.0020320918
0.0019909707
0.0019493774
0.0019073035
0.001864721
0.0018216252
0.0017780091
0.001733838
0.0016890874
0.0016437337
0.001597739
0.001551083
0.001503733
0.0014556481
0.0014068083
0.0013571621
0.0013066719
0.0012552754
0.0012029951
0.0011496712
0.0010950758
0.0010392029
0.0009819602
0.00092244699
0.00086422831
0.00080985188
0.00075447403
0.00069590158
0.00063587895
0.00057637258
0.00051789458
0.00046009819
0.00040441701
0.00034897942
0.00030541368
0.0002490724
0.00030932712
-9.6721537e-05
0.0050757656
0.0050489651
0.0050171802
0.0049785853
0.0049317168
0.0048768831
0.0048151573
0.0047475432
0.004674921
0.004598236
0.0045185547
0.0044370057
0.0043547139
0.0042727637
0.004192169
0.0041138283
0.0040384652
0.0039665731
0.0038983865
0.0038338915
0.0037728721
0.0037149808
0.0036598114
0.0036069583
0.0035560527
0.0035067827
0.003458901
0.0034122221
0.0033666092
0.0033219513
0.0032781422
0.003235067
0.0031926014
0.0031506233
0.0031090315
0.0030677662
0.0030268196
0.0029862311
0.0029460669
0.002906393
0.002867252
0.0028286475
0.0027905396
0.002752855
0.0027155039
0.0026783875
0.0026413947
0.002604409
0.002567338
0.0025301462
0.0024928645
0.0024555921
0.0024184719
0.0023815771
0.0023447709
0.0023077335
0.0022701613
0.0022319171
0.00219303
0.0021536172
0.0021137805
0.0020735459
0.002032875
0.0019917314
0.0019501153
0.0019080188
0.001865416
0.0018222994
0.0017786615
0.0017344697
0.0016896985
0.0016443241
0.0015983103
0.0015516349
0.0015042661
0.0014561639
0.0014073061
0.0013576436
0.0013071378
0.0012557288
0.0012034299
0.0011500925
0.0010954999
0.0010396324
0.00098241777
0.00092304628
0.0008648771
0.00081029548
0.00075486503
0.00069632624
0.00063632918
0.00057681091
0.00051829577
0.00046045767
0.0004046763
0.00034919374
0.0003051365
0.00024989633
0.00030052069
-8.4517521e-05
0.0050231451
0.0049976223
0.0049675741
0.0049312716
0.0048873568
0.0048360575
0.0047782727
0.0047148459
0.0046465341
0.0045741771
0.0044987395
0.0044212519
0.0043427499
0.0042642397
0.0041866689
0.0041108857
0.0040375873
0.0039672726
0.0039002146
0.0038364652
0.0037758896
0.0037182226
0.0036631313
0.0036102675
0.0035593041
0.0035099562
0.0034619911
0.0034152284
0.0033695299
0.0033247823
0.0032808791
0.0032377087
0.0031951535
0.0031530992
0.0031114505
0.0030701487
0.0030291812
0.0029885783
0.0029483956
0.0029086902
0.0028694992
0.0028308255
0.0027926328
0.0027548533
0.0027174019
0.0026801841
0.0026430946
0.0026060243
0.0025688857
0.0025316425
0.0024943206
0.0024570071
0.0024198255
0.0023828368
0.0023459172
0.002308776
0.0022711287
0.0022328392
0.0021939266
0.0021544939
0.002114634
0.0020743728
0.0020336763
0.0019925099
0.0019508707
0.0019087515
0.0018661279
0.0018229903
0.0017793303
0.0017351174
0.0016903253
0.0016449301
0.0015988966
0.0015522016
0.0015048138
0.0014566938
0.0014078179
0.0013581387
0.001307617
0.0012561951
0.001203878
0.001150527
0.001095937
0.0010400761
0.0009828846
0.00092366126
0.00086553685
0.00081075395
0.00075527011
0.00069676122
0.00063678946
0.0005772588
0.00051870489
0.00046082251
0.00040493822
0.00034940244
0.00030486847
0.00025060247
0.00029189022
-7.2840565e-05
0.0049718824
0.0049475511
0.0049190961
0.0048848935
0.0048436913
0.0047956541
0.0047415326
0.0046820305
0.0046177921
0.0045495562
0.0044781879
0.004404622
0.0043298062
0.0042546696
0.0041800943
0.0041068787
0.004035692
0.0039670331
0.0039012048
0.0038383138
0.0037782956
0.0037209593
0.0036660395
0.0036132437
0.0035622865
0.0035129114
0.0034649027
0.0034180875
0.0033723292
0.003327514
0.0032835363
0.0032402884
0.0031976589
0.0031555408
0.0031138444
0.0030725122
0.003031528
0.0029909137
0.0029507153
0.0029109814
0.0028717443
0.0028330058
0.0027947327
0.0027568623
0.0027193141
0.0026819981
0.0026448146
0.0026076613
0.0025704553
0.0025331599
0.0024957961
0.0024584395
0.002421196
0.0023841153
0.0023470853
0.0023098417
0.0022721192
0.0022337831
0.0021948433
0.0021553895
0.0021155061
0.0020752181
0.0020344958
0.0019933061
0.0019516438
0.0019095016
0.0018668568
0.0018236979
0.0017800158
0.0017357814
0.0016909681
0.0016455517
0.0015994983
0.0015527834
0.0015053762
0.0014572381
0.0014083438
0.0013586476
0.0013081098
0.0012566747
0.0012043395
0.0011509751
0.0010963873
0.0010405341
0.00098336385
0.00092429012
0.00086620746
0.00081122747
0.00075568913
0.00069720654
0.0006372599
0.00057771636
0.00051912195
0.00046119283
0.00040520147
0.00034961001
0.00030459649
0.00025117934
0.00028345133
-6.1700445e-05
0.0049219054
0.0048986873
0.0048716992
0.0048394258
0.0048007191
0.0047556939
0.0047049753
0.0046491457
0.0045887482
0.0045244262
0.0044569496
0.0043871602
0.0043159205
0.0042440836
0.0041724674
0.0041018205
0.0040327827
0.0039658479
0.003901341
0.0038394133
0.0037800607
0.0037231582
0.0036685028
0.0036158548
0.00356497
0.0035156214
0.0034676119
0.0034207786
0.0033749888
0.0033301304
0.0032860998
0.0032427933
0.0032001061
0.0031579377
0.0031162039
0.0030748488
0.0030338529
0.002993231
0.0029530203
0.0029132618
0.0028739829
0.0028351844
0.0027968357
0.0027588787
0.0027212377
0.0026838269
0.0026465523
0.0026093178
0.002572045
0.002534697
0.0024972897
0.0024598883
0.0024225825
0.002385412
0.0023482744
0.0023109303
0.0022731323
0.0022347486
0.0021957799
0.002156304
0.0021163966
0.0020760818
0.0020353334
0.0019941201
0.0019524345
0.0019102692
0.0018676028
0.0018244224
0.0017807179
0.0017364617
0.001691627
0.0016461892
0.0016001155
0.0015533804
0.0015059535
0.001457797
0.0014088841
0.0013591706
0.0013086165
0.0012571676
0.0012048148
0.0011514371
0.0010968512
0.0010410066
0.00098385957
0.0009249308
0.00086688837
0.00081171577
0.00075612244
0.00069766253
0.00063774066
0.00057818365
0.0005195469
0.00046156839
0.00040546602
0.00034981617
0.00030431587
0.00025162813
0.00027519498
-5.111263e-05
0.0048731474
0.0048509712
0.0048253379
0.0047948421
0.004758435
0.0047161925
0.0046686331
0.0046162353
0.004559452
0.0044988384
0.0044350742
0.0043689125
0.0043011331
0.0042325152
0.0041638137
0.0040957279
0.0040288663
0.003963714
0.0039006103
0.0038397426
0.0037811578
0.0037247887
0.0036704891
0.0036180692
0.0035673247
0.0035180585
0.0034700938
0.0034232795
0.0033774893
0.0033326143
0.0032885541
0.0032452098
0.0032024826
0.0031602788
0.0031185192
0.0030771496
0.0030361481
0.0029955233
0.0029553046
0.0029155259
0.00287621
0.0028373567
0.0027989376
0.0027608988
0.0027231693
0.0026856677
0.0026483051
0.0026109916
0.0025736529
0.0025362521
0.0024988001
0.0024613523
0.002423984
0.0023867258
0.0023494838
0.0023120409
0.0022741678
0.0022357352
0.0021967364
0.0021572371
0.0021173054
0.0020769636
0.0020361891
0.0019949519
0.0019532429
0.0019110543
0.001868366
0.0018251639
0.0017814368
0.0017371586
0.0016923022
0.0016468428
0.0016007484
0.0015539929
0.001506546
0.0014583707
0.0014094389
0.001359708
0.0013091373
0.0012576744
0.001205304
0.0011519132
0.0010973291
0.001041494
0.00098437245
0.00092558231
0.00086757981
0.00081221923
0.00075657028
0.0006981296
0.00063823196
0.00057866071
0.00051997971
0.00046194895
0.00040573182
0.00035002058
0.00030402456
0.0002519508
0.00026717524
-4.1114125e-05
0.0048255464
0.0048043469
0.0047799689
0.0047511149
0.0047168302
0.0046771601
0.0046325329
0.0045833383
0.0045299499
0.0044728426
0.0044126115
0.0043499257
0.0042854859
0.0042200002
0.0041541616
0.0040886207
0.0040239533
0.0039606315
0.0038990032
0.0038392837
0.0037815622
0.0037258219
0.0036719675
0.0036198556
0.0035693204
0.0035201948
0.003472323
0.0034255677
0.0033798105
0.0033349477
0.0032908831
0.0032475232
0.0032047754
0.0031625522
0.0031207794
0.0030794051
0.0030384052
0.0029977832
0.0029575615
0.0029177677
0.0028784203
0.0028395179
0.002801034
0.0027629188
0.0027251055
0.0026875173
0.0026500703
0.0026126802
0.0025752768
0.0025378231
0.0025003256
0.0024628303
0.0024253996
0.0023880557
0.0023507124
0.0023131729
0.0022752249
0.0022367427
0.0021977122
0.0021581887
0.0021182322
0.0020778635
0.0020370626
0.0019958013
0.0019540688
0.0019118569
0.0018691464
0.0018259223
0.0017821726
0.0017378721
0.0016929937
0.0016475125
0.0016013972
0.001554621
0.0015071539
0.0014589594
0.0014100087
0.0013602599
0.0013096724
0.0012581951
0.0012058076
0.0011524039
0.0010978213
0.0010419966
0.00098490252
0.00092624473
0.00086828215
0.00081273952
0.00075703162
0.00069860762
0.0006387339
0.00057914759
0.00052042034
0.00046233442
0.00040599795
0.00035022759
0.00030370997
0.00025214509
0.00025940083
-3.171676e-05
0.0047790446
0.0047587622
0.0047355503
0.0047082165
0.0046758936
0.0046386029
0.0045966964
0.0045504889
0.0045002847
0.004446486
0.00438961
0.004330247
0.0042690228
0.0042065768
0.0041435425
0.0040805219
0.0040180571
0.0039566041
0.0038965137
0.0038380217
0.0037812521
0.003726231
0.0036729086
0.0036211837
0.0035709275
0.0035220022
0.0034742736
0.0034276195
0.0033819312
0.0033371115
0.0032930698
0.0032497181
0.0032069702
0.003164745
0.0031229732
0.003081605
0.0030406151
0.0030000027
0.002959784
0.0029199808
0.0028806079
0.0028416626
0.0028031201
0.0027649341
0.0027270424
0.0026893722
0.0026518448
0.0026143809
0.0025769143
0.002539408
0.0025018644
0.0024643208
0.002426828
0.0023894007
0.0023519592
0.0023143254
0.002276303
0.0022377704
0.0021987072
0.0021591585
0.0021191767
0.0020787812
0.0020379539
0.0019966683
0.0019549122
0.0019126768
0.0018699439
0.0018266978
0.0017829252
0.0017386022
0.0016937017
0.0016481985
0.0016020619
0.0015552648
0.0015077772
0.0014595634
0.0014105934
0.0013608266
0.0013102221
0.0012587301
0.0012063258
0.0011529094
0.0010983281
0.0010425148
0.0009854499
0.00092691843
0.00086899528
0.00081328004
0.00075750468
0.00069909607
0.00063924642
0.00057964428
0.00052086872
0.00046272457
0.00040626401
0.00035043571
0.00030334822
0.00025220342
0.00025185255
-2.2885448e-05
0.0047335881
0.0047141678
0.0046920419
0.0046661187
0.0046356117
0.0046005232
0.0045611414
0.0045177173
0.0044704956
0.0044198137
0.0043661174
0.0043099238
0.0042517882
0.004192285
0.0041319899
0.0040714571
0.0040111944
0.0039516388
0.0038931389
0.0038359451
0.0037802086
0.0037259919
0.0036732846
0.0036220244
0.0035721169
0.0035234525
0.0034759193
0.0034294109
0.0033838296
0.0033390861
0.0032950961
0.0032517781
0.0032090523
0.0031668438
0.0031250882
0.0030837383
0.0030427681
0.003002173
0.0029619642
0.0029221583
0.0028827664
0.002843785
0.0028051905
0.0027669401
0.0027289756
0.0026912287
0.002653625
0.0026160906
0.0025785626
0.0025410044
0.0025034144
0.0024658221
0.0024282676
0.0023907593
0.0023532229
0.0023154972
0.0022774013
0.0022388177
0.0021997207
0.0021601459
0.0021201387
0.0020797163
0.0020388626
0.0019975526
0.0019557728
0.001913514
0.0018707586
0.0018274902
0.0017836948
0.0017393491
0.0016944263
0.0016489008
0.0016027428
0.0015559246
0.0015084163
0.0014601828
0.0014111934
0.0013614083
0.0013107867
0.0012592797
0.0012068588
0.0011534299
0.0010988499
0.0010430489
0.00098601474
0.00092760367
0.00086971919
0.00081384262
0.00075798827
0.0006995948
0.00063976962
0.00058015076
0.00052132477
0.00046311902
0.00040653029
0.00035063486
0.00030296623
0.00025209636
0.00024445853
-1.4568123e-05
0.004689126
0.0046705174
0.0046494053
0.0046247933
0.0045959693
0.0045629206
0.0045258815
0.0044850495
0.0044406183
0.004392868
0.0043421795
0.0042890028
0.0042338275
0.0041771662
0.0041195393
0.0040614547
0.0040033849
0.0039457457
0.0038888797
0.0038330456
0.0037784158
0.0037250826
0.0036730699
0.0036223499
0.0035728601
0.0035245181
0.0034772337
0.0034309172
0.003385483
0.0033408507
0.0032969433
0.003253686
0.0032110058
0.0031688341
0.0031271115
0.0030857934
0.0030448536
0.0030042848
0.0029640937
0.0029242925
0.0028848891
0.0028458789
0.0028072397
0.0027689317
0.0027309006
0.0026930824
0.0026554073
0.0026178058
0.0025802187
0.0025426097
0.0025049735
0.0024673323
0.0024297171
0.0023921301
0.0023545022
0.0023166873
0.0022785188
0.002239884
0.0022007522
0.0021611506
0.0021211177
0.0020806685
0.0020397885
0.001998454
0.0019566506
0.0019143683
0.0018715902
0.0018282995
0.0017844812
0.0017401127
0.0016951674
0.0016496196
0.00160344
0.0015566004
0.0015090713
0.0014608179
0.0014118089
0.0013620052
0.0013113663
0.0012598441
0.0012074069
0.0011539659
0.001099387
0.001043599
0.0009865972
0.00092830069
0.00087045404
0.00081442725
0.00075848224
0.00070010421
0.00064030372
0.00058066707
0.00052178837
0.00046351757
0.00040679601
0.00035082175
0.00030257093
0.00025182205
0.00023723093
-6.7605908e-06
0.0046456108
0.0046277671
0.0046076033
0.0045842124
0.0045569501
0.004525792
0.0044909269
0.004452508
0.0044106853
0.0043656885
0.0043178407
0.0042675302
0.0042151859
0.0041612627
0.0041062283
0.0040505453
0.003994651
0.0039389383
0.0038837399
0.0038293182
0.003775861
0.0037234842
0.003672241
0.003622134
0.0035731297
0.0035251715
0.0034781906
0.0034321138
0.0033868685
0.0033423841
0.0032985917
0.0032554238
0.0032128143
0.0031707009
0.0031290294
0.0030877578
0.0030468605
0.0030063281
0.0029661636
0.0029263754
0.0028869686
0.0028479375
0.0028092614
0.0027709031
0.0027328123
0.0026949288
0.0026571874
0.002619523
0.0025818794
0.002544221
0.0025065391
0.0024688494
0.0024311744
0.0023935114
0.0023557956
0.0023178942
0.0022796544
0.0022409682
0.002201801
0.0021621719
0.0021221131
0.0020816373
0.0020407311
0.0019993721
0.0019575452
0.0019152395
0.0018724387
0.0018291255
0.0017852844
0.001740893
0.0016959252
0.0016503549
0.0016041534
0.0015572924
0.0015097422
0.0014614686
0.0014124399
0.0013626175
0.0013119611
0.0012604236
0.0012079703
0.0011545174
0.0010999398
0.0010441656
0.00098719736
0.00092900971
0.00087119988
0.00081503398
0.0007589869
0.00070062449
0.00064084878
0.00058119313
0.00052225939
0.00046391983
0.00040706077
0.00035099343
0.00030215193
0.00025138958
0.00023020325
5.3042253e-07
0.0046029974
0.0045858755
0.0045666003
0.0045443485
0.0045185369
0.0044891323
0.0044562853
0.0044201119
0.0043807257
0.0043383122
0.0042931429
0.0042455507
0.0041959085
0.0041446174
0.0040920953
0.0040387613
0.0039850176
0.0039312327
0.0038777268
0.0038247614
0.0037725344
0.0037211805
0.0036707767
0.0036213523
0.0035728997
0.0035253864
0.0034787638
0.0034329757
0.0033879626
0.0033436644
0.0033000211
0.0032569728
0.0032144604
0.0031724283
0.0031308271
0.0030896182
0.0030487769
0.0030082922
0.0029681642
0.0029283982
0.0028889969
0.0028499538
0.0028112491
0.0027728485
0.0027347051
0.0026967629
0.0026589609
0.0026212379
0.0025835411
0.0025458351
0.0025081085
0.002470371
0.0024326378
0.0023949015
0.0023571012
0.0023191165
0.0022808069
0.0022420695
0.0022028662
0.0021632092
0.0021231244
0.0020826221
0.0020416901
0.0020003066
0.0019584562
0.0019161274
0.0018733039
0.0018299682
0.0017861042
0.00174169
0.0016966995
0.0016511067
0.0016048832
0.0015580005
0.0015104291
0.0014621352
0.0014130866
0.0013632454
0.0013125715
0.0012610184
0.0012085493
0.001155085
0.0011005085
0.0010447488
0.00098781533
0.00092973098
0.00087195671
0.0008156632
0.00075950264
0.00070115547
0.00064140466
0.00058172889
0.00052273771
0.00046432552
0.00040732398
0.00035114939
0.00030170872
0.00025079231
0.0002233886
7.3012296e-06
0.0045612436
0.0045448032
0.0045263621
0.0045051742
0.0044807118
0.0044529346
0.0044219613
0.0043878774
0.0043507654
0.0043107731
0.0042681263
0.0042231077
0.0041760396
0.0041272734
0.00407718
0.0040261369
0.0039745119
0.0039226481
0.0038708506
0.0038193767
0.0037684298
0.0037181583
0.0036686586
0.0036199825
0.0035721456
0.003525137
0.0034789278
0.003433478
0.0033887416
0.0033446694
0.0033012106
0.0032583134
0.0032159262
0.0031739995
0.0031324894
0.0030913608
0.0030505901
0.0030101656
0.0029700853
0.0029303517
0.0028909655
0.0028519197
0.0028131956
0.0027747613
0.0027365732
0.0026985794
0.0026607227
0.0026229462
0.0025851997
0.0025474485
0.0025096787
0.0024718945
0.0024341048
0.0023962983
0.0023584173
0.0023203524
0.0022819748
0.0022431865
0.0022039469
0.0021642616
0.0021241508
0.0020836224
0.0020426647
0.002001257
0.0019593834
0.0019170314
0.0018741853
0.0018308273
0.0017869405
0.0017425034
0.0016974902
0.0016518749
0.0016056292
0.0015587249
0.0015111322
0.0014628178
0.0014137492
0.0013638891
0.0013131974
0.0012616286
0.0012091441
0.0011556687
0.0011010934
0.001045349
0.00098845114
0.00093046469
0.00087272436
0.00081631463
0.00076003079
0.00070169715
0.00064197112
0.00058227415
0.00052322306
0.0004647342
0.00040758492
0.0003512888
0.0003012368
0.00025004951
0.0002167974
1.3547911e-05
0.0045203091
0.0045045129
0.0044868559
0.0044666629
0.0044434565
0.0044171906
0.0043879576
0.0043558177
0.0043208276
0.0042831026
0.0042428283
0.004200243
0.0041556229
0.0041092736
0.0040615227
0.0040127078
0.0039631631
0.0039132059
0.0038631245
0.0038131689
0.0037635439
0.0037144073
0.0036658707
0.0036180045
0.0035708444
0.0035243991
0.0034786577
0.0034335962
0.0033891818
0.0033453765
0.003302139
0.0032594258
0.0032171928
0.0031753973
0.0031340004
0.0030929709
0.0030522868
0.0030119363
0.0029719158
0.0029322258
0.0028928654
0.0028538271
0.0028150933
0.0027766344
0.0027384102
0.0027003724
0.0026624678
0.0026246431
0.002586851
0.0025490574
0.0025112463
0.0024734172
0.0024355731
0.0023976995
0.0023597417
0.0023216
0.0022831564
0.0022443179
0.0022050419
0.0021653282
0.0021251915
0.0020846373
0.0020436544
0.0020022228
0.0019603261
0.0019179514
0.0018750828
0.0018317025
0.0017877931
0.0017433332
0.0016982973
0.0016526595
0.0016063917
0.0015594656
0.0015118515
0.0014635164
0.0014144278
0.0013645486
0.0013138392
0.0012622546
0.0012097549
0.0011562688
0.0011016948
0.0010459662
0.0009891049
0.00093121107
0.00087350316
0.00081698489
0.00076057388
0.00070225042
0.00064254829
0.00058282889
0.00052371533
0.0004651455
0.0004078431
0.00035140997
0.0003007352
0.0002491619
0.00021044477
1.9288671e-05
0.0044801558
0.0044649691
0.0044480499
0.0044287887
0.0044067524
0.0043818912
0.0043542752
0.0043239439
0.0042909328
0.0042553294
0.0042172842
0.0041769963
0.0041347005
0.0040906606
0.0040451637
0.0039985102
0.0039510019
0.0039029299
0.0038545646
0.0038061458
0.0037578767
0.0037099205
0.0036624
0.0036154006
0.0035689751
0.0035231496
0.0034779297
0.0034333063
0.0033892597
0.003345763
0.0033027845
0.0032602895
0.0032182412
0.0031766035
0.0031353433
0.0030944331
0.0030538529
0.0030135914
0.0029736441
0.0029340099
0.0028946868
0.0028556671
0.002816934
0.0027784604
0.0027402092
0.0027021356
0.0026641902
0.0026263233
0.0025884902
0.0025506577
0.0025128077
0.0024749357
0.0024370398
0.0023991026
0.0023610721
0.0023228573
0.0022843499
0.0022454622
0.00220615
0.0021664078
0.0021262454
0.002085666
0.0020446583
0.0020032031
0.0019612838
0.0019188866
0.0018759958
0.0018325934
0.0017886616
0.001744179
0.0016991206
0.0016534602
0.0016071703
0.0015602224
0.0015125868
0.0014642311
0.0014151224
0.0013652241
0.0013144968
0.0012628964
0.0012103819
0.0011568855
0.001102313
0.0010466008
0.00098977654
0.00093197014
0.00087429319
0.00081767077
0.00076113417
0.00070281595
0.00064313609
0.00058339291
0.00052421421
0.00046555892
0.00040809775
0.00035151151
0.0003002014
0.00024813654
0.00020434909
2.4533845e-05
0.0044407476
0.0044261378
0.004409914
0.004391526
0.0043705811
0.0043470261
0.0043209131
0.0042922647
0.0042610989
0.0042274796
0.0041915271
0.0041534057
0.0041133133
0.004071476
0.0040281436
0.0039835816
0.0039380606
0.0038918461
0.0038451893
0.0037983182
0.0037514313
0.0037046938
0.0036582363
0.0036121557
0.0035665189
0.0035213672
0.003476721
0.0034325851
0.0033889521
0.0033458062
0.0033031254
0.0032608835
0.0032190514
0.0031775997
0.0031365008
0.0030957313
0.0030552737
0.0030151176
0.002975258
0.0029356929
0.0028964195
0.0028574301
0.002818709
0.0027802313
0.0027419628
0.0027038622
0.0026658839
0.0026279813
0.0025901125
0.0025522448
0.002514359
0.0024764468
0.002438502
0.0024005049
0.002362406
0.0023241219
0.0022855535
0.0022466178
0.0022072697
0.0021674993
0.0021273117
0.0020867076
0.0020456757
0.0020041975
0.0019622559
0.0019198367
0.001876924
0.0018334998
0.0017895458
0.0017450408
0.0016999599
0.0016542772
0.0016079651
0.0015609954
0.0015133385
0.001464962
0.0014158332
0.0013659157
0.0013151706
0.0012635545
0.0012110254
0.0011575191
0.0011029483
0.0010472529
0.00099046622
0.00093274226
0.00087509444
0.0008183725
0.00076171291
0.0007033939
0.0006437343
0.00058396607
0.00052471951
0.0004659741
0.00040834828
0.0003515923
0.00029963285
0.00024698374
0.00019853619
2.9288127e-05
0.0044020502
0.0043879869
0.004372419
0.0043548503
0.0043349239
0.0043125846
0.0042878692
0.0042607869
0.0042313415
0.0041995769
0.0041655873
0.0041295069
0.0040915005
0.0040517604
0.0040105024
0.0039679594
0.0039243724
0.0038799819
0.0038350194
0.0037896993
0.0037442134
0.0036987261
0.0036533721
0.0036082571
0.0035634592
0.0035190324
0.0034750102
0.00343141
0.0033882362
0.0033454836
0.0033031397
0.0032611867
0.0032196033
0.0031783668
0.003137455
0.0030968489
0.0030565338
0.0030165006
0.0029767443
0.0029372627
0.0028980524
0.002859106
0.0028204089
0.0027819383
0.002743663
0.0027055449
0.0026675419
0.0026296108
0.002591712
0.0025538138
0.0025158957
0.0024779464
0.0024399562
0.0024019033
0.0023637404
0.0023253911
0.0022867645
0.0022477824
0.0022083993
0.002168601
0.0021283887
0.0020877607
0.0020467053
0.0020052047
0.0019632413
0.0019208006
0.0018778665
0.0018344208
0.001790445
0.0017459178
0.0017008147
0.0016551098
0.0016087757
0.0015617843
0.001514106
0.0014657088
0.0014165599
0.0013666233
0.0013158604
0.0012642285
0.0012116853
0.0011581696
0.0011036006
0.0010479225
0.00099117363
0.00093352725
0.00087590664
0.00081908986
0.00076230988
0.00070398396
0.00064434248
0.00058454795
0.00052523074
0.00046639034
0.00040859376
0.00035165098
0.00029902681
0.00024571398
0.00019303552
3.3557143e-05
0.0043640306
0.0043504855
0.004335537
0.0043187378
0.0042997627
0.0042785555
0.0042551405
0.0042295159
0.0042016742
0.0041716427
0.0041394933
0.0041053336
0.0040692997
0.0040315534
0.0039922798
0.0039516814
0.0039099716
0.0038673664
0.0038240776
0.0037803052
0.0037362321
0.0036920192
0.0036478032
0.0036036951
0.0035597817
0.0035161275
0.0034727774
0.0034297598
0.0033870902
0.0033447733
0.0033028057
0.0032611781
0.0032198767
0.0031788853
0.0031381876
0.0030977688
0.0030576174
0.0030177257
0.0029780897
0.002938707
0.0028995742
0.0028606844
0.0028220241
0.0027835727
0.0027453017
0.0027071763
0.0026691576
0.0026312058
0.0025932834
0.0025553598
0.0025174136
0.002479431
0.0024413991
0.0024032948
0.0023650727
0.0023266626
0.0022879809
0.0022489544
0.0022095372
0.0021697119
0.0021294756
0.0020888245
0.0020477466
0.0020062242
0.0019642398
0.0019217782
0.0018788231
0.0018353565
0.0017913592
0.0017468102
0.0017016851
0.0016559582
0.0016096024
0.0015625894
0.0015148898
0.0014664719
0.0014173029
0.0013673473
0.0013165668
0.0012649192
0.0012123622
0.0011588376
0.0011042707
0.0010486102
0.0009918992
0.00093432569
0.00087673027
0.00081982319
0.00076292546
0.0007045868
0.00064496098
0.00058513875
0.00052574801
0.00046680754
0.00040883383
0.00035168708
0.00029838272
0.00024433762
0.0001878616
3.7356862e-05
0.0043266576
0.0043136041
0.0042992409
0.0042831647
0.0042650791
0.0042449269
0.0042227223
0.0041984551
0.0041721085
0.004143696
0.0041132707
0.0040809172
0.0040467464
0.004010893
0.0039735141
0.0039347849
0.0038948925
0.0038540297
0.0038123885
0.003770154
0.0037274986
0.003684578
0.0036415279
0.0035984625
0.0035554747
0.0035126373
0.0034700044
0.0034276146
0.0033854929
0.0033436534
0.0033021017
0.0032608362
0.0032198506
0.0031791353
0.0031386795
0.003098473
0.0030585074
0.0030187773
0.0029792795
0.0029400122
0.0029009723
0.0028621534
0.0028235436
0.0027851241
0.0027468693
0.0027087473
0.0026707227
0.0026327584
0.0025948194
0.0025568762
0.0025189067
0.0024808951
0.002442826
0.002404675
0.0023663987
0.0023279324
0.0022891993
0.0022501305
0.0022106806
0.0021708292
0.0021305699
0.0020898967
0.0020487973
0.0020072541
0.0019652494
0.0019227676
0.0018797923
0.0018363051
0.0017922869
0.0017477165
0.0017025699
0.0016568214
0.0016104439
0.0015634095
0.0015156889
0.0014672504
0.0014180615
0.001368087
0.0013172888
0.0012656257
0.0012130554
0.0011595223
0.0011049578
0.0010493153
0.00099264205
0.00093513686
0.0008775646
0.00082057158
0.00076355887
0.00070520193
0.00064558892
0.00058573747
0.00052627024
0.00046722446
0.00040906709
0.00035169884
0.00029770165
0.00024286604
0.00018300292
4.0702526e-05
0.0042899024
0.0042773156
0.0042635059
0.0042481096
0.004230856
0.0042116875
0.0041906102
0.0041676072
0.0041426545
0.0041157543
0.0040869435
0.0040562874
0.0040238745
0.0039898157
0.0039542432
0.0039173069
0.0038791698
0.0038400027
0.0037999782
0.0037592658
0.0037180268
0.0036764097
0.0036345473
0.0035925548
0.003550529
0.0035085484
0.0034666752
0.003424956
0.0033834247
0.0033421039
0.0033010071
0.0032601406
0.0032195052
0.0031790975
0.0031389124
0.0030989441
0.0030591877
0.0030196402
0.0029802998
0.0029411654
0.0029022348
0.0028635023
0.0028249574
0.0027865835
0.0027483574
0.0027102505
0.0026722302
0.0026342625
0.0025963147
0.0025583584
0.002520371
0.0024823353
0.0024442339
0.0024060413
0.0023677162
0.0023291986
0.0022904179
0.0022513096
0.0022118287
0.0021719524
0.0021316712
0.0020909773
0.0020498575
0.0020082945
0.0019662705
0.0019237694
0.0018807745
0.0018372675
0.001793229
0.0017486378
0.00170347
0.0016577002
0.0016113015
0.001564246
0.0015165044
0.0014680456
0.0014188369
0.0013688435
0.001318028
0.0012663495
0.0012137662
0.0011602253
0.0011056634
0.0010500391
0.00099340338
0.0009359621
0.00087841088
0.00082133611
0.00076421127
0.00070583074
0.00064622729
0.00058634493
0.00052679819
0.00046764166
0.0004092939
0.00035168658
0.0002969866
0.00024131039
0.00017844839
4.3619384e-05
0.0042537346
0.0042415918
0.0042283063
0.0042135501
0.0041970753
0.0041788248
0.0041587981
0.0041369731
0.0041133202
0.0040878325
0.0040605334
0.0040314713
0.0040007157
0.0039683566
0.0039345037
0.0038992841
0.0038628388
0.0038253173
0.0037868741
0.0037476629
0.0037078329
0.0036675243
0.0036268655
0.0035859703
0.0035449375
0.0035038497
0.0034627749
0.0034217666
0.0033808661
0.0033401037
0.0032995003
0.0032590695
0.0032188185
0.0031787504
0.0031388652
0.0030991619
0.0030596391
0.0030202963
0.0029811334
0.0029421506
0.0029033465
0.0028647166
0.0028262519
0.0027879379
0.0027497539
0.0027116742
0.0026736694
0.0026357081
0.0025977598
0.0025597974
0.0025217984
0.0024837441
0.0024456157
0.0024073872
0.0023690189
0.0023304553
0.0022916313
0.0022524864
0.0022129765
0.0021730769
0.0021327754
0.002092062
0.0020509233
0.0020093416
0.0019672994
0.00192478
0.0018817664
0.0018382404
0.0017941823
0.0017495708
0.0017043825
0.0016585919
0.0016121723
0.001565096
0.0015173338
0.0014688549
0.0014196267
0.0013696148
0.001318782
0.0012670885
0.0012144927
0.0011609443
0.0011063855
0.0010507796
0.00099418093
0.00093679933
0.00087926703
0.0008221145
0.00076488046
0.00070647131
0.00064687385
0.00058695877
0.00052732946
0.00046805662
0.00040951159
0.00035164788
0.00029623771
0.00023967797
0.00017418213
4.613283e-05
0.0039569262
0.0040780717
0.0043016107
0.0045592766
0.0048573679
0.0052109485
0.0056346282
0.0061691798
0.0068807718
0.0080704292
0.0039569173
0.0040780527
0.0043015748
0.004559203
0.0048572013
0.0052105584
0.0056336008
0.0061652264
0.0068635229
0.0078830971
0.0039568995
0.0040780147
0.0043015015
0.0045590506
0.0048568575
0.005209743
0.0056314515
0.0061572468
0.0068304438
0.0076809734
0.0039568714
0.004077955
0.0043013854
0.0045588092
0.0048563156
0.0052084538
0.0056280472
0.0061452681
0.0067856184
0.0075060765
0.0039568317
0.0040778717
0.0043012227
0.0045584708
0.0048555573
0.0052066524
0.00562327
0.0061296944
0.006731651
0.0073500679
0.0039567794
0.0040777627
0.0043010091
0.0045580263
0.0048545635
0.0052042907
0.0056170728
0.0061106637
0.0066726107
0.0072060665
0.0039567133
0.0040776259
0.0043007397
0.004557466
0.0048533131
0.0052013244
0.0056094116
0.0060883783
0.006611033
0.0070707792
0.003956632
0.0040774587
0.0043004094
0.0045567795
0.0048517842
0.0051977126
0.0056002367
0.0060631708
0.0065473501
0.0069427958
0.0039565342
0.0040772584
0.0043000129
0.0045559557
0.0048499541
0.0051934128
0.0055895279
0.0060352541
0.0064820227
0.0068215131
0.0039564181
0.0040770223
0.0042995442
0.0045549831
0.0048477994
0.0051883852
0.0055772702
0.0060048345
0.0064155265
0.006706346
0.0039562823
0.0040767474
0.0042989971
0.0045538491
0.0048452959
0.0051825918
0.0055634576
0.0059721218
0.0063482655
0.0065967364
0.0039561249
0.0040764305
0.0042983651
0.0045525408
0.0048424186
0.0051759969
0.0055480942
0.005937321
0.0062805783
0.0064921962
0.003955944
0.004076068
0.004297641
0.0045510445
0.0048391425
0.0051685673
0.0055311933
0.0059006301
0.0062127515
0.006392299
0.0039557376
0.0040756564
0.0042968173
0.0045493458
0.0048354419
0.0051602725
0.0055127766
0.0058622401
0.0061450271
0.0062966675
0.0039555033
0.0040751918
0.004295886
0.0045474295
0.004831291
0.0051510852
0.0054928738
0.0058223345
0.0060776078
0.0062049671
0.0039552389
0.0040746699
0.0042948387
0.0045452801
0.0048266642
0.0051409817
0.0054715219
0.0057810888
0.0060106622
0.0061169002
0.0039549418
0.0040740862
0.0042936663
0.0045428811
0.0048215359
0.0051299416
0.0054487644
0.0057386701
0.0059443291
0.0060322014
0.0039546092
0.0040734362
0.0042923594
0.0045402156
0.0048158809
0.0051179482
0.0054246508
0.0056952369
0.0058787219
0.0059506338
0.0039542382
0.0040727146
0.004290908
0.0045372663
0.0048096745
0.0051049889
0.0053992359
0.0056509386
0.0058139321
0.0058719847
0.0039538257
0.0040719162
0.0042893016
0.0045340152
0.0048028927
0.0050910551
0.0053725789
0.0056059159
0.0057500324
0.0057960628
0.0039533683
0.0040710352
0.004287529
0.0045304439
0.0047955126
0.0050761423
0.0053447429
0.0055603005
0.0056870797
0.0057226954
0.0039528624
0.0040700656
0.0042855787
0.0045265337
0.0047875121
0.0050602499
0.0053157942
0.0055142149
0.0056251173
0.0056517259
0.003952304
0.004069001
0.0042834386
0.0045222654
0.0047788708
0.0050433817
0.0052858017
0.0054677732
0.005564177
0.0055830118
0.0039516892
0.0040678346
0.004281096
0.00451762
0.0047695694
0.0050255455
0.0052548361
0.0054210808
0.0055042811
0.0055164231
0.0039510136
0.0040665592
0.0042785377
0.004512578
0.0047595905
0.0050067531
0.0052229692
0.0053742345
0.0054454439
0.0054518406
0.0039502723
0.0040651673
0.00427575
0.0045071201
0.0047489184
0.0049870201
0.0051902738
0.0053273234
0.0053876726
0.0053891549
0.0039494604
0.0040636509
0.0042727188
0.0045012271
0.0047375396
0.004966366
0.0051568225
0.0052804287
0.0053309691
0.0053282651
0.0039485726
0.0040620016
0.0042694295
0.0044948797
0.0047254425
0.0049448137
0.0051226878
0.0052336241
0.0052753303
0.0052690778
0.0039476031
0.0040602105
0.004265867
0.0044880594
0.0047126178
0.0049223895
0.0050879412
0.0051869764
0.0052207491
0.0052115064
0.003946546
0.0040582685
0.0042620159
0.0044807478
0.0046990586
0.0048991228
0.0050526528
0.0051405455
0.005167215
0.0051554705
0.0039453947
0.0040561657
0.0042578604
0.0044729273
0.0046847606
0.0048750458
0.0050168914
0.0050943851
0.0051147149
0.005100895
0.0039441424
0.004053892
0.0042533844
0.0044645807
0.0046697217
0.0048501932
0.0049807234
0.005048543
0.0050632332
0.0050477098
0.0039427818
0.0040514368
0.0042485716
0.0044556921
0.0046539427
0.0048246021
0.004944213
0.0050030611
0.0050127523
0.0049958491
0.0039413053
0.0040487891
0.0042434056
0.0044462461
0.0046374267
0.0047983112
0.004907422
0.0049579763
0.0049632529
0.0049452511
0.0039397047
0.0040459375
0.0042378698
0.0044362286
0.0046201795
0.0047713611
0.0048704093
0.0049133203
0.0049147146
0.0048958576
0.0039379712
0.0040428699
0.0042319475
0.0044256269
0.0046022096
0.0047437935
0.0048332307
0.0048691204
0.0048671155
0.0048476137
0.0039360958
0.0040395742
0.0042256221
0.0044144293
0.0045835276
0.0047156512
0.004795939
0.0048253995
0.004820433
0.0048004673
0.0039340688
0.0040360376
0.0042188773
0.0044026257
0.0045641469
0.0046869773
0.004758584
0.0047821765
0.0047746437
0.0047543691
0.0039318799
0.004032247
0.0042116968
0.0043902077
0.0045440831
0.0046578155
0.0047212119
0.0047394665
0.0047297236
0.0047092724
0.0039295184
0.004028189
0.0042040648
0.0043771682
0.0045233539
0.0046282093
0.0046838658
0.0046972814
0.004685648
0.0046651326
0.003926973
0.0040238499
0.0041959657
0.0043635022
0.0045019792
0.0045982021
0.0046465853
0.0046556298
0.0046423924
0.0046219073
0.0039242318
0.0040192156
0.0041873847
0.0043492062
0.0044799806
0.0045678366
0.0046094069
0.0046145171
0.0045999315
0.0045795559
0.0039212823
0.004014272
0.0041783073
0.0043342788
0.0044573817
0.0045371545
0.0045723637
0.0045739465
0.0045582401
0.0045380398
0.0039181115
0.0040090045
0.0041687201
0.0043187204
0.0044342074
0.0045061968
0.0045354855
0.0045339186
0.0045172932
0.0044973219
0.0039147055
0.0040033985
0.00415861
0.0043025333
0.004410484
0.0044750029
0.0044987991
0.0044944316
0.0044770655
0.0044573668
0.0039110501
0.0039974392
0.0041479654
0.0042857219
0.0043862392
0.004443611
0.0044623283
0.0044554818
0.004437532
0.0044181408
0.0039071305
0.003991112
0.0041367753
0.0042682925
0.0043615011
0.0044120574
0.0044260939
0.0044170639
0.0043986678
0.0043796111
0.003902931
0.003984402
0.0041250299
0.0042502536
0.004336299
0.0043803767
0.0043901137
0.0043791709
0.0043604484
0.0043417466
0.0038984355
0.0039772947
0.0041127203
0.0042316154
0.0043106625
0.0043486017
0.0043544029
0.0043417939
0.0043228495
0.0043045181
0.0038936273
0.0039697758
0.0040998392
0.0042123903
0.0042846217
0.0043167635
0.0043189742
0.0043049228
0.0042858457
0.0042678946
0.0038882745
0.0039615017
0.0040858215
0.0041917681
0.0042571085
0.0042835667
0.0042823794
0.0042670374
0.0042479019
0.0042303522
0.0038817078
0.003951485
0.0040690649
0.0041674904
0.0042252347
0.0042456373
0.00424097
0.0042243945
0.0042052804
0.0041881945
0.0038731968
0.0039387246
0.004048062
0.0041375876
0.0041867069
0.0042005167
0.004192243
0.0041745055
0.0041555221
0.0041389896
0.0038620851
0.003922434
0.0040218209
0.004100939
0.0041404862
0.0041473538
0.0041355067
0.0041167604
0.0040980407
0.0040821499
0.0038474646
0.0039015849
0.0039892215
0.0040563554
0.004085565
0.0040854154
0.0040702238
0.0040507065
0.0040324047
0.0040172468
0.00382812
0.0038748843
0.0039490003
0.0040026397
0.0040210538
0.0040141628
0.0039960697
0.0039760919
0.0039583601
0.0039439993
0.0038024941
0.003840797
0.0038997379
0.0039386672
0.0039462794
0.0039333108
0.0039129538
0.0038928869
0.003875902
0.0038624269
0.0037686246
0.0037974945
0.0038399579
0.0038635582
0.003860935
0.003842915
0.0038210462
0.0038012058
0.0037850231
0.0037724141
0.0037241492
0.0037429372
0.0037683155
0.003776831
0.0037651321
0.0037433535
0.0037208677
0.003701747
0.003686617
0.0036749865
0.0036664229
0.0036750405
0.0036837697
0.0036784745
0.0036593748
0.0036350797
0.0036124371
0.003593975
0.0035797089
0.0035689357
0.0035928206
0.0035919567
0.0035857448
0.0035689149
0.0035446339
0.0035196409
0.0034981748
0.0034812153
0.0034682314
0.0034584466
0.003501218
0.0034925262
0.0034743627
0.003448892
0.003420918
0.0033951522
0.0033740274
0.0033578002
0.0033456933
0.0033367687
0.0033908079
0.0033765877
0.0033505089
0.003320773
0.0032932972
0.0032703703
0.0032521198
0.0032379645
0.0032272198
0.0032192209
0.003262849
0.0032458079
0.0032150673
0.0031813664
0.0031514925
0.0031276631
0.0031096475
0.0030963578
0.0030866477
0.0030795863
0.0031211719
0.0031046717
0.0030772545
0.0030504995
0.0030286684
0.003011244
0.0029972524
0.0029862215
0.0029778096
0.0029715649
0.0029727708
0.0029539634
0.0029203987
0.0028864235
0.0028599893
0.0028414639
0.0028283697
0.0028187907
0.0028117399
0.0028066149
0.0028306761
0.0028281151
0.0028191218
0.0028077712
0.0027956724
0.0027838379
0.0027733801
0.0027649421
0.0027584896
0.0027536556
0.0026850525
0.0026446561
0.0026011988
0.0025709821
0.0025511175
0.0025366742
0.0025257894
0.0025178228
0.002512128
0.0025080465
0.0042166477
0.0042049452
0.0041921774
0.0041780492
0.0041623343
0.0041449766
0.00412597
0.0041052886
0.0040828984
0.0040587847
0.0040329591
0.0040054555
0.003976326
0.0039456416
0.0039134913
0.003879981
0.0038452303
0.0038093686
0.0037725317
0.0037348575
0.0036964821
0.003657536
0.0036181414
0.0035784093
0.0035384381
0.0034983133
0.0034581069
0.0034178782
0.0033776749
0.0033375341
0.0032974839
0.0032575445
0.0032177299
0.003178049
0.0031385075
0.0030991089
0.0030598556
0.0030207499
0.0029817941
0.0029429896
0.0029043363
0.0028658312
0.0028274669
0.0027892311
0.0027511057
0.002713068
0.0026750915
0.0026371477
0.0025992085
0.0025612481
0.002523244
0.0024851769
0.0024470266
0.002408767
0.00237036
0.0023317543
0.00229289
0.0022537106
0.0022141731
0.0021742512
0.0021339302
0.0020931984
0.0020520415
0.002010442
0.001968382
0.0019258446
0.0018828127
0.0018392677
0.0017951901
0.0017505584
0.0017053493
0.0016595376
0.0016130968
0.0015659992
0.0015182159
0.0014697163
0.0014204681
0.001370437
0.0013195867
0.0012678777
0.0012152694
0.0011617139
0.0011071585
0.0010515718
0.00099501105
0.00093768721
0.00088017222
0.00082294254
0.00076559779
0.00070715383
0.00064755849
0.00058760725
0.00052788867
0.00046848871
0.00040973091
0.00035158245
0.00029542767
0.00023790964
0.00017002539
4.8369918e-05
0.0041749883
0.0041637613
0.0041515505
0.0041380944
0.0041231883
0.0041067774
0.0040888509
0.0040693795
0.004048326
0.0040256686
0.0040014082
0.0039755647
0.0039481736
0.0039192871
0.0038889739
0.0038573184
0.0038244182
0.0037903815
0.0037553242
0.0037193664
0.0036826291
0.0036452312
0.0036072862
0.0035688999
0.0035301687
0.0034911788
0.0034520049
0.003412711
0.0033733506
0.0033339672
0.0032945958
0.0032552636
0.0032159913
0.0031767944
0.0031376845
0.0030986701
0.0030597582
0.0030209543
0.0029822634
0.0029436891
0.0029052329
0.0028668936
0.002828666
0.00279054
0.0027525008
0.0027145288
0.0026766007
0.0026386915
0.0026007754
0.0025628282
0.0025248282
0.0024867553
0.0024485886
0.0024103018
0.0023718589
0.0023332127
0.002294309
0.0022550952
0.0022155298
0.0021755853
0.0021352447
0.0020944942
0.0020533188
0.0020117009
0.0019696225
0.0019270663
0.0018840149
0.0018404497
0.0017963509
0.0017516972
0.0017064654
0.0016606304
0.0016141661
0.0015670449
0.0015192382
0.0014707154
0.0014214448
0.0013713924
0.0013205224
0.0012687963
0.0012161742
0.0011626113
0.0011080603
0.0010524955
0.00099597696
0.00093871372
0.00088121537
0.00082390193
0.00076643459
0.00070794517
0.0006483469
0.00058835163
0.00052852712
0.00046897457
0.00040996476
0.00035146993
0.00029446237
0.0002358156
0.00016556737
5.0510883e-05
0.0041263457
0.004115647
0.0041040533
0.0040913376
0.0040773171
0.0040619384
0.004045187
0.0040270313
0.0040074314
0.0039863598
0.0039638074
0.0039397808
0.0039143
0.0038873986
0.0038591249
0.0038295413
0.0037987229
0.0037667552
0.0037337325
0.0036997547
0.0036649253
0.0036293484
0.003593126
0.0035563557
0.0035191292
0.0034815305
0.0034436355
0.0034055108
0.0033672145
0.003328796
0.0032902967
0.0032517508
0.003213186
0.0031746246
0.0031360847
0.0030975806
0.0030591244
0.0030207257
0.002982393
0.0029441325
0.0029059483
0.0028678417
0.00282981
0.0027918461
0.0027539387
0.0027160719
0.0026782264
0.0026403806
0.0026025118
0.0025645981
0.0025266184
0.0024885528
0.00245038
0.002412074
0.0023736011
0.0023349187
0.002295978
0.0022567313
0.002217139
0.0021771727
0.0021368129
0.0020960442
0.0020548505
0.0020132141
0.0019711168
0.001928541
0.0018854689
0.0018418818
0.0017977599
0.0017530818
0.0017078244
0.0016619632
0.0016154721
0.0015683239
0.0015204901
0.0014719407
0.001422644
0.0013725669
0.0013216742
0.0012699283
0.0012172909
0.0011637202
0.0011091748
0.0010536359
0.00099716553
0.00093996699
0.00088248388
0.00082507632
0.00076746843
0.00070891729
0.00064930717
0.00058925491
0.00052929838
0.00046955326
0.00041023028
0.00035129461
0.00029327139
0.00023326815
0.00016061161
5.2556978e-05
0.0040701255
0.0040600042
0.0040490818
0.0040371651
0.0040240929
0.0040098144
0.003994312
0.0039775531
0.0039594967
0.0039401106
0.0039193775
0.0038972926
0.0038738613
0.0038491004
0.0038230389
0.003795718
0.0037671902
0.0037375182
0.0037067734
0.0036750344
0.0036423847
0.0036089109
0.0035747002
0.0035398391
0.0035044107
0.0034684941
0.0034321628
0.0033954838
0.0033585174
0.0033213173
0.00328393
0.0032463958
0.0032087492
0.0031710191
0.0031332302
0.003095403
0.003057555
0.003019701
0.0029818533
0.0029440219
0.0029062142
0.0028684344
0.0028306832
0.0027929573
0.0027552491
0.0027175471
0.0026798364
0.0026420994
0.0026043171
0.0025664701
0.002528539
0.0024905045
0.0024523455
0.0024140372
0.0023755485
0.0023368414
0.0022978729
0.0022586004
0.0022189866
0.0021790028
0.002138628
0.0020978446
0.0020566356
0.002014983
0.0019728685
0.0019302742
0.0018871818
0.0018435728
0.0017994269
0.0017547232
0.0017094387
0.001663549
0.0016170286
0.0015698505
0.0015219866
0.0014734073
0.0014240816
0.0013739768
0.0013230586
0.0012712909
0.0012186369
0.0011650587
0.0011105212
0.0010550125
0.00099859618
0.00094146469
0.0008839939
0.00082648266
0.00076871659
0.00071008326
0.00065044692
0.00059032031
0.0005301995
0.00047021167
0.00041050062
0.00035100788
0.00029179239
0.00023021105
0.00015522065
5.4314905e-05
0.0040058993
0.0039963992
0.003986193
0.0039751202
0.0039630411
0.003949908
0.0039357016
0.0039203897
0.0039039312
0.0038862915
0.003867447
0.0038473834
0.0038260945
0.0038035824
0.0037798591
0.0037549464
0.0037288758
0.0037016881
0.0036734323
0.0036441648
0.0036139479
0.0035828488
0.0035509375
0.0035182854
0.0034849642
0.0034510438
0.0034165916
0.0033816716
0.0033463432
0.0033106611
0.0032746749
0.0032384293
0.0032019636
0.0031653129
0.0031285075
0.0030915741
0.0030545358
0.0030174126
0.0029802215
0.0029429769
0.00290569
0.0028683691
0.0028310188
0.0027936399
0.0027562295
0.0027187808
0.0026812838
0.0026437256
0.0026060912
0.0025683646
0.0025305289
0.002492566
0.0024544564
0.0024161768
0.0023776993
0.0023389908
0.0023000142
0.002260732
0.00222111
0.0021811201
0.0021407398
0.0020999503
0.0020587334
0.0020170711
0.0019749447
0.0019323361
0.0018892269
0.0018455981
0.0018014299
0.0017567011
0.0017113893
0.0016654703
0.0016189192
0.0015717092
0.0015238129
0.0014752011
0.0014258436
0.0013757084
0.0013247624
0.0012729712
0.0012203
0.0011667149
0.0011121876
0.0010567132
0.0010003553
0.00094328998
0.00088582588
0.00082820188
0.00077026053
0.00071151933
0.00065183421
0.00059160877
0.00053128321
0.00047098958
0.00041079912
0.00035060969
0.00029002389
0.00022666913
0.00014955285
5.5600425e-05
0.0039333595
0.0039245067
0.0039150436
0.0039048375
0.003893769
0.0038817944
0.0038688945
0.0038550383
0.0038401863
0.0038243032
0.0038073615
0.0037893406
0.0037702252
0.003750006
0.003728681
0.003706256
0.0036827442
0.0036581667
0.0036325518
0.0036059346
0.0035783566
0.0035498645
0.0035205093
0.0034903455
0.0034594294
0.0034278186
0.0033955705
0.0033627416
0.0033293863
0.0032955569
0.0032613024
0.0032266684
0.0031916972
0.0031564271
0.0031208931
0.0030851264
0.0030491553
0.0030130046
0.0029766962
0.0029402489
0.0029036784
0.0028669975
0.0028302152
0.0027933372
0.0027563655
0.0027192987
0.0026821319
0.0026448574
0.0026074651
0.0025699429
0.0025322771
0.0024944524
0.0024564514
0.0024182537
0.0023798351
0.0023411675
0.0023022197
0.0022629593
0.0022233561
0.0021833833
0.0021430181
0.0021022406
0.0020610322
0.0020193744
0.0019772487
0.0019346368
0.0018915201
0.0018478796
0.0018036956
0.0017589472
0.0017136121
0.0016676671
0.0016210873
0.0015738469
0.0015259189
0.001477275
0.0014278856
0.00137772
0.0013267464
0.0012749322
0.0012222455
0.0011686565
0.0011141435
0.0010587081
0.0010024119
0.00094540921
0.00088794432
0.00083020038
0.0007720693
0.00071319092
0.00065342547
0.00059306843
0.00053248902
0.00047181332
0.00041103588
0.00034999279
0.00028786904
0.00022264628
0.00014370086
5.6138264e-05
0.0038525401
0.0038443565
0.0038356506
0.0038263182
0.0038162584
0.0038054318
0.0037938194
0.0037813929
0.0037681159
0.003753954
0.0037388784
0.0037228647
0.0037058919
0.003687943
0.0036690059
0.0036490738
0.0036281458
0.0036062267
0.0035833272
0.0035594639
0.0035346588
0.0035089392
0.0034823373
0.0034548891
0.0034266342
0.0033976149
0.0033678751
0.00333746
0.0033064152
0.0032747858
0.0032426161
0.0032099487
0.0031768247
0.0031432828
0.0031093593
0.0030750881
0.0030405002
0.0030056243
0.0029704859
0.002935108
0.0028995107
0.0028637108
0.0028277224
0.0027915559
0.0027552187
0.0027187146
0.0026820445
0.002645206
0.0026081944
0.0025710022
0.0025336201
0.0024960365
0.0024582374
0.0024202061
0.002381923
0.0023433652
0.0023045072
0.0022653223
0.0022257844
0.0021858691
0.0021455546
0.0021048208
0.0020636489
0.0020220207
0.0019799178
0.0019373219
0.0018942146
0.001850577
0.0018063897
0.0017616321
0.0017162826
0.0016703185
0.0016237157
0.0015764492
0.0015284928
0.0014798191
0.0014303996
0.0013802049
0.001329205
0.0012773695
0.0012246695
0.0011710798
0.0011165845
0.0010611905
0.0010049544
0.00094800486
0.000890527
0.00083265484
0.00077431982
0.0007152693
0.0006553786
0.00059484315
0.00053394776
0.00047279729
0.00041130807
0.00034924361
0.00028544621
0.0002183724
0.00013793666
5.5922928e-05
0.0037632654
0.0037557515
0.0037477984
0.0037393195
0.0037302333
0.0037205072
0.0037101242
0.0036990586
0.0036872775
0.0036747492
0.0036614456
0.0036473413
0.0036324126
0.003616638
0.0035999991
0.0035824812
0.003564073
0.0035447676
0.0035245622
0.0035034584
0.0034814622
0.0034585841
0.003434839
0.0034102457
0.0033848267
0.0033586079
0.0033316183
0.0033038889
0.003275453
0.0032463447
0.0032165995
0.0031862528
0.00315534
0.003123896
0.0030919545
0.0030595483
0.0030267084
0.0029934644
0.0029598434
0.0029258709
0.0028915697
0.0028569604
0.0028220606
0.0027868853
0.0027514466
0.0027157537
0.0026798126
0.0026436267
0.0026071965
0.00257052
0.0025335926
0.0024964075
0.0024589552
0.0024212238
0.0023831987
0.0023448626
0.0023061959
0.0022671776
0.0022277864
0.0021880012
0.0021478022
0.0021071706
0.0020660883
0.0020245376
0.0019825007
0.0019399599
0.0018968973
0.0018532945
0.0018091324
0.0017643913
0.0017190504
0.0016730876
0.00162648
0.0015792035
0.0015312331
0.0014825424
0.0014331045
0.0013828915
0.0013318754
0.0012800285
0.0012273252
0.0011737444
0.0011192753
0.0010639277
0.0010077506
0.00095084431
0.00089334215
0.00083533708
0.00077678908
0.00071753211
0.00065746294
0.00059669108
0.00053540853
0.00047368138
0.00041135026
0.00034810764
0.00028256864
0.0002137309
0.00013223164
5.4776923e-05
0.0036666039
0.003659744
0.0036525174
0.0036448599
0.0036367028
0.0036280165
0.0036187859
0.0036089893
0.0035985985
0.0035875854
0.0035759237
0.0035635891
0.0035505576
0.0035368065
0.0035223145
0.0035070624
0.0034910331
0.0034742122
0.0034565877
0.0034381509
0.0034188959
0.0033988203
0.0033779249
0.0033562141
0.0033336952
0.0033103791
0.0032862795
0.003261413
0.0032357987
0.003209458
0.0031824142
0.0031546921
0.0031263177
0.0030973178
0.0030677196
0.0030375505
0.0030068377
0.0029756076
0.002943886
0.0029116975
0.0028790654
0.0028460112
0.0028125546
0.0027787134
0.0027445029
0.0027099363
0.0026750241
0.0026397744
0.0026041928
0.0025682825
0.0025320441
0.0024954758
0.0024585735
0.0024213303
0.0023837374
0.0023457832
0.0023074543
0.0022687355
0.0022296107
0.0021900631
0.0021500761
0.0021096334
0.0020687185
0.0020273154
0.0019854076
0.0019429786
0.0019000115
0.0018564888
0.0018123926
0.0017677042
0.0017224037
0.0016764705
0.0016298829
0.0015826182
0.0015346526
0.0014859616
0.0014365197
0.0013863012
0.0013352803
0.0012834321
0.0012307342
0.0011771694
0.0011227301
0.0010674264
0.001011297
0.00095441423
0.00089686765
0.00083871732
0.00077994082
0.00072043457
0.00066011672
0.0005990285
0.00053726875
0.00047484951
0.00041154383
0.00034699225
0.00027971733
0.00020927423
0.00012717592
5.3247473e-05
0.0035612778
0.0035550672
0.003548547
0.0035416639
0.0035343696
0.0035266432
0.0035184708
0.0035098331
0.0035007062
0.003491066
0.0034808898
0.0034701553
0.0034588401
0.0034469222
0.0034343802
0.0034211935
0.0034073427
0.0033928096
0.0033775773
0.0033616309
0.0033449572
0.003327545
0.0033093855
0.0032904721
0.0032708008
0.0032503698
0.0032291803
0.0032072356
0.0031845416
0.0031611067
0.0031369412
0.0031120579
0.0030864709
0.0030601964
0.0030332517
0.0030056554
0.0029774268
0.0029485858
0.0029191526
0.0028891475
0.0028585901
0.0028275001
0.0027958957
0.0027637944
0.0027312125
0.0026981644
0.0026646631
0.0026307198
0.0025963435
0.0025615414
0.0025263185
0.0024906778
0.0024546199
0.0024181436
0.0023812451
0.0023439189
0.0023061573
0.0022679511
0.0022292895
0.002190161
0.0021505529
0.0021104525
0.0020698464
0.0020287209
0.001987062
0.0019448551
0.0019020851
0.0018587364
0.0018147925
0.0017702364
0.0017250498
0.001679214
0.0016327088
0.0015855133
0.0015376056
0.0014889632
0.0014395627
0.0013893806
0.0013383936
0.0012865799
0.0012339198
0.0011803989
0.0011260111
0.001070764
0.0010146842
0.00095781854
0.00090022111
0.00084192613
0.00078291885
0.00072313422
0.00066250598
0.00060102445
0.00053870444
0.000475497
0.00041112326
0.00034520641
0.00027630849
0.00020450544
0.00012225798
5.1001499e-05
0.0034515023
0.0034458775
0.0034399999
0.0034338312
0.0034273271
0.0034204676
0.0034132421
0.0034056355
0.0033976285
0.0033892006
0.0033803324
0.0033710043
0.0033611969
0.0033508901
0.003340064
0.0033286987
0.003316775
0.0033042738
0.0032911766
0.0032774658
0.0032631246
0.0032481371
0.0032324889
0.0032161667
0.0031991588
0.0031814552
0.0031630474
0.0031439288
0.0031240948
0.0031035425
0.003082271
0.0030602813
0.0030375762
0.0030141604
0.0029900402
0.0029652235
0.0029397195
0.0029135387
0.0028866928
0.0028591942
0.0028310558
0.0028022912
0.0027729139
0.0027429376
0.0027123754
0.0026812401
0.0026495437
0.0026172974
0.0025845111
0.0025511935
0.002517352
0.0024829925
0.0024481192
0.0024127347
0.0023768399
0.0023404341
0.002303515
0.0022660784
0.0022281191
0.0021896304
0.0021506049
0.0021110338
0.0020709079
0.0020302172
0.0019889507
0.0019470971
0.001904644
0.0018615783
0.0018178861
0.0017735526
0.001728562
0.0016828976
0.0016365417
0.0015894757
0.0015416798
0.0014931339
0.0014438172
0.0013937085
0.0013427874
0.0012910342
0.001238432
0.0011849676
0.0011306346
0.0010754356
0.0010193849
0.00096250724
0.00090482933
0.00084636461
0.00078709788
0.00072698238
0.00066595857
0.00060398059
0.00054099662
0.00047690291
0.00041139212
0.000344113
0.00027376675
0.00020088694
0.00011879951
4.9422742e-05
0.0033305292
0.0033255191
0.0033202881
0.0033148055
0.0033090467
0.0033029999
0.0032966545
0.0032899968
0.0032830106
0.0032756798
0.0032679884
0.0032599199
0.0032514575
0.0032425839
0.0032332815
0.0032235326
0.0032133193
0.0032026235
0.0031914273
0.003179713
0.0031674627
0.0031546594
0.003141286
0.0031273263
0.0031127647
0.0030975862
0.003081777
0.0030653241
0.0030482155
0.0030304408
0.0030119904
0.0029928564
0.0029730322
0.0029525125
0.0029312935
0.0029093731
0.0028867501
0.0028634251
0.0028393998
0.0028146771
0.002789261
0.0027631566
0.0027363696
0.0027089066
0.0026807744
0.0026519806
0.0026225325
0.0025924376
0.0025617032
0.0025303362
0.0024983429
0.0024657291
0.0024324998
0.002398659
0.0023642097
0.0023291539
0.0022934926
0.0022572256
0.0022203515
0.0021828681
0.002144772
0.002106059
0.002066724
0.002026761
0.001986163
0.0019449223
0.0019030304
0.0018604774
0.0018172529
0.0017733451
0.0017287415
0.0016834282
0.0016373905
0.0015906126
0.0015430778
0.0014947686
0.001445667
0.0013957547
0.0013450134
0.0012934261
0.0012409771
0.0011876537
0.0011334472
0.0010783543
0.0010223778
0.00096552433
0.00090779977
0.00084920057
0.00078970533
0.00072927121
0.00066783759
0.00060533424
0.00054166517
0.00047669067
0.00041010355
0.00034161482
0.00027011826
0.00019649632
0.0001148411
4.7070074e-05
0.0032136108
0.0032090952
0.0032044003
0.0031995057
0.0031943845
0.003189023
0.0031834138
0.003177547
0.00317141
0.0031649891
0.0031582711
0.0031512422
0.0031438886
0.0031361957
0.0031281483
0.0031197311
0.0031109284
0.0031017241
0.0030921019
0.0030820452
0.0030715372
0.0030605612
0.0030491001
0.0030371371
0.0030246554
0.0030116382
0.0029980694
0.0029839327
0.0029692126
0.002953894
0.0029379624
0.0029214041
0.0029042059
0.0028863558
0.0028678424
0.0028486554
0.0028287855
0.0028082245
0.0027869651
0.0027650012
0.0027423277
0.0027189407
0.0026948371
0.0026700148
0.0026444725
0.00261821
0.0025912274
0.0025635256
0.0025351062
0.0025059707
0.0024761212
0.00244556
0.0024142892
0.0023823111
0.0023496279
0.0023162413
0.0022821532
0.0022473649
0.0022118772
0.0021756905
0.0021388047
0.0021012189
0.0020629317
0.0020239409
0.0019842432
0.0019438345
0.0019027097
0.0018608625
0.0018182857
0.001774971
0.0017309089
0.0016860888
0.001640499
0.0015941268
0.0015469583
0.001498979
0.0014501735
0.001400526
0.0013500206
0.0012986417
0.0012463743
0.0011932051
0.0011391224
0.001084117
0.0010281813
0.00097130852
0.00091348869
0.00085470447
0.00079492586
0.00073410647
0.00067218117
0.00060906611
0.00054464445
0.00047876604
0.0004111498
0.00034159324
0.00026917994
0.00019506275
0.00011374261
4.6702045e-05
0.0030746995
0.0030708048
0.0030667517
0.0030625188
0.0030580959
0.0030534777
0.0030486565
0.0030436223
0.0030383646
0.0030328726
0.0030271357
0.0030211428
0.0030148819
0.0030083409
0.0030015071
0.0029943675
0.0029869086
0.0029791164
0.0029709766
0.0029624745
0.002953595
0.0029443226
0.0029346416
0.0029245359
0.0029139892
0.0029029849
0.0028915063
0.0028795366
0.002867059
0.0028540565
0.0028405124
0.0028264101
0.0028117331
0.0027964652
0.0027805906
0.0027640938
0.0027469599
0.0027291745
0.0027107236
0.0026915941
0.0026717735
0.0026512498
0.0026300122
0.0026080503
0.0025853545
0.0025619162
0.0025377273
0.0025127806
0.0024870696
0.0024605885
0.0024333321
0.0024052958
0.0023764757
0.0023468685
0.0023164717
0.0022852831
0.0022533012
0.0022205248
0.0021869537
0.0021525883
0.0021174294
0.0020814782
0.0020447357
0.0020072033
0.0019688817
0.0019297704
0.0018898677
0.0018491709
0.0018076759
0.0017653774
0.0017222693
0.0016783437
0.001633592
0.0015880042
0.001541569
0.0014942745
0.0014461073
0.0013970537
0.0013470992
0.0012962288
0.0012444277
0.0011916808
0.0011379733
0.0010832901
0.0010276158
0.00097093302
0.00091322037
0.00085444996
0.00079458376
0.00073357037
0.00067134138
0.00060780939
0.00054285632
0.00047634306
0.00040803084
0.00033779988
0.00026489972
0.00019064961
0.00011007709
4.4451775e-05
0.0029671934
0.0029636709
0.002960016
0.0029562206
0.002952265
0.002948138
0.0029438342
0.0029393475
0.0029346696
0.0029297914
0.0029247035
0.0029193966
0.002913861
0.0029080863
0.002902062
0.0028957769
0.0028892196
0.002882378
0.0028752399
0.0028677924
0.0028600222
0.0028519156
0.0028434585
0.0028346365
0.0028254346
0.0028158375
0.0028058295
0.0027953947
0.0027845163
0.0027731774
0.0027613608
0.0027490493
0.0027362251
0.0027228706
0.002708968
0.0026944996
0.0026794474
0.0026637937
0.0026475208
0.0026306114
0.002613048
0.0025948138
0.002575892
0.0025562665
0.0025359214
0.0025148413
0.0024930114
0.0024704174
0.0024470455
0.0024228826
0.0023979161
0.0023721336
0.0023455205
0.0023180668
0.002289774
0.0022606387
0.0022306553
0.0021998193
0.0021681285
0.0021355822
0.0021021801
0.0020679222
0.0020328085
0.0019968382
0.0019600092
0.0019223187
0.0018837643
0.0018443435
0.0018040527
0.001762887
0.0017208405
0.0016779064
0.001634077
0.0015893435
0.0015436961
0.001497124
0.0014496156
0.001401158
0.0013517377
0.0013013402
0.0012499502
0.0011975514
0.0011441266
0.0010896571
0.0010341221
0.00097749806
0.00091975702
0.00086086501
0.00080077968
0.00073944802
0.00067680324
0.0006127636
0.00054722314
0.00048006697
0.00041110017
0.00034027219
0.00026691558
0.0001924157
0.00011166259
4.5529885e-05
0.0028030876
0.0028002908
0.0027973779
0.0027943292
0.0027911437
0.0027878209
0.0027843551
0.0027807382
0.0027769626
0.0027730211
0.0027689065
0.0027646108
0.0027601255
0.002755442
0.0027505511
0.0027454435
0.0027401091
0.0027345376
0.0027287183
0.00272264
0.0027162909
0.0027096591
0.0027027317
0.0026954958
0.0026879378
0.0026800435
0.0026717984
0.0026631875
0.002654195
0.002644805
0.0026350008
0.0026247654
0.0026140813
0.0026029306
0.0025912948
0.0025791551
0.0025664923
0.0025532867
0.0025395184
0.0025251671
0.0025102123
0.0024946329
0.0024784078
0.0024615157
0.0024439348
0.0024256432
0.0024066188
0.002386839
0.0023662811
0.0023449218
0.0023227374
0.0022997033
0.0022757932
0.0022509756
0.0022252219
0.0021985192
0.0021708582
0.0021422417
0.0021126806
0.0020821877
0.0020507788
0.0020184768
0.0019853152
0.0019513263
0.0019165035
0.0018808242
0.0018442715
0.0018068349
0.0017685039
0.0017292667
0.0016891102
0.0016480216
0.001605988
0.0015629958
0.0015190309
0.001474079
0.0014281249
0.0013811529
0.0013331464
0.0012840883
0.0012339603
0.0011827429
0.0011304156
0.0010769556
0.0010223384
0.00096653617
0.00090951728
0.00085124503
0.00079167634
0.00073076037
0.00066843649
0.00060463434
0.00053926692
0.00047224856
0.00040343209
0.00033283133
0.00025990663
0.00018615013
0.00010699466
4.2979377e-05
0.0027502134
0.0027474041
0.0027444953
0.002741487
0.0027383587
0.0027350969
0.0027316983
0.0027281599
0.0027244757
0.0027206385
0.0027166409
0.0027124759
0.0027081358
0.0027036128
0.0026988984
0.002693984
0.0026888604
0.002683518
0.0026779467
0.0026721362
0.0026660755
0.0026597531
0.0026531573
0.0026462756
0.002639095
0.0026316022
0.0026237831
0.0026156234
0.0026071082
0.0025982221
0.0025889491
0.0025792727
0.0025691758
0.0025586409
0.0025476497
0.0025361837
0.0025242236
0.0025117498
0.0024987423
0.0024851805
0.0024710435
0.0024563102
0.002440959
0.0024249681
0.0024083158
0.00239098
0.0023729387
0.00235417
0.0023346523
0.0023143641
0.0022932843
0.0022713928
0.0022486725
0.0022251027
0.0022006557
0.0021753135
0.0021490634
0.0021218968
0.0020938072
0.0020647902
0.0020348444
0.0020039724
0.0019721818
0.0019394836
0.0019058846
0.001871398
0.0018360414
0.0017997987
0.0017626413
0.0017245468
0.0016854986
0.0016454804
0.0016044744
0.0015624624
0.0015194259
0.001475347
0.0014302074
0.0013839882
0.0013366704
0.0012882343
0.0012386595
0.0011879245
0.0011360069
0.0010828824
0.0010285251
0.00097290648
0.00091599491
0.00085775504
0.00079814678
0.00073712447
0.00067463526
0.0006106194
0.00054500306
0.00047771545
0.00040862097
0.0003377375
0.00026448371
0.00019028116
0.00011017747
4.4707908e-05
0.0025052136
0.002502947
0.0025005837
0.002498114
0.0024955391
0.0024928571
0.0024900631
0.002487151
0.0024841155
0.002480951
0.0024776519
0.0024742121
0.0024706251
0.0024668842
0.0024629823
0.002458912
0.0024546656
0.0024502349
0.0024456116
0.0024407866
0.0024357508
0.0024304945
0.0024250076
0.0024192796
0.0024132996
0.0024070563
0.0024005377
0.0023937317
0.0023866254
0.0023792059
0.0023714593
0.0023633717
0.0023549284
0.0023461146
0.0023369149
0.0023273134
0.0023172941
0.0023068403
0.0022959354
0.0022845621
0.0022727033
0.0022603413
0.0022474585
0.0022340375
0.0022200606
0.0022055103
0.0021903698
0.0021746221
0.0021582512
0.0021412417
0.002123579
0.0021052499
0.0020862425
0.0020665507
0.0020461679
0.0020250748
0.0020032491
0.00198066
0.0019572716
0.0019330492
0.0019079574
0.0018819588
0.0018550107
0.0018270764
0.0017981557
0.0017682709
0.0017374416
0.0017056452
0.0016728463
0.0016390175
0.0016041385
0.0015681889
0.0015311463
0.001492988
0.0014536914
0.0014132345
0.0013715952
0.0013287512
0.0012846803
0.0012393596
0.0011927665
0.0011448774
0.0010956685
0.0010451151
0.00099319139
0.00093987065
0.00088512461
0.00082892344
0.00077123548
0.00071202726
0.00065126307
0.00058890676
0.00052491705
0.00045926664
0.00039188312
0.00032286151
0.00025176985
0.00018011419
0.00010350917
4.1592926e-05
)
;

boundaryField
{
    inlet
    {
        type            zeroGradient;
    }
    top
    {
        type            zeroGradient;
    }
    outlet
    {
        type            fixedValue;
        value           uniform 0;
    }
    slipsurface
    {
        type            slip;
    }
    bottom
    {
        type            zeroGradient;
    }
    frontandback
    {
        type            empty;
    }
}


// ************************************************************************* //
