/*--------------------------------*- C++ -*----------------------------------*\
  =========                 |
  \\      /  F ield         | OpenFOAM: The Open Source CFD Toolbox
   \\    /   O peration     | Website:  https://openfoam.org
    \\  /    A nd           | Version:  12
     \\/     M anipulation  |
\*---------------------------------------------------------------------------*/
FoamFile
{
    format      ascii;
    class       volScalarField;
    location    "1600";
    object      p;
}
// * * * * * * * * * * * * * * * * * * * * * * * * * * * * * * * * * * * * * //

dimensions      [0 2 -2 0 0 0 0];

internalField   nonuniform List<scalar> 
7480
(
0.008717093
0.0081282874
0.0070201786
0.0064119874
0.0061121892
0.0058667357
0.0056062654
0.0053526928
0.0051126045
0.0048747051
0.0046318809
0.0043832005
0.004139649
0.0039209886
0.0037507274
0.0036395612
0.0035849294
0.0035524101
0.0035288693
0.0035125567
0.0035034189
0.0034937085
0.0034813024
0.0034551456
0.0034163133
0.003373414
0.0033306154
0.0032903379
0.0032499326
0.003210056
0.0031716304
0.0031346456
0.0030996679
0.0030647161
0.0030264276
0.0029853174
0.0029431482
0.0029014807
0.0028616667
0.0028235682
0.0027865071
0.0027504782
0.0027155357
0.0026816223
0.0026483374
0.00261509
0.0025814261
0.002547679
0.0025139464
0.0024789039
0.0024411579
0.0024032506
0.0023676282
0.0023346274
0.0023020477
0.002268487
0.0022331583
0.0021953647
0.0021561892
0.0021170061
0.0020777917
0.0020380849
0.0019979616
0.0019574749
0.0019163978
0.0018747556
0.001832685
0.0017901094
0.0017469946
0.0017034
0.0016592035
0.0016143629
0.0015689366
0.0015228051
0.0014759759
0.0014284599
0.0013801188
0.0013309906
0.001281045
0.0012301029
0.0011783747
0.0011255256
0.0010712374
0.0010158435
0.00095826812
0.00089060826
0.00081686436
0.00076201271
0.00070787035
0.0006501596
0.00059209494
0.00053549614
0.00048021607
0.00042550765
0.00037321245
0.00032032158
0.00028390905
0.00022600694
0.00038489856
-0.00027975385
0.0082807168
0.0076994621
0.0068348813
0.0063081385
0.0060393366
0.0058145089
0.0055723208
0.0053354436
0.0051150054
0.0049027119
0.0046925021
0.0044829025
0.0042821226
0.0041015885
0.0039516138
0.0038379696
0.0037547647
0.0036996689
0.0036591937
0.0036255586
0.0035933229
0.003560137
0.0035209291
0.0034757568
0.0034287696
0.0033816882
0.0033376382
0.0032969323
0.0032569978
0.0032178693
0.0031800409
0.0031434038
0.0031081529
0.00307248
0.0030337975
0.0029927346
0.0029508632
0.0029095467
0.0028699435
0.0028318141
0.002794514
0.0027581349
0.0027227959
0.0026884805
0.0026547134
0.0026209033
0.002586693
0.0025522346
0.002517643
0.0024818038
0.002444363
0.0024072593
0.0023724435
0.0023394173
0.0023063177
0.0022722263
0.0022365501
0.0021985875
0.0021593191
0.0021200457
0.0020807395
0.0020409446
0.002000739
0.0019601726
0.0019190147
0.0018772915
0.0018351388
0.001792478
0.0017492761
0.0017055946
0.0016613125
0.0016163881
0.00157088
0.0015246687
0.0014777621
0.0014301708
0.0013817585
0.0013325647
0.0012825575
0.0012315567
0.0011797723
0.0011268688
0.0010725256
0.0010170679
0.00095925009
0.00089012448
0.00081948554
0.00076662928
0.00071216245
0.00065347828
0.00059474312
0.00053765691
0.00048199133
0.00042699076
0.00037449238
0.00032145236
0.00028492701
0.00022701743
0.00038595489
-0.00027898676
0.0079896937
0.0075790544
0.0069020145
0.0063869618
0.0060969392
0.0058590964
0.0056106641
0.0053669425
0.0051393349
0.0049197066
0.0047017443
0.0044826415
0.0042705246
0.0040762897
0.003911865
0.0037860207
0.0036995011
0.0036490983
0.0036196392
0.0035974845
0.0035744869
0.0035484969
0.0035177674
0.0034843172
0.0034478433
0.0034081392
0.0033670644
0.0033253781
0.0032835032
0.0032418033
0.0032008095
0.0031605656
0.0031217104
0.0030833857
0.00304333
0.0030016553
0.0029595212
0.0029181087
0.0028784739
0.0028402878
0.0028028547
0.0027662838
0.0027307054
0.0026961242
0.0026619688
0.0026276519
0.0025929434
0.0025580501
0.0025229975
0.0024868446
0.0024494256
0.0024121704
0.0023769796
0.0023434939
0.0023100583
0.0022757856
0.0022400187
0.002202029
0.0021627395
0.0021234134
0.0020840251
0.002044131
0.0020038215
0.0019631502
0.0019218885
0.0018800676
0.0018378217
0.0017950679
0.0017517736
0.0017080016
0.0016636313
0.0016186215
0.0015730309
0.0015267396
0.0014797558
0.0014320901
0.001383605
0.0013343399
0.0012842633
0.0012331957
0.0011813478
0.0011283833
0.0010739834
0.0010184832
0.00096052665
0.00089094511
0.0008237227
0.00077107955
0.00071614504
0.00065693325
0.00059775197
0.00054024381
0.00048420028
0.00042889473
0.00037615859
0.00032291336
0.00028623123
0.00022831959
0.00038717183
-0.00027802624
0.0077640114
0.0074468279
0.0068507652
0.0063462849
0.0060458366
0.0058103981
0.0055700547
0.0053330282
0.0051112214
0.0048983685
0.0046882934
0.004478584
0.0042771235
0.0040939907
0.0039401105
0.0038228218
0.00374197
0.0036917813
0.0036580316
0.0036282453
0.0035971285
0.0035640851
0.0035283614
0.0034909836
0.0034510606
0.0034093333
0.0033668524
0.0033243077
0.0032834527
0.0032441102
0.00320605
0.0031689457
0.0031321112
0.0030944155
0.0030546605
0.0030128407
0.0029699942
0.002927466
0.0028866943
0.002847663
0.0028096935
0.0027727542
0.0027368896
0.0027021338
0.0026678523
0.0026333609
0.002598416
0.0025633394
0.0025280111
0.0024915593
0.0024538566
0.0024162526
0.0023807011
0.0023469292
0.0023133165
0.0022789239
0.0022430751
0.0022050685
0.0021657821
0.0021264235
0.0020869681
0.0020469936
0.0020066069
0.0019658574
0.0019245152
0.0018826201
0.0018403018
0.0017974715
0.0017540986
0.0017102482
0.0016657994
0.0016207121
0.0015750453
0.0015286783
0.0014816204
0.0014338819
0.0013853238
0.0013359853
0.0012858367
0.0012346985
0.0011827828
0.0011297523
0.0010752918
0.001019738
0.00096177089
0.00089337333
0.00082724612
0.0007740829
0.00071881971
0.00065937349
0.00059995016
0.00054219968
0.00048594518
0.00043045169
0.00037754298
0.00032414695
0.0002873511
0.00022932956
0.00038821834
-0.00027721785
0.0075576221
0.0072962576
0.0067813151
0.0063227406
0.0060321183
0.0058053646
0.0055737184
0.0053416994
0.0051224776
0.0049120588
0.0047049466
0.0044991118
0.0043014194
0.0041209577
0.0039671653
0.0038467796
0.0037599833
0.0037017449
0.0036607065
0.00362614
0.003592966
0.0035597179
0.0035248188
0.0034882067
0.0034491506
0.003408261
0.0033663066
0.0033241437
0.0032834428
0.0032440106
0.0032058013
0.0031688835
0.0031320894
0.0030943585
0.0030554392
0.0030152108
0.0029743828
0.0029338206
0.0028941205
0.0028553686
0.0028173689
0.0027799945
0.0027433795
0.0027078993
0.0026731236
0.0026383205
0.0026031406
0.0025679038
0.0025324358
0.0024958324
0.0024579803
0.0024202386
0.0023845038
0.002350507
0.0023166856
0.0022821144
0.0022461348
0.00220808
0.0021687765
0.002129371
0.0020898471
0.0020498014
0.0020093494
0.0019685302
0.0019271157
0.0018851589
0.0018427776
0.0017998763
0.0017564302
0.0017125066
0.0016679839
0.0016228228
0.0015770826
0.0015306421
0.0014835114
0.001435701
0.0013870711
0.0013376621
0.0012874439
0.001236237
0.0011842551
0.0011311592
0.0010766359
0.0010210192
0.00096305238
0.00089569381
0.00083021952
0.00077689978
0.00072144608
0.00066179732
0.00060214074
0.00054415929
0.0004877004
0.00043201618
0.00037893279
0.00032539502
0.00028848466
0.00023031744
0.00038923721
-0.00027632399
0.0073686552
0.0071507391
0.0067135061
0.0063004163
0.0060145601
0.005787748
0.0055593702
0.0053301416
0.0051127151
0.0049052669
0.0047011431
0.0045005147
0.0043080998
0.0041321458
0.0039813258
0.0038618924
0.0037743418
0.0037141848
0.0036715566
0.0036362695
0.0036027333
0.0035689273
0.0035332897
0.0034957271
0.0034559093
0.0034143932
0.0033719192
0.0033293706
0.0032881201
0.0032480904
0.0032092372
0.003171499
0.0031337498
0.0030951889
0.0030557141
0.0030151862
0.002974343
0.0029339732
0.0028943124
0.002855814
0.0028187129
0.0027826761
0.002747425
0.0027127214
0.0026781867
0.002643384
0.0026079266
0.0025722475
0.0025364052
0.0024995683
0.0024615954
0.0024238026
0.002387974
0.0023538127
0.0023198224
0.0022851167
0.0022490457
0.002210956
0.0021716356
0.0021321935
0.0020926217
0.0020525224
0.0020120201
0.0019711443
0.0019296704
0.0018876639
0.0018452304
0.0018022686
0.0017587597
0.0017147731
0.0016701856
0.001624959
0.0015791533
0.0015326462
0.0014854492
0.0014375726
0.0013888763
0.001339402
0.0012891189
0.0012378473
0.0011858033
0.0011326454
0.0010780613
0.0010223809
0.0009643939
0.00089773362
0.0008329779
0.00077978828
0.00072427538
0.00066446674
0.00060457994
0.0005463472
0.0004896474
0.00043374526
0.00038047229
0.00032677545
0.00028972471
0.00023139952
0.00039027447
-0.00027523458
0.0071961151
0.0070121819
0.0066408008
0.0062686275
0.0059899341
0.0057654414
0.0055438174
0.0053212526
0.0051085623
0.0049060563
0.0047059121
0.0045108327
0.0043236729
0.0041520023
0.0040038323
0.0038848326
0.0037956352
0.0037321774
0.0036857901
0.0036471065
0.0036106446
0.0035743961
0.0035370043
0.003498245
0.0034578061
0.0034160035
0.0033734636
0.0033309641
0.0032896557
0.003249587
0.0032106731
0.0031727913
0.0031349896
0.0030965289
0.0030572037
0.0030168357
0.0029760459
0.0029355121
0.0028955255
0.0028566923
0.0028193081
0.0027831127
0.0027478088
0.0027129775
0.0026785656
0.0026444227
0.00261006
0.002575244
0.002539761
0.0025031362
0.0024651795
0.0024272109
0.0023911056
0.0023566727
0.0023224784
0.0022876533
0.0022515397
0.0022134611
0.0021741599
0.0021347183
0.0020951345
0.0020550109
0.0020144845
0.0019735783
0.0019320678
0.0018900275
0.001847558
0.0018045537
0.0017609989
0.0017169647
0.0016723265
0.0016270475
0.0015811885
0.0015346258
0.0014873727
0.0014394393
0.001390685
0.0013411529
0.0012908115
0.0012394814
0.0011873808
0.0011341658
0.0010795251
0.0010237838
0.00096576721
0.00089967527
0.00083563926
0.00078262511
0.00072711792
0.00066720526
0.00060711905
0.00054864495
0.000491702
0.00043557713
0.00038210796
0.00032824368
0.00029103565
0.00023254442
0.0003912844
-0.0002739349
0.0070379712
0.0068802139
0.0065637601
0.0062303351
0.0059630319
0.0057428196
0.005528067
0.0053118398
0.0051033012
0.0049039549
0.0047080762
0.004517434
0.0043348085
0.0041669882
0.0040212277
0.0039026377
0.0038119648
0.0037456211
0.0036960434
0.0036547636
0.0036164682
0.003579005
0.0035409633
0.0035018545
0.0034613028
0.003419484
0.0033769691
0.0033344836
0.0032930435
0.0032527947
0.0032136351
0.0031754245
0.0031373466
0.0030986784
0.0030591814
0.0030187334
0.0029778908
0.0029373141
0.0028973492
0.0028585338
0.0028210852
0.0027847205
0.0027491065
0.0027138853
0.0026791232
0.0026447312
0.0026103132
0.0025753919
0.0025398403
0.0025036346
0.0024665491
0.0024294109
0.0023936775
0.0023593257
0.0023250192
0.0022899694
0.0022536881
0.0022155579
0.0021762531
0.00213682
0.0020972552
0.0020571428
0.002016628
0.0019757274
0.0019342105
0.0018921616
0.0018496798
0.0018066553
0.0017630753
0.0017190128
0.0016743415
0.0016290266
0.0015831296
0.0015365253
0.001489229
0.0014412507
0.001392449
0.001342869
0.0012924783
0.0012410974
0.0011889478
0.0011356822
0.0010809907
0.0010251928
0.00096714763
0.00090159348
0.0008382207
0.00078535128
0.0007298752
0.00066990047
0.00060964839
0.00055095546
0.00049378391
0.00043744488
0.00038378244
0.00032975237
0.0002923787
0.00023371401
0.00039221855
-0.00027241084
0.0068922911
0.0067549135
0.0064843032
0.0061870583
0.0059334696
0.0057183048
0.005509964
0.0053001838
0.0050963184
0.0049008499
0.0047098218
0.0045239393
0.0043461681
0.0041825071
0.0040394479
0.003921619
0.0038298628
0.0037610543
0.0037085827
0.0036648082
0.0036245858
0.0035856129
0.003546447
0.0035064616
0.0034652883
0.0034230429
0.0033802435
0.0033375572
0.0032958674
0.0032553655
0.0032159375
0.0031774208
0.0031390954
0.0031002657
0.0030606837
0.0030202629
0.0029794856
0.0029389725
0.0028990713
0.0028602479
0.0028227119
0.0027862319
0.0027505056
0.0027152232
0.0026804073
0.0026459145
0.0026113115
0.0025761178
0.0025403055
0.0025039417
0.002466875
0.0024297513
0.0023939396
0.0023597464
0.0023259693
0.002291426
0.0022554047
0.0022174546
0.0021781764
0.0021386618
0.0020990329
0.0020588958
0.002018387
0.0019775128
0.0019360185
0.001893991
0.0018515269
0.0018085093
0.0017649291
0.0017208618
0.0016761784
0.0016308469
0.0015849299
0.0015383006
0.0014909766
0.0014429677
0.0013941317
0.0013445159
0.0012940871
0.0012426653
0.0011904762
0.0011371684
0.0010824335
0.0010265853
0.00096851691
0.00090348484
0.00084072178
0.00078796789
0.00073253373
0.00067252494
0.0006121346
0.00055324535
0.00049586198
0.00043932047
0.0003854713
0.00033128067
0.0002937356
0.00023489034
0.00039304071
-0.00027063145
0.0067572896
0.0066361133
0.006403659
0.0061393863
0.0059008154
0.0056917597
0.00548998
0.0052870944
0.0050885649
0.0048974343
0.0047111725
0.0045299802
0.0043568481
0.0041971075
0.0040565696
0.0039394502
0.0038466626
0.0037755165
0.003720235
0.0036739572
0.0036317633
0.0035912585
0.0035509913
0.0035102379
0.0034686031
0.0034261211
0.0033832216
0.0033404945
0.0032986988
0.0032580496
0.0032184351
0.0031796763
0.0031411383
0.0031021674
0.00306251
0.0030221005
0.0029813574
0.0029408612
0.002900964
0.0028620891
0.002824451
0.0027878571
0.0027520191
0.0027166427
0.0026817084
0.0026470742
0.0026123439
0.0025770851
0.0025412603
0.0025048918
0.0024678067
0.0024305737
0.0023945258
0.0023600725
0.0023261538
0.0022914719
0.0022553871
0.0022177547
0.0021790464
0.0021399685
0.0021005415
0.0020604794
0.0020199324
0.0019790142
0.0019375039
0.001895485
0.0018530486
0.0018100595
0.0017665047
0.0017224587
0.0016777878
0.0016324624
0.0015865466
0.0015399113
0.0014925773
0.0014445544
0.0013956992
0.0013460619
0.0012956079
0.0012441572
0.00119194
0.0011386003
0.0010838312
0.0010279413
0.00096985676
0.00090533026
0.00084313598
0.00079047609
0.00073508947
0.00067506789
0.00061456315
0.00055549896
0.00049792071
0.00044118938
0.00038716149
0.00033281684
0.0002950952
0.00023606221
0.00039371912
-0.00026855653
0.0066315293
0.0065235114
0.0063227618
0.0060880691
0.0058652208
0.0056634076
0.005468399
0.0052725849
0.0050797548
0.0048932017
0.0047116482
0.0045351865
0.0043666449
0.0042107962
0.0040728437
0.0039566195
0.0038630752
0.0037899179
0.0037321057
0.0036835032
0.0036394528
0.0035975017
0.0035561797
0.0035146778
0.003472556
0.0034297763
0.0033866897
0.0033438223
0.0033018337
0.003260954
0.0032210829
0.0031820305
0.0031432346
0.0031040858
0.0030643241
0.0030238972
0.0029831711
0.0029426863
0.0029027962
0.0028638876
0.0028261684
0.0027894728
0.0027535243
0.0027180446
0.0026829914
0.0026482318
0.0026133993
0.0025780845
0.0025422192
0.0025058145
0.0024687427
0.0024315499
0.0023954795
0.0023609111
0.0023268068
0.0022918889
0.0022555987
0.0022178831
0.0021791794
0.0021400697
0.0021007089
0.0020610248
0.0020208839
0.0019801968
0.0019388048
0.0018967911
0.0018543311
0.0018113308
0.0017677873
0.001723769
0.0016791278
0.0016338304
0.0015879384
0.0015413184
0.0014939945
0.0014459761
0.0013971185
0.0013474757
0.0012970112
0.0012455453
0.0011933131
0.0011399533
0.0010851609
0.0010292397
0.00097114752
0.00090710982
0.0008454486
0.00079286411
0.00073752906
0.00067751373
0.00061691724
0.00055769963
0.00049994442
0.0004430374
0.00038884016
0.00033434925
0.00029644642
0.00023721796
0.00039422075
-0.00026613989
0.0065138477
0.0064167127
0.0062423211
0.0060338705
0.005826903
0.0056332853
0.0054452488
0.0052565766
0.0050697586
0.0048880906
0.0047113332
0.0045396756
0.0043756993
0.0042237007
0.0040883472
0.0039731197
0.0038789924
0.0038040386
0.0037438731
0.0036930324
0.003647147
0.0036037415
0.0035613277
0.0035190342
0.003476379
0.0034332653
0.0033899715
0.0033469597
0.0033047986
0.0032637166
0.0032236223
0.0031843167
0.0031452968
0.003105997
0.0030661538
0.0030257235
0.0029850277
0.0029445663
0.0029046898
0.0028657522
0.0028279522
0.0027911498
0.0027550853
0.0027194986
0.0026843294
0.0026494477
0.0026145088
0.0025791225
0.0025432021
0.0025067608
0.0024697112
0.0024325606
0.0023964481
0.0023617401
0.0023274802
0.0022924629
0.0022561394
0.0022184235
0.0021796704
0.0021404283
0.0021009355
0.0020612109
0.0020210243
0.0019803226
0.001939169
0.0018975145
0.0018553097
0.0018124278
0.0017689027
0.0017248718
0.0016802254
0.0016349433
0.0015890803
0.0015424898
0.0014951949
0.0014472005
0.0013983589
0.001348728
0.0012982692
0.0012468027
0.00119457
0.001141203
0.0010863995
0.0010304592
0.00097236898
0.00090880271
0.00084763892
0.0007951125
0.00073983331
0.00067984297
0.00061917739
0.00055982868
0.00050191592
0.000444849
0.00039049333
0.00033586531
0.00029777739
0.00023834541
0.00039448671
-0.00026333169
0.0064032761
0.0063152825
0.0061628561
0.0059774929
0.0057861187
0.0056014284
0.005420598
0.0052391182
0.0050585732
0.0048820807
0.0047102109
0.0045433743
0.004383915
0.004235713
0.0041029666
0.0039888405
0.0038943194
0.0038178085
0.0037555073
0.0037025683
0.0036549248
0.0036101116
0.0035666273
0.0035235547
0.0034803712
0.0034369251
0.0033934233
0.0033502625
0.0033079285
0.0032666396
0.0032263142
0.0031867502
0.0031474958
0.00310803
0.0030680899
0.0030276375
0.0029869559
0.0029465048
0.0029066288
0.0028676533
0.0028297673
0.0027928548
0.0027566735
0.0027209785
0.0026856931
0.0026506878
0.0026156391
0.0025801784
0.002544206
0.0025077347
0.0024707062
0.002433588
0.0023974253
0.0023625797
0.0023281765
0.002293065
0.0022566914
0.0022189613
0.0021802094
0.00214097
0.0021014783
0.0020617102
0.0020214152
0.0019805857
0.0019393663
0.0018976785
0.0018554539
0.0018127303
0.0017695051
0.0017257054
0.0016811654
0.0016359037
0.0015900365
0.001543448
0.0014961722
0.0014482084
0.0013993954
0.0013497924
0.0012993562
0.0012479046
0.0011956868
0.0011423268
0.0010875252
0.0010315789
0.00097350134
0.00091038759
0.00084968386
0.00079719887
0.00074198055
0.0006820344
0.00062132292
0.0005618665
0.00050381711
0.00044660779
0.0003921062
0.00033735173
0.00029907551
0.00023943073
0.00039448176
-0.00026008206
0.0062989993
0.0062187889
0.0060847326
0.0059195612
0.0057431689
0.0055679081
0.0053945233
0.0052202642
0.0050461755
0.0048751026
0.0047082155
0.0045462111
0.0043912408
0.0042468074
0.0041166951
0.0040037844
0.0039090607
0.0038312254
0.0037669996
0.003712099
0.0036627673
0.0036165811
0.0035720334
0.0035281746
0.0034844451
0.0034406434
0.0033969092
0.003353576
0.0033110567
0.0032695531
0.0032289938
0.0031891764
0.0031496927
0.0031100639
0.0030700306
0.0030295561
0.0029888899
0.0029484527
0.0029085793
0.0028695705
0.0028316047
0.0027945872
0.0027582924
0.0027224894
0.0026870882
0.0026519598
0.0026168016
0.002581266
0.0025452423
0.0025087403
0.0024717266
0.0024346344
0.002398423
0.0023634459
0.0023289009
0.0022936883
0.002257256
0.002219511
0.0021807681
0.002141531
0.002102025
0.0020622252
0.0020219127
0.0019810821
0.0019398389
0.0018980738
0.0018557345
0.0018129378
0.0017696804
0.0017258602
0.0016814545
0.0016364477
0.0015907726
0.0015442711
0.0014970082
0.0014490456
0.0014002434
0.0013506625
0.0013002558
0.001248831
0.0011966425
0.0011433038
0.0010885178
0.00103258
0.00097452602
0.0009118442
0.00085156091
0.00079910058
0.00074394843
0.00068406611
0.00062333257
0.00056379283
0.00050562916
0.00044829658
0.0003936632
0.00033879445
0.00030032749
0.00024045914
0.00039415883
-0.00025633016
0.0062003275
0.006126822
0.0060081948
0.0058606154
0.0056983788
0.0055328225
0.0053670933
0.0052000663
0.0050325531
0.0048671038
0.004705303
0.0045481468
0.0043976453
0.00425696
0.0041295085
0.0040179196
0.0039231733
0.0038442344
0.0037782906
0.0037215711
0.0036706311
0.0036231168
0.0035775247
0.0035328839
0.0034886028
0.0034444348
0.0034004573
0.0033569426
0.0033142372
0.0032725223
0.0032317335
0.0031916712
0.0031519639
0.003112173
0.0030720449
0.0030315425
0.0029908854
0.0029504573
0.0029105811
0.0028715357
0.002833489
0.0027963645
0.0027599538
0.002724039
0.0026885197
0.0026532672
0.0026179983
0.0025823852
0.0025463083
0.0025097738
0.0024727706
0.0024357006
0.0023994414
0.0023643348
0.0023296464
0.00229433
0.0022578394
0.0022200812
0.002181346
0.0021421053
0.0021025807
0.0020627547
0.0020224295
0.0019815879
0.0019403202
0.0018985353
0.0018561923
0.0018133796
0.001770058
0.001726134
0.001681661
0.0016366218
0.0015909342
0.0015445803
0.0014975344
0.0014497104
0.0014009748
0.0013514015
0.0013009989
0.0012495888
0.0011974291
0.0011441189
0.0010893601
0.0010334451
0.00097542625
0.00091315448
0.00085325007
0.00080079683
0.00074571556
0.00068591664
0.00062518509
0.00056558717
0.00050733273
0.00044989749
0.00039514795
0.00034017857
0.00030151927
0.00024141575
0.00039346206
-0.00025200718
0.0061066726
0.0060390015
0.0059333949
0.0058011117
0.005652078
0.0054962944
0.0053383768
0.0051785812
0.0050177113
0.0048580465
0.0047014326
0.0045491406
0.0044030887
0.0042661361
0.0041413753
0.0040312131
0.003936621
0.0038567956
0.0037893412
0.0037309539
0.0036784959
0.0036297056
0.0035830941
0.0035376785
0.0034928416
0.003448296
0.003404062
0.0033603533
0.0033174559
0.0032755272
0.0032345081
0.0031942041
0.0031542755
0.0031143212
0.0030740958
0.0030335602
0.0029929074
0.0029524859
0.0029126044
0.0028735223
0.0028353968
0.0027981671
0.0027616417
0.002725615
0.0026899784
0.0026546031
0.002619224
0.0025835321
0.0025474013
0.0025108343
0.0024738385
0.0024367868
0.0024004798
0.0023652452
0.0023304138
0.0022949929
0.0022584437
0.0022206702
0.0021819398
0.0021426942
0.0021031526
0.0020633027
0.0020229613
0.0019821034
0.0019408129
0.0018990137
0.0018566621
0.0018138307
0.0017704879
0.0017265558
0.0016820659
0.0016369669
0.0015911866
0.0015447825
0.0014977034
0.0014498843
0.0014013123
0.0013519231
0.0013016159
0.0012502412
0.0011980927
0.0011447914
0.0010900522
0.0010341653
0.00097618939
0.0009143035
0.00085473478
0.00080227007
0.00074726323
0.00068756643
0.00062686051
0.00056722959
0.00050890855
0.0004513923
0.00039654349
0.00034148848
0.00030263593
0.00024228429
0.00039235601
-0.00024704801
0.0060175307
0.0059549806
0.0058604171
0.0057414265
0.0056045864
0.0054584676
0.0053084476
0.0051558683
0.0050016669
0.0048479034
0.0046965653
0.0045491539
0.0044075346
0.0042743052
0.0041522696
0.0040436384
0.003949372
0.0038688707
0.00380011
0.0037402095
0.00368633
0.0036363213
0.0035887205
0.0035425416
0.0034971478
0.0034522163
0.0034077151
0.0033638022
0.0033207086
0.0032785663
0.0032373193
0.0031967796
0.003156635
0.0031165192
0.0030761962
0.0030356239
0.0029949715
0.0029545543
0.0029146651
0.0028755455
0.0028373422
0.0028000081
0.0027633679
0.0027272279
0.0026914732
0.002655975
0.0026204847
0.002584712
0.0025485257
0.0025119253
0.0024749329
0.0024378948
0.0024015391
0.0023661784
0.0023312045
0.0022956783
0.0022590691
0.0022212777
0.00218255
0.0021432995
0.0021037411
0.0020638665
0.0020235072
0.0019826332
0.0019413222
0.0018995074
0.0018571424
0.001814292
0.0017709326
0.0017269896
0.0016824818
0.0016373639
0.0015915758
0.0015451505
0.0014980092
0.0014501093
0.0014014982
0.001352084
0.0013018248
0.0012506129
0.0011986098
0.0011453714
0.001090646
0.0010347683
0.0009768236
0.00091528759
0.00085600526
0.00080350767
0.00074857659
0.00068899909
0.00062834129
0.00056870191
0.00051033836
0.00045276324
0.00039783284
0.00034270823
0.00030366206
0.00024304762
0.00039077507
-0.00024138528
0.0059324671
0.0058744458
0.0057892968
0.0056818651
0.0055562036
0.0054195008
0.0052773869
0.0051319887
0.0049844462
0.0048366579
0.004690668
0.0045481526
0.0044109511
0.0042814399
0.0041621665
0.0040551679
0.0039613925
0.0038804191
0.0038105532
0.0037492978
0.0036941011
0.0036429385
0.003594385
0.0035474596
0.0035015122
0.0034561897
0.0034114126
0.0033672871
0.0033239934
0.003281638
0.0032401654
0.0031993952
0.0031590392
0.0031187629
0.0030783409
0.0030377277
0.0029970711
0.0029566549
0.0029167551
0.0028775969
0.002839317
0.0028018794
0.0027651249
0.0027288707
0.0026929977
0.0026573771
0.0026217759
0.0025859209
0.0025496784
0.0025130437
0.0024760513
0.0024390224
0.0024026178
0.0023671335
0.0023320179
0.0022963855
0.002259715
0.0022219038
0.0021831773
0.0021439214
0.0021043457
0.0020644461
0.0020240682
0.0019831783
0.0019418465
0.0019000146
0.0018576359
0.0018147679
0.0017713915
0.0017274338
0.0016829076
0.0016377745
0.0015919757
0.0015455324
0.0014983758
0.0014504679
0.0014018277
0.0013523472
0.0013020242
0.0012507765
0.0011987754
0.0011456454
0.001091066
0.0010352734
0.0009773749
0.00091614162
0.00085707738
0.00080451171
0.00074964916
0.00069020341
0.00062961356
0.00056998866
0.00051160593
0.00045399387
0.00039899981
0.00034382217
0.00030458224
0.0002436878
0.0003886606
-0.00023494977
0.0058511052
0.0057971154
0.0057200351
0.0056226702
0.0055072024
0.0053795608
0.0052452833
0.0051070061
0.0049660828
0.0048243043
0.0046837142
0.0045461073
0.0044133099
0.0042875141
0.0041710415
0.0040657747
0.00397265
0.0038914017
0.0038206285
0.0037581793
0.0037017759
0.0036495306
0.003600067
0.0035524167
0.0035059226
0.0034602066
0.003415147
0.003370802
0.0033273053
0.0032847376
0.0032430426
0.0032020472
0.0031614851
0.00312105
0.0030805284
0.0030398712
0.0029992062
0.0029587885
0.0029188759
0.0028796784
0.0028413231
0.0028037836
0.0027669154
0.0027305466
0.0026945553
0.0026588129
0.0026231005
0.0025871619
0.0025508618
0.0025141918
0.0024771959
0.0024401717
0.0024037175
0.0023681116
0.0023328553
0.0022971157
0.0022603826
0.0022225495
0.0021838223
0.0021445602
0.0021049667
0.002065042
0.002024645
0.0019837387
0.0019423858
0.0019005361
0.0018581435
0.001815258
0.0017718635
0.0017278904
0.001683347
0.001638198
0.0015923852
0.0015459246
0.0014987551
0.0014508362
0.0014021786
0.0013526864
0.0013023522
0.0012510604
0.001198997
0.0011458309
0.0010912262
0.0010354806
0.0009777274
0.00091686154
0.00085799618
0.00080532375
0.00075050177
0.00069118406
0.00063067212
0.00057107944
0.00051269818
0.00045507
0.00040002981
0.0003448157
0.00030538163
0.0002441873
0.00038595918
-0.00022767492
0.0057731173
0.0057227371
0.0056526088
0.0055640318
0.0054578256
0.0053388167
0.0052122331
0.0050809865
0.0049466166
0.0048108469
0.0046756854
0.0045429932
0.0044145862
0.0042925046
0.004178872
0.0040754336
0.0039831132
0.0039017805
0.0038302934
0.003766813
0.0037093195
0.0036560687
0.0036057432
0.0035573948
0.0035103653
0.0034642568
0.0034189107
0.0033743412
0.0033306396
0.0032878613
0.0032459476
0.0032047329
0.0031639701
0.0031233788
0.0030827571
0.0030420529
0.0030013757
0.0029609536
0.002921026
0.0028817884
0.0028433589
0.0028057187
0.0027687376
0.0027322538
0.002696144
0.0026602804
0.002624457
0.0025884335
0.0025520746
0.0025153684
0.0024783654
0.0024413417
0.0024048372
0.002369112
0.0023337161
0.0022978687
0.0022610718
0.0022232148
0.002184485
0.0021452159
0.0021056043
0.0020656545
0.0020252377
0.0019843145
0.0019429403
0.0019010725
0.0018586654
0.001815762
0.0017723489
0.0017283603
0.0016837996
0.0016386338
0.0015928065
0.0015463294
0.001499146
0.0014512134
0.0014025398
0.001353037
0.0013026896
0.00125139
0.0011993097
0.0011461185
0.0010914753
0.0010356854
0.0009779145
0.00091728132
0.00085863479
0.00080592248
0.00075116666
0.0006919788
0.00063153802
0.00057197991
0.00051361064
0.00045598194
0.00040091088
0.00034567596
0.00030604636
0.00024452991
0.00038262389
-0.00021950241
0.0056982171
0.0056510853
0.0055869791
0.0055060957
0.0054082847
0.0052974337
0.0051783382
0.0050539993
0.0049260924
0.0047962988
0.0046665705
0.0045387907
0.0044147596
0.0042963913
0.0041856373
0.0040841206
0.0039927516
0.0039115179
0.0038395062
0.0037751577
0.0037166956
0.0036625224
0.0036113892
0.0035623747
0.0035148254
0.0034683289
0.0034226949
0.0033778979
0.0033339906
0.0032910044
0.0032488765
0.0032074486
0.0031664909
0.0031257463
0.0030850246
0.0030442707
0.0030035777
0.0029631485
0.0029232039
0.0028839256
0.0028454231
0.002807684
0.0027705909
0.0027339921
0.0026977642
0.0026617801
0.002625846
0.0025897365
0.0025533177
0.002516574
0.0024795606
0.002442533
0.0024059775
0.0023701351
0.002334601
0.0022986451
0.0022617831
0.0022239003
0.002185166
0.002145889
0.002106259
0.0020662839
0.0020258467
0.0019849059
0.0019435104
0.0019016239
0.0018592019
0.0018162803
0.0017728483
0.0017288437
0.0016842652
0.0016390822
0.0015932402
0.0015467465
0.0014995481
0.0014516019
0.0014029129
0.0013533976
0.0013030363
0.0012517302
0.001199629
0.0011464232
0.0010917874
0.0010359866
0.00097822598
0.00091769997
0.00085913359
0.00080622303
0.00075151822
0.00069254848
0.00063223117
0.00057272331
0.000514364
0.00045673552
0.00040163934
0.00034639426
0.00030656482
0.00024469779
0.00037862346
-0.00021039036
0.0056261536
0.0055819584
0.0055230967
0.0054489714
0.0053587607
0.0052555693
0.0051437042
0.0050261168
0.0049045594
0.0047806812
0.0046563669
0.0045334863
0.0044138139
0.0042991571
0.0041913191
0.0040918133
0.0040015366
0.003920578
0.0038482257
0.0037831722
0.0037238668
0.0036688602
0.0036169789
0.0035673354
0.0035192863
0.0034724101
0.0034264897
0.0033814643
0.0033373521
0.0032941613
0.0032518245
0.0032101901
0.0031690438
0.0031281494
0.0030873281
0.0030465226
0.0030058105
0.0029653716
0.0029254083
0.0028860889
0.0028475147
0.0028096783
0.0027724743
0.0027357608
0.0026994151
0.0026633113
0.0026272669
0.0025910706
0.0025545907
0.0025178082
0.0024807811
0.0024437455
0.002407138
0.0023711807
0.00233551
0.0022994451
0.0022625169
0.0022246062
0.0021858655
0.0021465797
0.0021069308
0.0020669304
0.002026472
0.0019855133
0.0019440964
0.0019021907
0.0018597531
0.0018168131
0.0017733619
0.0017293407
0.0016847442
0.0016395436
0.0015936865
0.0015471758
0.0014999621
0.0014520021
0.0014032973
0.0013537689
0.0013033942
0.0012520804
0.0011999575
0.0011467391
0.0010921109
0.0010362932
0.00097860371
0.00091818099
0.00085965493
0.00080655314
0.00075176543
0.00069286888
0.00063264479
0.00057326082
0.00051496981
0.00045735932
0.00040223514
0.00034697699
0.00030693669
0.00024466302
0.00037395524
-0.00020032166
0.0055567056
0.005515176
0.005460906
0.0053927389
0.0053094064
0.0052133701
0.0051084375
0.0049974143
0.0048820704
0.0047640219
0.0046450794
0.0045270724
0.0044117373
0.0043007887
0.0041959013
0.0040984912
0.0040094407
0.0039289258
0.0038564115
0.003790815
0.003730795
0.0036750489
0.0036224846
0.0035722544
0.0035237302
0.0034764861
0.003430284
0.0033850319
0.0033407169
0.0032973261
0.0032547866
0.0032129529
0.0031716247
0.0031305845
0.0030896647
0.0030488059
0.0030080719
0.002967621
0.0029276375
0.0028882766
0.002849632
0.0028117001
0.0027743868
0.0027375591
0.0027010962
0.0026648737
0.0026287195
0.0025924357
0.0025558935
0.002519071
0.0024820269
0.0024449793
0.0024083189
0.0023722488
0.0023364431
0.0023002691
0.0022632733
0.0022253329
0.0021865837
0.0021472882
0.0021076201
0.0020675942
0.0020271142
0.001986137
0.0019446985
0.0019027732
0.0018603193
0.0018173608
0.0017738899
0.0017298517
0.0016852369
0.0016400184
0.0015941457
0.0015476177
0.0015003883
0.0014524141
0.0014036932
0.0013541513
0.0013037631
0.0012524408
0.001200297
0.001147066
0.0010924431
0.0010366089
0.00097899428
0.00091866971
0.00086015483
0.00080694413
0.00075207677
0.00069320741
0.00063299297
0.00057358559
0.00051533022
0.00045779787
0.00040270289
0.00034744992
0.00030719094
0.0002444121
0.00036862159
-0.00018929545
0.0054896776
0.0054505765
0.0054003481
0.0053374542
0.0052603482
0.0051709696
0.0050726437
0.0049679689
0.0048586817
0.0047463547
0.0046327204
0.0045195479
0.0044085231
0.0043012764
0.0041993711
0.0041041363
0.0040164385
0.0039365281
0.0038640246
0.0037980451
0.0037374415
0.0036810543
0.0036278772
0.0035771075
0.0035281375
0.0034805416
0.0034340655
0.0033885909
0.0033440772
0.0033004921
0.003257757
0.0032157317
0.0031742288
0.0031330475
0.0030920308
0.0030511178
0.0030103595
0.0029698945
0.0029298894
0.0028904869
0.0028517734
0.0028137482
0.0027763271
0.0027393861
0.0027028067
0.0026664667
0.0026302033
0.0025938315
0.002557226
0.0025203621
0.002483298
0.0024462342
0.0024095199
0.0023733394
0.0023374006
0.0023011172
0.0022640528
0.0022260806
0.002187321
0.0021480148
0.0021083271
0.0020682755
0.0020277733
0.001986777
0.0019453169
0.0019033714
0.0018609008
0.0018179234
0.0017744327
0.0017303769
0.0016857436
0.0016405067
0.0015946179
0.0015480724
0.001500827
0.0014528381
0.0014041009
0.0013545453
0.0013041432
0.0012528118
0.0012006475
0.0011474035
0.0010927858
0.0010369338
0.00097939537
0.00091916788
0.00086067998
0.00080734413
0.00075239251
0.00069356618
0.00063338486
0.0005739376
0.00051564773
0.00045807643
0.00040294643
0.0003477467
0.00030730354
0.00024413915
0.00036245547
-0.00017727329
0.0054248961
0.0053880149
0.0053413624
0.0052831545
0.0052116896
0.0051284874
0.0050364246
0.0049378591
0.0048344518
0.0047277186
0.004619309
0.0045109179
0.0044041693
0.0043006144
0.0042017184
0.0041087325
0.0040225067
0.0039433536
0.0038710271
0.003804822
0.0037437672
0.0036868413
0.0036331262
0.0035818693
0.0035324872
0.0034845597
0.0034378208
0.0033921305
0.0033474241
0.0033036516
0.0032607291
0.0032185207
0.003176851
0.003135534
0.0030944226
0.0030534549
0.0030126705
0.0029721896
0.0029321619
0.0028927179
0.002853937
0.0028158208
0.0027782937
0.0027412405
0.0027045457
0.0026680894
0.0026317178
0.0025952577
0.0025585878
0.002521681
0.0024845939
0.0024475103
0.002410741
0.0023744521
0.0023383823
0.0023019897
0.0022648554
0.0022268497
0.0021880777
0.0021487596
0.0021090519
0.0020689746
0.0020284496
0.0019874338
0.0019459518
0.0019039858
0.0018614979
0.0018185014
0.0017749905
0.0017309166
0.0016862644
0.0016410089
0.0015951036
0.0015485403
0.0015012783
0.0014532744
0.0014045206
0.0013549509
0.0013045347
0.0012531938
0.0012010092
0.001147752
0.0010931392
0.0010372716
0.00097980527
0.00091968034
0.00086122359
0.00080775245
0.00075271133
0.00069393063
0.00063377641
0.00057432132
0.00051600675
0.00045838637
0.00040315434
0.00034791566
0.00030704588
0.00024421571
0.00035498411
-0.00016412083
0.0053622063
0.0053273607
0.0052838882
0.0052298615
0.0051635135
0.0050860287
0.0049998771
0.0049071632
0.0048094416
0.0047081568
0.0046048706
0.0045011937
0.0043986792
0.004298801
0.0042029365
0.0041122668
0.0040276242
0.0039493729
0.0038773829
0.0038111062
0.0037497331
0.0036923739
0.0036382002
0.0035865128
0.003536757
0.0034885221
0.0034415352
0.0033956388
0.0033507477
0.0033067965
0.0032636957
0.0032213137
0.0031794856
0.0031380389
0.0030968356
0.0030558135
0.0030150016
0.0029745034
0.0029344525
0.0028949674
0.0028561209
0.0028179159
0.0027802851
0.0027431212
0.0027063122
0.0026697411
0.0026332623
0.0025967136
0.0025599785
0.0025230275
0.0024859144
0.0024488073
0.002411982
0.0023755869
0.0023393882
0.0023028865
0.0022656814
0.0022276403
0.0021888539
0.0021495229
0.0021097948
0.0020696915
0.0020291433
0.0019881074
0.0019466035
0.0019046166
0.0018621108
0.0018190949
0.0017755634
0.001731471
0.0016867997
0.0016415252
0.0015956028
0.0015490215
0.0015017427
0.0014537233
0.0014049528
0.0013553685
0.001304938
0.001253587
0.0012013824
0.0011481119
0.0010935035
0.0010376262
0.00098022191
0.00092020586
0.00086178587
0.00080816418
0.00075304
0.00069430487
0.00063417735
0.00057471389
0.00051636955
0.00045871903
0.00040340005
0.00034812604
0.00030662377
0.00024487153
0.00034615598
-0.00015026104
0.0053014698
0.0052684959
0.0052278656
0.0051775852
0.0051158855
0.0050436849
0.0049630917
0.0048759583
0.0047837133
0.0046877161
0.0045894358
0.0044903926
0.0043920612
0.0042958387
0.0042030221
0.004114729
0.0040317724
0.0039545586
0.0038830574
0.0038168592
0.0037553003
0.0036976158
0.0036430665
0.0035910098
0.0035409231
0.0034924092
0.0034451926
0.0033991027
0.0033540373
0.0033099174
0.0032666488
0.0032241035
0.0031821262
0.0031405566
0.0030992651
0.0030581895
0.0030173494
0.0029768329
0.0029367584
0.0028972329
0.0028583226
0.0028200315
0.0027822993
0.0027450265
0.0027081048
0.0026714205
0.0026348358
0.0025981987
0.0025613975
0.002524401
0.0024872592
0.0024501251
0.0024132427
0.0023767436
0.0023404183
0.0023038079
0.002266531
0.0022284526
0.0021896499
0.0021503049
0.0021105559
0.0020704266
0.0020298546
0.0019887981
0.0019472721
0.0019052639
0.0018627397
0.0018197042
0.0017761519
0.0017320404
0.0016873497
0.0016420558
0.001596116
0.0015495164
0.0015022203
0.0014541851
0.0014053976
0.0013557983
0.0013053532
0.0012539916
0.0012017674
0.0011484834
0.0010938791
0.0010379979
0.00098064483
0.00092074465
0.00086236748
0.00080857929
0.00075338061
0.00069468932
0.00063458831
0.00057511477
0.0005167389
0.00045905504
0.00040365058
0.00034834674
0.00030626281
0.0002459461
0.00033676666
-0.00013631192
0.0052425618
0.0052113138
0.0051732362
0.0051263258
0.0050688559
0.0050015341
0.0049261515
0.0048443196
0.0047573299
0.004666446
0.0045730402
0.0044785374
0.0043843289
0.0042917342
0.0042019757
0.0041161118
0.0040349355
0.003958886
0.0038880183
0.0038220438
0.0037604304
0.0037025302
0.0036476919
0.003595331
0.0035449606
0.0034962
0.0034487759
0.0034025081
0.0033572809
0.0033130043
0.0032695796
0.0032268823
0.0031847659
0.0031430808
0.0031017056
0.0030605781
0.0030197098
0.0029791746
0.0029390765
0.0028995115
0.0028605396
0.0028221653
0.0027843345
0.0027469547
0.0027099223
0.0026731267
0.0026364373
0.0025997122
0.0025628442
0.0025258008
0.0024886276
0.0024514633
0.0024145228
0.0023779217
0.0023414722
0.0023047538
0.0022674042
0.0022292868
0.0021904658
0.0021511056
0.0021113353
0.0020711799
0.0020305837
0.0019895061
0.0019479578
0.0019059279
0.0018633848
0.0018203294
0.001776756
0.0017326251
0.0016879146
0.001642601
0.0015966433
0.0015500251
0.0015027114
0.00145466
0.0014058552
0.0013562406
0.0013057807
0.001254408
0.0012021644
0.0011488669
0.0010942662
0.0010383861
0.00098107478
0.00092129741
0.00086296898
0.00080899761
0.00075373308
0.00069508364
0.00063500884
0.00057552474
0.00051711631
0.00045939703
0.0004039039
0.0003485592
0.00030596132
0.00024708244
0.00032745584
-0.00012264896
0.0051853699
0.0051557172
0.005119943
0.0050760762
0.0050224622
0.0049596423
0.0048891318
0.0048123189
0.0047303543
0.0046443984
0.0045557233
0.0044656559
0.0043755004
0.0042864986
0.0041998012
0.0041164114
0.0040371006
0.0039623331
0.0038922354
0.0038266244
0.0037650859
0.0037070806
0.0036520423
0.0035994463
0.0035488431
0.0034998725
0.0034522664
0.0034058395
0.0033604658
0.0033160462
0.0032724785
0.0032296416
0.0031873968
0.0031456047
0.0031041511
0.0030629742
0.0030220783
0.0029815245
0.0029414033
0.0029018002
0.0028627691
0.0028243147
0.0027863882
0.0027489039
0.0027117628
0.002674858
0.0026380657
0.002601253
0.0025643178
0.0025272261
0.0024900191
0.0024528215
0.0024158219
0.0023791209
0.0023425499
0.0023057242
0.002268301
0.0022301429
0.0021913017
0.0021519252
0.0021121332
0.0020719514
0.0020313307
0.0019902316
0.0019486607
0.0019066089
0.0018640463
0.0018209707
0.001777376
0.0017332251
0.0016884947
0.0016431611
0.001597185
0.001550548
0.0015032162
0.0014551482
0.001406326
0.0013566958
0.0013062207
0.0012548364
0.0012025738
0.0011492627
0.0010946653
0.0010387887
0.00098151327
0.00092186475
0.00086359094
0.00080942073
0.00075409727
0.00069548765
0.00063543905
0.00057594408
0.00051750169
0.00045974502
0.00040415966
0.00034877025
0.00030569077
0.00024813127
0.00031831608
-0.00010944124
0.005129792
0.0051016176
0.005067931
0.0050268237
0.0049767311
0.0049180642
0.0048521001
0.0047800241
0.0047028486
0.0046216266
0.0045375279
0.0044517803
0.004365599
0.0042801471
0.0041965064
0.0041156273
0.0040382579
0.0039648805
0.003895681
0.0038305673
0.0037692303
0.0037112304
0.0036560835
0.0036033244
0.0035525435
0.0035034032
0.0034556445
0.0034090804
0.0033635778
0.0033190309
0.003275335
0.003232372
0.0031900108
0.0031481209
0.003106595
0.0030653721
0.00302445
0.0029838783
0.002943735
0.0029040955
0.002865008
0.0028264768
0.0027884579
0.002750872
0.0027136247
0.002676613
0.0026397196
0.0026028201
0.0025658172
0.0025286761
0.0024914329
0.0024541992
0.0024171398
0.0023803408
0.0023436508
0.0023067188
0.0022692214
0.0022310211
0.0021921579
0.0021527638
0.0021129496
0.0020727414
0.0020320957
0.0019909745
0.001949381
0.001907307
0.0018647244
0.0018216284
0.0017780121
0.0017338409
0.0016890901
0.0016437362
0.0015977414
0.0015510853
0.0015037351
0.0014556501
0.0014068102
0.0013571639
0.0013066735
0.0012552772
0.0012029958
0.0011496711
0.0010950768
0.0010392045
0.00098196131
0.00092244769
0.00086422882
0.00080985226
0.0007544743
0.00069590179
0.00063587916
0.00057637285
0.00051789498
0.00046009868
0.00040441783
0.00034898045
0.00030541528
0.00024907401
0.00030933189
-9.6725201e-05
0.0050757352
0.0050489336
0.0050171474
0.0049785508
0.0049316804
0.0048768444
0.004815116
0.0047474989
0.0046748733
0.0045981846
0.0045184996
0.0044369469
0.0043546518
0.004272699
0.0041921029
0.0041137622
0.0040384006
0.0039665118
0.0038983301
0.0038338411
0.0037728284
0.0037149439
0.0036597811
0.0036069339
0.0035560334
0.0035067677
0.0034588892
0.003412213
0.003366602
0.0033219455
0.0032781376
0.0032350633
0.0031925985
0.0031506212
0.0031090302
0.0030677656
0.0030268195
0.0029862313
0.0029460674
0.0029063937
0.0028672528
0.0028286485
0.0027905408
0.0027528565
0.0027155057
0.0026783897
0.0026413973
0.002604412
0.0025673414
0.0025301498
0.0024928683
0.0024555959
0.0024184757
0.0023815808
0.0023447747
0.0023077374
0.0022701654
0.0022319212
0.0021930342
0.0021536213
0.0021137845
0.0020735498
0.0020328789
0.0019917352
0.0019501189
0.0019080223
0.0018654193
0.0018223026
0.0017786645
0.0017344725
0.0016897012
0.0016443267
0.0015983126
0.0015516371
0.0015042682
0.0014561659
0.001407308
0.0013576454
0.0013071394
0.0012557305
0.0012034307
0.0011500924
0.0010955009
0.001039634
0.00098241888
0.00092304698
0.00086487761
0.00081029586
0.00075486531
0.00069632645
0.0006363294
0.0005768112
0.00051829618
0.00046045817
0.00040467713
0.00034919477
0.00030513811
0.00024989796
0.0003005255
-8.4521303e-05
0.0050231144
0.0049975905
0.0049675409
0.0049312369
0.0048873203
0.0048360188
0.0047782316
0.0047148019
0.0046464871
0.0045741268
0.0044986859
0.004421195
0.0043426902
0.0042641778
0.0041866058
0.0041108226
0.0040375257
0.0039672139
0.0039001603
0.0038364163
0.0037758468
0.0037181861
0.0036631009
0.0036102426
0.0035592841
0.0035099403
0.0034619786
0.0034152185
0.003369522
0.0033247759
0.0032808739
0.0032377045
0.0031951503
0.0031530968
0.0031114489
0.0030701476
0.0030291807
0.0029885783
0.0029483959
0.0029086906
0.0028694998
0.0028308263
0.0027926339
0.0027548547
0.0027174036
0.0026801861
0.0026430971
0.0026060272
0.0025688889
0.002531646
0.0024943242
0.0024570108
0.0024198292
0.0023828404
0.0023459209
0.0023087798
0.0022711327
0.0022328433
0.0021939307
0.0021544979
0.002114638
0.0020743767
0.0020336801
0.0019925136
0.0019508743
0.001908755
0.0018661312
0.0018229934
0.0017793333
0.0017351202
0.001690328
0.0016449326
0.001598899
0.0015522038
0.0015048158
0.0014566958
0.0014078197
0.0013581405
0.0013076186
0.0012561968
0.0012038788
0.001150527
0.0010959379
0.0010400776
0.0009828857
0.00092366195
0.00086553736
0.00081075434
0.0007552704
0.00069676144
0.00063678969
0.00057725909
0.00051870531
0.00046082302
0.00040493905
0.00034940348
0.00030487009
0.00025060414
0.00029189505
-7.2844433e-05
0.0049718514
0.004947519
0.0049190627
0.0048848586
0.0048436546
0.0047956154
0.0047414917
0.004681987
0.0046177459
0.004549507
0.0044781358
0.004404567
0.0043297488
0.0042546103
0.004180034
0.0041068184
0.004035633
0.0039669768
0.0039011525
0.0038382664
0.0037782537
0.0037209231
0.003666009
0.0036132185
0.0035622659
0.0035128948
0.0034648894
0.0034180769
0.0033723206
0.003327507
0.0032835306
0.0032402837
0.0031976553
0.003155538
0.0031138424
0.0030725109
0.0030315272
0.0029909134
0.0029507153
0.0029109816
0.0028717448
0.0028330065
0.0027947337
0.0027568635
0.0027193157
0.002682
0.0026448169
0.002607664
0.0025704584
0.0025331633
0.0024957996
0.0024584431
0.0024211996
0.0023841189
0.0023470889
0.0023098455
0.0022721231
0.0022337871
0.0021948473
0.0021553935
0.00211551
0.0020752219
0.0020344995
0.0019933097
0.0019516473
0.001909505
0.00186686
0.001823701
0.0017800187
0.0017357842
0.0016909707
0.0016455542
0.0015995006
0.0015527856
0.0015053782
0.00145724
0.0014083456
0.0013586494
0.0013081115
0.0012566763
0.0012043403
0.0011509752
0.0010963882
0.0010405356
0.00098336495
0.00092429081
0.00086620797
0.00081122787
0.00075568942
0.00069720677
0.00063726014
0.00057771667
0.00051912238
0.00046119335
0.0004052023
0.00034961105
0.00030459811
0.00025118105
0.00028345616
-6.1704368e-05
0.0049218741
0.004898655
0.0048716656
0.0048393908
0.0048006824
0.0047556554
0.0047049347
0.0046491028
0.0045887028
0.0045243781
0.0044568989
0.0043871071
0.0043158653
0.0042440268
0.0041724097
0.0041017629
0.0040327263
0.003965794
0.0039012906
0.0038393673
0.0037800198
0.0037231225
0.0036684724
0.0036158294
0.003564949
0.0035156042
0.0034675979
0.0034207672
0.0033749795
0.0033301228
0.0032860935
0.0032427882
0.003200102
0.0031579346
0.0031162016
0.0030748471
0.0030338518
0.0029932304
0.00295302
0.0029132618
0.0028739832
0.002835185
0.0027968365
0.0027588798
0.0027212391
0.0026838287
0.0026465544
0.0026093203
0.0025720479
0.0025347002
0.0024972931
0.0024598918
0.002422586
0.0023854155
0.002348278
0.0023109339
0.0022731361
0.0022347524
0.0021957839
0.0021563079
0.0021164005
0.0020760855
0.0020353371
0.0019941237
0.001952438
0.0019102726
0.001867606
0.0018244255
0.0017807208
0.0017364645
0.0016916296
0.0016461917
0.0016001178
0.0015533826
0.0015059555
0.0014577989
0.0014088859
0.0013591724
0.0013086181
0.0012571692
0.0012048156
0.0011514372
0.0010968521
0.001041008
0.00098386066
0.0009249315
0.00086688888
0.00081171617
0.00075612275
0.00069766277
0.00063774091
0.00057818396
0.00051954734
0.00046156892
0.00040546685
0.00034981721
0.00030431749
0.00025162988
0.00027519981
-5.1116576e-05
0.004873116
0.0048509387
0.0048253042
0.004794807
0.0047583984
0.0047161542
0.0046685929
0.004616193
0.0045594074
0.0044987915
0.004435025
0.0043688612
0.0043010799
0.0042324606
0.0041637584
0.0040956728
0.0040288124
0.0039636623
0.0039005617
0.003839698
0.0037811178
0.0037247535
0.0036704588
0.0036180435
0.0035673032
0.0035180407
0.0034700791
0.0034232675
0.0033774794
0.0033326061
0.0032885473
0.0032452042
0.0032024781
0.0031602753
0.0031185164
0.0030771476
0.0030361467
0.0029955224
0.002955304
0.0029155257
0.0028762101
0.0028373571
0.0027989383
0.0027608998
0.0027231706
0.0026856694
0.0026483072
0.002610994
0.0025736557
0.0025362551
0.0024988033
0.0024613557
0.0024239874
0.0023867292
0.0023494872
0.0023120445
0.0022741715
0.002235739
0.0021967402
0.0021572409
0.0021173091
0.0020769673
0.0020361927
0.0019949554
0.0019532463
0.0019110576
0.0018683691
0.0018251669
0.0017814397
0.0017371613
0.0016923047
0.0016468452
0.0016007507
0.001553995
0.001506548
0.0014583726
0.0014094407
0.0013597097
0.0013091389
0.0012576759
0.0012053049
0.0011519134
0.00109733
0.0010414954
0.00098437354
0.00092558299
0.00086758032
0.00081221964
0.0007565706
0.00069812985
0.00063823222
0.00057866103
0.00051998016
0.0004619495
0.00040573266
0.00035002162
0.00030402618
0.0002519526
0.00026718005
-4.1118069e-05
0.0048255149
0.0048043144
0.0047799352
0.0047510799
0.0047167938
0.0046771221
0.0046324931
0.0045832966
0.0045299062
0.0044727968
0.0044125637
0.004349876
0.0042854347
0.0042199478
0.0041541087
0.004088568
0.0040239017
0.0039605819
0.0038989564
0.0038392405
0.0037815231
0.0037257873
0.0036719374
0.0036198297
0.0035692986
0.0035201765
0.0034723078
0.003425555
0.0033798
0.0033349389
0.0032908759
0.0032475172
0.0032047704
0.0031625482
0.0031207763
0.0030794027
0.0030384035
0.002997782
0.0029575607
0.0029177673
0.0028784202
0.0028395181
0.0028010345
0.0027629196
0.0027251067
0.0026875188
0.0026500722
0.0026126825
0.0025752794
0.002537826
0.0025003287
0.0024628335
0.0024254029
0.002388059
0.0023507157
0.0023131764
0.0022752285
0.0022367463
0.002197716
0.0021581924
0.0021182358
0.0020778671
0.0020370662
0.0019958047
0.0019540721
0.0019118601
0.0018691495
0.0018259253
0.0017821754
0.0017378748
0.0016929962
0.0016475148
0.0016013994
0.0015546231
0.0015071558
0.0014589613
0.0014100104
0.0013602616
0.001309674
0.0012581966
0.0012058085
0.0011524041
0.0010978221
0.001041998
0.00098490359
0.00092624542
0.00086828266
0.00081273995
0.00075703194
0.00069860789
0.00063873418
0.00057914793
0.0005204208
0.00046233497
0.0004059988
0.00035022863
0.0003037116
0.00025214694
0.00025940562
-3.1720677e-05
0.004779013
0.0047587296
0.0047355166
0.0047081816
0.0046758574
0.0046385652
0.0045966571
0.0045504479
0.0045002419
0.0044464414
0.0043895636
0.004330199
0.0042689734
0.0042065265
0.0041434918
0.0040804714
0.0040180076
0.0039565565
0.0038964686
0.0038379798
0.003781214
0.003726197
0.0036728787
0.0036211578
0.0035709054
0.0035219834
0.0034742578
0.0034276063
0.0033819202
0.0033371023
0.0032930621
0.0032497116
0.0032069648
0.0031647406
0.0031229697
0.0030816022
0.003040613
0.0030000012
0.0029597829
0.0029199802
0.0028806075
0.0028416626
0.0028031204
0.0027649348
0.0027270434
0.0026893736
0.0026518465
0.002614383
0.0025769167
0.0025394107
0.0025018673
0.0024643239
0.0024268311
0.0023894039
0.0023519624
0.0023143287
0.0022763065
0.002237774
0.0021987108
0.0021591621
0.0021191803
0.0020787847
0.0020379574
0.0019966716
0.0019549154
0.00191268
0.001869947
0.0018267007
0.001782928
0.0017386049
0.0016937042
0.0016482008
0.0016020642
0.0015552669
0.0015077792
0.0014595653
0.0014105952
0.0013608282
0.0013102237
0.0012587316
0.0012063266
0.0011529096
0.0010983289
0.0010425161
0.00098545096
0.00092691912
0.00086899579
0.00081328047
0.00075750502
0.00069909634
0.00063924671
0.00057964462
0.00052086919
0.00046272514
0.00040626485
0.00035043674
0.00030334986
0.00025220531
0.00025185732
-2.2889308e-05
0.0047335564
0.0047141353
0.0046920084
0.004666084
0.0046355757
0.004600486
0.0045611027
0.004517677
0.0044704537
0.0044197702
0.0043660724
0.0043098774
0.0042517407
0.0041922367
0.0041319412
0.0040714088
0.004011147
0.003951593
0.0038930955
0.0038359045
0.0037801715
0.0037259584
0.003673255
0.0036219985
0.0035720945
0.0035234334
0.0034759031
0.0034293971
0.003383818
0.0033390763
0.0032950879
0.0032517712
0.0032090465
0.003166839
0.0031250844
0.0030837352
0.0030427657
0.0030021712
0.0029619628
0.0029221574
0.0028827659
0.0028437848
0.0028051906
0.0027669406
0.0027289765
0.0026912299
0.0026536266
0.0026160925
0.0025785649
0.002541007
0.0025034172
0.002465825
0.0024282707
0.0023907624
0.0023532261
0.0023155005
0.0022774047
0.0022388212
0.0021997242
0.0021601494
0.0021201422
0.0020797197
0.002038866
0.0019975559
0.0019557761
0.0019135171
0.0018707616
0.001827493
0.0017836975
0.0017393517
0.0016944287
0.0016489031
0.001602745
0.0015559266
0.0015084183
0.0014601847
0.0014111952
0.0013614099
0.0013107882
0.0012592811
0.0012068596
0.0011534302
0.0010988507
0.0010430501
0.00098601579
0.00092760436
0.0008697197
0.00081384306
0.00075798862
0.00069959509
0.00063976992
0.00058015112
0.00052132525
0.0004631196
0.00040653115
0.00035063589
0.00030296787
0.00025209827
0.00024446329
-1.4571883e-05
0.0046890944
0.0046704849
0.0046493719
0.0046247589
0.0045959337
0.0045628838
0.0045258433
0.00448501
0.0044405774
0.0043928257
0.0043421359
0.004288958
0.0042337817
0.0041771197
0.0041194926
0.0040614083
0.0040033394
0.0039457017
0.0038888378
0.0038330063
0.0037783797
0.0037250498
0.0036730406
0.0036223241
0.0035728376
0.0035244986
0.0034772171
0.003430903
0.0033854709
0.0033408404
0.0032969346
0.0032536787
0.0032109996
0.003168829
0.0031271073
0.00308579
0.0030448509
0.0030042827
0.0029640921
0.0029242913
0.0028848884
0.0028458785
0.0028072396
0.002768932
0.0027309013
0.0026930834
0.0026554087
0.0026178076
0.0025802209
0.0025426121
0.0025049762
0.0024673351
0.00242972
0.0023921331
0.0023545053
0.0023166905
0.0022785221
0.0022398874
0.0022007556
0.002161154
0.0021211211
0.0020806718
0.0020397918
0.0019984572
0.0019566538
0.0019143714
0.0018715932
0.0018283023
0.0017844839
0.0017401153
0.0016951698
0.0016496219
0.0016034421
0.0015566024
0.0015090732
0.0014608196
0.0014118106
0.0013620068
0.0013113678
0.0012598455
0.0012074077
0.0011539662
0.0010993878
0.0010436003
0.00098659824
0.00092830138
0.00087045456
0.0008144277
0.0007584826
0.00070010451
0.00064030403
0.00058066744
0.00052178887
0.00046351816
0.00040679687
0.00035082279
0.00030257256
0.00025182397
0.00023723567
-6.7642169e-06
0.0046455793
0.0046277348
0.0046075701
0.0045841783
0.0045569149
0.0045257557
0.0044908894
0.0044524693
0.0044106454
0.0043656473
0.0043177983
0.0042674868
0.0042151417
0.004161218
0.0041061834
0.0040505007
0.0039946073
0.0039388959
0.0038836995
0.0038292802
0.0037758257
0.003723452
0.003672212
0.0036221083
0.0035731071
0.0035251518
0.0034781736
0.0034320992
0.003386856
0.0033423733
0.0032985825
0.003255416
0.0032128077
0.0031706954
0.0031290248
0.003087754
0.0030468575
0.0030063257
0.0029661617
0.002926374
0.0028869676
0.002847937
0.0028092612
0.0027709033
0.0027328128
0.0026949297
0.0026571887
0.0026195246
0.0025818814
0.0025442232
0.0025065416
0.0024688521
0.0024311772
0.0023935143
0.0023557985
0.0023178973
0.0022796576
0.0022409715
0.0022018043
0.0021621753
0.0021221164
0.0020816405
0.0020407344
0.0019993753
0.0019575483
0.0019152425
0.0018724416
0.0018291283
0.001785287
0.0017408955
0.0016959275
0.0016503571
0.0016041555
0.0015572943
0.001509744
0.0014614704
0.0014124415
0.0013626191
0.0013119626
0.0012604249
0.0012079711
0.0011545179
0.0010999405
0.0010441668
0.00098719838
0.0009290104
0.0008712004
0.00081503443
0.00075898727
0.0007006248
0.00064084911
0.00058119352
0.0005222599
0.00046392044
0.00040706164
0.00035099448
0.00030215356
0.00025139148
0.00023020795
5.2696196e-07
0.0046029661
0.0045858434
0.0045665674
0.0045443147
0.0045185022
0.0044890965
0.0044562484
0.004420074
0.0043806866
0.0043382721
0.0042931018
0.0042455087
0.0041958658
0.0041445743
0.0040920522
0.0040387185
0.0039849756
0.0039311919
0.0038776877
0.0038247245
0.0037725001
0.003721149
0.0036707482
0.0036213267
0.0035728771
0.0035253665
0.0034787465
0.0034329606
0.0033879496
0.0033436532
0.0033000115
0.0032569645
0.0032144535
0.0031724224
0.0031308221
0.0030896141
0.0030487735
0.0030082894
0.0029681621
0.0029283966
0.0028889957
0.002849953
0.0028112487
0.0027728485
0.0027347055
0.0026967636
0.002658962
0.0026212394
0.0025835429
0.0025458372
0.0025081109
0.0024703735
0.0024326404
0.0023949043
0.0023571041
0.0023191194
0.00228081
0.0022420726
0.0022028694
0.0021632125
0.0021231276
0.0020826253
0.0020416932
0.0020003097
0.0019584593
0.0019161303
0.0018733067
0.0018299709
0.0017861068
0.0017416924
0.0016967018
0.0016511089
0.0016048852
0.0015580025
0.0015104309
0.0014621369
0.0014130883
0.001363247
0.0013125729
0.0012610196
0.0012085501
0.0011550854
0.0011005092
0.00104475
0.00098781633
0.00092973167
0.00087195723
0.00081566366
0.00075950303
0.0007011558
0.000641405
0.00058172929
0.00052273822
0.00046432614
0.00040732484
0.00035115045
0.00030171033
0.0002507942
0.00022339324
7.297963e-06
0.0045612125
0.0045447714
0.0045263295
0.0045051408
0.0044806775
0.0044528993
0.0044219251
0.0043878403
0.0043507273
0.0043107341
0.0042680864
0.0042230671
0.0041759985
0.0041272319
0.0040771386
0.0040260958
0.0039744715
0.0039226088
0.0038708129
0.003819341
0.0037683964
0.0037181274
0.0036686305
0.0036199571
0.0035721229
0.003525117
0.0034789102
0.0034334626
0.0033887282
0.0033446578
0.0033012006
0.0032583048
0.0032159188
0.0031739932
0.0031324841
0.0030913564
0.0030505864
0.0030101626
0.0029700828
0.0029303498
0.002890964
0.0028519187
0.002813195
0.002774761
0.0027365734
0.0026985799
0.0026607237
0.0026229475
0.0025852013
0.0025474504
0.0025096809
0.0024718969
0.0024341073
0.0023963009
0.00235842
0.0023203552
0.0022819777
0.0022431895
0.00220395
0.0021642648
0.0021241539
0.0020836255
0.0020426677
0.00200126
0.0019593863
0.0019170343
0.001874188
0.0018308299
0.0017869431
0.0017425058
0.0016974925
0.001651877
0.0016056313
0.0015587268
0.001511134
0.0014628195
0.0014137508
0.0013638906
0.0013131988
0.0012616298
0.0012091449
0.0011556691
0.0011010941
0.0010453501
0.00098845213
0.00093046538
0.00087272489
0.0008163151
0.00076003119
0.00070169749
0.00064197147
0.00058227456
0.00052322359
0.00046473483
0.00040758579
0.00035128986
0.0003012384
0.00025005138
0.00021680195
1.3544855e-05
0.0045202782
0.0045044813
0.0044868236
0.0044666299
0.0044434227
0.004417156
0.0043879222
0.0043557814
0.0043207905
0.0042830647
0.0042427896
0.0042002037
0.0041555831
0.0041092337
0.0040614828
0.0040126682
0.0039631242
0.003913168
0.0038630881
0.0038131343
0.0037635114
0.0037143771
0.003665843
0.0036179794
0.0035708218
0.0035243789
0.0034786399
0.0034335805
0.0033891681
0.0033453645
0.0033021286
0.0032594168
0.0032171851
0.0031753906
0.0031339948
0.0030929661
0.0030522828
0.003011933
0.0029719131
0.0029322236
0.0028928637
0.0028538259
0.0028150925
0.002776634
0.0027384102
0.0027003728
0.0026624685
0.0026246442
0.0025868524
0.0025490592
0.0025112483
0.0024734194
0.0024355754
0.002397702
0.0023597443
0.0023216028
0.0022831593
0.0022443209
0.002205045
0.0021653312
0.0021251945
0.0020846403
0.0020436573
0.0020022257
0.0019603289
0.0019179542
0.0018750855
0.0018317051
0.0017877956
0.0017433355
0.0016982995
0.0016526616
0.0016063937
0.0015594674
0.0015118532
0.0014635181
0.0014144294
0.0013645501
0.0013138405
0.0012622558
0.0012097558
0.0011562693
0.0011016955
0.0010459673
0.00098910587
0.00093121175
0.00087350369
0.00081698537
0.00076057429
0.00070225078
0.00064254866
0.00058282931
0.00052371587
0.00046514615
0.00040784398
0.00035141103
0.00030073679
0.00024916376
0.00021044919
1.9285839e-05
0.0044801252
0.0044649378
0.004448018
0.0044287561
0.0044067192
0.0043818572
0.0043542404
0.0043239084
0.0042908966
0.0042552925
0.0042172467
0.0041769583
0.0041346621
0.004090622
0.0040451253
0.0039984721
0.0039509644
0.0039028935
0.0038545294
0.0038061123
0.0037578451
0.003709891
0.0036623728
0.0036153757
0.0035689526
0.0035231294
0.0034779118
0.0034332904
0.0033892457
0.0033457507
0.0033027738
0.0032602801
0.003218233
0.0031765965
0.0031353373
0.0030944279
0.0030538486
0.0030135878
0.0029736411
0.0029340075
0.0028946849
0.0028556656
0.002816933
0.0027784598
0.002740209
0.0027021358
0.0026641908
0.0026263243
0.0025884915
0.0025506593
0.0025128095
0.0024749378
0.002437042
0.0023991049
0.0023610746
0.0023228599
0.0022843527
0.002245465
0.0022061529
0.0021664107
0.0021262483
0.0020856689
0.0020446612
0.002003206
0.0019612865
0.0019188893
0.0018759984
0.001832596
0.001788664
0.0017441813
0.0016991227
0.0016534623
0.0016071722
0.0015602242
0.0015125886
0.0014642327
0.0014151239
0.0013652255
0.0013144981
0.0012628976
0.0012103828
0.001156886
0.0011023137
0.0010466018
0.0009897775
0.00093197083
0.00087429373
0.00081767125
0.00076113459
0.00070281632
0.00064313647
0.00058339335
0.00052421476
0.00046555958
0.00040809863
0.00035151259
0.00030020298
0.00024813839
0.00020435336
2.453125e-05
0.0044407173
0.0044261069
0.0044098825
0.0043914939
0.0043705484
0.0043469928
0.0043208791
0.00429223
0.0042610636
0.0042274437
0.0041914907
0.0041533689
0.0041132762
0.0040714388
0.0040281066
0.0039835449
0.0039380245
0.0038918109
0.0038451553
0.0037982857
0.0037514005
0.003704665
0.0036582095
0.0036121311
0.0035664965
0.003521347
0.0034767029
0.0034325689
0.0033889378
0.0033457936
0.0033031143
0.0032608738
0.0032190429
0.0031775923
0.0031364945
0.0030957258
0.0030552691
0.0030151137
0.0029752547
0.0029356902
0.0028964173
0.0028574284
0.0028187078
0.0027802305
0.0027419624
0.0027038622
0.0026658843
0.0026279821
0.0025901136
0.0025522463
0.0025143607
0.0024764487
0.0024385041
0.0024005072
0.0023624084
0.0023241244
0.0022855561
0.0022466205
0.0022072725
0.0021675021
0.0021273145
0.0020867104
0.0020456785
0.0020042002
0.0019622586
0.0019198393
0.0018769265
0.0018335023
0.0017895482
0.001745043
0.001699962
0.0016542792
0.001607967
0.0015609972
0.0015133402
0.0014649636
0.0014158347
0.0013659171
0.0013151719
0.0012635556
0.0012110263
0.0011575197
0.001102949
0.0010472539
0.00099046716
0.00093274294
0.00087509498
0.00081837298
0.00076171335
0.00070339429
0.0006437347
0.00058396653
0.00052472007
0.00046597477
0.00040834917
0.00035159338
0.00029963442
0.00024698559
0.00019854028
2.9285777e-05
0.0044020201
0.0043879564
0.004372388
0.0043548188
0.0043348918
0.0043125519
0.0042878359
0.0042607531
0.0042313071
0.004199542
0.004165552
0.0041294712
0.0040914646
0.0040517245
0.0040104667
0.003967924
0.0039243376
0.003879948
0.0038349865
0.0037896678
0.0037441835
0.0036986979
0.0036533459
0.0036082329
0.003563437
0.0035190122
0.003474992
0.0034313937
0.0033882217
0.0033454707
0.0033031283
0.0032611767
0.0032195945
0.0031783591
0.0031374483
0.0030968431
0.0030565289
0.0030164964
0.0029767408
0.0029372597
0.00289805
0.0028591041
0.0028204075
0.0027819373
0.0027436624
0.0027055448
0.0026675421
0.0026296114
0.0025917129
0.0025538151
0.0025158972
0.0024779482
0.0024399581
0.0024019054
0.0023637427
0.0023253935
0.002286767
0.002247785
0.0022084019
0.0021686038
0.0021283914
0.0020877634
0.0020467081
0.0020052073
0.001963244
0.0019208032
0.001877869
0.0018344232
0.0017904473
0.00174592
0.0017008168
0.0016551117
0.0016087776
0.0015617861
0.0015141076
0.0014657104
0.0014165613
0.0013666247
0.0013158617
0.0012642296
0.0012116862
0.0011581702
0.0011036013
0.0010479235
0.00099117455
0.00093352794
0.00087590718
0.00081909035
0.00076231032
0.00070398436
0.00064434289
0.00058454841
0.00052523132
0.00046639103
0.00040859466
0.00035165207
0.00029902837
0.00024571583
0.00019303941
3.3555039e-05
0.0043640009
0.0043504555
0.0043355065
0.0043187067
0.0042997312
0.0042785234
0.0042551079
0.0042294829
0.0042016407
0.0041716088
0.004139459
0.0041052991
0.004069265
0.0040315187
0.0039922452
0.0039516472
0.0039099379
0.0038673336
0.0038240458
0.0037802746
0.0037362029
0.0036919917
0.0036477774
0.0036036712
0.0035597597
0.0035161074
0.0034727591
0.0034297434
0.0033870754
0.0033447601
0.003302794
0.0032611678
0.0032198675
0.0031788773
0.0031381806
0.0030977627
0.0030576121
0.0030177212
0.0029780859
0.0029387038
0.0028995716
0.0028606822
0.0028220225
0.0027835715
0.0027453009
0.0027071759
0.0026691577
0.0026312062
0.0025932841
0.0025553608
0.0025174149
0.0024794325
0.0024414009
0.0024032967
0.0023650748
0.0023266648
0.0022879833
0.0022489568
0.0022095397
0.0021697145
0.0021294782
0.0020888271
0.0020477492
0.0020062268
0.0019642424
0.0019217807
0.0018788255
0.0018353588
0.0017913614
0.0017468123
0.0017016871
0.0016559602
0.0016096042
0.0015625911
0.0015148914
0.0014664734
0.0014173044
0.0013673487
0.001316568
0.0012649202
0.001212363
0.0011588381
0.0011042713
0.0010486111
0.00099190009
0.00093432637
0.00087673081
0.00081982368
0.00076292591
0.00070458721
0.00064496141
0.00058513923
0.00052574859
0.00046680824
0.00040883473
0.00035168817
0.00029838427
0.00024433946
0.00018786529
3.7355005e-05
0.0043266283
0.0043135745
0.0042992109
0.0042831342
0.0042650482
0.0042448955
0.0042226904
0.0041984228
0.0041720758
0.004143663
0.0041132374
0.0040808838
0.0040467128
0.0040108595
0.0039734807
0.0039347519
0.00389486
0.0038539979
0.0038123577
0.0037701243
0.0037274703
0.0036845511
0.0036415026
0.0035984389
0.0035554529
0.0035126173
0.0034699861
0.003427598
0.0033854779
0.00334364
0.0033020897
0.0032608256
0.0032198412
0.003179127
0.0031386722
0.0030984666
0.0030585019
0.0030187725
0.0029792754
0.0029400087
0.0029009694
0.002862151
0.0028235417
0.0027851227
0.0027468683
0.0027087468
0.0026707225
0.0026327586
0.00259482
0.0025568771
0.0025189079
0.0024808965
0.0024428276
0.0024046768
0.0023664007
0.0023279345
0.0022892015
0.0022501328
0.002210683
0.0021708316
0.0021305724
0.0020898993
0.0020487998
0.0020072566
0.0019652519
0.00192277
0.0018797946
0.0018363074
0.0017922891
0.0017477186
0.0017025719
0.0016568232
0.0016104457
0.0015634112
0.0015156904
0.0014672519
0.0014180629
0.0013680883
0.00131729
0.0012656267
0.0012130562
0.0011595229
0.0011049584
0.0010493162
0.00099264292
0.00093513753
0.00087756514
0.00082057208
0.00076355933
0.00070520236
0.00064558936
0.00058573796
0.00052627084
0.00046722517
0.000409068
0.00035169994
0.00029770319
0.00024286788
0.0001830064
4.0700914e-05
0.0042898736
0.0042772864
0.0042634763
0.0042480797
0.0042308256
0.0042116567
0.0041905791
0.0041675757
0.0041426227
0.0041157222
0.0040869112
0.0040562549
0.004023842
0.0039897833
0.0039542109
0.003917275
0.0038791384
0.0038399719
0.0037999483
0.003759237
0.0037179992
0.0036763834
0.0036345225
0.0035925316
0.0035505074
0.0035085285
0.0034666569
0.0034249394
0.0033834096
0.0033420903
0.0033009949
0.0032601297
0.0032194954
0.0031790889
0.0031389047
0.0030989374
0.0030591819
0.0030196351
0.0029802954
0.0029411617
0.0029022316
0.0028634997
0.0028249553
0.0027865818
0.0027483562
0.0027102497
0.0026722298
0.0026342626
0.0025963151
0.0025583591
0.002520372
0.0024823365
0.0024442353
0.0024060429
0.002367718
0.0023292005
0.00229042
0.0022513118
0.0022118309
0.0021719547
0.0021316736
0.0020909797
0.0020498599
0.0020082969
0.0019662729
0.0019237717
0.0018807767
0.0018372697
0.0017932311
0.0017486398
0.0017034719
0.001657702
0.0016113032
0.0015642476
0.0015165059
0.001468047
0.0014188383
0.0013688448
0.0013180292
0.0012663505
0.001213767
0.0011602259
0.001105664
0.00105004
0.00099340423
0.00093596277
0.00087841143
0.00082133661
0.00076421174
0.00070583118
0.00064622775
0.00058634543
0.0005267988
0.00046764238
0.00040929481
0.00035168768
0.00029698812
0.00024131222
0.00017845165
4.361801e-05
0.0042537062
0.0042415631
0.0042282772
0.0042135207
0.0041970455
0.0041787947
0.0041587677
0.0041369424
0.0041132893
0.0040878013
0.004060502
0.0040314399
0.0040006843
0.0039683252
0.0039344725
0.0038992533
0.0038628084
0.0038252876
0.0037868451
0.0037476349
0.003707806
0.0036674987
0.0036268412
0.0035859475
0.0035449162
0.00350383
0.0034627567
0.0034217499
0.0033808509
0.0033400899
0.0032994879
0.0032590583
0.0032188085
0.0031787415
0.0031388573
0.0030991549
0.003059633
0.0030202909
0.0029811288
0.0029421466
0.0029033431
0.0028647137
0.0028262496
0.002787936
0.0027497525
0.0027116733
0.0026736688
0.0026357079
0.00259776
0.002559798
0.0025217992
0.0024837452
0.002445617
0.0024073887
0.0023690206
0.0023304571
0.0022916333
0.0022524885
0.0022129787
0.0021730791
0.0021327777
0.0020920644
0.0020509256
0.0020093439
0.0019673017
0.0019247822
0.0018817686
0.0018382425
0.0017941843
0.0017495728
0.0017043844
0.0016585937
0.001612174
0.0015650976
0.0015173353
0.0014688563
0.001419628
0.001369616
0.0013187832
0.0012670895
0.0012144934
0.0011609449
0.0011063861
0.0010507804
0.00099418175
0.0009368
0.00087926758
0.00082211501
0.00076488094
0.00070647177
0.00064687432
0.00058695929
0.00052733008
0.00046805734
0.00040951251
0.00035164898
0.00029623922
0.0002396798
0.00017418518
4.6131683e-05
0.0039569065
0.0040780503
0.0043015894
0.004559255
0.0048573456
0.0052109262
0.005634608
0.0061691611
0.0068807654
0.0080703915
0.0039568976
0.0040780313
0.0043015535
0.0045591813
0.0048571789
0.0052105361
0.0056335806
0.0061652076
0.0068635166
0.0078830638
0.0039568798
0.0040779933
0.0043014802
0.004559029
0.0048568352
0.0052097207
0.0056314313
0.0061572282
0.0068304344
0.0076809434
0.0039568517
0.0040779336
0.0043013641
0.0045587875
0.0048562932
0.0052084314
0.0056280269
0.0061452496
0.0067856061
0.0075060507
0.003956812
0.0040778503
0.0043012015
0.0045584491
0.004855535
0.0052066301
0.0056232496
0.0061296757
0.0067316369
0.0073500451
0.0039567597
0.0040777414
0.0043009878
0.0045580047
0.0048545411
0.0052042683
0.0056170523
0.0061106447
0.0066725957
0.0072060454
0.0039566936
0.0040776046
0.0043007184
0.0045574443
0.0048532908
0.005201302
0.005609391
0.0060883592
0.0066110172
0.0070707592
0.0039566123
0.0040774373
0.0043003881
0.0045567578
0.0048517618
0.0051976903
0.005600216
0.0060631515
0.0065473336
0.0069427765
0.0039565144
0.0040772371
0.0042999916
0.004555934
0.0048499318
0.0051933905
0.0055895071
0.0060352345
0.0064820056
0.0068214943
0.0039563984
0.0040770011
0.0042995229
0.0045549613
0.004847777
0.0051883628
0.0055772493
0.0060048147
0.0064155089
0.0067063276
0.0039562626
0.0040767262
0.0042989758
0.0045538274
0.0048452735
0.0051825694
0.0055634366
0.0059721018
0.0063482474
0.006596718
0.0039561052
0.0040764093
0.0042983438
0.0045525191
0.0048423962
0.0051759745
0.005548073
0.0059373008
0.0062805596
0.0064921777
0.0039559243
0.0040760469
0.0042976197
0.0045510228
0.00483912
0.0051685447
0.0055311719
0.0059006097
0.0062127323
0.0063922803
0.0039557178
0.0040756353
0.004296796
0.004549324
0.0048354194
0.0051602499
0.005512755
0.0058622194
0.0061450075
0.0062966485
0.0039554835
0.0040751707
0.0042958647
0.0045474077
0.0048312685
0.0051510626
0.005492852
0.0058223135
0.0060775878
0.0062049477
0.0039552191
0.0040746488
0.0042948174
0.0045452582
0.0048266417
0.0051409591
0.0054714999
0.0057810675
0.0060106417
0.0061168802
0.003954922
0.0040740652
0.004293645
0.0045428592
0.0048215134
0.0051299188
0.0054487423
0.0057386485
0.0059443082
0.0060321808
0.0039545894
0.0040734152
0.0042923381
0.0045401937
0.0048158583
0.0051179254
0.0054246285
0.005695215
0.0058787005
0.0059506126
0.0039542184
0.0040726937
0.0042908867
0.0045372444
0.0048096519
0.0051049661
0.0053992134
0.0056509164
0.0058139102
0.0058719628
0.0039538058
0.0040718953
0.0042892803
0.0045339933
0.0048028701
0.0050910322
0.0053725562
0.0056058934
0.00575001
0.0057960403
0.0039533484
0.0040710144
0.0042875077
0.0045304219
0.0047954899
0.0050761193
0.00534472
0.0055602776
0.0056870568
0.0057226722
0.0039528424
0.0040700448
0.0042855574
0.0045265116
0.0047874894
0.0050602268
0.0053157711
0.0055141917
0.0056250938
0.0056517019
0.0039522841
0.0040689803
0.0042834173
0.0045222434
0.004778848
0.0050433585
0.0052857784
0.0054677497
0.005564153
0.0055829872
0.0039516693
0.004067814
0.0042810747
0.0045175979
0.0047695466
0.0050255222
0.0052548125
0.0054210569
0.0055042566
0.0055163978
0.0039509936
0.0040665387
0.0042785164
0.0045125559
0.0047595676
0.0050067297
0.0052229455
0.0053742102
0.0054454188
0.0054518147
0.0039502523
0.0040651468
0.0042757287
0.004507098
0.0047488955
0.0049869966
0.0051902498
0.0053272988
0.0053876471
0.0053891284
0.0039494403
0.0040636305
0.0042726975
0.0045012049
0.0047375166
0.0049663424
0.0051567983
0.0052804037
0.0053309431
0.005328238
0.0039485525
0.0040619813
0.0042694082
0.0044948575
0.0047254194
0.00494479
0.0051226634
0.0052335988
0.0052753038
0.0052690501
0.003947583
0.0040601903
0.0042658457
0.0044880371
0.0047125947
0.0049223657
0.0050879165
0.0051869507
0.0052207222
0.0052114782
0.0039465258
0.0040582483
0.0042619946
0.0044807255
0.0046990355
0.0048990989
0.005052628
0.0051405195
0.0051671877
0.0051554418
0.0039453745
0.0040561455
0.0042578391
0.0044729049
0.0046847374
0.0048750218
0.0050168663
0.0050943588
0.0051146872
0.0051008659
0.0039441222
0.0040538719
0.0042533631
0.0044645584
0.0046696985
0.0048501691
0.0049806981
0.0050485164
0.0050632051
0.0050476804
0.0039427617
0.0040514168
0.0042485504
0.0044556697
0.0046539194
0.0048245778
0.0049441876
0.0050030342
0.0050127239
0.0049958193
0.0039412852
0.0040487692
0.0042433844
0.0044462236
0.0046374033
0.0047982868
0.0049073964
0.0049579492
0.0049632243
0.0049452211
0.0039396845
0.0040459175
0.0042378486
0.0044362062
0.0046201561
0.0047713367
0.0048703835
0.004913293
0.0049146857
0.0048958274
0.003937951
0.00404285
0.0042319263
0.0044256044
0.0046021861
0.004743769
0.0048332047
0.0048690929
0.0048670865
0.0048475833
0.0039360756
0.0040395543
0.004225601
0.0044144068
0.0045835041
0.0047156265
0.004795913
0.0048253719
0.0048204039
0.0048004368
0.0039340486
0.0040360177
0.0042188562
0.0044026032
0.0045641234
0.0046869526
0.0047585578
0.0047821487
0.0047746145
0.0047543386
0.0039318597
0.0040322272
0.0042116757
0.0043901851
0.0045440595
0.0046577907
0.0047211856
0.0047394387
0.0047296942
0.0047092419
0.0039294982
0.0040281692
0.0042040437
0.0043771457
0.0045233303
0.0046281845
0.0046838394
0.0046972536
0.0046856187
0.0046651021
0.0039269529
0.0040238302
0.0041959447
0.0043634797
0.0045019555
0.0045981773
0.0046465589
0.0046556019
0.0046423631
0.0046218768
0.0039242117
0.004019196
0.0041873637
0.0043491837
0.0044799569
0.0045678117
0.0046093805
0.0046144892
0.0045999022
0.0045795256
0.0039212622
0.0040142523
0.0041782864
0.0043342563
0.004457358
0.0045371296
0.0045723373
0.0045739187
0.004558211
0.0045380096
0.0039180913
0.0040089848
0.0041686991
0.0043186979
0.0044341837
0.0045061719
0.0045354591
0.0045338908
0.0045172643
0.0044972919
0.0039146854
0.0040033789
0.0041585892
0.0043025109
0.0044104604
0.004474978
0.0044987728
0.0044944039
0.0044770367
0.0044573372
0.00391103
0.0039974196
0.0041479446
0.0042856995
0.0043862155
0.0044435861
0.0044623021
0.0044554543
0.0044375035
0.0044181114
0.0039071104
0.0039910924
0.0041367545
0.0042682702
0.0043614775
0.0044120325
0.0044260677
0.0044170366
0.0043986394
0.004379582
0.003902911
0.0039843825
0.0041250091
0.0042502312
0.0043362755
0.004380352
0.0043900877
0.0043791437
0.0043604203
0.0043417179
0.0038984156
0.0039772751
0.0041126996
0.0042315931
0.004310639
0.004348577
0.004354377
0.004341767
0.0043228218
0.0043044897
0.0038936074
0.0039697563
0.0040998185
0.0042123681
0.0042845983
0.004316739
0.0043189486
0.0043048962
0.0042858183
0.0042678666
0.0038882547
0.0039614821
0.0040858009
0.004191746
0.0042570851
0.0042835423
0.0042823539
0.004267011
0.0042478748
0.0042303247
0.003881688
0.0039514655
0.0040690443
0.0041674684
0.0042252115
0.0042456131
0.0042409448
0.0042243685
0.0042052537
0.0041881674
0.0038731771
0.003938705
0.0040480416
0.0041375657
0.0041866839
0.0042004928
0.0041922181
0.0041744799
0.004155496
0.0041389632
0.0038620656
0.0039224145
0.0040218006
0.0041009173
0.0041404634
0.0041473302
0.0041354823
0.0041167354
0.0040980153
0.0040821242
0.0038474451
0.0039015655
0.0039892013
0.004056334
0.0040855426
0.0040853922
0.0040702
0.0040506822
0.0040323801
0.004017222
0.0038281007
0.003874865
0.0039489803
0.0040026186
0.0040210318
0.0040141402
0.0039960466
0.0039760685
0.0039583365
0.0039439755
0.003802475
0.0038407778
0.0038997182
0.0039386466
0.003946258
0.003933289
0.0039129317
0.0038928646
0.0038758795
0.0038624044
0.0037686058
0.0037974756
0.0038399385
0.0038635381
0.0038609144
0.0038428941
0.0038210251
0.0038011846
0.0037850019
0.0037723929
0.0037241308
0.0037429186
0.0037682966
0.0037768116
0.0037651124
0.0037433336
0.0037208478
0.0037017272
0.0036865972
0.0036749667
0.003666405
0.0036750224
0.0036837514
0.0036784559
0.0036593561
0.0036350611
0.0036124185
0.0035939565
0.0035796905
0.0035689174
0.0035928032
0.0035919393
0.0035857274
0.0035688974
0.0035446165
0.0035196236
0.0034981576
0.0034811982
0.0034682145
0.0034584297
0.0035012014
0.0034925096
0.0034743462
0.0034488756
0.0034209018
0.0033951362
0.0033740116
0.0033577845
0.0033456777
0.0033367532
0.0033907922
0.0033765721
0.0033504935
0.0033207578
0.0032932822
0.0032703556
0.0032521053
0.0032379501
0.0032272055
0.0032192067
0.0032628343
0.0032457934
0.0032150531
0.0031813525
0.0031514789
0.0031276497
0.0031096343
0.0030963447
0.0030866347
0.0030795734
0.0031211584
0.0031046584
0.0030772415
0.0030504868
0.0030286559
0.0030112317
0.0029972403
0.0029862095
0.0029777977
0.002971553
0.0029727585
0.0029539513
0.0029203869
0.002886412
0.0028599781
0.0028414529
0.0028283588
0.0028187799
0.0028117292
0.0028066042
0.0028306649
0.002828104
0.0028191108
0.0028077604
0.0027956617
0.0027838274
0.0027733697
0.0027649317
0.0027584793
0.0027536453
0.0026850422
0.002644646
0.002601189
0.0025709725
0.0025511081
0.0025366649
0.0025257801
0.0025178136
0.0025121188
0.0025080373
0.0042166197
0.004204917
0.0041921489
0.0041780204
0.0041623052
0.0041449472
0.0041259404
0.0041052587
0.0040828683
0.0040587544
0.0040329287
0.004005425
0.0039762956
0.0039456112
0.0039134611
0.0038799512
0.0038452009
0.0038093398
0.0037725037
0.0037348303
0.0036964559
0.003657511
0.0036181176
0.0035783868
0.0035384171
0.0034982937
0.0034580888
0.0034178615
0.0033776596
0.0033375202
0.0032974713
0.0032575331
0.0032177196
0.0031780398
0.0031384993
0.0030991016
0.0030598492
0.0030207443
0.0029817891
0.0029429853
0.0029043326
0.0028658281
0.0028274644
0.002789229
0.0027511041
0.0027130668
0.0026750907
0.0026371473
0.0025992085
0.0025612484
0.0025232446
0.0024851778
0.0024470278
0.0024087683
0.0023703615
0.0023317559
0.0022928918
0.0022537126
0.0022141751
0.0021742533
0.0021339324
0.0020932006
0.0020520437
0.0020104442
0.0019683842
0.0019258468
0.0018828148
0.0018392698
0.001795192
0.0017505603
0.0017053511
0.0016595393
0.0016130984
0.0015660007
0.0015182174
0.0014697177
0.0014204694
0.0013704382
0.0013195878
0.0012678787
0.0012152701
0.0011617145
0.0011071591
0.0010515726
0.00099501185
0.00093768787
0.00088017276
0.00082294305
0.00076559828
0.00070715429
0.00064755897
0.00058760778
0.0005278893
0.00046848944
0.00040973183
0.00035158355
0.00029542916
0.00023791145
0.00017002822
4.8368993e-05
0.0041749609
0.0041637336
0.0041515227
0.0041380663
0.00412316
0.0041067488
0.004088822
0.0040693505
0.0040482968
0.0040256393
0.0040013789
0.0039755352
0.0039481442
0.0039192579
0.0038889449
0.0038572897
0.0038243899
0.0037903538
0.0037552971
0.0037193401
0.0036826038
0.0036452069
0.003607263
0.0035688779
0.0035301481
0.0034911594
0.0034519869
0.0034126944
0.0033733352
0.0033339532
0.003294583
0.0032552519
0.0032159808
0.003176785
0.003137676
0.0030986625
0.0030597514
0.0030209484
0.0029822582
0.0029436845
0.0029052289
0.0028668902
0.0028286631
0.0027905377
0.0027524989
0.0027145273
0.0026765997
0.0026386909
0.0026007752
0.0025628283
0.0025248286
0.002486756
0.0024485895
0.0024103029
0.0023718602
0.0023332142
0.0022943106
0.0022550969
0.0022155317
0.0021755873
0.0021352467
0.0020944963
0.0020533208
0.0020117029
0.0019696246
0.0019270684
0.0018840169
0.0018404517
0.0017963528
0.001751699
0.0017064671
0.0016606321
0.0016141677
0.0015670464
0.0015192396
0.0014707167
0.001421446
0.0013713935
0.0013205234
0.0012687972
0.0012161749
0.0011626119
0.0011080609
0.0010524963
0.00099597774
0.00093871437
0.00088121591
0.00082390244
0.00076643509
0.00070794564
0.00064834739
0.00058835216
0.00052852775
0.00046897531
0.00040996567
0.00035147104
0.00029446384
0.00023581739
0.00016556996
5.0510194e-05
0.004126319
0.0041156201
0.0041040262
0.0040913103
0.0040772896
0.0040619108
0.0040451592
0.0040270033
0.0040074033
0.0039863316
0.0039637792
0.0039397526
0.0039142718
0.0038873706
0.0038590971
0.0038295139
0.0037986958
0.0037667287
0.0037337065
0.0036997294
0.0036649009
0.003629325
0.0035931035
0.0035563343
0.0035191089
0.0034815115
0.0034436177
0.0034054942
0.0033671991
0.0033287818
0.0032902837
0.0032517389
0.0032131751
0.0031746148
0.0031360758
0.0030975727
0.0030591173
0.0030207194
0.0029823874
0.0029441275
0.002905944
0.002867838
0.0028298068
0.0027918435
0.0027539365
0.0027160702
0.0026782251
0.0026403797
0.0026025113
0.0025645979
0.0025266186
0.0024885532
0.0024503806
0.0024120749
0.0023736022
0.00233492
0.0022959795
0.0022567329
0.0022171407
0.0021771744
0.0021368148
0.0020960461
0.0020548524
0.002013216
0.0019711188
0.0019285429
0.0018854708
0.0018418837
0.0017977616
0.0017530835
0.0017078261
0.0016619648
0.0016154736
0.0015683253
0.0015204914
0.0014719419
0.0014226452
0.001372568
0.0013216752
0.0012699292
0.0012172916
0.0011637208
0.0011091754
0.0010536366
0.00099716627
0.00093996762
0.00088248442
0.00082507682
0.00076746892
0.00070891777
0.00064930766
0.00058925545
0.00052929901
0.000469554
0.00041023119
0.00035129571
0.00029327283
0.00023326988
0.00016061394
5.255654e-05
0.0040700996
0.0040599782
0.0040490556
0.0040371387
0.0040240664
0.0040097878
0.0039942852
0.0039775263
0.0039594698
0.0039400836
0.0039193506
0.0038972657
0.0038738345
0.0038490738
0.0038230125
0.0037956919
0.0037671645
0.0037374929
0.0037067487
0.0036750103
0.0036423614
0.0036088883
0.0035746785
0.0035398183
0.003504391
0.0034684755
0.0034321452
0.0033954673
0.0033585021
0.003321303
0.0032839168
0.0032463837
0.0032087381
0.003171009
0.003133221
0.0030953947
0.0030575475
0.0030196942
0.0029818473
0.0029440166
0.0029062095
0.0028684303
0.0028306797
0.0027929543
0.0027552466
0.0027175451
0.0026798348
0.0026420981
0.0026043162
0.0025664696
0.0025285388
0.0024905046
0.0024523459
0.0024140378
0.0023755494
0.0023368424
0.0022978741
0.0022586017
0.002218988
0.0021790044
0.0021386296
0.0020978463
0.0020566373
0.0020149847
0.0019728703
0.0019302759
0.0018871836
0.0018435744
0.0017994286
0.0017547248
0.0017094402
0.0016635505
0.00161703
0.0015698519
0.0015219879
0.0014734085
0.0014240827
0.0013739778
0.0013230595
0.0012712917
0.0012186376
0.0011650593
0.0011105217
0.0010550131
0.00099859687
0.0009414653
0.00088399443
0.00082648315
0.00076871707
0.00071008373
0.00065044741
0.00059032084
0.00053020014
0.00047021241
0.00041050151
0.00035100895
0.00029179378
0.00023021271
0.00015522269
5.4314712e-05
0.0040058744
0.0039963741
0.0039861678
0.0039750949
0.0039630158
0.0039498826
0.0039356762
0.0039203642
0.0039039057
0.003886266
0.0038674215
0.003847358
0.0038260692
0.0038035573
0.0037798342
0.0037549217
0.0037288515
0.0037016642
0.0036734089
0.0036441419
0.0036139257
0.0035828273
0.0035509167
0.0035182655
0.0034849451
0.0034510256
0.0034165744
0.0033816554
0.003346328
0.0033106468
0.0032746617
0.003238417
0.0032019523
0.0031653025
0.0031284979
0.0030915654
0.0030545279
0.0030174054
0.002980215
0.0029429711
0.0029056849
0.0028683646
0.0028310148
0.0027936364
0.0027562266
0.0027187784
0.0026812818
0.0026437239
0.00260609
0.0025683637
0.0025305283
0.0024925658
0.0024544564
0.002416177
0.0023776998
0.0023389915
0.0023000151
0.002260733
0.0022211112
0.0021811214
0.0021407412
0.0020999517
0.002058735
0.0020170726
0.0019749463
0.0019323377
0.0018892284
0.0018455997
0.0018014314
0.0017567026
0.0017113907
0.0016654717
0.0016189205
0.0015717105
0.0015238141
0.0014752023
0.0014258446
0.0013757094
0.0013247633
0.0012729719
0.0012203006
0.0011667155
0.0011121881
0.0010567138
0.001000356
0.00094329057
0.00088582639
0.00082820236
0.000770261
0.0007115198
0.0006518347
0.00059160931
0.00053128384
0.00047099031
0.0004108
0.00035061074
0.00029002522
0.00022667069
0.00014955461
5.5600455e-05
0.0039333357
0.0039244829
0.0039150197
0.0039048136
0.0038937449
0.0038817704
0.0038688704
0.0038550142
0.0038401622
0.0038242791
0.0038073376
0.0037893168
0.0037702015
0.0037499824
0.0037286577
0.0037062329
0.0036827214
0.0036581443
0.0036325297
0.0036059131
0.0035783356
0.0035498441
0.0035204896
0.0034903264
0.0034594111
0.0034278011
0.0033955538
0.0033627257
0.0033293713
0.0032955428
0.0032612891
0.003226656
0.0031916856
0.0031564164
0.0031208832
0.0030851173
0.003049147
0.003012997
0.0029766893
0.0029402426
0.0029036728
0.0028669924
0.0028302107
0.0027933332
0.0027563621
0.0027192958
0.0026821294
0.0026448554
0.0026074634
0.0025699416
0.0025322761
0.0024944517
0.002456451
0.0024182536
0.0023798353
0.0023411679
0.0023022202
0.0022629601
0.002223357
0.0021833843
0.0021430192
0.0021022418
0.0020610334
0.0020193757
0.0019772501
0.0019346381
0.0018915214
0.001847881
0.0018036969
0.0017589485
0.0017136134
0.0016676683
0.0016210885
0.001573848
0.00152592
0.001477276
0.0014278866
0.0013777209
0.0013267472
0.0012749329
0.0012222461
0.001168657
0.001114144
0.0010587087
0.0010024125
0.00094540974
0.0008879448
0.00083020084
0.00077206974
0.00071319138
0.00065342594
0.00059306894
0.00053248963
0.00047181402
0.00041103673
0.0003499938
0.00028787029
0.0002226477
0.00014370235
5.6138465e-05
0.0038525175
0.0038443339
0.003835628
0.0038262956
0.0038162358
0.0038054091
0.0037937968
0.0037813703
0.0037680933
0.0037539315
0.003738856
0.0037228424
0.0037058698
0.0036879211
0.0036689841
0.0036490523
0.0036281245
0.0036062058
0.0035833067
0.0035594437
0.0035346391
0.00350892
0.0034823186
0.003454871
0.0034266167
0.003397598
0.0033678589
0.0033374446
0.0033064005
0.0032747719
0.0032426029
0.0032099363
0.003176813
0.0031432719
0.0031093491
0.0030750786
0.0030404915
0.0030056162
0.0029704785
0.0029351012
0.0028995045
0.0028637053
0.0028277174
0.0027915515
0.0027552147
0.0027187111
0.0026820414
0.0026452034
0.0026081922
0.0025710004
0.0025336186
0.0024960353
0.0024582365
0.0024202056
0.0023819227
0.0023433651
0.0023045073
0.0022653226
0.0022257849
0.0021858698
0.0021455553
0.0021048216
0.0020636499
0.0020220217
0.0019799189
0.001937323
0.0018942157
0.0018505781
0.0018063908
0.0017616332
0.0017162837
0.0016703195
0.0016237167
0.0015764502
0.0015284937
0.00147982
0.0014304004
0.0013802057
0.0013292057
0.0012773701
0.00122467
0.0011710803
0.0011165849
0.001061191
0.0010049549
0.00094800535
0.00089052744
0.00083265527
0.00077432024
0.00071526973
0.00065537906
0.00059484366
0.00053394835
0.00047279797
0.00041130888
0.00034924457
0.00028544737
0.00021837368
0.0001379379
5.5923247e-05
0.0037632442
0.0037557303
0.0037477772
0.0037392983
0.0037302121
0.0037204861
0.0037101032
0.0036990376
0.0036872565
0.0036747283
0.0036614249
0.0036473207
0.003632392
0.0036166176
0.003599979
0.0035824612
0.0035640533
0.0035447482
0.0035245431
0.0035034396
0.0034814438
0.0034585661
0.0034348214
0.0034102286
0.0033848101
0.0033585919
0.0033316028
0.003303874
0.0032754387
0.0032463311
0.0032165865
0.0031862404
0.0031553283
0.0031238849
0.0030919441
0.0030595385
0.0030266993
0.0029934559
0.0029598356
0.0029258636
0.002891563
0.0028569542
0.002822055
0.0027868802
0.0027514421
0.0027157496
0.002679809
0.0026436235
0.0026071937
0.0025705175
0.0025335905
0.0024964058
0.0024589538
0.0024212227
0.0023831979
0.002344862
0.0023061955
0.0022671775
0.0022277864
0.0021880014
0.0021478026
0.0021071711
0.0020660889
0.0020245382
0.0019825014
0.0019399607
0.0018968981
0.0018532953
0.0018091333
0.0017643922
0.0017190512
0.0016730884
0.0016264808
0.0015792043
0.0015312338
0.0014825431
0.0014331051
0.0013828921
0.001331876
0.001280029
0.0012273257
0.0011737449
0.0011192757
0.0010639281
0.001007751
0.00095084472
0.00089334253
0.00083533746
0.00077678945
0.0007175325
0.00065746336
0.00059669154
0.00053540907
0.00047368201
0.00041135102
0.00034810852
0.00028256967
0.000213732
0.00013223263
5.4777279e-05
0.0036665841
0.0036597242
0.0036524977
0.0036448403
0.0036366832
0.003627997
0.0036187664
0.0036089698
0.0035985792
0.0035875661
0.0035759045
0.00356357
0.0035505387
0.0035367877
0.0035222959
0.003507044
0.0034910149
0.0034741942
0.00345657
0.0034381334
0.0034188787
0.0033988035
0.0033779085
0.003356198
0.0033336795
0.0033103639
0.0032862647
0.0032613987
0.0032357849
0.0032094448
0.0031824015
0.0031546799
0.0031263061
0.0030973067
0.0030677091
0.0030375406
0.0030068283
0.0029755988
0.0029438777
0.0029116898
0.0028790582
0.0028460045
0.0028125485
0.0027787077
0.0027444978
0.0027099316
0.0026750198
0.0026397706
0.0026041894
0.0025682795
0.0025320415
0.0024954735
0.0024585714
0.0024213286
0.002383736
0.0023457821
0.0023074534
0.0022687348
0.0022296102
0.0021900628
0.002150076
0.0021096334
0.0020687187
0.0020273156
0.001985408
0.001942979
0.0019000119
0.0018564893
0.0018123932
0.0017677047
0.0017224043
0.0016764711
0.0016298835
0.0015826188
0.0015346532
0.0014859621
0.0014365202
0.0013863017
0.0013352807
0.0012834325
0.0012307346
0.0011771698
0.0011227305
0.0010674267
0.0010112973
0.00095441457
0.00089686797
0.00083871764
0.00077994115
0.00072043492
0.0006601171
0.00059902893
0.00053726925
0.0004748501
0.00041154453
0.00034699304
0.00027971823
0.00020927517
0.00012717671
5.3247829e-05
0.0035612595
0.003555049
0.0035485288
0.0035416458
0.0035343515
0.0035266251
0.0035184528
0.0035098152
0.0035006884
0.0034910483
0.0034808722
0.0034701378
0.0034588227
0.0034469049
0.0034343631
0.0034211766
0.003407326
0.003392793
0.003377561
0.0033616148
0.0033449414
0.0033275295
0.0033093702
0.0032904571
0.0032707861
0.0032503555
0.0032291663
0.003207222
0.0031845284
0.0031610939
0.0031369289
0.003112046
0.0030864595
0.0030601854
0.0030332412
0.0030056454
0.0029774173
0.0029485768
0.0029191441
0.0028891394
0.0028585825
0.0028274929
0.002795889
0.0027637882
0.0027312067
0.0026981591
0.0026646582
0.0026307153
0.0025963394
0.0025615377
0.0025263151
0.0024906747
0.0024546172
0.0024181412
0.002381243
0.0023439171
0.0023061558
0.0022679498
0.0022292885
0.0021901601
0.0021505522
0.0021104519
0.002069846
0.0020287206
0.0019870618
0.001944855
0.0019020851
0.0018587365
0.0018147926
0.0017702365
0.0017250501
0.0016792142
0.0016327091
0.0015855136
0.0015376059
0.0014889635
0.0014395629
0.0013893808
0.0013383939
0.0012865801
0.00123392
0.0011803991
0.0011260113
0.0010707642
0.0010146844
0.00095781876
0.00090022133
0.00084192635
0.00078291909
0.00072313449
0.00066250629
0.0006010248
0.00053870486
0.00047549749
0.00041112385
0.00034520708
0.00027630922
0.00020450618
0.00012225855
5.1001786e-05
0.0034514855
0.0034458607
0.0034399831
0.0034338145
0.0034273104
0.003420451
0.0034132256
0.0034056191
0.0033976122
0.0033891844
0.0033803162
0.0033709883
0.003361181
0.0033508743
0.0033400483
0.0033286832
0.0033167596
0.0033042586
0.0032911616
0.003277451
0.0032631099
0.0032481226
0.0032324746
0.0032161527
0.0031991451
0.0031814417
0.0031630342
0.003143916
0.0031240823
0.0031035303
0.0030822591
0.0030602698
0.0030375651
0.0030141497
0.0029900298
0.0029652135
0.0029397099
0.0029135296
0.0028866841
0.0028591858
0.0028310479
0.0028022837
0.0027729068
0.0027429309
0.0027123691
0.0026812342
0.0026495382
0.0026172923
0.0025845063
0.0025511891
0.002517348
0.0024829888
0.0024481158
0.0024127316
0.0023768371
0.0023404317
0.0023035127
0.0022660764
0.0022281173
0.0021896289
0.0021506035
0.0021110327
0.002070907
0.0020302164
0.0019889501
0.0019470965
0.0019046435
0.0018615779
0.0018178858
0.0017735524
0.0017285619
0.0016828975
0.0016365417
0.0015894756
0.0015416798
0.001493134
0.0014438172
0.0013937086
0.0013427874
0.0012910343
0.001238432
0.0011849677
0.0011306346
0.0010754356
0.001019385
0.00096250735
0.00090482945
0.00084636475
0.00078709805
0.00072698257
0.00066595881
0.00060398088
0.00054099698
0.00047690334
0.00041139262
0.00034411356
0.00027376735
0.00020088752
0.00011879995
4.9422986e-05
0.0033305137
0.0033255037
0.0033202728
0.0033147902
0.0033090315
0.0033029848
0.0032966395
0.0032899818
0.0032829957
0.003275665
0.0032679736
0.0032599052
0.0032514429
0.0032425695
0.0032332672
0.0032235184
0.0032133052
0.0032026095
0.0031914135
0.0031796993
0.0031674492
0.003154646
0.0031412728
0.0031273134
0.0031127519
0.0030975737
0.0030817647
0.003065312
0.0030482037
0.0030304292
0.0030119791
0.0029928454
0.0029730214
0.002952502
0.0029312834
0.0029093632
0.0028867406
0.0028634159
0.0028393909
0.0028146686
0.0027892528
0.0027631488
0.0027363621
0.0027088995
0.0026807677
0.0026519742
0.0026225265
0.0025924319
0.0025616978
0.0025303311
0.0024983382
0.0024657247
0.0024324957
0.0023986552
0.0023642062
0.0023291507
0.0022934897
0.0022572229
0.0022203491
0.0021828659
0.00214477
0.0021060572
0.0020667224
0.0020267595
0.0019861617
0.0019449212
0.0019030293
0.0018604765
0.0018172521
0.0017733444
0.0017287408
0.0016834276
0.00163739
0.0015906122
0.0015430774
0.0014947683
0.0014456667
0.0013957544
0.0013450132
0.0012934259
0.0012409769
0.0011876535
0.001133447
0.0010783542
0.0010223777
0.00096552426
0.00090779972
0.00084920054
0.00078970535
0.00072927126
0.00066783769
0.00060533439
0.00054166538
0.00047669095
0.00041010388
0.0003416152
0.00027011865
0.0001964967
0.00011484137
4.7070215e-05
0.0032135967
0.0032090811
0.0032043863
0.0031994917
0.0031943705
0.0031890092
0.0031834
0.0031775333
0.0031713963
0.0031649755
0.0031582575
0.0031512288
0.0031438753
0.0031361824
0.0031281351
0.003119718
0.0031109154
0.0031017112
0.0030920892
0.0030820326
0.0030715248
0.0030605489
0.0030490879
0.0030371251
0.0030246435
0.0030116265
0.0029980578
0.0029839213
0.0029692014
0.002953883
0.0029379517
0.0029213936
0.0029041956
0.0028863457
0.0028678326
0.0028486458
0.0028287762
0.0028082154
0.0027869563
0.0027649927
0.0027423195
0.0027189328
0.0026948294
0.0026700074
0.0026444655
0.0026182032
0.0025912209
0.0025635195
0.0025351003
0.0025059651
0.002476116
0.002445555
0.0024142845
0.0023823067
0.0023496237
0.0023162374
0.0022821496
0.0022473616
0.0022118741
0.0021756876
0.002138802
0.0021012164
0.0020629294
0.0020239388
0.0019842413
0.0019438328
0.0019027081
0.0018608611
0.0018182844
0.0017749698
0.0017309078
0.0016860878
0.0016404981
0.0015941259
0.0015469576
0.0014989783
0.0014501729
0.0014005254
0.0013500201
0.0012986412
0.0012463739
0.0011932047
0.001139122
0.0010841166
0.0010281811
0.00097130829
0.0009134885
0.00085470432
0.00079492576
0.00073410642
0.00067218118
0.00060906617
0.00054464457
0.00047876622
0.00041115003
0.00034159351
0.00026918023
0.00019506303
0.00011374282
4.6702171e-05
0.0030746866
0.003070792
0.003066739
0.0030625061
0.0030580832
0.003053465
0.0030486439
0.0030436098
0.0030383521
0.0030328602
0.0030271234
0.0030211305
0.0030148697
0.0030083288
0.0030014951
0.0029943556
0.0029868967
0.0029791046
0.002970965
0.0029624629
0.0029535835
0.0029443112
0.0029346303
0.0029245248
0.0029139782
0.002902974
0.0028914956
0.002879526
0.0028670485
0.0028540462
0.0028405023
0.0028264002
0.0028117233
0.0027964556
0.0027805812
0.0027640846
0.0027469509
0.0027291656
0.002710715
0.0026915857
0.0026717653
0.0026512419
0.0026300045
0.0026080428
0.0025853473
0.0025619092
0.0025377205
0.0025127741
0.0024870634
0.0024605825
0.0024333263
0.0024052903
0.0023764704
0.0023468635
0.0023164669
0.0022852786
0.0022532969
0.0022205207
0.0021869499
0.0021525847
0.0021174261
0.002081475
0.0020447327
0.0020072005
0.001968879
0.0019297679
0.0018898655
0.0018491688
0.0018076739
0.0017653756
0.0017222676
0.0016783421
0.0016335905
0.0015880028
0.0015415678
0.0014942733
0.0014461062
0.0013970527
0.0013470982
0.001296228
0.0012444269
0.0011916801
0.0011379726
0.0010832895
0.0010276153
0.0009709325
0.00091321991
0.00085444955
0.0007945834
0.00073357008
0.00067134115
0.00060780921
0.00054285621
0.00047634301
0.00040803084
0.00033779992
0.00026489978
0.00019064968
0.00011007714
4.4451803e-05
0.0029671816
0.0029636591
0.0029600043
0.0029562089
0.0029522534
0.0029481264
0.0029438226
0.0029393359
0.0029346581
0.00292978
0.0029246921
0.0029193853
0.0029138497
0.0029080751
0.0029020509
0.0028957659
0.0028892086
0.0028823671
0.002875229
0.0028677816
0.0028600115
0.002851905
0.002843448
0.0028346261
0.0028254243
0.0028158273
0.0028058194
0.0027953847
0.0027845064
0.0027731676
0.0027613512
0.0027490398
0.0027362157
0.0027228614
0.002708959
0.0026944906
0.0026794386
0.0026637851
0.0026475124
0.0026306031
0.0026130399
0.0025948059
0.0025758843
0.002556259
0.0025359141
0.0025148342
0.0024930045
0.0024704107
0.002447039
0.0024228763
0.00239791
0.0023721277
0.0023455149
0.0023180613
0.0022897687
0.0022606337
0.0022306505
0.0021998147
0.0021681241
0.002135578
0.0021021761
0.0020679184
0.0020328049
0.0019968348
0.001960006
0.0019223157
0.0018837614
0.0018443408
0.0018040501
0.0017628846
0.0017208382
0.0016779043
0.001634075
0.0015893416
0.0015436943
0.0014971224
0.001449614
0.0014011566
0.0013517364
0.001301339
0.001249949
0.0011975504
0.0011441257
0.0010896562
0.0010341213
0.00097749733
0.00091975636
0.00086086443
0.00080077917
0.00073944759
0.00067680288
0.00061276331
0.00054722292
0.00048006682
0.00041110008
0.00034027216
0.00026691559
0.00019241575
0.00011166264
4.552993e-05
0.002803077
0.0028002802
0.0027973673
0.0027943186
0.0027911332
0.0027878104
0.0027843447
0.0027807278
0.0027769522
0.0027730108
0.0027688962
0.0027646005
0.0027601153
0.0027554318
0.002750541
0.0027454334
0.002740099
0.0027345276
0.0027287084
0.0027226302
0.0027162812
0.0027096494
0.0027027221
0.0026954863
0.0026879283
0.0026800341
0.0026717891
0.0026631782
0.0026541859
0.0026447959
0.0026349918
0.0026247565
0.0026140725
0.0026029219
0.0025912862
0.0025791467
0.0025664839
0.0025532785
0.0025395103
0.0025251592
0.0025102044
0.0024946252
0.0024784003
0.0024615083
0.0024439275
0.0024256361
0.0024066118
0.0023868322
0.0023662745
0.0023449154
0.0023227312
0.0022996973
0.0022757873
0.0022509698
0.0022252164
0.0021985139
0.0021708531
0.0021422368
0.0021126759
0.0020821831
0.0020507744
0.0020184726
0.0019853111
0.0019513224
0.0019164998
0.0018808206
0.001844268
0.0018068316
0.0017685008
0.0017292636
0.0016891073
0.0016480189
0.0016059854
0.0015629933
0.0015190286
0.0014740768
0.0014281228
0.0013811509
0.0013331446
0.0012840866
0.0012339586
0.0011827414
0.0011304141
0.0010769543
0.0010223371
0.000966535
0.00090951619
0.00085124404
0.00079167543
0.00073075955
0.00066843576
0.00060463369
0.00053926636
0.00047224808
0.00040343168
0.000332831
0.00025990637
0.00018614994
0.00010699455
4.2979331e-05
0.0027502032
0.002747394
0.0027444851
0.0027414769
0.0027383486
0.0027350869
0.0027316883
0.0027281499
0.0027244658
0.0027206286
0.0027166311
0.002712466
0.002708126
0.002703603
0.0026988887
0.0026939744
0.0026888508
0.0026835084
0.0026779372
0.0026721267
0.002666066
0.0026597438
0.002653148
0.0026462663
0.0026390858
0.0026315931
0.0026237741
0.0026156145
0.0026070993
0.0025982132
0.0025889403
0.002579264
0.0025691673
0.0025586324
0.0025476414
0.0025361754
0.0025242154
0.0025117418
0.0024987343
0.0024851726
0.0024710358
0.0024563026
0.0024409515
0.0024249607
0.0024083085
0.0023909729
0.0023729317
0.0023541632
0.0023346456
0.0023143575
0.0022932779
0.0022713866
0.0022486664
0.0022250968
0.0022006499
0.0021753078
0.0021490579
0.0021218915
0.0020938021
0.0020647853
0.0020348396
0.0020039678
0.0019721773
0.0019394793
0.0019058804
0.0018713939
0.0018360375
0.001799795
0.0017626377
0.0017245433
0.0016854953
0.0016454772
0.0016044714
0.0015624595
0.0015194232
0.0014753444
0.0014302049
0.0013839859
0.0013366682
0.0012882322
0.0012386575
0.0011879227
0.0011360051
0.0010828808
0.0010285236
0.00097290509
0.00091599363
0.00085775387
0.00079814571
0.00073712351
0.00067463441
0.00061061865
0.00054500241
0.00047771491
0.00040862052
0.00033773715
0.00026448346
0.000190281
0.00011017739
4.4707889e-05
0.0025052045
0.0025029379
0.0025005746
0.0024981049
0.00249553
0.0024928481
0.0024900541
0.0024871421
0.0024841065
0.002480942
0.002477643
0.0024742032
0.0024706163
0.0024668754
0.0024629735
0.0024589033
0.0024546569
0.0024502263
0.0024456029
0.002440778
0.0024357422
0.002430486
0.0024249991
0.0024192712
0.0024132913
0.0024070479
0.0024005294
0.0023937234
0.0023866173
0.0023791978
0.0023714512
0.0023633637
0.0023549205
0.0023461067
0.0023369071
0.0023273057
0.0023172864
0.0023068328
0.0022959279
0.0022845547
0.0022726959
0.002260334
0.0022474514
0.0022340304
0.0022200536
0.0022055035
0.002190363
0.0021746154
0.0021582446
0.0021412352
0.0021235726
0.0021052436
0.0020862363
0.0020665446
0.0020461619
0.0020250689
0.0020032433
0.0019806543
0.0019572661
0.0019330437
0.0019079521
0.0018819537
0.0018550057
0.0018270715
0.0017981509
0.0017682663
0.0017374371
0.0017056409
0.0016728421
0.0016390134
0.0016041345
0.001568185
0.0015311426
0.0014929844
0.001453688
0.0014132312
0.001371592
0.0013287482
0.0012846774
0.0012393569
0.0011927638
0.0011448749
0.0010956661
0.0010451128
0.00099318925
0.00093986863
0.00088512272
0.00082892167
0.00077123383
0.00071202573
0.00065126166
0.00058890548
0.0005249159
0.00045926562
0.00039188223
0.00032286076
0.00025176925
0.00018011375
0.0001035089
4.1592816e-05
)
;

boundaryField
{
    inlet
    {
        type            zeroGradient;
    }
    top
    {
        type            zeroGradient;
    }
    outlet
    {
        type            fixedValue;
        value           uniform 0;
    }
    slipsurface
    {
        type            slip;
    }
    bottom
    {
        type            zeroGradient;
    }
    frontandback
    {
        type            empty;
    }
}


// ************************************************************************* //
