/*--------------------------------*- C++ -*----------------------------------*\
  =========                 |
  \\      /  F ield         | OpenFOAM: The Open Source CFD Toolbox
   \\    /   O peration     | Website:  https://openfoam.org
    \\  /    A nd           | Version:  12
     \\/     M anipulation  |
\*---------------------------------------------------------------------------*/
FoamFile
{
    format      ascii;
    class       volScalarField;
    location    "200";
    object      p;
}
// * * * * * * * * * * * * * * * * * * * * * * * * * * * * * * * * * * * * * //

dimensions      [0 2 -2 0 0 0 0];

internalField   nonuniform List<scalar> 
7480
(
0.0061103262
0.0061440626
0.0061073166
0.006095613
0.0061162751
0.0061322217
0.0061353155
0.0061031056
0.006031532
0.0059417043
0.0058252558
0.0056821811
0.0055178661
0.0053382383
0.0051490068
0.0049561817
0.0047648148
0.0045756814
0.004392223
0.0042198865
0.0040566109
0.0039011668
0.0037576558
0.0036279705
0.0035118592
0.0034099776
0.0033228622
0.0032506242
0.0031926455
0.0031468156
0.0031115022
0.0030832752
0.0030566784
0.0030282016
0.0029959544
0.0029598922
0.0029219004
0.0028840559
0.0028464111
0.0028083427
0.0027694984
0.0027298439
0.0026903055
0.0026510827
0.0026116701
0.0025721513
0.0025329571
0.002494379
0.0024559325
0.0024173274
0.0023787606
0.0023405672
0.0023025421
0.0022643015
0.002226071
0.0021880289
0.0021499216
0.0021115482
0.0020732077
0.0020348741
0.0019961862
0.0019573333
0.0019183795
0.0018791002
0.0018395102
0.0017997007
0.0017595259
0.0017189568
0.0016780533
0.0016366843
0.0015948728
0.001552631
0.0015098356
0.0014665584
0.0014227626
0.0013783819
0.0013334527
0.0012879021
0.0012417294
0.0011949041
0.0011473903
0.0010991859
0.0010502469
0.0010005744
0.00095014635
0.00089895188
0.0008469716
0.00079418659
0.00074057799
0.00068609419
0.00063074585
0.00057438354
0.00051742887
0.00045901192
0.00040306999
0.00034196656
0.00030645129
0.00023214151
0.00042381763
-0.00035341366
0.0060310589
0.0060607052
0.0060248025
0.0060329127
0.0060638392
0.0060833464
0.0060765958
0.0060465867
0.0059989827
0.0059271847
0.0058274548
0.0057009114
0.0055519797
0.0053856215
0.0052072748
0.0050214922
0.0048345762
0.0046473527
0.0044635663
0.0042895974
0.0041244268
0.0039667115
0.0038194301
0.0036850545
0.0035645406
0.0034583568
0.0033668197
0.0032899645
0.0032269757
0.0031754536
0.0031341275
0.0031003697
0.0030692659
0.0030376185
0.0030036735
0.0029671225
0.0029294021
0.0028921053
0.0028548618
0.0028168734
0.0027778484
0.0027378993
0.0026980643
0.0026585637
0.002618881
0.0025790952
0.0025396308
0.0025007802
0.0024620647
0.0024232009
0.0023843853
0.0023459504
0.002307689
0.0022692185
0.0022307677
0.0021925144
0.0021542033
0.002115634
0.0020771072
0.0020385952
0.0019997356
0.0019607194
0.00192161
0.001882182
0.0018424506
0.0018025066
0.0017622034
0.0017215122
0.0016804927
0.0016390131
0.0015970964
0.0015547543
0.0015118632
0.001468495
0.0014246125
0.0013801495
0.0013351423
0.0012895177
0.0012432748
0.0011963832
0.0011488065
0.0011005424
0.0010515466
0.0010018202
0.00095134105
0.00090009802
0.00084807173
0.00079524322
0.00074159355
0.00068707104
0.00063168631
0.00057528966
0.00051830294
0.00045985487
0.00040388538
0.00034275178
0.00030719523
0.00023298458
0.00042471285
-0.00035273954
0.0059705534
0.0060131297
0.005999709
0.00601227
0.0060380178
0.0060501714
0.0060399503
0.0060117566
0.0059626866
0.0058847442
0.0057793612
0.0056486426
0.0054966162
0.0053282796
0.0051490727
0.0049637993
0.0047784189
0.0045942859
0.0044149182
0.0042458922
0.0040866044
0.0039358755
0.0037955355
0.0036681029
0.0035549522
0.0034562107
0.0033720775
0.0033022809
0.0032457472
0.0032002963
0.0031629234
0.0031302745
0.0030985982
0.0030648728
0.0030277832
0.002987308
0.0029452992
0.0029040893
0.0028638599
0.0028239561
0.0027839624
0.0027437501
0.002704071
0.0026648044
0.0026251985
0.0025853057
0.0025456308
0.0025065394
0.0024675829
0.002428494
0.0023894679
0.0023508316
0.0023123737
0.0022737145
0.0022350873
0.0021966662
0.0021581918
0.002119464
0.0020807866
0.0020421291
0.0020031275
0.0019639758
0.0019247359
0.0018851817
0.0018453291
0.0018052688
0.0017648534
0.0017240548
0.0016829325
0.0016413541
0.0015993429
0.0015569101
0.0015139316
0.0014704795
0.0014265162
0.0013819754
0.0013368939
0.0012911983
0.0012448878
0.0011979318
0.0011502939
0.0011019716
0.0010529203
0.001003141
0.0009526114
0.00090132027
0.00084924816
0.00079637611
0.00074268522
0.00068812383
0.00063270269
0.00057627194
0.00051925388
0.00046077581
0.00040478045
0.00034361627
0.00030804022
0.00023392611
0.00042564213
-0.0003520186
0.0059139536
0.0059635617
0.0059610313
0.0059717513
0.005992953
0.0060031833
0.0059940032
0.0059663576
0.0059171587
0.0058419813
0.0057423741
0.0056194761
0.0054762537
0.005317047
0.0051467094
0.0049696891
0.0047912088
0.0046130256
0.0044382573
0.0042718174
0.004113588
0.003963032
0.0038216923
0.003692221
0.0035760581
0.0034734831
0.0033849339
0.0033104713
0.0032495845
0.0032009601
0.003161254
0.0031273855
0.003096649
0.003065689
0.0030325444
0.0029968289
0.0029591416
0.0029203155
0.0028806946
0.0028401235
0.0027983712
0.0027556538
0.002713402
0.0026720761
0.0026311532
0.0025905861
0.0025507285
0.0025117157
0.0024728401
0.0024337206
0.0023945696
0.0023557679
0.0023171316
0.0022782935
0.0022394961
0.0022009085
0.0021622692
0.0021233817
0.0020845546
0.0020457523
0.0020066092
0.0019673231
0.001927954
0.0018882741
0.0018483005
0.0018081238
0.0017675956
0.0017266885
0.0016854623
0.0016437836
0.0016016764
0.0015591516
0.0015160839
0.0014725459
0.0014284996
0.0013838785
0.0013387198
0.0012929499
0.0012465686
0.001199545
0.0011518427
0.0011034592
0.0010543496
0.0010045148
0.00095393218
0.00090259053
0.00085047027
0.00079755243
0.00074381818
0.00068921592
0.0006337565
0.00057729009
0.0005202392
0.00046173011
0.0004057067
0.00034451093
0.00030891452
0.00023475722
0.0004265416
-0.00035134126
0.0058598652
0.0059134856
0.0059203677
0.0059327064
0.0059526433
0.0059621576
0.0059528524
0.0059248108
0.0058762177
0.0058035543
0.0057070466
0.0055875903
0.0054479583
0.005292309
0.0051252962
0.0049512495
0.0047750573
0.0045990441
0.0044262749
0.0042612842
0.0041044195
0.0039557685
0.0038164787
0.0036889925
0.0035747346
0.0034740501
0.0033872541
0.0033143022
0.0032545491
0.0032064163
0.0031665315
0.0031318716
0.003099716
0.0030668086
0.0030315752
0.0029943985
0.0029560318
0.0029172002
0.002878767
0.0028406476
0.0028022021
0.0027630934
0.0027233237
0.0026829438
0.0026420085
0.0026004747
0.0025590392
0.0025184468
0.0024783644
0.002438509
0.002399031
0.0023601787
0.0023215687
0.002282707
0.0022438293
0.00220513
0.0021663635
0.0021273451
0.0020883908
0.002049459
0.0020101845
0.0019707736
0.0019312838
0.0018914846
0.0018513955
0.0018111071
0.0017704696
0.0017294566
0.0016881285
0.0016463506
0.0016041483
0.0015615315
0.0015183743
0.0014747498
0.0014306191
0.0013859159
0.0013406777
0.0012948308
0.0012483755
0.001201281
0.001153511
0.0011050629
0.0010558916
0.001005998
0.00095535912
0.00090396377
0.00085179224
0.00079882556
0.00074504495
0.00069039889
0.00063489834
0.00057839348
0.00052130676
0.00046276378
0.00040670763
0.00034547682
0.00030984832
0.00023559706
0.0004274534
-0.0003505619
0.0058086907
0.0058643545
0.0058791003
0.0058933893
0.00591173
0.0059197962
0.0059099588
0.0058819133
0.0058342095
0.0057636169
0.005669887
0.0055541219
0.0054189521
0.0052682137
0.0051062554
0.0049372147
0.0047656139
0.0045940382
0.0044253521
0.0042637405
0.0041094924
0.0039632863
0.0038259719
0.0036998262
0.003586315
0.0034859083
0.0033988767
0.003325169
0.0032641803
0.0032144169
0.0031728487
0.0031366404
0.0031031952
0.0030695122
0.0030340977
0.0029970457
0.0029586829
0.0029195214
0.0028803281
0.0028410391
0.0028014159
0.0027616068
0.0027215036
0.0026815694
0.0026422375
0.0026032045
0.0025642486
0.0025251718
0.0024857342
0.0024457765
0.0024055413
0.0023657056
0.0023262325
0.0022867919
0.0022476243
0.0022088479
0.0021700714
0.002131023
0.002092013
0.0020530045
0.0020136393
0.0019741384
0.0019345551
0.0018946577
0.001854471
0.0018140869
0.0017733536
0.0017322468
0.0016908273
0.0016489594
0.00160667
0.0015639685
0.0015207278
0.0014770222
0.0014328117
0.0013880298
0.0013427148
0.0012967928
0.0012502648
0.0012031001
0.0011552625
0.0011067496
0.0010575162
0.0010075631
0.00095686728
0.00090541733
0.00085319351
0.00080017686
0.00074634864
0.00069165743
0.00063611425
0.00057956934
0.00052244473
0.00046386574
0.00040777269
0.00034650384
0.00031083238
0.00023648314
0.00042835498
-0.00034962278
0.0057598925
0.0058161339
0.0058369978
0.005853104
0.0058700195
0.0058768743
0.0058668301
0.0058390988
0.005792354
0.0057238079
0.0056330454
0.0055211591
0.0053905133
0.0052445916
0.0050874502
0.0049230442
0.0047555888
0.004587827
0.0044225294
0.0042634816
0.0041113832
0.0039669948
0.0038312398
0.0037062515
0.0035934915
0.0034934739
0.0034064665
0.0033324292
0.0032707868
0.0032201339
0.0031776489
0.003140548
0.0031062996
0.0030720756
0.0030363285
0.0029989892
0.0029603709
0.0029210297
0.0028817075
0.002842396
0.0028028964
0.0027631499
0.0027229279
0.0026826531
0.0026427091
0.0026030672
0.002563597
0.0025242564
0.0024853702
0.0024468743
0.0024084941
0.0023700405
0.0023312741
0.0022920132
0.0022524995
0.0022131532
0.0021738308
0.0021343951
0.0020951965
0.0020561351
0.0020167462
0.0019772166
0.0019375898
0.0018976357
0.0018573875
0.0018169381
0.0017761335
0.0017349534
0.0016934606
0.0016515184
0.0016091559
0.001566382
0.0015230691
0.0014792924
0.0014350108
0.0013901581
0.001344773
0.0012987815
0.0012521855
0.0012049544
0.0011570524
0.0011084773
0.0010591839
0.001009173
0.00095842147
0.00090691794
0.00085464254
0.00080157637
0.00074770073
0.00069296429
0.00063737811
0.00058079251
0.00052362875
0.00046501243
0.00040887904
0.00034757026
0.000311847
0.00023739449
0.00042920962
-0.00034850896
0.0057130923
0.0057688288
0.0057942395
0.0058120168
0.0058278181
0.0058336519
0.0058234711
0.005796102
0.0057503439
0.0056838529
0.0055960854
0.0054880181
0.0053617894
0.005220586
0.0050681946
0.0049083864
0.0047451065
0.0045811917
0.0044193424
0.0042630101
0.0041132455
0.003970857
0.0038368546
0.0037131988
0.0036013245
0.0035017946
0.0034148894
0.0033405837
0.0032783171
0.0032267367
0.0031832125
0.0031450537
0.0031098212
0.0030748574
0.0030386127
0.0030009479
0.0029621574
0.0029227374
0.0028833365
0.0028439598
0.0028043899
0.0027645377
0.002724253
0.0026839408
0.0026439683
0.002604306
0.002564753
0.0025252568
0.0024860851
0.0024472085
0.0024084491
0.0023696645
0.0023310795
0.0022928022
0.0022545845
0.0022162261
0.0021774923
0.0021382399
0.0020988562
0.0020594598
0.0020197446
0.0019799919
0.0019402677
0.0019002798
0.0018600126
0.0018195387
0.0017786999
0.00173748
0.001695943
0.0016539507
0.0016115357
0.0015687078
0.0015253384
0.001481505
0.0014371651
0.0013922529
0.0013468078
0.0013007557
0.0012540993
0.0012068083
0.0011588476
0.0011102152
0.0010608658
0.0010108006
0.00095999638
0.00090844177
0.00085611686
0.00080300281
0.00074908097
0.00069430013
0.00063867131
0.00058204501
0.00052484143
0.00046618707
0.00041001056
0.00034866109
0.00031287831
0.00023831396
0.00042998963
-0.00034719786
0.005667943
0.0057224137
0.0057510384
0.0057702607
0.0057851841
0.0057901086
0.0057798148
0.0057528687
0.0057081581
0.0056437083
0.0055588971
0.005454577
0.0053326982
0.0051961749
0.0050485252
0.0048933279
0.004734284
0.0045742661
0.004415916
0.0042624089
0.0041150442
0.0039747075
0.0038424732
0.0037201567
0.0036091691
0.0035101242
0.0034233166
0.0033487328
0.0032858304
0.0032333152
0.0031887455
0.0031495428
0.0031133517
0.0030776658
0.0030409545
0.0030030033
0.0029640503
0.0029245207
0.0028849897
0.0028454822
0.0028057953
0.0027658559
0.0027255494
0.0026852304
0.0026452394
0.0026055454
0.0025659611
0.0025264474
0.0024872329
0.0024482852
0.0024094193
0.0023705065
0.0023317576
0.0022932711
0.002254759
0.0022161227
0.0021775761
0.0021391472
0.0021006467
0.002061864
0.0020225779
0.0019829311
0.0019430881
0.0019028848
0.0018624294
0.001821851
0.0017809712
0.0017397357
0.001698185
0.001656173
0.001613735
0.0015708792
0.001527476
0.0014836056
0.001439225
0.0013942688
0.0013487775
0.0013026767
0.0012559707
0.0012086293
0.001160618
0.0011119354
0.0010625362
0.0010124222
0.00096156993
0.00090996825
0.00085759725
0.00080443815
0.00075047238
0.00069564885
0.00063997854
0.00058331223
0.00052606881
0.00046737646
0.00041115486
0.00034976529
0.00031391632
0.0002392323
0.00043067126
-0.00034565772
0.0056241474
0.0056768397
0.0057075643
0.0057279326
0.0057421509
0.0057462707
0.0057358967
0.0057094339
0.0056658162
0.0056033767
0.0055214704
0.0054208295
0.0053032282
0.0051713264
0.0050283822
0.0048777802
0.0047229997
0.0045669049
0.004412085
0.0042614831
0.0041165781
0.003978347
0.0038479122
0.0037269723
0.0036169104
0.0035183841
0.0034317034
0.0033568669
0.0032933564
0.0032399404
0.0031943528
0.0031541295
0.0031169968
0.0030805902
0.0030434043
0.00300515
0.0029660088
0.0029263487
0.0028866818
0.0028470477
0.0028072602
0.0027672489
0.0027269142
0.0026865674
0.0026465265
0.0026067724
0.0025671413
0.0025275967
0.0024883441
0.0024493589
0.002410467
0.0023715488
0.0023327741
0.0022942037
0.0022555756
0.0022168339
0.0021781792
0.0021396291
0.0021008545
0.0020619034
0.0020229917
0.0019839815
0.0019447089
0.0019049512
0.0018647374
0.001824188
0.0017831968
0.001741828
0.0017001898
0.0016581398
0.0016156908
0.0015728291
0.0015294168
0.0014855347
0.0014411365
0.0013961569
0.0013506377
0.0013045044
0.0012577629
0.0012103834
0.0011623325
0.0011136092
0.0010641687
0.0010140133
0.00096311946
0.00091147638
0.00085906414
0.00080586412
0.00075185783
0.00069699434
0.00064128458
0.00058457979
0.00052729734
0.00046856801
0.00041230037
0.0003508728
0.00031495215
0.00024014203
0.00043123228
-0.0003438518
0.0055814632
0.0056320419
0.0056639519
0.0056851333
0.0056987681
0.0057021829
0.0056917574
0.0056658213
0.0056233298
0.0055628717
0.0054838176
0.005386784
0.0052733777
0.005146025
0.0050077369
0.0048617045
0.004711202
0.0045590525
0.0044077931
0.0042601714
0.0041177938
0.0039817292
0.0038531371
0.003733621
0.0036245314
0.0035265632
0.003440044
0.0033649866
0.0033009004
0.0032466178
0.0032000363
0.0031588087
0.0031207454
0.0030836154
0.0030459432
0.0030073722
0.0029680307
0.0029282333
0.0028884306
0.0028486704
0.0028087816
0.0027686932
0.0027283202
0.0026879391
0.0026478477
0.0026080385
0.0025683631
0.0025287842
0.0024894863
0.0024504507
0.0024115138
0.0023725635
0.0023337505
0.0022951366
0.0022564887
0.002217744
0.0021790585
0.0021404116
0.00210153
0.0020625118
0.0020235422
0.0019843528
0.0019448682
0.0019052298
0.0018654339
0.0018253429
0.001784747
0.001743655
0.0017021205
0.0016600301
0.0016174974
0.0015745743
0.0015311343
0.0014872469
0.001442848
0.0013978658
0.0013523405
0.001306195
0.0012594361
0.0012120347
0.0011639581
0.0011152065
0.0010657356
0.0010155482
0.00096462125
0.00091294415
0.00086049711
0.00080726171
0.00075321957
0.00069832
0.00064257388
0.0005858331
0.00052851338
0.00046974915
0.00041343564
0.00035197375
0.0003159771
0.0002410352
0.00043165194
-0.00034173859
0.0055396926
0.0055879477
0.0056203071
0.0056419638
0.005655088
0.0056578863
0.0056474324
0.0056220543
0.0055807157
0.0055222135
0.0054459558
0.0053524541
0.0052431571
0.0051202765
0.0049865896
0.0048450951
0.0046988757
0.0045506884
0.0044030162
0.0042584419
0.0041186575
0.0039848175
0.0038581122
0.0037400664
0.0036319961
0.0035346276
0.003448308
0.0033730649
0.0033084384
0.0032533257
0.003205777
0.0031635649
0.0031245858
0.0030867332
0.0030485664
0.0030096693
0.0029701177
0.002930175
0.0028902327
0.0028503434
0.0028103499
0.0027701814
0.0027297668
0.0026893509
0.0026492104
0.0026093467
0.0025696252
0.0025300091
0.002490663
0.0024515738
0.0024125898
0.0023736046
0.0023347523
0.0022960936
0.0022574111
0.0022186352
0.0021799093
0.0021412217
0.0021023327
0.0020633084
0.0020242769
0.0019849948
0.0019454443
0.0019057721
0.0018658598
0.0018255818
0.0017850142
0.0017441957
0.0017030071
0.0016612548
0.0016189869
0.0015761908
0.0015327494
0.0014888126
0.0014443747
0.0013993769
0.0013538506
0.0013077073
0.0012609493
0.0012135443
0.0011654595
0.0011166952
0.0010672074
0.001017
0.00096605045
0.00091434857
0.00086187482
0.00080861109
0.00075453918
0.00069960865
0.00064383043
0.00058705727
0.00052970314
0.00047090724
0.00041454919
0.0003530582
0.00031698232
0.00024190295
0.00043188424
-0.00033927195
0.0054986735
0.005544483
0.0055767107
0.0055985197
0.0056111642
0.0056134209
0.0056029587
0.00557816
0.0055379942
0.0054814227
0.0054079034
0.0053178566
0.0052125819
0.0050940933
0.0049649473
0.0048279532
0.0046860131
0.0045418001
0.0043977382
0.0042562706
0.0041191414
0.0039875818
0.0038628076
0.0037462783
0.003639275
0.0035425499
0.0034564704
0.0033810801
0.0033159518
0.0032600482
0.0032115629
0.0031683893
0.0031285111
0.0030899391
0.0030512708
0.0030120385
0.0029722668
0.0029321701
0.0028920842
0.0028520632
0.002811963
0.0027717132
0.0027312542
0.0026908017
0.0026506114
0.0026106924
0.0025709237
0.0025312692
0.0024918749
0.0024527323
0.0024137011
0.00237468
0.0023357868
0.0022970785
0.0022583549
0.0022195455
0.0021807814
0.0021420562
0.0021031427
0.002064086
0.0020250105
0.0019857086
0.0019461541
0.0019064448
0.0018664595
0.0018261193
0.0017855298
0.0017446183
0.0017032721
0.0016615419
0.0016194614
0.0015769226
0.0015337773
0.0014900778
0.0014457562
0.0014007699
0.0013552152
0.001309049
0.0012622855
0.0012148834
0.0011668031
0.0011180418
0.0010685528
0.00101834
0.00096738078
0.00091566549
0.00086317499
0.00080989162
0.00075579747
0.00070084249
0.00064503769
0.000588237
0.00053085249
0.00047202937
0.00041562926
0.00035411584
0.00031795845
0.00024273815
0.00043187758
-0.0003364085
0.0054582725
0.0055015771
0.0055332224
0.0055548891
0.0055670511
0.0055688267
0.0055583737
0.0055341674
0.0054951861
0.0054405196
0.0053696795
0.0052830093
0.0051816687
0.0050674887
0.0049428188
0.0048102826
0.0046726103
0.0045323787
0.0043919469
0.0042536383
0.0041192232
0.0039899977
0.003867199
0.0037522323
0.0036463444
0.0035503078
0.0034645106
0.003389014
0.0033234248
0.003266772
0.0032173836
0.0031732735
0.0031325147
0.0030932281
0.0030540528
0.0030144768
0.0029744754
0.0029342161
0.0028939831
0.0028538281
0.0028136195
0.002773287
0.0027327804
0.0026922892
0.0026520485
0.0026120739
0.0025722572
0.0025325631
0.0024931205
0.0024539245
0.0024148455
0.0023757875
0.0023368528
0.0022980943
0.0022593292
0.0022204864
0.0021816829
0.0021429141
0.0021039676
0.0020648784
0.002025766
0.0019864406
0.0019468607
0.0019071128
0.0018671011
0.0018267541
0.0017861378
0.001745167
0.0017037692
0.0016620284
0.0016198531
0.0015771828
0.0015340717
0.0014905191
0.0014464132
0.0014016838
0.0013563303
0.0013102522
0.0012634979
0.0012160798
0.0011679895
0.0011192293
0.0010697465
0.0010195403
0.00096858483
0.00091686931
0.00086437405
0.00081108165
0.0007569745
0.00070200306
0.00064617858
0.00058935647
0.00053194687
0.00047310224
0.00041666369
0.00035513586
0.00031889553
0.0002435303
0.00043159391
-0.00033309211
0.0054183803
0.0054591647
0.0054898851
0.0055111507
0.0055228035
0.0055241437
0.0055137147
0.0054901065
0.0054523139
0.0053995252
0.0053313042
0.0052479306
0.0051504347
0.0050404774
0.0049202141
0.0047920883
0.0046586655
0.0045224172
0.0043856321
0.0042505283
0.0041188825
0.0039920428
0.0038712643
0.0037579059
0.0036531818
0.00355788
0.0034724093
0.0033968492
0.0033308424
0.0032734839
0.0032232284
0.0031782095
0.0031365902
0.0030965957
0.0030569092
0.0030169818
0.0029767414
0.0029363117
0.0028959277
0.0028556367
0.0028153178
0.0027749011
0.0027343439
0.0026938119
0.0026535202
0.0026134898
0.0025736245
0.0025338897
0.0024943985
0.0024551489
0.0024160215
0.0023769256
0.0023379488
0.0022991402
0.0022603333
0.0022214563
0.0021826126
0.0021437991
0.0021048192
0.0020656982
0.0020265463
0.0019871884
0.001947578
0.0019077975
0.0018677612
0.0018273939
0.0017867453
0.0017457471
0.0017043399
0.0016625742
0.0016203499
0.0015776429
0.0015345132
0.0014908612
0.001446671
0.0014019782
0.0013567532
0.001310881
0.0012643451
0.0012170801
0.0011690494
0.0011202931
0.0010708021
0.001020595
0.00096964531
0.00091793758
0.00086544848
0.0008121586
0.00075804931
0.00070307113
0.00064723546
0.00059039948
0.00053297135
0.00047411216
0.00041763989
0.00035610689
0.00031978291
0.00024426571
0.00043100509
-0.00032925459
0.0053789068
0.0054171879
0.0054467288
0.0054673737
0.0054784752
0.0054794116
0.0054690185
0.0054460083
0.0054094012
0.0053584609
0.0052927979
0.00521264
0.0051188979
0.0050130749
0.0048971446
0.0047733768
0.0046441785
0.00451191
0.0043787843
0.0042469249
0.0041180996
0.0039936955
0.0038749812
0.0037632769
0.0036597653
0.0035652458
0.0034801471
0.0034045687
0.0033381896
0.0032801711
0.0032290869
0.0031831889
0.0031407311
0.0031000374
0.0030598371
0.0030195514
0.0029790637
0.0029384558
0.0028979171
0.0028574878
0.002817057
0.0027765545
0.0027359437
0.0026953689
0.0026550257
0.0026149394
0.0025750246
0.002535248
0.002495708
0.0024564046
0.0024172284
0.0023780933
0.0023390741
0.0023002153
0.0022613658
0.0022224536
0.0021835692
0.002144711
0.0021056974
0.0020665439
0.0020273516
0.0019879599
0.0019483196
0.0019085058
0.0018684389
0.0018280434
0.0017873648
0.0017463434
0.0017049179
0.0016631239
0.0016208766
0.0015781579
0.0015350029
0.0014913117
0.0014470987
0.0014023612
0.0013570375
0.0013111318
0.0012646405
0.0012175037
0.0011696713
0.0011210958
0.0010717075
0.0010215321
0.00097058276
0.00091887351
0.00086638827
0.0008131053
0.00075900222
0.00070402714
0.00064819
0.00059134921
0.00053391061
0.00047504513
0.00041854495
0.00035701712
0.00032060942
0.00024493255
0.00043007278
-0.00032483132
0.0053397786
0.0053755957
0.0054037735
0.0054236177
0.0054341182
0.00543467
0.0054243211
0.0054019042
0.0053664728
0.0053173485
0.0052541818
0.0051771572
0.0050870768
0.0049852973
0.0048736227
0.0047541557
0.0046291504
0.0045008527
0.0043713949
0.0042428134
0.0041168554
0.0039949342
0.0038783279
0.003768323
0.0036660728
0.0035723838
0.0034877045
0.0034121548
0.0033454509
0.0032868199
0.0032349482
0.0031882032
0.0031449307
0.0031035484
0.0030628335
0.0030221835
0.0029814408
0.0029406474
0.0028999503
0.0028593808
0.0028188361
0.0027782464
0.0027375793
0.0026969597
0.0026565644
0.002616422
0.0025764571
0.0025366376
0.0024970484
0.0024576912
0.0024184657
0.0023792904
0.0023402281
0.002301319
0.0022624261
0.0022234777
0.0021845523
0.0021456492
0.0021066009
0.0020674142
0.002028181
0.0019887554
0.0019490851
0.001909237
0.0018691381
0.0018287144
0.0017880059
0.0017469569
0.0017055056
0.0016636839
0.0016214163
0.0015786798
0.0015355007
0.0014917914
0.0014475616
0.0014027994
0.0013574457
0.001311516
0.0012649561
0.0012177496
0.0011699075
0.0011213924
0.0010721557
0.0010221568
0.00097133755
0.00091968739
0.00086721482
0.00081393112
0.00075982939
0.00070485885
0.0006490263
0.00059218916
0.00053474901
0.00047588682
0.00041936577
0.00035785448
0.00032136363
0.00024551764
0.00042873276
-0.00031975199
0.0053009355
0.0053343445
0.0053610324
0.0053799332
0.0053897818
0.0053899576
0.0053796579
0.0053578256
0.0053235541
0.0052762106
0.0052154772
0.0051415026
0.0050549907
0.0049571618
0.0048496617
0.0047344335
0.0046135838
0.0044892421
0.0043634561
0.0042381801
0.0041151315
0.003995738
0.0038812824
0.0037730219
0.0036720816
0.0035792727
0.0034950614
0.0034195893
0.0033526103
0.0032934162
0.0032408004
0.0031932429
0.0031491814
0.0031071234
0.0030658947
0.0030248759
0.0029838712
0.0029428855
0.0029020265
0.0028613149
0.0028206548
0.0027799763
0.0027392502
0.0026985838
0.0026581358
0.0026179371
0.0025779216
0.0025380582
0.0024984196
0.0024590084
0.0024197331
0.0023805166
0.0023414106
0.0023024512
0.0022635141
0.0022245285
0.0021855617
0.0021466133
0.0021075293
0.0020683086
0.0020290345
0.0019895742
0.001949873
0.0019099902
0.001869859
0.0018294069
0.001788668
0.0017475901
0.0017061126
0.0016642634
0.0016219717
0.0015792115
0.0015360076
0.0014922796
0.0014480311
0.0014032495
0.0013578796
0.0013119287
0.0012653457
0.0012181213
0.0011702302
0.0011216387
0.0010723649
0.0010223819
0.00097166025
0.00092016348
0.00086783012
0.00081462487
0.00076054789
0.00070557896
0.00064974545
0.00059291158
0.00053547431
0.0004766237
0.00042008923
0.00035860667
0.00032203409
0.00024600669
0.00042692529
-0.00031394089
0.0052623289
0.0052933976
0.0053185137
0.0053363628
0.0053455117
0.0053453123
0.0053350631
0.0053138038
0.0052806713
0.0052350698
0.0051767059
0.0051056973
0.0050226591
0.0049286862
0.0048252761
0.00471422
0.0045974826
0.0044770763
0.0043549611
0.0042330124
0.0041129103
0.0039960862
0.0038838229
0.0037773509
0.0036777692
0.0035858903
0.0035021972
0.0034268535
0.003359651
0.0032999453
0.003246631
0.003198298
0.0031534752
0.0031107565
0.0030690168
0.0030276258
0.0029863531
0.0029451691
0.0029041448
0.0028632894
0.0028225122
0.0027817436
0.0027409559
0.0027002408
0.0026597396
0.0026194845
0.0025794178
0.0025395096
0.0024998213
0.0024603561
0.0024210305
0.0023817719
0.0023426218
0.0023036118
0.0022646298
0.0022256061
0.0021865973
0.0021476033
0.0021084825
0.0020692272
0.0020299118
0.0019904159
0.0019506831
0.0019107652
0.0018706011
0.00183012
0.00178935
0.0017482429
0.0017067391
0.001664862
0.001622545
0.0015797608
0.0015365317
0.0014927816
0.0014485104
0.0014037069
0.0013583185
0.0013123486
0.0012657503
0.0012185075
0.0011705945
0.0011219853
0.0010726776
0.0010226318
0.00097185563
0.00092034301
0.00086806319
0.00081497958
0.00076103546
0.00070615561
0.00065035743
0.00059353042
0.00053609159
0.00047725209
0.00042070654
0.00035926271
0.0003226096
0.00024638478
0.00042459285
-0.00030731944
0.0052239195
0.0052527244
0.0052762226
0.0052929418
0.0053013497
0.0053007709
0.0052905702
0.0052698694
0.0052378508
0.0051939496
0.00513789
0.0050697625
0.0049901026
0.0048998888
0.004800481
0.0046935262
0.0045808519
0.0044643547
0.0043459043
0.0042272985
0.0041101751
0.0039959588
0.0038859277
0.0037812877
0.0036831128
0.0035922144
0.0035090909
0.0034339281
0.0033665555
0.0033063915
0.0032524269
0.0032033575
0.0031578033
0.0031144408
0.0030721951
0.0030304299
0.0029888845
0.0029474966
0.002906304
0.0028653032
0.0028244077
0.0027835476
0.002742696
0.0027019303
0.0026613754
0.0026210638
0.0025809454
0.0025409915
0.0025012534
0.0024617342
0.0024223581
0.0023830563
0.0023438615
0.0023048009
0.0022657734
0.0022267106
0.0021876593
0.0021486193
0.0021094608
0.0020701701
0.002030813
0.0019912808
0.0019515155
0.001911562
0.0018713643
0.0018308535
0.001790052
0.001748915
0.0017073844
0.0016654788
0.0016231361
0.0015803277
0.0015370731
0.0014933001
0.0014490057
0.0014041793
0.0013587695
0.0013127775
0.0012661595
0.0012188973
0.0011709682
0.0011223442
0.001073015
0.0010229518
0.00097214927
0.00092058293
0.00086824257
0.00081512394
0.00076119991
0.00070640969
0.00065073074
0.00059399821
0.00053660364
0.00047778611
0.00042122607
0.00035982225
0.00032308402
0.00024663804
0.00042168008
-0.00029981194
0.0051856766
0.0052123001
0.0052341624
0.0052496997
0.0052573337
0.0052563681
0.0052462111
0.0052260524
0.0051951192
0.0051528734
0.0050990519
0.00503372
0.0049573418
0.004870789
0.0047752928
0.0046723639
0.0045636984
0.0044510781
0.004336281
0.0042210281
0.0041069101
0.0039953364
0.0038875757
0.0037848099
0.0036880894
0.0035982224
0.003515721
0.0034407931
0.0033733058
0.0033127386
0.0032581738
0.0032084096
0.0031621558
0.0031181691
0.0030754242
0.0030332845
0.0029914625
0.0029498663
0.0029085027
0.0028673553
0.0028263402
0.0027853875
0.0027444699
0.0027036518
0.0026630427
0.0026226746
0.0025825043
0.0025425039
0.0025027158
0.0024631427
0.0024237156
0.0023843699
0.0023451299
0.0023060186
0.0022669449
0.0022278421
0.002188748
0.0021496616
0.0021104645
0.0020711375
0.0020317384
0.0019921689
0.0019523705
0.0019123808
0.0018721489
0.0018316076
0.0017907739
0.0017496065
0.0017080483
0.0016661137
0.0016237447
0.0015809117
0.0015376309
0.0014938346
0.001449517
0.0014046671
0.0013592353
0.0013132209
0.0012665814
0.0012192979
0.0011713485
0.001122705
0.0010733572
0.0010232796
0.00097245777
0.00092087046
0.00086850618
0.0008153418
0.00076135654
0.00070652005
0.00065083846
0.00059417064
0.00053688065
0.00047816835
0.00042164473
0.0003602988
0.0003234697
0.00024676008
0.00041814896
-0.00029135981
0.0051475763
0.005172105
0.0051923353
0.005206661
0.0052134973
0.005212137
0.0052020165
0.0051823818
0.0051525025
0.005111865
0.005060214
0.0049975918
0.004924398
0.0048414063
0.0047497284
0.0046507463
0.0045460301
0.0044372487
0.0043260878
0.004214192
0.0041031006
0.0039942006
0.003888746
0.0037878955
0.0036926762
0.0036038917
0.0035220656
0.003447428
0.003379883
0.0033189695
0.0032638568
0.0032134418
0.0031665223
0.0031219328
0.0030786981
0.0030361852
0.0029940843
0.002952276
0.002910739
0.0028694441
0.0028283085
0.0027872622
0.0027462768
0.0027054047
0.002664741
0.0026243166
0.0025840939
0.0025440465
0.0025042082
0.0024645814
0.0024251032
0.0023857127
0.0023464271
0.002307265
0.0022681445
0.0022290009
0.0021898634
0.0021507304
0.0021114937
0.0020721297
0.0020326882
0.0019930808
0.0019532483
0.0019132219
0.001872955
0.0018323824
0.0017915161
0.0017503175
0.001708731
0.0016667669
0.001624371
0.0015815127
0.0015382052
0.0014943851
0.0014500436
0.0014051699
0.0013597158
0.0013136784
0.0012670171
0.001219712
0.0011717412
0.0011230767
0.0010737081
0.0010236101
0.00097276781
0.00092116246
0.00086877971
0.00081559307
0.00076158135
0.0007067035
0.00065096476
0.0005942487
0.0005369438
0.00047828826
0.00042184084
0.00036062819
0.00032376951
0.00024674497
0.00041401452
-0.00028193573
0.0051096007
0.0051321236
0.0051507432
0.0051638463
0.0051698706
0.0051681082
0.0051580159
0.0051388855
0.0051100267
0.0050709479
0.0050213989
0.0049614
0.0048912927
0.004811761
0.0047238056
0.0046286875
0.0045278559
0.0044228701
0.0043153228
0.0042067821
0.0040987333
0.0039925338
0.0038894187
0.0037905226
0.0036968506
0.0036091993
0.0035281027
0.003453812
0.0033862677
0.0033250664
0.0032694602
0.0032184404
0.0031708915
0.0031257231
0.0030820099
0.003039127
0.002996746
0.0029547229
0.002913011
0.0028715679
0.0028303113
0.0027891706
0.0027481157
0.0027071882
0.0026664697
0.002625989
0.0025857138
0.0025456189
0.0025057305
0.0024660501
0.0024265206
0.0023870847
0.0023477531
0.0023085403
0.0022693725
0.0022301872
0.0021910059
0.002151826
0.0021125488
0.0020731471
0.0020336629
0.0019940166
0.0019541493
0.0019140857
0.0018737831
0.0018331784
0.0017922789
0.0017510484
0.0017094329
0.0016674386
0.0016250152
0.0015821309
0.0015387962
0.0014949516
0.0014505857
0.0014056875
0.0013602105
0.0013141498
0.0012674662
0.001220139
0.0011721464
0.0011234607
0.0010740706
0.0010239509
0.00097308681
0.00092145955
0.00086905417
0.00081584562
0.00076181235
0.00070691063
0.00065114481
0.00059439335
0.00053703906
0.00047834949
0.00042186722
0.00036072358
0.00032388226
0.00024652019
0.00040929528
-0.00027150222
0.0050717371
0.0050923446
0.0051093879
0.0051212726
0.0051264796
0.0051243099
0.0051142366
0.0050955902
0.005067717
0.0050301455
0.004982629
0.0049251667
0.0048580477
0.0047818738
0.004697543
0.0046062024
0.0045091863
0.0044079471
0.0043039853
0.0041987921
0.0040937959
0.0039903195
0.0038895742
0.0037926702
0.00370059
0.0036141226
0.0035338099
0.0034599238
0.00339244
0.0033310111
0.0032749675
0.0032233912
0.0031752511
0.00312953
0.003085352
0.0030421042
0.0029994434
0.002957204
0.0029153161
0.0028737247
0.0028323469
0.0027911112
0.0027499854
0.0027090013
0.0026682277
0.0026276911
0.0025873635
0.0025472206
0.0025072822
0.0024675484
0.0024279677
0.0023884859
0.0023491078
0.0023098443
0.0022706288
0.0022314011
0.0021921755
0.0021529485
0.0021136301
0.0020741898
0.0020346626
0.0019949767
0.0019550738
0.0019149725
0.0018746335
0.0018339959
0.0017930626
0.0017517995
0.0017101543
0.0016681293
0.0016256775
0.0015827666
0.0015394042
0.0014955343
0.0014511434
0.0014062201
0.0013607197
0.001314635
0.0012679285
0.0012205787
0.0011725639
0.0011238564
0.0010744443
0.0010243027
0.00097341632
0.00092176614
0.00086933688
0.00081610378
0.00076204493
0.00070711787
0.00065132784
0.00059455393
0.0005371755
0.00047846887
0.00042192975
0.00036078606
0.00032375106
0.00024614834
0.00040355123
-0.00025981915
0.0050339773
0.0050527601
0.0050682716
0.0050789546
0.0050833473
0.0050807679
0.0050707045
0.0050525211
0.0050255974
0.004989481
0.0049439268
0.0048889143
0.0048246849
0.0047517658
0.0046709597
0.004583307
0.004490033
0.0043924862
0.004292076
0.0041902168
0.0040882778
0.0039875424
0.0038891942
0.0037943175
0.0037038726
0.0036186388
0.0035391648
0.0034657417
0.0033983796
0.0033367843
0.0032803614
0.0032282789
0.0031795881
0.0031333426
0.003088716
0.0030451104
0.0030021718
0.0029597156
0.0029176515
0.0028759121
0.0028344131
0.0027930822
0.0027518847
0.0027108429
0.0026700142
0.0026294221
0.0025890422
0.002548851
0.0025088628
0.0024690762
0.0024294442
0.0023899159
0.0023504913
0.0023111772
0.0022719136
0.0022326427
0.0021933725
0.0021540982
0.0021147377
0.0020752582
0.0020356876
0.0019959615
0.0019560222
0.0019158826
0.0018755065
0.0018348353
0.0017938675
0.0017525712
0.0017108955
0.0016688393
0.0016263584
0.0015834201
0.0015400294
0.0014961335
0.0014517171
0.0014067681
0.0013612435
0.0013151343
0.0012684043
0.0012210312
0.0011729936
0.0011242637
0.001074829
0.001024665
0.00097375576
0.00092208221
0.00086962861
0.00081637012
0.00076228464
0.00070733034
0.00065151262
0.00059471404
0.00053731202
0.00047859756
0.00042201858
0.00036090388
0.0003234494
0.00024637
0.00039623018
-0.00024686747
0.0049963165
0.0050133649
0.0050273969
0.0050369049
0.0050404938
0.0050375054
0.0050274437
0.0050097021
0.0049836914
0.0049489768
0.0049053142
0.0048526648
0.0047912265
0.0047214584
0.0046440754
0.0045600183
0.0044704085
0.004376495
0.0042795971
0.0041810525
0.0040821696
0.0039841884
0.0038882612
0.0037954447
0.0037066766
0.0036227257
0.003544145
0.003471244
0.0034040654
0.0033423667
0.0032856238
0.0032330875
0.0031838885
0.0031371494
0.0030920927
0.0030481384
0.0030049256
0.0029622535
0.0029200137
0.0028781273
0.0028365078
0.0027950817
0.0027538117
0.0027127116
0.002671828
0.0026311808
0.0025907489
0.0025505095
0.0025104717
0.0024706327
0.0024309497
0.0023913747
0.0023519032
0.0023125387
0.0022732268
0.0022339121
0.002194597
0.0021552752
0.0021158719
0.0020763524
0.0020367382
0.0019969711
0.0019569946
0.0019168163
0.0018764025
0.0018356968
0.0017946941
0.0017533639
0.0017116569
0.0016695688
0.0016270581
0.0015840919
0.0015406722
0.0014967497
0.001452307
0.0014073317
0.0013617823
0.0013156479
0.0012688937
0.0012214968
0.0011734356
0.0011246828
0.0010752248
0.0010250377
0.00097410497
0.0009224074
0.00086992882
0.00081664433
0.00076253168
0.0007075494
0.00065170297
0.00059487819
0.00053744935
0.00047872442
0.00042210061
0.00036101062
0.00032305458
0.00024752173
0.00038754086
-0.00023303202
0.0049587534
0.0049741568
0.0049867667
0.0049951344
0.0049979365
0.0049945433
0.0049844759
0.0049671555
0.0049420211
0.0049086546
0.0048668129
0.00481644
0.0047576944
0.0046909732
0.0046169104
0.0045363537
0.0044503268
0.0043599824
0.0042665521
0.0041712971
0.0040754636
0.003980245
0.0038867588
0.0037960328
0.0037089813
0.0036263611
0.0035487283
0.0034764087
0.0034094765
0.0033477379
0.0032907361
0.0032378001
0.0031881375
0.0031409378
0.0030954719
0.0030511802
0.0030076987
0.0029648131
0.002922399
0.002880367
0.0028386281
0.0027971075
0.0027557647
0.0027146059
0.0026736675
0.0026329662
0.0025924827
0.0025521952
0.0025121083
0.0024722175
0.0024324837
0.0023928618
0.0023533434
0.0023139287
0.0022745683
0.0022352093
0.002195849
0.0021564795
0.0021170328
0.0020774727
0.0020378147
0.001998006
0.0019579915
0.0019177739
0.0018773218
0.0018365809
0.0017955426
0.0017541778
0.0017124388
0.0016703183
0.0016277771
0.0015847821
0.0015413329
0.0014973831
0.0014529135
0.0014079113
0.0013623363
0.0013161761
0.0012693971
0.0012219757
0.0011738903
0.0011251138
0.001075632
0.0010254211
0.00097446407
0.00092274174
0.00087023741
0.00081692617
0.00076278559
0.00070777455
0.00065189872
0.00059504702
0.00053759012
0.00047885354
0.00042217719
0.00036110212
0.00032263694
0.00024907473
0.00037828048
-0.00021889677
0.0049212893
0.0049351354
0.0049463847
0.0049536526
0.0049556904
0.0049518999
0.0049418212
0.0049249018
0.0049006073
0.0048685354
0.004828444
0.0047802613
0.0047241104
0.0046603318
0.0045894851
0.0045123317
0.0044298026
0.0043429588
0.0042529462
0.0041609501
0.0040681536
0.0039757011
0.0038846721
0.0037960639
0.0037107664
0.0036295236
0.0035528924
0.0034812136
0.0034145911
0.0033528773
0.003295679
0.0032423992
0.0031923195
0.0031446945
0.0030988427
0.0030542273
0.0030104843
0.0029673888
0.002924803
0.0028826277
0.0028407711
0.0027991568
0.0027577414
0.0027165239
0.0026755313
0.0026347766
0.0025942423
0.0025539071
0.0025137715
0.0024738297
0.0024340457
0.0023943768
0.0023548115
0.002315347
0.002275938
0.0022365342
0.0021971284
0.0021577113
0.0021182206
0.0020786193
0.0020389171
0.0019990662
0.001959013
0.0019187557
0.0018782646
0.0018374878
0.0017964134
0.0017550133
0.0017132416
0.0016710881
0.0016285157
0.0015854913
0.001542012
0.001498034
0.0014535369
0.0014085071
0.0013629059
0.0013167193
0.0012699147
0.0012224682
0.0011743579
0.001125557
0.0010760506
0.0010258152
0.00097483322
0.00092308537
0.0008705545
0.00081721567
0.00076304627
0.00070800561
0.00065209948
0.00059521999
0.00053773398
0.00047898519
0.00042225162
0.0003611974
0.00032223667
0.00025060613
0.00036904678
-0.00020490636
0.0048839275
0.0048963022
0.004906255
0.0049124683
0.0049137686
0.0049095917
0.0048994977
0.00488296
0.0048594695
0.004828639
0.0047902278
0.0047441499
0.0046904962
0.0046295558
0.0045618205
0.004487971
0.0044088517
0.0043254357
0.0042387858
0.0041500126
0.0040602353
0.0039705471
0.0038819874
0.003795521
0.0037120129
0.0036321923
0.0035566157
0.0034856369
0.0034193876
0.003357764
0.0033004324
0.0032468663
0.0031964181
0.0031484051
0.0031021932
0.0030572699
0.0030132746
0.0029699746
0.0029272208
0.0028849053
0.0028429332
0.0028012267
0.0027597394
0.0027184634
0.0026774175
0.0026366105
0.0025960263
0.002555644
0.0025154605
0.0024754686
0.0024356348
0.0023959191
0.0023563071
0.0023167931
0.0022773356
0.0022378866
0.0021984353
0.0021589705
0.0021194353
0.0020797922
0.0020400456
0.002000152
0.0019600595
0.001919762
0.0018792314
0.0018384179
0.0017973067
0.0017558708
0.0017140656
0.0016718785
0.0016292742
0.0015862197
0.0015427096
0.0014987028
0.0014541775
0.0014091195
0.0013634913
0.0013172777
0.0012704469
0.0012229745
0.0011748387
0.0011260127
0.001076481
0.0010262203
0.00097521263
0.00092343846
0.00087088023
0.00081751295
0.00076331384
0.00070824262
0.00065230518
0.00059539696
0.00053788056
0.00047911855
0.0004223272
0.00036128665
0.00032186627
0.00025203657
0.00035997417
-0.00019118871
0.0048466733
0.0048576604
0.0048663821
0.0048715892
0.0048721825
0.0048676326
0.0048575213
0.0048413473
0.0048186258
0.0047889842
0.0047521839
0.0047081262
0.004656873
0.004598667
0.0045339376
0.0044632913
0.0043874907
0.0043074259
0.004224079
0.0041384871
0.0040517057
0.0039647752
0.0038786926
0.0037943887
0.0037127023
0.003634347
0.0035598768
0.0034896568
0.0034238443
0.0033623766
0.003304976
0.0032511825
0.003200416
0.0031520546
0.0031055107
0.0030602978
0.0030160614
0.0029725639
0.0029296469
0.002887195
0.0028451105
0.0028033139
0.0027617558
0.0027204222
0.0026793239
0.0026384661
0.0025978331
0.0025574044
0.002517174
0.002477133
0.0024372503
0.0023974881
0.0023578296
0.0023182666
0.0022787607
0.0022392664
0.0021997694
0.002160257
0.002120677
0.0020809914
0.0020412004
0.0020012636
0.001961131
0.0019207929
0.0018802222
0.0018393713
0.0017982229
0.0017567505
0.0017149112
0.0016726899
0.001630053
0.0015869676
0.0015434262
0.0014993899
0.0014548357
0.0014097488
0.001364093
0.0013178516
0.0012709939
0.001223495
0.0011753329
0.0011264811
0.0010769234
0.0010266367
0.00097560251
0.00092380121
0.00087121477
0.00081781815
0.00076358839
0.00070848565
0.00065251587
0.00059557789
0.00053802973
0.00047925339
0.00042240294
0.00036136869
0.00032151378
0.00025337018
0.00035101328
-0.00017771081
0.0048095333
0.0048192143
0.0048267708
0.0048310223
0.0048309419
0.0048260352
0.0048159062
0.0048000791
0.0047780926
0.0047495887
0.004714331
0.0046722099
0.0046232615
0.0045676866
0.0045058575
0.0044383122
0.0043657371
0.0042889431
0.0042088349
0.004126378
0.0040425639
0.0039583792
0.0038747771
0.0037926527
0.0037128176
0.0036359685
0.0035626549
0.0034932517
0.0034279393
0.0033666935
0.0033092889
0.003255328
0.0032042953
0.0031556271
0.0031087816
0.0030632996
0.0030188355
0.0029751491
0.0029320751
0.0028894919
0.0028472987
0.0028054146
0.0027637874
0.0027223973
0.0026812482
0.0026403412
0.0025996608
0.0025591869
0.0025189107
0.0024788218
0.0024388912
0.0023990828
0.0023593783
0.0023197669
0.002280213
0.0022406732
0.0022011305
0.0021615706
0.0021219454
0.0020822171
0.0020423814
0.002002401
0.0019622278
0.0019218487
0.0018812374
0.0018403485
0.0017991623
0.0017576527
0.0017157786
0.0016735225
0.0016308523
0.0015877354
0.0015441621
0.0015000955
0.0014555117
0.0014103953
0.0013647112
0.0013184414
0.001271556
0.0012240299
0.0011758408
0.0011269625
0.001077378
0.0010270645
0.00097600305
0.00092417379
0.00087155829
0.00081813142
0.00076387006
0.00070873481
0.00065273162
0.00059576282
0.00053818144
0.00047938966
0.00042247656
0.00036145081
0.00032116392
0.00025459954
0.00034213584
-0.00016445539
0.0047725154
0.0047809692
0.0047874264
0.004790774
0.0047900553
0.0047848098
0.0047746647
0.0047591693
0.0047378852
0.0047104687
0.0046766866
0.00463642
0.004589682
0.0045366356
0.0044776015
0.004413054
0.0043436089
0.0042700021
0.0041930644
0.004113691
0.0040328104
0.0039513549
0.0038702321
0.0037903004
0.003712343
0.0036370384
0.0035649301
0.0034964004
0.003431651
0.0033706929
0.0033133499
0.0032592827
0.0032080372
0.0031591057
0.0031119915
0.0030662633
0.0030215869
0.0029777221
0.0029344987
0.00289179
0.0028494928
0.0028075247
0.0027658306
0.0027243859
0.0026831877
0.0026422334
0.0026015074
0.0025609896
0.002520669
0.0024805336
0.0024405561
0.0024007024
0.0023609524
0.0023212934
0.0022816919
0.0022421067
0.0022025183
0.0021629111
0.0021232406
0.0020834691
0.0020435886
0.0020035643
0.0019633499
0.0019229294
0.0018822771
0.0018413495
0.001800125
0.0017585778
0.001716668
0.0016743766
0.0016316725
0.0015885233
0.0015449175
0.0015008199
0.001456206
0.0014110593
0.0013653461
0.0013190473
0.0012721336
0.0012245795
0.0011763627
0.0011274572
0.0010778451
0.001027504
0.00097641448
0.00092455641
0.00087191096
0.0008184529
0.00076415896
0.00070899018
0.00065295247
0.00059595176
0.00053833565
0.00047952724
0.00042254729
0.00036153905
0.0003208079
0.00025571271
0.00033334604
-0.00015143914
0.0047356281
0.0047429311
0.0047483541
0.0047508505
0.0047495299
0.0047439656
0.0047338074
0.0047186298
0.0046980169
0.0046716392
0.0046392672
0.0046007746
0.0045561541
0.0045055348
0.0044491903
0.0043875372
0.0043211247
0.0042506188
0.0041767793
0.0041004335
0.0040224478
0.0039436996
0.0038650505
0.0037873207
0.0037112641
0.0036375396
0.0035666832
0.0034990825
0.003434958
0.0033743532
0.0033171373
0.0032630258
0.0032116223
0.0031624731
0.003115125
0.0030691759
0.0030243048
0.0029802739
0.0029369102
0.0028940831
0.0028516874
0.0028096394
0.0027678816
0.0027263844
0.0026851394
0.0026441402
0.0026033706
0.0025628105
0.0025224471
0.0024822669
0.0024422439
0.0024023457
0.002362551
0.0023228451
0.0022831966
0.0022435662
0.0022039324
0.0021642782
0.0021245622
0.0020847473
0.002044822
0.0020047536
0.0019644975
0.0019240352
0.0018833414
0.0018423746
0.0018011112
0.0017595258
0.0017175799
0.0016752526
0.0016325139
0.0015893317
0.0015456928
0.0015015635
0.0014569187
0.0014117411
0.0013659982
0.0013196696
0.0012727268
0.001225144
0.0011768988
0.0011279653
0.001078325
0.0010279554
0.00097683699
0.00092494925
0.00087227293
0.00081878274
0.00076445521
0.00070925185
0.0006531785
0.00059614471
0.00053849227
0.000479666
0.00042261474
0.00036163312
0.00032044558
0.00025670517
0.00032465332
-0.00013868926
0.0046988809
0.0047051066
0.0047095594
0.0047112569
0.0047093721
0.00470351
0.0046933433
0.0046784711
0.0046584997
0.0046331137
0.0046020881
0.0045652907
0.0045226964
0.0044744042
0.004420645
0.0043617821
0.0042983037
0.0042308098
0.0041599928
0.0040866144
0.00401148
0.0039354126
0.0038592269
0.0037837042
0.0037095678
0.0036374562
0.0035678959
0.0035012779
0.0034378391
0.0033776526
0.0033206295
0.0032665362
0.0032150308
0.0031657109
0.0031181661
0.0030720235
0.0030269775
0.0029827948
0.0029393014
0.0028963642
0.0028538766
0.0028117537
0.0027699357
0.0027283891
0.0026870999
0.0026460584
0.0026052477
0.0025646474
0.002524243
0.0024840199
0.002443953
0.0024040114
0.0023641729
0.0023244213
0.0022847265
0.0022450511
0.0022053723
0.0021656715
0.0021259101
0.0020860516
0.0020460815
0.0020059686
0.0019656705
0.0019251661
0.0018844305
0.0018434238
0.0018021212
0.0017604971
0.0017185143
0.0016761505
0.0016333766
0.0015901609
0.0015464882
0.0015023266
0.0014576501
0.0014124411
0.0013666676
0.0013203086
0.001273336
0.0012257239
0.0011774495
0.0011284871
0.0010788178
0.001028419
0.00097727078
0.00092535247
0.00087264438
0.00081912107
0.00076475893
0.00070951991
0.00065340975
0.00059634168
0.00053865126
0.00047980575
0.00042267863
0.00036173122
0.00032007873
0.00025757332
0.00031606633
-0.00012623087
0.0046622833
0.0046675026
0.0046710478
0.0046719984
0.004669587
0.0046634492
0.0046532798
0.0046387021
0.004619344
0.0045949045
0.0045651635
0.0045299844
0.004489327
0.0044432632
0.0043919857
0.0043358092
0.0042751655
0.0042105926
0.0041427192
0.004072244
0.003999913
0.0039264951
0.0038527579
0.0037794431
0.0037072428
0.0036367735
0.003568551
0.0035029674
0.0034402737
0.0033805697
0.0033238047
0.0032697925
0.0032182422
0.0031688004
0.0031210979
0.0030747915
0.0030295925
0.0029852742
0.0029416633
0.0028986258
0.0028560538
0.0028138618
0.0027719882
0.0027303956
0.0026890656
0.0026479849
0.0026071358
0.0025664977
0.0025260545
0.0024857905
0.0024456816
0.002405698
0.002365817
0.0023260207
0.0022862806
0.0022465608
0.0022068373
0.0021670904
0.0021272838
0.0020873815
0.0020473667
0.0020072094
0.0019668688
0.0019263221
0.0018855445
0.0018444974
0.001803155
0.0017614917
0.0017194715
0.0016770708
0.001634261
0.001591011
0.001547304
0.0015031093
0.0014584006
0.0014131594
0.0013673547
0.0013209646
0.0012739615
0.0012263192
0.0011780149
0.0011290229
0.0010793237
0.0010288949
0.00097771605
0.00092576628
0.00087302545
0.00081946804
0.00076507022
0.00070979445
0.00065364626
0.00059654266
0.00053881251
0.0004799463
0.00042273874
0.00036183157
0.00031970673
0.00025831385
0.00030759493
-0.00011408808
0.0046258454
0.0046301263
0.0046328247
0.0046330794
0.0046301791
0.0046237882
0.0046136229
0.00459933
0.0045805588
0.0045570222
0.0045285061
0.0044948707
0.0044560628
0.0044121307
0.0043632326
0.0043096391
0.0042517297
0.0041899852
0.0041249738
0.004057334
0.0039877542
0.00391695
0.0038456419
0.0037745318
0.0037042795
0.0036354786
0.0035686326
0.0035041328
0.0034422418
0.0033830832
0.0033266411
0.003272773
0.0032212356
0.0031717219
0.0031239027
0.0030774645
0.0030321366
0.0029877008
0.0029439864
0.0029008594
0.0028582118
0.0028159576
0.0027740336
0.0027323995
0.0026910323
0.0026499161
0.0026090317
0.0025683585
0.0025278791
0.0024875767
0.0024474278
0.0024074039
0.0023674816
0.0023276421
0.0022878577
0.0022480943
0.0022083268
0.0021685344
0.0021286828
0.0020887369
0.0020486775
0.0020084757
0.0019680924
0.0019275032
0.0018866832
0.0018455953
0.0018042128
0.0017625099
0.0017204516
0.0016780134
0.0016351673
0.0015918823
0.0015481405
0.001503912
0.0014591704
0.0014138963
0.0013680597
0.0013216378
0.0012746034
0.0012269303
0.0011785953
0.0011295729
0.001079843
0.0010293833
0.00097817299
0.00092619082
0.0008734163
0.00081982376
0.0007653892
0.00071007553
0.00065388807
0.00059674763
0.00053897594
0.00048008745
0.00042279467
0.00036193436
0.00031932426
0.00025891997
0.00029924893
-0.00010228256
0.0045895772
0.0045929849
0.0045948953
0.0045945038
0.0045911519
0.0045845308
0.0045743772
0.0045603608
0.0045421515
0.0045194762
0.0044921273
0.0044599632
0.0044229199
0.0043810247
0.0043344051
0.0042832917
0.0042280163
0.0041690062
0.0041067729
0.0040418975
0.0039750126
0.003906782
0.0038378793
0.0037689662
0.0037006698
0.0036335598
0.0035681259
0.0035047569
0.0034437243
0.0033851724
0.0033291172
0.003275456
0.0032239898
0.0031744555
0.0031265623
0.0030800262
0.0030345956
0.0029900624
0.0029462601
0.0029030561
0.0028603427
0.0028180342
0.0027760661
0.0027343954
0.0026929956
0.0026518478
0.0026109319
0.0025702268
0.002529714
0.0024893759
0.0024491894
0.002409127
0.0023691653
0.0023292841
0.0022894568
0.0022496506
0.0022098397
0.0021700026
0.0021301065
0.0020901171
0.0020500134
0.0020097673
0.0019693411
0.0019287093
0.0018878466
0.0018467176
0.0018052946
0.0017635516
0.0017214548
0.0016789787
0.0016360956
0.001592775
0.0015489977
0.0015047349
0.0014599597
0.0014146521
0.0013687828
0.0013223285
0.0012752621
0.0012275573
0.0011791909
0.0011301372
0.001080376
0.0010298845
0.00097864177
0.00092662628
0.00087381708
0.00082018837
0.00076571595
0.00071036322
0.00065413521
0.00059695657
0.00053914144
0.00048022895
0.00042284602
0.0003620404
0.00031891729
0.00025938725
0.0002910379
-9.0833586e-05
0.0045534885
0.0045560854
0.0045572646
0.0045562754
0.0045525083
0.0045456798
0.0045355461
0.0045217989
0.0045041281
0.0044822745
0.0044560374
0.0044252745
0.004389913
0.0043499622
0.0043055221
0.004256787
0.0042040453
0.0041476746
0.0040881335
0.0040259487
0.003961699
0.0038959976
0.0038294722
0.0037627442
0.0036964076
0.0036310073
0.0035670179
0.0035048235
0.0034447025
0.0033868172
0.0033312117
0.0032778197
0.0032264834
0.0031769807
0.0031290577
0.0030824596
0.0030369545
0.002992346
0.0029484733
0.002905206
0.0028624382
0.0028200843
0.0027780792
0.0027363777
0.0026949504
0.0026537757
0.0026128324
0.002572099
0.0025315561
0.0024911854
0.002450964
0.0024108655
0.0023708661
0.002330945
0.0022910763
0.0022512284
0.0022113752
0.0021714942
0.0021315541
0.0020915216
0.002051374
0.0020110837
0.0019706145
0.00192994
0.0018890347
0.0018478642
0.0018064004
0.001764617
0.0017224812
0.0016799667
0.001637046
0.0015936892
0.001549876
0.0015055781
0.0014607687
0.001415427
0.0013695244
0.0013230368
0.0012759377
0.0012282006
0.0011798019
0.0011307163
0.0010809227
0.0010303986
0.00097912258
0.0009270728
0.00087422792
0.00082056197
0.00076605057
0.00071065758
0.0006543877
0.00059716943
0.00053930889
0.00048037055
0.0004228922
0.00036215159
0.00031846965
0.00025971358
0.0002829717
-7.9759387e-05
0.0045175892
0.0045194348
0.0045199372
0.004518397
0.0045142504
0.0045072371
0.004497132
0.0044836476
0.0044664933
0.0044454237
0.0044202451
0.004390816
0.0043570562
0.0043189595
0.0042766017
0.0042301445
0.0041798366
0.0041260099
0.0040690736
0.0040095028
0.0039478253
0.0038846051
0.0038204248
0.0037558657
0.0036914886
0.003627813
0.0035652967
0.0035043179
0.0034451592
0.0033879981
0.0033329036
0.0032798426
0.0032286948
0.0031792767
0.0031313695
0.003084747
0.0030391978
0.0029945379
0.0029506138
0.0029072989
0.002864489
0.0028220998
0.0027800659
0.0027383404
0.0026968914
0.002655695
0.002614729
0.0025739714
0.0025334021
0.0024930021
0.0024527489
0.0024126168
0.002372582
0.0023326231
0.0022927146
0.0022528264
0.002212932
0.0021730083
0.002133025
0.0020929497
0.0020527586
0.0020124244
0.0019719124
0.0019311952
0.0018902471
0.001849035
0.0018075301
0.0017657061
0.0017235307
0.0016809774
0.0016380187
0.0015946252
0.0015507755
0.0015064419
0.0014615976
0.0014162212
0.0013702845
0.0013237631
0.0012766305
0.0012288603
0.0011804286
0.0011313101
0.0010814835
0.0010309259
0.00097961558
0.00092753054
0.00087464895
0.00082094468
0.00076639315
0.00071095867
0.00065464555
0.00059738616
0.00053947814
0.00048051195
0.00042293288
0.00036226739
0.00031796966
0.00025990065
0.00027505666
-6.9077445e-05
0.0044818888
0.0044830397
0.0044829176
0.0044808712
0.0044763796
0.0044692037
0.0044591359
0.004445909
0.0044292507
0.0044089291
0.0043847581
0.0043565977
0.0043243621
0.0042880318
0.0042476612
0.0042033831
0.0041554098
0.0041040316
0.0040496114
0.0039925762
0.0039334049
0.0038726143
0.0038107428
0.0037483324
0.0036859104
0.0036239703
0.0035629524
0.0035032267
0.003445078
0.0033886964
0.0033341726
0.0032815033
0.0032306025
0.0031813225
0.0031334778
0.0030868702
0.0030413088
0.0029966236
0.002952669
0.0029093234
0.0028664853
0.0028240721
0.0027820185
0.0027402767
0.0026988125
0.0026576003
0.0026166169
0.0025758397
0.0025352483
0.0024948228
0.0024545411
0.0024143783
0.0023743106
0.0023343162
0.0022943701
0.0022544431
0.0022145088
0.0021745435
0.002134518
0.0020944006
0.0020541666
0.002013789
0.0019732343
0.0019324745
0.0018914838
0.0018502298
0.0018086836
0.0017668187
0.0017246035
0.0016820109
0.0016390138
0.001595583
0.0015516963
0.0015073265
0.0014624467
0.0014170349
0.0013710634
0.0013245075
0.0012773407
0.0012295366
0.0011810711
0.001131919
0.0010820584
0.0010314664
0.00098012093
0.00092799964
0.00087508029
0.0008213366
0.00076674375
0.00071126653
0.00065490876
0.0005976067
0.00053964903
0.00048065283
0.0004229673
0.00036238968
0.00031740792
0.00025994535
0.00026729829
-5.8804366e-05
0.0044463962
0.0044469065
0.0044462097
0.0044437002
0.0044388965
0.0044315797
0.0044215583
0.004408584
0.0043924023
0.0043727946
0.0043495826
0.0043226284
0.0042918422
0.0042571933
0.0042187173
0.0041765212
0.0041307845
0.0040817594
0.004029766
0.0039751861
0.0039184525
0.0038600366
0.0038004339
0.003740148
0.0036796726
0.0036194748
0.0035599764
0.0035015377
0.0034444439
0.0033888944
0.0033349991
0.0032827808
0.0032321849
0.0031830967
0.0031353623
0.0030888103
0.0030432707
0.0029985878
0.0029546254
0.0029112675
0.0028684165
0.0028259918
0.0027839289
0.0027421793
0.0027007075
0.002659486
0.002618491
0.0025776995
0.0025370905
0.0024966438
0.0024563375
0.0024161472
0.0023760495
0.0023360221
0.0022960406
0.0022560767
0.0022161041
0.0021760987
0.0021360321
0.0020958734
0.0020555972
0.0020151768
0.0019745796
0.0019337775
0.0018927442
0.0018514483
0.0018098608
0.0017679547
0.0017256994
0.0016830673
0.0016400313
0.0015965627
0.0015526384
0.0015082318
0.0014633159
0.0014178681
0.0013718612
0.0013252701
0.0012780684
0.0012302297
0.0011817297
0.0011325431
0.0010826476
0.0010320203
0.00098063876
0.00092848022
0.00087552206
0.00082173782
0.00076710243
0.00071158118
0.00065517732
0.00059783097
0.00053982141
0.0004807928
0.00042299504
0.00036251713
0.00031677637
0.00025984138
0.00025970043
-4.8954816e-05
0.0044111202
0.0044110409
0.0044098169
0.0044068853
0.0044018014
0.0043943644
0.0043843982
0.0043716723
0.0043559494
0.0043370232
0.0043147237
0.0042889159
0.004259507
0.0042264571
0.0041897856
0.0041495764
0.0041059798
0.0040592129
0.0040095567
0.0039573506
0.0039029839
0.0038468848
0.0037895076
0.0037313178
0.0036727766
0.0036143238
0.0035563621
0.0034992408
0.0034432431
0.0033885756
0.0033353642
0.0032836547
0.0032334209
0.0031845783
0.0031370025
0.003090548
0.0030450656
0.0030004144
0.0029564685
0.0029131186
0.0028702714
0.0028278489
0.0027857882
0.0027440405
0.0027025692
0.0026613459
0.0026203457
0.0025795457
0.0025389243
0.002498461
0.0024581343
0.0024179203
0.0023777957
0.0023377384
0.002297724
0.0022577253
0.0022177162
0.0021776723
0.0021375659
0.0020973669
0.0020570494
0.0020165869
0.0019759478
0.0019351036
0.0018940279
0.0018526903
0.0018110613
0.001769114
0.0017268182
0.0016841463
0.0016410711
0.0015975642
0.001553602
0.0015091581
0.0014642055
0.0014187211
0.0013726782
0.0013260511
0.0012788138
0.0012309398
0.0011824044
0.0011331825
0.0010832514
0.0010325879
0.00098116921
0.00092897239
0.00087597435
0.0008221484
0.00076746926
0.00071190264
0.0006554512
0.00059805885
0.00053999507
0.00048093148
0.00042301511
0.00036264955
0.00031607305
0.0002595486
0.00025228137
-3.9533888e-05
0.0043760688
0.0043754484
0.0043737422
0.0043704275
0.0043650936
0.0043575565
0.0043476541
0.004335173
0.0043198917
0.0043016165
0.0042801853
0.0042554664
0.0042273657
0.0041958353
0.0041608809
0.0041225659
0.0040810144
0.0040364117
0.0039890029
0.0039390881
0.0038870158
0.0038331731
0.0037779747
0.0037218493
0.0036652255
0.0036085165
0.0035521046
0.0034963272
0.0034414633
0.0033877246
0.00333525
0.0032841053
0.0032342895
0.003185746
0.0031383777
0.0030920638
0.0030466753
0.0030020869
0.0029581835
0.0029148632
0.0028720379
0.0028296329
0.0027875869
0.0027458517
0.0027043902
0.0026631731
0.0026221751
0.0025813728
0.0025407448
0.0025002702
0.0024599276
0.002419694
0.0023795462
0.0023394621
0.0022994177
0.0022593867
0.0022193432
0.0021792626
0.0021391179
0.0020988798
0.0020585222
0.0020180184
0.0019773379
0.0019364521
0.0018953345
0.0018539551
0.0018122848
0.0017702962
0.0017279599
0.0016852479
0.0016421332
0.0015985877
0.0015545871
0.0015101053
0.0014651154
0.001419594
0.0013735143
0.0013268507
0.0012795771
0.0012316669
0.0011830955
0.0011338374
0.0010838697
0.0010331691
0.00098171239
0.00092947627
0.00087643724
0.00082256842
0.00076784427
0.00071223092
0.00065573036
0.00059829024
0.00054016982
0.00048106835
0.00042302781
0.000362767
0.00031531628
0.00025904723
0.00024506139
-3.05546e-05
0.0043412494
0.0043401339
0.0043379881
0.0043343273
0.0043287721
0.0043211539
0.0043113238
0.004299084
0.0042842284
0.0042665751
0.00424597
0.0042222854
0.0041954263
0.0041653389
0.0041320168
0.0040955057
0.0040559063
0.0040133751
0.0039681243
0.0039204178
0.0038705659
0.0038189169
0.0037658476
0.0037117513
0.0036570246
0.0036020539
0.003547201
0.0034927897
0.0034390937
0.0033863273
0.0033346395
0.0032841135
0.0032347705
0.0031865789
0.003139467
0.0030933375
0.0030480812
0.0030035881
0.0029597547
0.0029164873
0.0028737034
0.0028313322
0.0027893148
0.0027476039
0.0027061624
0.0026649604
0.0026239724
0.0025831751
0.0025425467
0.0025020665
0.0024617133
0.0024214645
0.0023812976
0.0023411902
0.0023011191
0.0022610585
0.0022209829
0.0021808678
0.0021406866
0.0021004109
0.0020600142
0.0020194702
0.0019787491
0.0019378223
0.0018966633
0.0018552424
0.0018135308
0.0017715011
0.0017291241
0.0016863719
0.0016432175
0.0015996329
0.0015555935
0.0015110734
0.0014660457
0.0014204867
0.0013743697
0.0013276689
0.0012803583
0.0012324113
0.0011838029
0.0011345079
0.0010845028
0.0010337641
0.00098226839
0.00092999193
0.00087691081
0.00082299793
0.00076822748
0.00071256601
0.00065601473
0.000598525
0.00054034542
0.0004812028
0.00042303301
0.00036285752
0.00031452098
0.0002583456
0.00023805552
-2.2033565e-05
0.0043066689
0.0043051014
0.0043025564
0.0042985844
0.0042928351
0.0042851539
0.004275404
0.0042634025
0.0042489575
0.0042318986
0.0042120795
0.0041893768
0.0041636958
0.0041349778
0.0041032062
0.0040684114
0.004030673
0.0039901221
0.0039469406
0.0039013592
0.0038536526
0.0038041327
0.0037531403
0.0037010344
0.0036481807
0.003594939
0.00354165
0.0034886233
0.0034361253
0.0033843709
0.0033335171
0.0032836613
0.0032348442
0.0031870565
0.00314025
0.0030943492
0.0030492641
0.0030049002
0.0029611659
0.002917976
0.0028752544
0.0028329349
0.0027909612
0.0027492875
0.0027078771
0.0026667001
0.0026257308
0.0025849461
0.0025443244
0.0025038448
0.0024634866
0.0024232277
0.002383046
0.0023429195
0.0023028251
0.002262738
0.002222633
0.0021824857
0.0021422701
0.0021019584
0.0020615242
0.0020209412
0.0019801804
0.0019392134
0.0018980134
0.0018565515
0.001814799
0.0017727282
0.0017303105
0.001687518
0.0016443236
0.0016006997
0.0015566212
0.0015120624
0.0014669965
0.0014213992
0.0013752443
0.0013285058
0.0012811575
0.0012331729
0.0011845269
0.0011351941
0.0010851508
0.0010343731
0.00098283731
0.00093051943
0.0008773951
0.00082343695
0.0007686189
0.00071290787
0.00065630425
0.00059876296
0.00054052164
0.00048133429
0.00042302977
0.00036291654
0.00031369479
0.00025746321
0.00023122239
-1.3960753e-05
0.0042723333
0.0042703547
0.0042674484
0.0042631981
0.0042572802
0.004249553
0.0042398909
0.0042281248
0.0042140762
0.0041975855
0.0041785143
0.0041567439
0.0041321801
0.0041047606
0.0040744608
0.0040412973
0.0040053314
0.0039666712
0.0039254713
0.003881932
0.0038362949
0.003788838
0.0037398678
0.0036897108
0.0036387024
0.0035871764
0.0035354522
0.0034838242
0.0034325505
0.0033818444
0.0033318684
0.0032827316
0.0032344915
0.0031871587
0.003140706
0.0030950785
0.0030502046
0.003006005
0.0029624
0.0029193138
0.002876677
0.0028344281
0.0027925145
0.002750892
0.0027095249
0.0026683836
0.0026274426
0.0025866791
0.0025460715
0.0025055995
0.0024652425
0.002424979
0.0023847874
0.0023446461
0.0023045324
0.0022644222
0.0022242908
0.002184114
0.0021438663
0.0021035205
0.0020630504
0.0020224298
0.0019816304
0.0019406241
0.001899384
0.0018578817
0.0018160885
0.001773977
0.0017315187
0.0016886858
0.0016454514
0.0016017879
0.0015576701
0.0015130722
0.0014679675
0.0014223316
0.0013761383
0.0013293614
0.0012819748
0.0012339519
0.0011852675
0.0011358961
0.0010858136
0.0010349959
0.00098341917
0.00093105883
0.00087789014
0.00082388549
0.00076901851
0.00071325646
0.00065659881
0.00059900394
0.00054069819
0.00048146225
0.00042301701
0.00036294376
0.00031283859
0.00025641576
0.0002245217
-6.3216659e-06
0.0042382483
0.0042358968
0.0042326649
0.0042281672
0.0042221046
0.0042143474
0.0042047802
0.0041932466
0.0041795809
0.0041636337
0.0041452742
0.0041243885
0.0041008838
0.0040746953
0.0040457913
0.004014177
0.0039798976
0.0039430404
0.0039037358
0.0038621559
0.0038185122
0.0037730509
0.0037260463
0.0036777939
0.0036286
0.0035787726
0.0035286101
0.003478391
0.0034283636
0.0033787381
0.0033296803
0.0032813087
0.0032336945
0.0031868659
0.0031408149
0.0030955055
0.0030508833
0.003006884
0.00296344
0.0029204848
0.0028779565
0.0028357987
0.0027939626
0.0027524065
0.0027110959
0.002670002
0.0026290997
0.0025883666
0.0025477816
0.0025073246
0.0024669754
0.0024267134
0.0023865174
0.0023463661
0.0023062375
0.002266108
0.0022259535
0.0021857502
0.0021454729
0.0021050952
0.0020645911
0.0020239346
0.001983098
0.0019420534
0.0019007741
0.0018592319
0.0018173986
0.0017752467
0.0017327481
0.001689875
0.0016466004
0.0016028972
0.0015587398
0.0015141025
0.0014689588
0.0014232838
0.0013770514
0.0013302356
0.00128281
0.0012347482
0.0011860246
0.0011366138
0.0010864913
0.0010356328
0.00098401401
0.00093161012
0.00087839593
0.00082434354
0.00076942627
0.00071361169
0.00065689829
0.00059924772
0.00054087474
0.00048158606
0.00042299394
0.00036293878
0.00031195032
0.00025521913
0.00021795641
8.7402776e-07
0.0042044181
0.0042017297
0.0041982058
0.0041934896
0.0041873048
0.0041795325
0.0041700666
0.0041587628
0.004145467
0.0041300398
0.0041123577
0.0040923115
0.0040698106
0.0040447883
0.0040172073
0.003987063
0.0039543866
0.003919247
0.0038817527
0.0038420506
0.0038003241
0.0037567901
0.0037116929
0.0036652982
0.0036178848
0.0035697356
0.0035211277
0.0034723234
0.0034235603
0.0033750439
0.0033269412
0.0032793775
0.0032324357
0.0031861593
0.0031405568
0.0030956099
0.0030512803
0.0030075181
0.0029642677
0.0029214722
0.0028790772
0.0028370323
0.0027952925
0.0027538192
0.0027125794
0.0026715455
0.0026306932
0.0025900006
0.0025494471
0.0025090133
0.0024686794
0.0024284254
0.0023882309
0.002348075
0.0023079361
0.0022677916
0.0022276178
0.0021873912
0.0021470873
0.0021066802
0.0020661442
0.0020254537
0.0019845814
0.0019434998
0.0019021823
0.0018606012
0.0018187284
0.0017765366
0.0017339979
0.0016910848
0.0016477702
0.0016040272
0.0015598301
0.0015151531
0.0014699699
0.0014242554
0.0013779836
0.0013311283
0.0012836632
0.0012355617
0.0011867983
0.0011373472
0.0010871839
0.0010362836
0.00098462179
0.00093217328
0.00087891241
0.00082481103
0.00076984208
0.00071397344
0.0006572025
0.00059949404
0.00054105094
0.00048170501
0.00042295985
0.00036290011
0.00031102768
0.00025389306
0.00021153887
7.6085545e-06
0.0041708473
0.0041678554
0.0041640708
0.004159163
0.004152877
0.0041451033
0.0041357447
0.0041246678
0.0041117298
0.0040968002
0.0040797628
0.0040605133
0.0040389634
0.0040150454
0.0039887177
0.0039599673
0.0039288131
0.0038953081
0.0038595411
0.0038216359
0.0037817508
0.0037400753
0.0036968257
0.00365224
0.0036065703
0.0035600752
0.0035130111
0.0034656236
0.0034181387
0.0033707557
0.0033236412
0.0032769252
0.0032306998
0.0031850212
0.0031399131
0.0030953725
0.0030513765
0.0030078888
0.0029648654
0.0029222594
0.002880024
0.0028381147
0.0027964913
0.0027551182
0.0027139647
0.0026730044
0.0026322142
0.0025915729
0.0025510608
0.002510659
0.0024703483
0.0024301096
0.002389923
0.0023497682
0.0023096244
0.0022694694
0.0022292804
0.0021890342
0.0021487068
0.0021082731
0.0020677077
0.0020269852
0.001986079
0.001944962
0.0019036076
0.0018619885
0.001820077
0.0017778459
0.0017352676
0.0016923147
0.0016489602
0.0016051774
0.0015609405
0.0015162237
0.0014710008
0.0014252465
0.0013789348
0.0013320394
0.0012845342
0.0012363925
0.0011875884
0.0011380964
0.0010878913
0.0010369483
0.00098524248
0.00093274825
0.00087943954
0.00082528788
0.00077026586
0.00071434159
0.00065751127
0.00059974262
0.00054122639
0.00048181842
0.00042291388
0.00036282642
0.00031006914
0.00025245978
0.00020527655
1.3867837e-05
0.0041375384
0.0041342746
0.0041302586
0.0041251845
0.0041188164
0.004111054
0.0041018079
0.0040909551
0.0040783629
0.0040639097
0.0040474859
0.0040289923
0.0040083431
0.0039854705
0.0039603292
0.0039328994
0.0039031896
0.0038712386
0.0038371177
0.0038009302
0.0037628111
0.0037229251
0.0036814625
0.003638635
0.0035946696
0.0035498015
0.0035042667
0.0034582939
0.0034120969
0.0033658678
0.0033197707
0.0032739385
0.0032284705
0.0031834334
0.0031388637
0.0030947726
0.0030511509
0.0030079753
0.0029652133
0.0029228274
0.0028807787
0.0028390292
0.0027975433
0.0027562891
0.0027152383
0.0026743664
0.0026336514
0.0025930732
0.0025526131
0.0025122528
0.0024719741
0.0024317584
0.0023915868
0.0023514395
0.0023112964
0.0022711361
0.0022309364
0.0021906747
0.0021503275
0.0021098703
0.0020692782
0.0020285262
0.0019875881
0.0019464373
0.0019050475
0.0018633917
0.0018214426
0.001779173
0.0017365557
0.0016935634
0.0016501693
0.0016063469
0.0015620701
0.0015173134
0.0014720506
0.0014262561
0.0013799042
0.0013329684
0.0012854225
0.0012372399
0.0011883947
0.0011388608
0.0010886132
0.0010376266
0.00098587578
0.00093333476
0.00087997704
0.00082577382
0.0007706973
0.00071471577
0.00065782417
0.0005999929
0.00054140037
0.00048192519
0.00042285472
0.0003627158
0.00030907333
0.0002509366
0.00019918982
1.9649368e-05
0.003748356
0.0038625637
0.0040350731
0.0042224576
0.0044336259
0.0046628529
0.0049044254
0.0051656936
0.0054480791
0.0058592979
0.0037483488
0.0038625475
0.0040350458
0.0042224088
0.0044335292
0.0046626581
0.0049040112
0.0051645092
0.0054438628
0.0058056627
0.0037483348
0.003862518
0.0040349955
0.0042223168
0.0044333462
0.0046622891
0.0049032156
0.0051623439
0.0054368504
0.0057645983
0.0037483125
0.0038624717
0.0040349164
0.0042221715
0.0044330576
0.0046617071
0.0049019681
0.0051590647
0.0054276347
0.0057275928
0.0037482812
0.0038624068
0.0040348056
0.0042219677
0.0044326536
0.0046608928
0.0049002362
0.0051547127
0.0054159605
0.0056917374
0.00374824
0.0038623217
0.00403466
0.0042217002
0.0044321241
0.0046598275
0.0048979913
0.0051492799
0.0054023024
0.0056566021
0.0037481881
0.0038622144
0.0040344764
0.0042213628
0.0044314578
0.0046584902
0.0048952036
0.0051427573
0.0053871953
0.0056217995
0.0037481244
0.003862083
0.0040342511
0.004220949
0.0044306425
0.0046568596
0.0048918426
0.0051351616
0.0053707124
0.0055872301
0.0037480478
0.0038619251
0.0040339804
0.0042204521
0.0044296658
0.0046549139
0.0048878801
0.0051265021
0.0053529293
0.0055528586
0.003747957
0.0038617385
0.0040336601
0.0042198646
0.0044285142
0.004652631
0.004883289
0.0051167885
0.0053339347
0.0055186443
0.003747851
0.0038615205
0.0040332858
0.0042191787
0.0044271739
0.0046499885
0.0048780441
0.0051060333
0.0053138119
0.0054845441
0.0037477282
0.0038612685
0.0040328529
0.0042183863
0.0044256304
0.0046469638
0.0048721215
0.0050942513
0.0052926376
0.005450518
0.0037475873
0.0038609796
0.0040323563
0.0042174785
0.0044238686
0.0046435342
0.0048654995
0.0050814588
0.0052704828
0.0054165301
0.0037474265
0.0038606507
0.0040317907
0.0042164463
0.0044218727
0.004639677
0.0048581583
0.005067674
0.0052474134
0.0053825487
0.0037472444
0.0038602785
0.0040311505
0.0042152797
0.0044196266
0.0046353698
0.0048500801
0.0050529165
0.0052234908
0.0053485458
0.003747039
0.0038598595
0.0040304296
0.0042139687
0.0044171135
0.0046305903
0.0048412496
0.0050372078
0.0051987719
0.0053144977
0.0037468083
0.00385939
0.0040296215
0.0042125024
0.0044143163
0.0046253167
0.0048316536
0.0050205705
0.0051733097
0.005280385
0.0037465504
0.0038588659
0.0040287196
0.0042108695
0.0044112172
0.0046195277
0.0048212815
0.0050030286
0.0051471533
0.0052461923
0.0037462629
0.003858283
0.0040277166
0.0042090584
0.0044077985
0.0046132028
0.004810125
0.0049846074
0.0051203488
0.0052119082
0.0037459435
0.0038576368
0.0040266048
0.0042070565
0.0044040417
0.0046063221
0.0047981785
0.0049653335
0.0050929391
0.0051775253
0.0037455895
0.0038569225
0.0040253763
0.0042048513
0.0043999286
0.0045988671
0.0047854387
0.0049452341
0.0050649645
0.0051430395
0.0037451982
0.0038561351
0.0040240225
0.0042024292
0.0043954406
0.0045908199
0.004771905
0.0049243378
0.0050364632
0.0051084499
0.0037447667
0.0038552692
0.0040225345
0.0041997766
0.004390559
0.0045821643
0.0047575794
0.0049026738
0.005007471
0.0050737585
0.0037442918
0.003854319
0.0040209028
0.0041968792
0.0043852655
0.0045728853
0.0047424662
0.0048802721
0.0049780225
0.0050389699
0.00374377
0.0038532786
0.0040191175
0.0041937222
0.0043795415
0.0045629694
0.0047265724
0.0048571635
0.0049481503
0.0050040909
0.0037431979
0.0038521416
0.0040171683
0.0041902907
0.0043733692
0.0045524049
0.0047099072
0.004833379
0.0049178861
0.0049691301
0.0037425714
0.0038509013
0.0040150442
0.0041865693
0.0043667308
0.0045411818
0.0046924822
0.0048089504
0.0048872605
0.0049340979
0.0037418865
0.0038495506
0.0040127339
0.004182542
0.0043596093
0.0045292919
0.0046743112
0.0047839099
0.0048563031
0.0048990059
0.0037411387
0.0038480821
0.0040102255
0.0041781931
0.004351988
0.004516729
0.0046554101
0.0047582897
0.0048250428
0.0048638669
0.0037403233
0.0038464878
0.0040075067
0.0041735063
0.0043438515
0.0045034891
0.0046357969
0.0047321224
0.0047935079
0.0048286946
0.0037394354
0.0038447597
0.0040045647
0.0041684652
0.0043351848
0.0044895701
0.0046154914
0.0047054407
0.0047617259
0.0047935033
0.0037384695
0.0038428891
0.0040013862
0.0041630536
0.0043259741
0.004474972
0.0045945151
0.0046782772
0.0047297239
0.004758308
0.0037374199
0.003840867
0.0039979576
0.004157255
0.0043162069
0.0044596972
0.0045728912
0.0046506646
0.0046975283
0.0047231238
0.0037362806
0.0038386839
0.0039942646
0.0041510534
0.0043058717
0.00444375
0.0045506441
0.0046226354
0.004665165
0.0046879663
0.003735045
0.0038363301
0.0039902929
0.0041444325
0.0042949587
0.0044271371
0.0045277998
0.0045942217
0.0046326595
0.0046528508
0.0037337063
0.0038337952
0.0039860275
0.0041373767
0.0042834592
0.0044098671
0.0045043851
0.0045654556
0.0046000365
0.0046177928
0.0037322573
0.0038310687
0.0039814533
0.0041298708
0.0042713665
0.0043919508
0.0044804279
0.0045363683
0.0045673201
0.0045828075
0.0037306901
0.0038281395
0.0039765549
0.0041218998
0.0042586751
0.004373401
0.0044559568
0.0045069911
0.0045345336
0.0045479099
0.0037289965
0.0038249963
0.0039713167
0.0041134496
0.0042453817
0.0043542322
0.0044310011
0.0044773542
0.0045016998
0.0045131145
0.0037271679
0.003821627
0.0039657228
0.0041045068
0.0042314844
0.004334461
0.0044055905
0.0044474874
0.0044688406
0.0044784353
0.0037251951
0.0038180197
0.0039597575
0.0040950587
0.0042169834
0.0043141056
0.004379755
0.0044174198
0.0044359771
0.0044438861
0.0037230683
0.0038141618
0.0039534049
0.0040850936
0.0042018805
0.0042931856
0.0043535247
0.0043871794
0.0044031293
0.0044094795
0.0037207774
0.0038100405
0.0039466493
0.0040746011
0.0041861798
0.0042717221
0.0043269297
0.0043567935
0.0043703166
0.0043752279
0.0037183114
0.0038056425
0.003939475
0.0040635716
0.0041698867
0.0042497376
0.0043
0.0043262886
0.0043375572
0.0043411426
0.0037156591
0.0038009546
0.0039318667
0.004051997
0.0041530089
0.0042272555
0.0042727653
0.0042956897
0.0043048683
0.0043072345
0.0037128085
0.0037959629
0.0039238096
0.0040398706
0.0041355556
0.0042043002
0.0042452548
0.0042650211
0.0042722661
0.0042735133
0.0037097471
0.0037906536
0.0039152891
0.0040271871
0.0041175378
0.004180897
0.0042174972
0.0042343059
0.0042397657
0.0042399881
0.0037064618
0.0037850126
0.0039062914
0.0040139428
0.0040989683
0.0041570717
0.0041895207
0.0042035659
0.004207381
0.0042066667
0.0037029394
0.0037790258
0.0038968031
0.0040001359
0.0040798611
0.0041328504
0.0041613526
0.004172822
0.0041751251
0.004173557
0.0036991657
0.0037726803
0.0038868119
0.0039857666
0.0040602322
0.0041082596
0.0041330191
0.0041420929
0.0041430088
0.004140664
0.0036949545
0.0037656842
0.0038758682
0.0039702154
0.0040392626
0.00408229
0.004103363
0.004110122
0.004109715
0.0041066354
0.0036897697
0.0037572033
0.003862691
0.0039517294
0.0040146833
0.0040522177
0.004069338
0.0040736683
0.0040718952
0.0040680652
0.0036830176
0.0037463943
0.0038460278
0.0039286908
0.0039845624
0.0040158848
0.0040286604
0.0040303921
0.004027187
0.004022581
0.0036741424
0.0037326031
0.0038249749
0.003900043
0.0039478478
0.0039723243
0.0039804651
0.003979512
0.0039748635
0.0039694853
0.0036623536
0.0037149969
0.0037984859
0.0038645806
0.003903408
0.003920574
0.0039239428
0.0039203241
0.0039142914
0.0039081981
0.003646542
0.0036924675
0.0037653909
0.0038210315
0.0038501461
0.0038598119
0.0038584863
0.0038523385
0.0038450208
0.0038382692
0.0036253112
0.0036636758
0.0037242948
0.0037680443
0.0037870182
0.0037893595
0.0037836824
0.0037753299
0.0037669868
0.0037597616
0.0035968868
0.0036269354
0.0036736601
0.0037044048
0.0037132806
0.0037088854
0.0036993722
0.0036890803
0.003679819
0.0036721873
0.0035590859
0.0035802654
0.0036119753
0.0036292073
0.0036285878
0.0036185353
0.0036061947
0.0035947317
0.0035850634
0.003577316
0.0035093905
0.0035215269
0.0035379287
0.0035420052
0.0035329505
0.0035181641
0.0035033387
0.003490691
0.0034805796
0.0034727694
0.0034451784
0.003448661
0.003450599
0.0034429954
0.0034276426
0.003410456
0.0033951053
0.0033825593
0.0033726735
0.0033650822
0.0033642107
0.0033600603
0.0033496588
0.0033322119
0.0033111782
0.0032910546
0.0032743124
0.0032613248
0.0032515308
0.0032442396
0.0032651476
0.0032553182
0.0032362925
0.003213901
0.0031925243
0.0031740684
0.0031589546
0.0031470233
0.0031378845
0.0031310431
0.0031486843
0.0031351026
0.003109038
0.0030800358
0.0030542589
0.0030336888
0.0030180899
0.0030065153
0.0029980077
0.0029917945
0.0030180809
0.0030054065
0.0029831663
0.0029610717
0.0029424307
0.002926991
0.0029143227
0.0029042893
0.0028966532
0.0028909838
0.0028780686
0.0028595391
0.0028277645
0.0027972594
0.0027744455
0.0027582887
0.0027464325
0.0027375868
0.0027310856
0.0027263832
0.0027468349
0.0027485741
0.0027417983
0.0027300408
0.0027171987
0.002705195
0.002695051
0.0026870647
0.0026810056
0.0026764837
0.0025918016
0.0025549882
0.0025154049
0.0024874194
0.0024683055
0.0024542618
0.002443832
0.0024362777
0.0024308744
0.0024269975
0.0041031193
0.0040996036
0.0040953755
0.0040901527
0.0040837181
0.0040759797
0.0040668559
0.0040562335
0.0040439898
0.0040300117
0.0040141964
0.0039964499
0.0039766891
0.0039548467
0.0039308748
0.0039047475
0.003876464
0.0038460504
0.0038135617
0.0037790822
0.0037427251
0.0037046311
0.0036649658
0.0036239153
0.0035816818
0.0035384771
0.0034945165
0.0034500112
0.0034051619
0.0033601516
0.0033151408
0.0032702634
0.0032256239
0.0031812978
0.0031373333
0.0030937541
0.0030505644
0.0030077532
0.0029652995
0.0029231755
0.0028813508
0.0028397938
0.0027984744
0.0027573645
0.0027164389
0.0026756752
0.0026350531
0.0025945539
0.0025541597
0.0025138534
0.0024736176
0.0024334347
0.0023932865
0.0023531542
0.0023130183
0.0022728582
0.0022326525
0.0021923792
0.0021520153
0.0021115372
0.0020709205
0.0020301404
0.0019891715
0.0019479876
0.0019065626
0.00186487
0.0018228827
0.001780574
0.0017379167
0.001694884
0.001651449
0.0016075854
0.0015632673
0.001518469
0.0014731643
0.0014273278
0.0013809335
0.0013339552
0.0012863664
0.0012381406
0.0011892516
0.0011396734
0.0010893805
0.0010383476
0.00098654875
0.00093395782
0.00088054776
0.00082628944
0.00077115463
0.00071511174
0.00065815432
0.00060025532
0.00054158008
0.00048202955
0.00042277957
0.00036256328
0.00030799887
0.00024927638
0.00019306345
2.5166177e-05
0.0040641547
0.0040603867
0.0040559491
0.0040505845
0.0040440951
0.0040363978
0.0040274189
0.0040170556
0.0040051957
0.0039917352
0.0039765786
0.0039596375
0.0039408326
0.0039200974
0.003897382
0.0038726552
0.0038459072
0.0038171517
0.0037864276
0.0037538
0.0037193599
0.0036832236
0.0036455304
0.0036064398
0.0035661275
0.00352478
0.0034825896
0.0034397479
0.0033964397
0.0033528372
0.0033090948
0.0032653453
0.0032216969
0.0031782329
0.0031350119
0.0030920701
0.003049425
0.0030070788
0.0029650225
0.0029232393
0.0028817078
0.0028404044
0.0027993053
0.0027583872
0.0027176287
0.0026770103
0.0026365137
0.002596122
0.002555819
0.0025155887
0.002475415
0.0024352813
0.0023951707
0.0023550652
0.0023149462
0.0022747943
0.0022345888
0.0021943086
0.0021539315
0.0021134346
0.0020727941
0.0020319859
0.0019909852
0.0019497664
0.0019083038
0.0018665713
0.0018245424
0.0017821904
0.0017394888
0.0016964108
0.00165293
0.0016090199
0.0015646548
0.0015198091
0.0014744567
0.001428572
0.0013821291
0.0013351017
0.0012874634
0.0012391875
0.0011902479
0.0011406182
0.0010902726
0.0010391855
0.00098733062
0.00093468128
0.00088120993
0.00082688702
0.00077168384
0.0007155689
0.00065853408
0.00060055493
0.00054178176
0.00048213886
0.00042267689
0.00036234293
0.00030672823
0.00024730607
0.0001863881
3.0825836e-05
0.0040182679
0.0040142461
0.0040096022
0.0040041058
0.0039975797
0.0039899498
0.0039811509
0.0039710913
0.0039596701
0.0039467931
0.0039323731
0.0039163282
0.0038985835
0.0038790744
0.0038577497
0.0038345733
0.0038095274
0.0037826133
0.0037538541
0.0037232952
0.003691005
0.0036570739
0.003621614
0.0035847559
0.0035466464
0.0035074441
0.0034673153
0.0034264287
0.0033849501
0.0033430373
0.0033008359
0.0032584746
0.0032160631
0.0031736903
0.0031314241
0.0030893129
0.0030473873
0.0030056631
0.0029641445
0.0029228269
0.0028816995
0.0028407479
0.0027999559
0.0027593066
0.0027187833
0.0026783704
0.0026380527
0.0025978157
0.0025576453
0.0025175274
0.0024774474
0.0024373905
0.0023973408
0.0023572819
0.0023171966
0.0022770664
0.002236872
0.0021965931
0.0021562089
0.0021156971
0.002075035
0.0020341994
0.0019931659
0.0019519099
0.0019104063
0.0018686295
0.0018265536
0.0017841524
0.0017413997
0.0016982691
0.0016547345
0.0016107697
0.001566349
0.0015214469
0.0014760374
0.0014300949
0.0013835935
0.0013365069
0.0012888085
0.0012404719
0.0011914704
0.0011417778
0.0010913678
0.0010402142
0.00098829047
0.00093556927
0.00088202245
0.00082761997
0.00077233248
0.00071612854
0.00065899794
0.00060091877
0.00054202347
0.00048226035
0.00042253598
0.00036201783
0.0003051639
0.00024486146
0.00017896415
3.6634946e-05
0.0039647748
0.0039605076
0.003955671
0.003950062
0.0039435243
0.0039359936
0.0039274131
0.0039177024
0.0039067727
0.00389454
0.0038809262
0.0038658566
0.0038492616
0.0038310795
0.0038112588
0.0037897599
0.0037665575
0.0037416421
0.0037150216
0.0036867227
0.003656791
0.0036252919
0.003592309
0.0035579435
0.0035223118
0.0034855426
0.0034477737
0.0034091478
0.0033698085
0.0033298958
0.0032895423
0.0032488695
0.0032079847
0.0031669797
0.0031259293
0.0030848918
0.0030439102
0.0030030135
0.0029622193
0.0029215358
0.0028809641
0.0028405002
0.002800137
0.0027598651
0.0027196741
0.0026795533
0.0026394917
0.0025994783
0.0025595018
0.0025195505
0.0024796123
0.0024396741
0.0023997223
0.0023597421
0.0023197178
0.0022796326
0.0022394689
0.0021992076
0.0021588292
0.0021183128
0.0020776367
0.0020367788
0.0019957158
0.001954424
0.0019128789
0.001871056
0.0018289299
0.0017864752
0.001743666
0.0017004767
0.0016568812
0.001612854
0.0015683694
0.001523402
0.001477926
0.0014319158
0.0013853455
0.0013381889
0.0012904193
0.0012420102
0.0011929349
0.0011431667
0.0010926791
0.0010414453
0.00098943818
0.00093662979
0.0008829912
0.00082849176
0.00077310131
0.00071678827
0.00065953977
0.00060133596
0.00054228834
0.00048236769
0.00042231869
0.0003615218
0.00030322438
0.00024179066
0.00017097312
4.225317e-05
0.0039031338
0.0038986548
0.0038936602
0.0038879763
0.0038814683
0.0038740809
0.003865766
0.0038564546
0.0038460697
0.0038345384
0.0038217917
0.0038077629
0.0037923886
0.003775611
0.0037573795
0.0037376525
0.0037163992
0.0036936008
0.0036692518
0.003643362
0.0036159561
0.0035870753
0.0035567763
0.0035251311
0.0034922255
0.0034581577
0.0034230353
0.003386973
0.003350089
0.0033125022
0.0032743283
0.003235677
0.0031966491
0.0031573349
0.0031178122
0.0030781463
0.0030383896
0.0029985827
0.0029587557
0.0029189294
0.0028791171
0.0028393262
0.0027995594
0.0027598162
0.0027200939
0.002680388
0.0026406929
0.0026010021
0.0025613082
0.002521603
0.0024818772
0.0024421207
0.0024023222
0.0023624694
0.0023225488
0.0022825456
0.0022424442
0.0022022273
0.0021618771
0.0021213743
0.002080699
0.0020398301
0.0019987458
0.0019574236
0.0019158402
0.001873972
0.0018317946
0.0017892833
0.0017464132
0.0017031591
0.0016594957
0.0016153977
0.0015708399
0.001525797
0.0014802435
0.0014341538
0.0013875021
0.0013402623
0.0012924077
0.0012439116
0.0011947472
0.0011448876
0.0010943056
0.0010429741
0.00099086516
0.00093795001
0.00088419885
0.00082958023
0.00077406294
0.00071761491
0.00066021993
0.00060185905
0.00054261964
0.00048249006
0.00042204
0.0003608293
0.00030091148
0.00023784932
0.0001628
4.7363319e-05
0.0038328894
0.0038282398
0.0038231327
0.0038174185
0.0038109841
0.003803784
0.0037957783
0.0037869089
0.0037771106
0.003766321
0.0037544808
0.0037415314
0.0037274164
0.0037120826
0.003695482
0.0036775727
0.0036583202
0.0036376988
0.0036156926
0.0035922968
0.0035675186
0.0035413775
0.0035139057
0.0034851482
0.0034551621
0.0034240153
0.0033917856
0.0033585586
0.0033244256
0.003289481
0.0032538201
0.0032175365
0.0031807197
0.0031434532
0.0031058128
0.0030678658
0.0030296702
0.0029912747
0.0029527193
0.0029140358
0.0028752486
0.0028363763
0.0027974319
0.0027584246
0.0027193601
0.0026802414
0.0026410695
0.0026018436
0.0025625613
0.0025232188
0.0024838107
0.0024443307
0.0024047707
0.0023651214
0.0023253722
0.0022855112
0.0022455249
0.0022053988
0.0021651171
0.0021246627
0.0020840176
0.0020431626
0.0020020776
0.0019607417
0.0019191331
0.0018772295
0.0018350078
0.0017924445
0.0017495156
0.0017061968
0.0016624635
0.0016182913
0.0015736551
0.0015285303
0.0014828915
0.0014367134
0.0013899703
0.0013426361
0.0012946844
0.0012460882
0.0011968207
0.0011468545
0.001096162
0.0010447154
0.00099248586
0.00093944379
0.00088555828
0.0008307968
0.00077512677
0.00071851509
0.00066094122
0.00060238518
0.00054290698
0.00048250371
0.00042156288
0.00035977099
0.0002980812
0.000232932
0.00015460938
5.1477589e-05
0.0037541752
0.0037494187
0.0037442603
0.0037385792
0.0037322793
0.0037253226
0.0037176768
0.0037092942
0.0037001209
0.0036901047
0.0036791953
0.0036673426
0.0036544974
0.0036406123
0.0036256428
0.0036095484
0.0035922934
0.0035738478
0.0035541885
0.0035332999
0.003511175
0.0034878161
0.0034632349
0.0034374529
0.0034105016
0.0033824218
0.0033532632
0.0033230832
0.0032919456
0.0032599194
0.0032270768
0.0031934915
0.0031592371
0.003124385
0.0030890036
0.0030531561
0.0030169008
0.0029802893
0.0029433673
0.0029061739
0.0028687425
0.0028311005
0.0027932707
0.0027552712
0.0027171165
0.0026788178
0.0026403832
0.0026018187
0.0025631277
0.002524312
0.0024853712
0.0024463034
0.0024071047
0.0023677698
0.0023282917
0.0022886619
0.0022488702
0.0022089051
0.0021687537
0.0021284017
0.0020878335
0.0020470323
0.0020059805
0.001964659
0.0019230482
0.0018811274
0.0018388753
0.0017962698
0.0017532883
0.0017099079
0.001666105
0.0016218559
0.0015771366
0.0015319226
0.0014861894
0.001439912
0.0013930648
0.001345622
0.0012975572
0.0012488437
0.0011994541
0.0011493609
0.0010985359
0.0010469505
0.00099457494
0.00094137857
0.00088732912
0.00083239271
0.00077653486
0.00071972064
0.00066192391
0.00060312083
0.00054334071
0.00048257712
0.00042103413
0.00035847263
0.000294865
0.00022767619
0.00014677062
5.4341139e-05
0.0036664618
0.0036616768
0.0036565417
0.0036509554
0.003644844
0.0036381787
0.003630933
0.003623068
0.0036145398
0.0036053057
0.0035953241
0.003584553
0.0035729505
0.0035604751
0.0035470872
0.0035327492
0.0035174261
0.0035010865
0.0034837032
0.0034652538
0.0034457216
0.003425096
0.0034033732
0.0033805564
0.0033566564
0.003331691
0.0033056855
0.0032786722
0.0032506892
0.0032217807
0.0031919951
0.0031613842
0.0031300024
0.0030979049
0.0030651469
0.0030317823
0.0029978631
0.0029634382
0.0029285529
0.0028932487
0.0028575631
0.0028215294
0.0027851768
0.0027485307
0.0027116129
0.0026744419
0.002637033
0.002599399
0.0025615499
0.0025234932
0.0024852345
0.002446777
0.002408122
0.0023692688
0.0023302148
0.0022909558
0.0022514856
0.0022117965
0.0021718791
0.0021317227
0.0020913148
0.0020506419
0.0020096889
0.0019684399
0.0019268775
0.0018849835
0.0018427388
0.0018001233
0.0017571164
0.0017136967
0.0016698421
0.0016255302
0.0015807379
0.001535442
0.0014896184
0.0014432427
0.00139629
0.0013487347
0.0013005507
0.0012517112
0.0012021888
0.0011519556
0.001100983
0.0010492413
0.00099669985
0.0009433266
0.00088908775
0.0008339476
0.00077786918
0.0007208145
0.00066275031
0.00060364501
0.00054349435
0.00048227336
0.00042001336
0.00035649437
0.00029094458
0.00022189823
0.00013903913
5.5396639e-05
0.0035715864
0.0035668344
0.0035617855
0.0035563616
0.0035504982
0.0035441706
0.003537359
0.0035300331
0.0035221577
0.0035136982
0.0035046208
0.003494891
0.0034844738
0.0034733341
0.0034614373
0.0034487499
0.0034352395
0.0034208756
0.0034056296
0.0033894762
0.0033723931
0.0033543617
0.0033353678
0.003315402
0.0032944595
0.0032725412
0.0032496531
0.0032258068
0.0032010189
0.0031753112
0.0031487102
0.0031212462
0.0030929533
0.0030638682
0.0030340295
0.0030034771
0.0029722514
0.0029403925
0.0029079396
0.0028749305
0.0028414012
0.0028073854
0.0027729143
0.0027380166
0.0027027185
0.0026670432
0.0026310117
0.002594642
0.00255795
0.0025209489
0.0024836498
0.0024460616
0.0024081907
0.0023700417
0.0023316171
0.0022929173
0.0022539411
0.002214685
0.0021751443
0.0021353121
0.0020951801
0.0020547385
0.0020139761
0.0019728802
0.0019314368
0.0018896308
0.001847446
0.0018048649
0.0017618695
0.0017184404
0.0016745578
0.0016302009
0.0015853483
0.0015399779
0.001494067
0.001447592
0.0014005288
0.0013528523
0.0013045367
0.0012555556
0.0012058816
0.0011554863
0.0011043406
0.0010524139
0.0009996744
0.00094608852
0.00089162057
0.00083623246
0.00077988392
0.00072253248
0.00066413582
0.00060465031
0.00054403594
0.00048223561
0.00041912974
0.00035448654
0.00028706079
0.0002163731
0.00013231229
5.5397058e-05
0.0034671327
0.0034625257
0.0034576572
0.003452466
0.0034469092
0.0034409696
0.0034346301
0.0034278661
0.00342065
0.0034129547
0.003404753
0.003396017
0.0033867181
0.0033768271
0.003366315
0.0033551526
0.0033433113
0.0033307629
0.0033174804
0.0033034379
0.0032886112
0.0032729782
0.0032565188
0.0032392161
0.0032210559
0.0032020274
0.0031821233
0.0031613402
0.0031396783
0.0031171418
0.0030937389
0.0030694813
0.0030443843
0.0030184662
0.0029917485
0.0029642548
0.0029360107
0.0029070434
0.0028773811
0.0028470525
0.0028160863
0.002784511
0.0027523544
0.0027196434
0.0026864036
0.0026526591
0.0026184325
0.0025837447
0.0025486147
0.0025130595
0.0024770944
0.0024407327
0.0024039855
0.0023668621
0.0023293699
0.0022915142
0.0022532985
0.0022147243
0.0021757916
0.0021364982
0.0020968405
0.002056813
0.0020164089
0.0019756196
0.0019344353
0.0018928445
0.0018508347
0.001808392
0.0017655013
0.0017221464
0.0016783101
0.001633974
0.001589119
0.0015437248
0.0014977703
0.0014512334
0.001404091
0.0013563192
0.0013078929
0.001258786
0.0012089712
0.0011584201
0.001107103
0.0010549885
0.0010020435
0.00094823266
0.00089351813
0.00083785884
0.00078121024
0.00072352379
0.00066474622
0.00060481794
0.000543663
0.0004811844
0.0004171466
0.00035130238
0.00028219701
0.00021018111
0.00012572362
5.369133e-05
0.0033596306
0.0033551858
0.0033505248
0.0033456015
0.0033403754
0.0033348308
0.0033289558
0.003322732
0.0033161378
0.0033091514
0.0033017515
0.0032939157
0.003285621
0.0032768436
0.0032675598
0.0032577451
0.0032473749
0.0032364246
0.0032248694
0.0032126853
0.0031998488
0.0031863371
0.0031721285
0.0031572026
0.0031415403
0.0031251246
0.0031079404
0.0030899747
0.003071217
0.0030516594
0.0030312966
0.0030101261
0.0029881483
0.002965366
0.002941785
0.0029174136
0.0028922623
0.002866344
0.0028396733
0.0028122665
0.0027841413
0.0027553164
0.0027258113
0.0026956459
0.0026648402
0.0026334144
0.002601388
0.0025687801
0.0025356091
0.0025018924
0.0024676461
0.0024328855
0.0023976241
0.0023618742
0.0023256466
0.0022889504
0.0022517933
0.0022141811
0.0021761183
0.0021376074
0.0020986495
0.0020592441
0.002019389
0.0019790804
0.0019383131
0.0018970803
0.0018553737
0.0018131836
0.0017704987
0.0017273067
0.0016835935
0.0016393441
0.0015945421
0.0015491697
0.001503208
0.001456637
0.0014094351
0.0013615797
0.0013130469
0.0012638112
0.0012138458
0.0011631223
0.0011116106
0.0010592785
0.0010060916
0.0009520128
0.00089700157
0.00084101336
0.00078399853
0.00072590112
0.00066665573
0.00060618488
0.00054438023
0.00048110742
0.00041605945
0.00034899695
0.00027846571
0.00020547276
0.00012120288
5.2382008e-05
0.0032391017
0.0032349624
0.0032306288
0.0032260657
0.0032212516
0.0032161766
0.0032108294
0.0032051946
0.0031992555
0.0031929955
0.0031863976
0.0031794441
0.0031721167
0.0031643961
0.0031562628
0.0031476966
0.0031386771
0.0031291834
0.0031191942
0.0031086882
0.0030976441
0.0030860406
0.0030738564
0.003061071
0.003047664
0.0030336161
0.0030189085
0.0030035238
0.0029874455
0.0029706586
0.0029531498
0.0029349072
0.0029159208
0.0028961825
0.0028756861
0.0028544275
0.0028324045
0.0028096168
0.0027860663
0.0027617564
0.0027366925
0.0027108815
0.0026843319
0.0026570531
0.0026290561
0.0026003525
0.0025709545
0.0025408751
0.0025101274
0.0024787245
0.0024466797
0.0024140058
0.0023807152
0.0023468198
0.0023123308
0.0022772584
0.0022416119
0.0022053998
0.0021686292
0.0021313062
0.0020934354
0.0020550206
0.0020160639
0.0019765661
0.0019365267
0.0018959437
0.0018548136
0.0018131313
0.0017708903
0.0017280825
0.0016846981
0.001640726
0.0015961532
0.0015509655
0.001505147
0.0014586802
0.0014115458
0.0013637234
0.0013151904
0.0012659226
0.0012158942
0.001165077
0.0011134408
0.0010609529
0.0010075778
0.00095327632
0.00089800539
0.00084171657
0.00078435472
0.00072585605
0.00066614351
0.00060512338
0.00054266363
0.00047860604
0.00041262002
0.00034450683
0.00027294732
0.00019939441
0.00011586248
4.9553171e-05
0.0031262175
0.0031223164
0.0031182546
0.0031140091
0.0031095545
0.0031048795
0.0030999767
0.0030948353
0.0030894422
0.0030837837
0.0030778465
0.0030716166
0.0030650792
0.0030582192
0.0030510204
0.0030434665
0.0030355406
0.0030272254
0.003018503
0.0030093553
0.0029997635
0.0029897088
0.0029791721
0.0029681339
0.0029565751
0.0029444764
0.0029318185
0.0029185827
0.0029047505
0.0028903038
0.0028752252
0.002859498
0.0028431064
0.0028260357
0.0028082721
0.0027898033
0.0027706179
0.0027507061
0.0027300595
0.0027086709
0.0026865349
0.0026636474
0.0026400057
0.0026156087
0.0025904564
0.0025645505
0.0025378935
0.0025104891
0.0024823421
0.0024534581
0.0024238433
0.0023935046
0.0023624494
0.0023306855
0.0022982207
0.002265063
0.0022312208
0.002196702
0.0021615144
0.002125665
0.0020891607
0.0020520074
0.0020142105
0.001975774
0.0019367011
0.0018969936
0.0018566519
0.0018156751
0.0017740604
0.0017318038
0.0016888996
0.0016453403
0.0016011168
0.0015562179
0.0015106312
0.001464342
0.0014173338
0.0013695883
0.0013210851
0.0012718017
0.0012217134
0.0011707929
0.0011190103
0.0010663326
0.0010127235
0.00095814286
0.00090254516
0.0008458787
0.00078808374
0.00072909021
0.00066881277
0.00060714779
0.00054395308
0.00047906749
0.00041217672
0.00034315487
0.00027085194
0.00019703277
0.00011414604
4.9053114e-05
0.0029874817
0.0029840409
0.0029804543
0.0029767005
0.0029727714
0.0029686619
0.0029643638
0.002959867
0.0029551611
0.0029502358
0.0029450804
0.0029396836
0.0029340335
0.0029281176
0.0029219233
0.002915437
0.0029086449
0.0029015326
0.0028940852
0.0028862873
0.0028781231
0.0028695762
0.0028606299
0.0028512671
0.0028414703
0.0028312217
0.0028205033
0.0028092967
0.0027975838
0.002785346
0.0027725649
0.0027592221
0.0027452996
0.0027307793
0.0027156438
0.0026998759
0.0026834593
0.0026663779
0.0026486168
0.0026301614
0.0026109982
0.0025911146
0.0025704989
0.0025491406
0.00252703
0.0025041587
0.0024805193
0.0024561055
0.0024309119
0.0024049345
0.0023781699
0.002350616
0.0023222716
0.0022931364
0.0022632111
0.0022324975
0.0022009981
0.0021687161
0.002135656
0.0021018229
0.002067223
0.0020318626
0.0019957485
0.0019588876
0.0019212865
0.0018829506
0.001843884
0.0018040893
0.0017635674
0.0017223179
0.0016803384
0.0016376249
0.0015941715
0.0015499704
0.0015050119
0.0014592841
0.0014127728
0.0013654621
0.0013173333
0.0012683656
0.0012185355
0.0011678166
0.0011161792
0.0010635904
0.0010100136
0.00095540789
0.00089972636
0.00084291528
0.00078491243
0.00072564491
0.00066502486
0.00060294797
0.0005392766
0.00047386556
0.00040644285
0.00033696064
0.00026444835
0.00019084824
0.00010929015
4.620147e-05
0.0028870036
0.0028837882
0.0028804514
0.0028769823
0.002873361
0.0028695782
0.0028656294
0.0028615081
0.0028572056
0.0028527129
0.0028480211
0.0028431209
0.0028380027
0.0028326561
0.0028270706
0.002821235
0.0028151377
0.0028087669
0.0028021099
0.0027951538
0.0027878851
0.0027802899
0.0027723537
0.0027640618
0.0027553986
0.0027463485
0.0027368951
0.0027270219
0.0027167118
0.0027059474
0.0026947112
0.002682985
0.0026707508
0.0026579902
0.0026446847
0.0026308158
0.0026163649
0.0026013136
0.0025856436
0.0025693369
0.0025523757
0.0025347426
0.0025164206
0.0024973932
0.0024776445
0.0024571593
0.0024359228
0.0024139212
0.0023911414
0.0023675708
0.0023431976
0.0023180106
0.0022919996
0.0022651516
0.002237459
0.0022089299
0.0021795643
0.0021493578
0.0021183087
0.0020864181
0.0020536886
0.0020201233
0.0019857256
0.0019504995
0.0019144479
0.0018775728
0.0018398761
0.0018013598
0.001762025
0.0017218717
0.0016808977
0.0016390994
0.0015964721
0.0015530097
0.0015087045
0.0014635461
0.0014175224
0.0013706192
0.0013228198
0.0012741052
0.0012244536
0.0011738403
0.0011222375
0.0010696137
0.0010159334
0.00096115635
0.00090523671
0.000848122
0.00078975162
0.00073005543
0.00066895044
0.00060634115
0.00054210555
0.00047612546
0.0004081719
0.00033826227
0.00026549941
0.00019189059
0.00011040779
4.7137945e-05
0.002723148
0.0027205771
0.0027178944
0.0027150867
0.0027121529
0.00270909
0.0027058914
0.0027025499
0.0026990584
0.0026954102
0.0026915977
0.0026876133
0.0026834486
0.0026790953
0.0026745442
0.0026697862
0.0026648114
0.0026596097
0.0026541705
0.0026484827
0.0026425347
0.0026363144
0.0026298095
0.0026230068
0.0026158928
0.0026084535
0.0026006744
0.0025925403
0.0025840356
0.0025751443
0.0025658497
0.0025561347
0.0025459817
0.0025353726
0.0025242887
0.002512711
0.0025006201
0.002487996
0.0024748184
0.0024610667
0.0024467198
0.0024317566
0.0024161555
0.0023998948
0.0023829523
0.0023653059
0.0023469331
0.0023278112
0.0023079174
0.0022872282
0.00226572
0.0022433684
0.0022201481
0.0021960327
0.0021709922
0.002145
0.0021180491
0.002090147
0.0020613032
0.0020315284
0.0020008376
0.0019692524
0.0019368008
0.0019035236
0.0018694513
0.0018345706
0.0017988619
0.0017623155
0.0017249248
0.0016866808
0.0016475727
0.0016075895
0.0015667198
0.0015249514
0.0014822711
0.0014386642
0.0013941148
0.0013486058
0.0013021179
0.0012546302
0.0012061196
0.0011565605
0.0011059246
0.0010541806
0.0010012933
0.00094722382
0.00089192823
0.00083535734
0.0007774555
0.00071815991
0.00065739855
0.00059509218
0.00053114343
0.00046546945
0.00039789769
0.00032851594
0.00025657744
0.00018417553
0.00010492268
4.4199535e-05
0.0026732905
0.0026707013
0.0026680239
0.0026652511
0.0026623624
0.002659349
0.0026562088
0.0026529376
0.0026495287
0.002645975
0.0026422697
0.0026384059
0.0026343763
0.0026301728
0.0026257874
0.0026212113
0.0026164358
0.0026114513
0.002606248
0.0026008156
0.0025951434
0.00258922
0.0025830339
0.0025765727
0.0025698237
0.0025627735
0.0025554084
0.002547714
0.0025396752
0.0025312766
0.002522502
0.0025133349
0.002503758
0.0024937536
0.0024833031
0.0024723879
0.0024609884
0.0024490847
0.0024366564
0.0024236826
0.0024101422
0.0023960133
0.0023812742
0.0023659026
0.0023498762
0.0023331725
0.0023157692
0.0022976439
0.0022787746
0.0022591395
0.0022387176
0.0022174887
0.0021954328
0.0021725343
0.0021487739
0.0021241221
0.002098563
0.0020720899
0.0020446974
0.0020163806
0.0019871374
0.0019569702
0.0019258853
0.0018938953
0.0018610147
0.0018272527
0.0017926263
0.0017571546
0.001720826
0.0016836155
0.0016455029
0.0016064725
0.0015665082
0.0015255922
0.0014837063
0.0014408321
0.0013969502
0.0013520408
0.0013060826
0.0012590531
0.0012109284
0.0011616828
0.0011112885
0.0010597154
0.0010069305
0.00095289766
0.00089757718
0.000840925
0.00078289214
0.0007234242
0.00066245949
0.00059993117
0.00053575565
0.00046986439
0.00040209334
0.0003325314
0.00026038111
0.00018767862
0.00010763379
4.5768944e-05
0.0024243273
0.0024222064
0.0024199984
0.0024176937
0.002415291
0.0024127879
0.0024101794
0.00240746
0.0024046242
0.0024016668
0.0023985821
0.002395364
0.0023920062
0.0023885021
0.0023848447
0.0023810268
0.0023770407
0.0023728786
0.002368532
0.0023639924
0.0023592505
0.002354297
0.0023491219
0.0023437149
0.0023380654
0.0023321619
0.0023259931
0.0023195468
0.0023128104
0.002305771
0.0022984152
0.002290729
0.0022826981
0.0022743079
0.002265543
0.002256388
0.0022468268
0.0022368433
0.0022264207
0.0022155423
0.0022041909
0.0021923492
0.00218
0.0021671258
0.0021537092
0.0021397332
0.0021251808
0.0021100357
0.0020942818
0.0020779039
0.0020608877
0.0020432201
0.0020248892
0.0020058848
0.0019862004
0.0019658304
0.0019447524
0.0019229328
0.0019003384
0.0018769378
0.0018526985
0.0018275852
0.0018015611
0.0017745833
0.0017466225
0.0017176892
0.0016878084
0.0016569964
0.0016252337
0.0015924886
0.0015587363
0.0015239565
0.0014881281
0.0014512284
0.0014132347
0.0013741242
0.0013338741
0.0012924607
0.0012498602
0.0012060479
0.0011609983
0.0011146852
0.0010670813
0.0010181578
0.00096788505
0.00091623146
0.00086316407
0.00080864822
0.00075264753
0.00069512426
0.00063603872
0.00057535271
0.0005130207
0.00044902262
0.00038326396
0.00031590948
0.00024632316
0.00017657423
0.0001005297
4.2397417e-05
)
;

boundaryField
{
    inlet
    {
        type            zeroGradient;
    }
    top
    {
        type            zeroGradient;
    }
    outlet
    {
        type            fixedValue;
        value           uniform 0;
    }
    slipsurface
    {
        type            slip;
    }
    bottom
    {
        type            zeroGradient;
    }
    frontandback
    {
        type            empty;
    }
}


// ************************************************************************* //
