/*--------------------------------*- C++ -*----------------------------------*\
  =========                 |
  \\      /  F ield         | OpenFOAM: The Open Source CFD Toolbox
   \\    /   O peration     | Website:  https://openfoam.org
    \\  /    A nd           | Version:  12
     \\/     M anipulation  |
\*---------------------------------------------------------------------------*/
FoamFile
{
    format      ascii;
    class       volScalarField;
    location    "500";
    object      p;
}
// * * * * * * * * * * * * * * * * * * * * * * * * * * * * * * * * * * * * * //

dimensions      [0 2 -2 0 0 0 0];

internalField   nonuniform List<scalar> 
7480
(
0.0087171228
0.0081282449
0.0070201025
0.0064119445
0.0061121507
0.0058666548
0.0056061733
0.0053525992
0.005112522
0.0048746665
0.0046319201
0.0043833767
0.0041400129
0.0039215687
0.0037513819
0.0036409691
0.003586055
0.0035504392
0.0035295759
0.0035141983
0.0035023275
0.003493562
0.0034815876
0.0034550133
0.0034161699
0.0033732675
0.0033305087
0.0032902469
0.0032498491
0.0032099833
0.0031715685
0.0031345895
0.0030996178
0.0030646671
0.0030263726
0.0029852614
0.0029430954
0.0029014351
0.0028616276
0.0028235317
0.0027864731
0.0027504465
0.0027155074
0.0026815964
0.0026483119
0.0026150651
0.002581401
0.0025476551
0.0025139235
0.0024788798
0.002441133
0.0024032292
0.0023676112
0.0023346119
0.0023020322
0.0022684718
0.0022331434
0.0021953493
0.0021561747
0.0021169929
0.0020777791
0.0020380729
0.0019979507
0.001957465
0.001916388
0.0018747466
0.001832677
0.0017901018
0.0017469877
0.0017033938
0.0016591977
0.0016143577
0.0015689319
0.0015228006
0.0014759719
0.0014284563
0.0013801154
0.0013309873
0.0012810421
0.0012300992
0.0011783741
0.0011255272
0.0010712349
0.0010158406
0.0009582664
0.00089060699
0.00081686319
0.00076201167
0.00070786938
0.0006501588
0.00059209409
0.00053549536
0.00048021515
0.00042550668
0.00037321102
0.00032031984
0.0002839065
0.0002260048
0.00038489098
-0.0002797489
0.0082807751
0.0076994665
0.0068348663
0.0063081392
0.0060393462
0.0058145014
0.0055723101
0.0053354432
0.0051150271
0.0049027773
0.0046926272
0.0044831246
0.0042824639
0.0041020313
0.0039521264
0.0038383773
0.0037551764
0.003700277
0.0036589828
0.0036254632
0.0035935295
0.0035599528
0.0035206534
0.003475603
0.0034286338
0.0033815813
0.003337555
0.0032968684
0.0032569416
0.0032178207
0.0031799991
0.0031433645
0.0031081169
0.0030724429
0.0030337539
0.0029926895
0.0029508206
0.0029095102
0.0028699124
0.0028317843
0.0027944859
0.0027581085
0.0027227725
0.002688459
0.0026546917
0.0026208816
0.0025866709
0.0025522132
0.0025176222
0.0024817817
0.0024443409
0.0024072408
0.0023724284
0.0023394029
0.0023063031
0.002272212
0.0022365361
0.0021985729
0.0021593053
0.0021200332
0.0020807274
0.0020409331
0.0020007285
0.001960163
0.0019190053
0.0018772828
0.001835131
0.0017924705
0.0017492694
0.0017055886
0.0016613068
0.0016163829
0.0015708754
0.0015246642
0.0014777581
0.0014301672
0.0013817551
0.0013325614
0.0012825546
0.001231553
0.0011797718
0.0011268704
0.0010725232
0.001017065
0.00095924839
0.0008901232
0.00081948437
0.00076662826
0.00071216151
0.0006534775
0.0005947423
0.00053765615
0.00048199042
0.00042698979
0.00037449095
0.00032145062
0.00028492446
0.00022701529
0.00038594731
-0.00027898181
0.0079897408
0.0075790485
0.006901991
0.0063869295
0.0060969045
0.0058590599
0.0056106188
0.005366901
0.0051393099
0.0049197212
0.004701813
0.0044828073
0.0042708121
0.0040766934
0.0039123911
0.0037865146
0.003699834
0.0036497692
0.0036198759
0.0035973815
0.0035746778
0.0035485084
0.0035176916
0.0034842784
0.0034477981
0.0034080868
0.0033670051
0.0033253244
0.0032834542
0.0032417603
0.0032007725
0.0031605316
0.0031216815
0.0030833592
0.0030432993
0.0030016231
0.0029594902
0.0029180826
0.0028784518
0.0028402657
0.0028028333
0.0027662632
0.0027306871
0.0026961072
0.0026619507
0.0026276333
0.0025929241
0.0025580313
0.0025229792
0.0024868247
0.0024494057
0.0024121534
0.0023769657
0.0023434806
0.0023100447
0.0022757723
0.0022400056
0.0022020153
0.0021627265
0.0021234015
0.0020840136
0.0020441199
0.0020038114
0.001963141
0.0019218793
0.0018800591
0.0018378141
0.0017950606
0.001751767
0.0017079957
0.0016636256
0.0016186164
0.0015730264
0.0015267352
0.0014797519
0.0014320866
0.0013836017
0.0013343366
0.0012842604
0.0012331919
0.0011813473
0.0011283849
0.001073981
0.0010184803
0.00096052495
0.00089094383
0.00082372153
0.00077107855
0.00071614413
0.0006569325
0.00059775116
0.00054024306
0.00048419939
0.00042889377
0.00037615717
0.00032291162
0.00028622868
0.00022831746
0.00038716425
-0.00027802128
0.00776405
0.0074468288
0.0068507497
0.0063462676
0.0060458211
0.0058103888
0.0055700405
0.0053330201
0.0051112338
0.0048984203
0.0046884036
0.0044787852
0.0042774363
0.0040944081
0.0039406222
0.0038232976
0.0037423167
0.0036923278
0.0036582305
0.0036282041
0.0035972657
0.0035640555
0.0035282841
0.0034909337
0.0034509985
0.003409276
0.0033667985
0.0033242651
0.0032834225
0.0032440888
0.0032060337
0.0031689307
0.0031320948
0.0030943953
0.0030546353
0.0030128129
0.0029699667
0.0029274434
0.0028866771
0.0028476469
0.0028096782
0.0027727393
0.0027368766
0.0027021217
0.0026678385
0.002633346
0.0025983998
0.0025633234
0.0025279952
0.0024915416
0.0024538385
0.0024162371
0.0023806885
0.0023469172
0.0023133041
0.0022789117
0.002243063
0.0022050557
0.0021657698
0.0021264123
0.0020869571
0.002046983
0.0020065971
0.0019658485
0.0019245063
0.0018826118
0.0018402944
0.0017974644
0.0017540922
0.0017102424
0.0016657939
0.0016207071
0.0015750408
0.001528674
0.0014816165
0.0014338784
0.0013853204
0.0013359821
0.0012858338
0.0012346947
0.0011827823
0.0011297539
0.0010752894
0.0010197352
0.00096176919
0.00089337205
0.00082724496
0.00077408192
0.00071881881
0.00065937276
0.00059994937
0.00054219895
0.00048594429
0.00043045074
0.00037754156
0.00032414521
0.00028734855
0.00022932742
0.00038821075
-0.00027721288
0.0075576574
0.007296265
0.0067813053
0.0063227275
0.006032105
0.0058053531
0.0055737017
0.0053416877
0.0051224856
0.0049121016
0.0047050493
0.0044992957
0.0043017037
0.0041213377
0.003967626
0.0038472114
0.0037603297
0.003702241
0.0036609029
0.0036261366
0.0035931011
0.0035597113
0.003524762
0.0034881694
0.0034491067
0.0034082216
0.0033662693
0.0033241149
0.0032834248
0.0032439998
0.0032057953
0.00316888
0.0031320823
0.0030943462
0.0030554244
0.0030151937
0.0029743656
0.0029338046
0.0028941058
0.0028553541
0.0028173546
0.0027799801
0.0027433674
0.0027078893
0.0026731127
0.0026383086
0.0026031273
0.0025678907
0.0025324225
0.0024958169
0.0024579642
0.0024202248
0.0023844927
0.0023504962
0.0023166743
0.0022821032
0.0022461236
0.0022080679
0.0021687649
0.0021293603
0.0020898366
0.0020497911
0.00200934
0.0019685216
0.0019271071
0.0018851509
0.0018427704
0.0017998693
0.0017564238
0.0017125009
0.0016679784
0.0016228178
0.0015770781
0.0015306377
0.0014835075
0.0014356975
0.0013870678
0.0013376589
0.001287441
0.0012362332
0.0011842546
0.0011311608
0.0010766335
0.0010210164
0.00096305067
0.00089569254
0.00083021837
0.00077689881
0.00072144519
0.00066179658
0.00060213995
0.00054415856
0.00048769951
0.00043201522
0.00037893137
0.00032539328
0.00028848211
0.0002303153
0.00038922962
-0.00027631902
0.0073686882
0.0071507504
0.0067135006
0.0063004069
0.0060145511
0.005787741
0.0055593626
0.0053301417
0.0051127364
0.0049053234
0.0047012599
0.0045007067
0.0043083839
0.0041325182
0.0039817703
0.0038623152
0.0037747028
0.0037146451
0.0036717612
0.0036362995
0.0036028544
0.0035689274
0.0035332397
0.003495688
0.0034558645
0.0034143504
0.0033718778
0.0033293365
0.0032880963
0.0032480742
0.0032092264
0.0031714912
0.0031337395
0.0030951757
0.0030557008
0.0030151725
0.002974331
0.002933962
0.0028943021
0.0028558058
0.0028187054
0.0027826686
0.0027474171
0.0027127127
0.0026781765
0.0026433723
0.0026079132
0.0025722346
0.0025363929
0.0024995545
0.0024615809
0.0024237903
0.0023879643
0.002353803
0.002319812
0.0022851064
0.0022490352
0.0022109446
0.0021716247
0.0021321833
0.0020926116
0.0020525126
0.0020120111
0.0019711359
0.001929662
0.0018876561
0.0018452234
0.0018022617
0.0017587535
0.0017147675
0.0016701801
0.001624954
0.0015791489
0.0015326419
0.0014854453
0.0014375691
0.001388873
0.0013393988
0.0012891159
0.0012378436
0.0011858028
0.001132647
0.0010780588
0.0010223781
0.00096439218
0.00089773235
0.00083297676
0.00077978732
0.0007242745
0.00066446601
0.00060457915
0.00054634647
0.00048964651
0.0004337443
0.00038047087
0.0003267737
0.00028972215
0.00023139738
0.00039026688
-0.0002752296
0.0071961463
0.0070121961
0.0066408
0.0062686229
0.0059899303
0.0057654399
0.0055438173
0.0053212605
0.0051085909
0.004906117
0.0047060312
0.0045110206
0.004323944
0.0041523537
0.0040042468
0.0038852303
0.0037959875
0.0037325906
0.0036859867
0.0036471553
0.0036107517
0.0035744008
0.0035369632
0.0034982104
0.0034577668
0.003415965
0.003373427
0.0033309345
0.0032896359
0.0032495746
0.0032106657
0.0031727864
0.0031349825
0.003096519
0.0030571929
0.0030168237
0.0029760344
0.0029355006
0.0028955151
0.0028566845
0.0028193019
0.0027831076
0.0027478031
0.0027129709
0.0026785588
0.0026444151
0.0026100508
0.0025752331
0.0025397485
0.002503122
0.0024651645
0.0024271983
0.002391096
0.0023566636
0.0023224687
0.0022876438
0.00225153
0.0022134504
0.0021741495
0.0021347086
0.0020951248
0.0020550014
0.0020144757
0.0019735702
0.0019320595
0.0018900199
0.0018475511
0.0018045469
0.0017609927
0.0017169591
0.001672321
0.0016270426
0.0015811841
0.0015346215
0.0014873688
0.0014394358
0.0013906816
0.0013411496
0.0012908086
0.0012394776
0.0011873803
0.0011341674
0.0010795226
0.0010237809
0.00096576547
0.00089967399
0.00083563812
0.00078262415
0.00072711705
0.00066720454
0.00060711827
0.00054864422
0.00049170112
0.00043557617
0.00038210653
0.00032824193
0.00029103308
0.00023254227
0.00039127679
-0.00027392991
0.0070380011
0.0068802305
0.0065637641
0.0062303351
0.0059630327
0.005742823
0.0055280732
0.0053118549
0.0051033368
0.0049040232
0.0047081987
0.0045176213
0.0043350719
0.0041673251
0.0040216206
0.0039030191
0.0038123134
0.0037460031
0.003696242
0.0036548354
0.0036165715
0.0035790196
0.0035409341
0.0035018261
0.0034612687
0.003419449
0.0033769353
0.0033344556
0.0032930239
0.0032527818
0.0032136266
0.0031754181
0.0031373384
0.0030986675
0.0030591696
0.0030187207
0.0029778787
0.0029373026
0.0028973391
0.0028585261
0.0028210788
0.0027847148
0.0027490999
0.0027138781
0.0026791167
0.0026447245
0.0026103059
0.0025753825
0.0025398292
0.0025036231
0.0024665372
0.0024293999
0.0023936677
0.0023593161
0.002325009
0.0022899595
0.0022536785
0.0022155476
0.0021762432
0.0021368107
0.0020972459
0.0020571336
0.0020166196
0.0019757195
0.0019342024
0.0018921541
0.001849673
0.0018066485
0.0017630691
0.0017190073
0.0016743361
0.0016290217
0.0015831251
0.001536521
0.0014892251
0.0014412471
0.0013924456
0.0013428657
0.0012924753
0.0012410935
0.0011889473
0.0011356838
0.0010809882
0.0010251898
0.00096714587
0.00090159219
0.00083821955
0.00078535033
0.00072987434
0.00066989977
0.00060964762
0.00055095473
0.00049378302
0.00043744392
0.00038378101
0.00032975061
0.00029237613
0.00023371186
0.00039221094
-0.00027240585
0.0068923202
0.0067549324
0.0064843115
0.0061870627
0.005933475
0.0057183131
0.0055099765
0.0053002062
0.0050963612
0.004900925
0.0047099466
0.0045241248
0.0043464228
0.0041828283
0.0040398183
0.0039219821
0.0038302016
0.0037614057
0.0037087783
0.0036648934
0.003624682
0.0035856315
0.0035464243
0.0035064356
0.0034652566
0.0034230097
0.0033802114
0.0033375303
0.0032958483
0.0032553529
0.0032159292
0.0031774146
0.0031390879
0.0031002558
0.0030606728
0.0030202513
0.0029794746
0.002938962
0.002899062
0.0028602406
0.0028227058
0.0027862264
0.0027504994
0.0027152166
0.002680401
0.0026459078
0.0026113037
0.0025761079
0.0025402942
0.0025039307
0.0024668643
0.0024297412
0.0023939306
0.0023597385
0.0023259612
0.002291417
0.0022553948
0.0022174438
0.002178166
0.0021386524
0.0020990236
0.0020588867
0.0020183787
0.0019775051
0.0019360106
0.0018939837
0.0018515202
0.0018085027
0.0017649231
0.0017208562
0.001676173
0.001630842
0.0015849255
0.0015382963
0.0014909726
0.0014429641
0.0013941283
0.0013445126
0.001294084
0.0012426614
0.0011904756
0.00113717
0.0010824309
0.0010265824
0.00096851514
0.00090348354
0.00084072064
0.00078796695
0.00073253288
0.00067252425
0.00061213383
0.00055324463
0.0004958611
0.0004393195
0.00038546986
0.00033127891
0.00029373302
0.00023488819
0.00039303308
-0.00027062646
0.0067573186
0.0066361343
0.0064036714
0.0061393952
0.0059008253
0.005691773
0.0054899985
0.0052871235
0.0050886142
0.0048975149
0.0047112991
0.0045301634
0.0043570943
0.0041974139
0.0040569196
0.0039397967
0.0038469907
0.0037758428
0.0037204287
0.0036740545
0.0036318566
0.0035912835
0.0035509774
0.0035102174
0.0034685763
0.0034260921
0.003383193
0.0033404702
0.0032986814
0.003258038
0.0032184274
0.0031796704
0.0031411312
0.003102158
0.0030624995
0.0030220892
0.0029813465
0.0029408508
0.0029009547
0.0028620817
0.0028244448
0.0027878514
0.002752013
0.0027166361
0.002681702
0.0026470674
0.0026123362
0.0025770754
0.0025412495
0.0025048809
0.0024677958
0.002430563
0.0023945165
0.0023600648
0.0023261464
0.0022914635
0.0022553777
0.0022177453
0.0021790371
0.0021399593
0.0021005321
0.00206047
0.0020199238
0.0019790065
0.0019374962
0.0018954778
0.0018530421
0.0018100529
0.0017664987
0.0017224532
0.0016777825
0.0016324576
0.0015865422
0.0015399069
0.0014925734
0.0014445507
0.0013956957
0.0013460585
0.0012956048
0.0012441533
0.0011919395
0.0011386019
0.0010838286
0.0010279384
0.00096985496
0.00090532895
0.00084313483
0.00079047516
0.00073508862
0.0006750672
0.00061456239
0.00055549825
0.00049791982
0.00044118842
0.00038716004
0.00033281507
0.00029509261
0.00023606004
0.00039371148
-0.00026855153
0.0066315586
0.0065235344
0.006322778
0.0060880823
0.0058652351
0.0056634257
0.0054684232
0.0052726203
0.00507981
0.0048932871
0.0047117764
0.0045353671
0.0043668829
0.0042110886
0.0040731747
0.0039569498
0.003863391
0.0037902219
0.0037322966
0.0036836091
0.0036395435
0.0035975316
0.0035561726
0.0035146613
0.0034725326
0.0034297499
0.0033866632
0.0033437994
0.0033018168
0.0032609426
0.0032210751
0.0031820244
0.0031432275
0.0031040766
0.0030643139
0.0030238864
0.0029831606
0.0029426762
0.0029027872
0.0028638803
0.0028261624
0.0027894673
0.0027535183
0.0027180381
0.0026829851
0.0026482251
0.0026133917
0.002578075
0.0025422086
0.0025058037
0.002468732
0.0024315395
0.0023954703
0.0023609034
0.0023267991
0.0022918801
0.0022555893
0.0022178741
0.0021791704
0.0021400609
0.0021007005
0.0020610167
0.0020208759
0.0019801888
0.0019387966
0.0018967836
0.0018543244
0.0018113243
0.0017677814
0.0017237636
0.0016791225
0.0016338255
0.001587934
0.001541314
0.0014939906
0.0014459724
0.0013971151
0.0013474723
0.0012970081
0.0012455413
0.0011933126
0.0011399548
0.0010851583
0.0010292367
0.00097114569
0.0009071085
0.00084544746
0.00079286318
0.00073752822
0.00067751305
0.00061691648
0.00055769892
0.00049994353
0.00044303643
0.00038883871
0.00033434747
0.00029644382
0.00023721578
0.0003942131
-0.00026613488
0.0065138775
0.0064167377
0.0062423408
0.0060338879
0.0058269217
0.0056333081
0.0054452785
0.0052566178
0.0050698192
0.0048881801
0.0047114624
0.0045398532
0.0043759291
0.0042239796
0.0040886603
0.0039734344
0.0038792951
0.0038043232
0.0037440609
0.0036931448
0.0036472364
0.0036037762
0.0035613274
0.0035190223
0.0034763596
0.0034332422
0.0033899478
0.003346939
0.0033047831
0.0032637061
0.003223615
0.0031843109
0.0031452903
0.0031059885
0.0030661441
0.0030257133
0.0029850177
0.0029445567
0.0029046812
0.0028657452
0.0028279463
0.0027911443
0.0027550795
0.0027194923
0.0026843231
0.002649441
0.0026145012
0.0025791132
0.0025431916
0.0025067502
0.0024697006
0.0024325504
0.002396439
0.0023617323
0.0023274724
0.0022924541
0.00225613
0.0022184144
0.0021796611
0.0021404193
0.0021009271
0.0020612031
0.0020210166
0.0019803149
0.0019391618
0.0018975075
0.0018553029
0.001812421
0.0017688965
0.0017248662
0.0016802201
0.0016349385
0.0015890759
0.0015424854
0.0014951909
0.0014471969
0.0013983554
0.0013487246
0.0012982661
0.0012467986
0.0011945694
0.0011412046
0.0010863968
0.0010304561
0.00097236714
0.00090880138
0.00084763778
0.00079511158
0.00073983249
0.0006798423
0.00061917664
0.00055982797
0.00050191503
0.00044484803
0.00039049187
0.00033586352
0.00029777478
0.00023834323
0.00039447904
-0.00026332668
0.0064033068
0.0063153095
0.0061628792
0.0059775143
0.0057861416
0.0056014558
0.0054206328
0.0052391648
0.0050586387
0.0048821737
0.0047103409
0.0045435487
0.0043841368
0.004235979
0.0041032632
0.0039891402
0.0038946088
0.0038180758
0.0037556916
0.0037026853
0.0036550135
0.0036101506
0.0035666331
0.0035235472
0.0034803554
0.0034369051
0.0033934022
0.0033502436
0.0033079141
0.0032666296
0.0032263072
0.0031867444
0.0031474894
0.0031080218
0.0030680807
0.0030276276
0.0029869461
0.0029464955
0.0029066204
0.0028676463
0.0028297614
0.0027928494
0.0027566677
0.0027209723
0.0026856869
0.0026506812
0.0026156316
0.0025801693
0.0025441957
0.0025077243
0.0024706958
0.0024335779
0.0023974163
0.0023625719
0.0023281687
0.0022930563
0.0022566822
0.0022189522
0.0021802002
0.0021409611
0.0021014699
0.0020617022
0.0020214072
0.001980578
0.0019393593
0.0018976718
0.0018554473
0.0018127242
0.0017694993
0.0017256998
0.0016811599
0.0016358986
0.0015900321
0.0015434436
0.0014961683
0.0014482047
0.0013993919
0.001349789
0.0012993531
0.0012479005
0.0011956863
0.0011423284
0.0010875225
0.0010315759
0.00097349947
0.00091038625
0.00084968272
0.00079719796
0.00074197974
0.00068203375
0.00062132219
0.00056186579
0.00050381622
0.00044660681
0.00039210474
0.00033734993
0.00029907289
0.00023942854
0.00039447408
-0.00026007705
0.0062990311
0.006218818
0.0060847588
0.0059195863
0.005743196
0.0055679398
0.0053945628
0.0052203157
0.0050462454
0.0048751986
0.0047083458
0.004546382
0.0043914548
0.0042470611
0.0041169761
0.0040040695
0.0039093367
0.0038314773
0.0037671801
0.003712219
0.0036628557
0.003616624
0.0035720447
0.0035281713
0.003484433
0.0034406265
0.0033968907
0.0033535591
0.0033110435
0.0032695439
0.0032289872
0.003189171
0.0031496867
0.0031100563
0.0030700219
0.0030295468
0.0029888807
0.0029484438
0.0029085713
0.0028695637
0.002831599
0.0027945819
0.0027582868
0.0027224834
0.0026870821
0.0026519533
0.0026167942
0.0025812571
0.0025452323
0.00250873
0.0024717164
0.0024346245
0.0023984141
0.0023634381
0.0023288932
0.0022936797
0.0022572468
0.002219502
0.002180759
0.0021415221
0.0021020167
0.0020622173
0.0020219048
0.0019810744
0.0019398319
0.0018980669
0.0018557278
0.0018129318
0.0017696748
0.0017258548
0.0016814495
0.001636443
0.001590768
0.0015442666
0.0014970041
0.001449042
0.0014002399
0.0013506592
0.0013002527
0.0012488268
0.001196642
0.0011433054
0.001088515
0.0010325769
0.00097452413
0.00091184286
0.00085155978
0.00079909969
0.00074394764
0.00068406548
0.00062333184
0.00056379214
0.00050562827
0.0004482956
0.00039366173
0.00033879264
0.00030032486
0.00024045694
0.00039415114
-0.00025632515
0.0062003604
0.006126853
0.006008224
0.0058606443
0.0056984098
0.0055328584
0.0053671372
0.0052001223
0.0050326269
0.0048672022
0.0047054331
0.0045483141
0.0043978517
0.004257202
0.0041297748
0.0040181905
0.0039234359
0.0038444724
0.0037784668
0.0037216929
0.0036707196
0.0036231633
0.0035775412
0.0035328848
0.0034885944
0.003444421
0.0034004414
0.0033569277
0.0033142254
0.0032725139
0.0032317274
0.003191666
0.0031519582
0.0031121658
0.0030720366
0.0030315336
0.0029908766
0.0029504488
0.0029105733
0.0028715291
0.0028334834
0.0027963592
0.0027599482
0.002724033
0.0026885137
0.0026532608
0.002617991
0.0025823765
0.0025462984
0.0025097637
0.0024727605
0.0024356908
0.0023994325
0.0023643269
0.0023296387
0.0022943215
0.0022578303
0.0022200722
0.002181337
0.0021420966
0.0021025724
0.0020627468
0.0020224216
0.0019815803
0.0019403131
0.0018985284
0.0018561856
0.0018133736
0.0017700522
0.0017261285
0.0016816561
0.0016366172
0.0015909299
0.0015445763
0.0014975306
0.0014497066
0.0014009712
0.001351398
0.0013009958
0.0012495846
0.0011974287
0.0011441206
0.0010893573
0.001033442
0.00097542436
0.00091315314
0.00085324896
0.00080079595
0.00074571479
0.00068591603
0.00062518438
0.00056558648
0.00050733185
0.00044989651
0.00039514647
0.00034017675
0.00030151663
0.00024141354
0.00039345436
-0.00025200218
0.006106707
0.0060390346
0.0059334269
0.005801144
0.0056521128
0.0054963344
0.0053384248
0.0051786412
0.0050177884
0.0048581469
0.0047015623
0.0045493043
0.0044032876
0.0042663669
0.0041416278
0.0040314706
0.0039368707
0.0038570211
0.0037895131
0.0037310765
0.0036785845
0.0036297554
0.0035831152
0.0035376835
0.0034928366
0.0034482853
0.0034040487
0.0033603404
0.0033174453
0.0032755195
0.0032345025
0.0031941993
0.0031542702
0.0031143146
0.0030740881
0.0030335518
0.002992899
0.0029524778
0.002912597
0.002873516
0.0028353913
0.002798162
0.0027616363
0.0027256092
0.0026899724
0.0026545968
0.0026192167
0.0025835236
0.0025473917
0.0025108244
0.0024738286
0.0024367772
0.002400471
0.0023652374
0.0023304061
0.0022949845
0.0022584348
0.0022206613
0.0021819309
0.0021426855
0.0021031444
0.0020632948
0.0020229535
0.0019820958
0.0019408058
0.0018990069
0.0018566556
0.0018138247
0.0017704822
0.0017265503
0.001682061
0.0016369621
0.0015911822
0.0015447785
0.0014976997
0.0014498807
0.0014013089
0.0013519198
0.0013016127
0.0012502368
0.0011980923
0.0011447932
0.0010900494
0.0010341622
0.0009761875
0.00091430218
0.0008547337
0.00080226922
0.00074726249
0.00068756584
0.00062685982
0.00056722892
0.00050890768
0.00045139133
0.00039654201
0.00034148666
0.00030263328
0.00024228208
0.00039234832
-0.00024704301
0.0060175665
0.0059550157
0.0058604518
0.005741462
0.0056046247
0.0054585113
0.0053084995
0.0051559319
0.005001747
0.0048480052
0.0046966942
0.0045493137
0.0044077262
0.0042745254
0.0041525092
0.0040438829
0.003949609
0.0038690845
0.0038002772
0.003740332
0.0036864188
0.003636374
0.0035887459
0.0035425505
0.0034971463
0.0034522087
0.0034077043
0.0033637913
0.0033206994
0.0032785595
0.0032373142
0.0031967752
0.0031566301
0.003116513
0.0030761889
0.003035616
0.0029949636
0.0029545466
0.002914658
0.0028755393
0.0028373369
0.0028000031
0.0027633627
0.0027272222
0.0026914673
0.0026559687
0.0026204776
0.0025847036
0.0025485163
0.0025119155
0.0024749232
0.0024378853
0.0024015304
0.0023661706
0.0023311968
0.00229567
0.0022590602
0.0022212689
0.0021825412
0.0021432909
0.0021037329
0.0020638587
0.0020234995
0.0019826257
0.0019413151
0.0018995005
0.0018571359
0.0018142859
0.0017709268
0.0017269842
0.0016824769
0.0016373592
0.0015915714
0.0015451465
0.0014980053
0.0014501057
0.0014014949
0.0013520807
0.0013018219
0.0012506087
0.0011986094
0.0011453731
0.001090643
0.0010347652
0.0009768217
0.00091528629
0.00085600421
0.00080350685
0.00074857589
0.00068899853
0.00062834062
0.00056870126
0.0005103375
0.00045276228
0.00039783137
0.00034270641
0.00030365941
0.0002430454
0.00039076738
-0.00024138029
0.0059325044
0.0058744829
0.0057893341
0.0056819036
0.0055562453
0.0054195479
0.0052774422
0.0051320556
0.0049845287
0.0048367608
0.0046907957
0.0045483085
0.0044111356
0.00428165
0.0041623938
0.0040553999
0.0039616175
0.0038806222
0.0038107156
0.0037494197
0.00369419
0.0036429939
0.0035944144
0.0035474723
0.0035015141
0.003456185
0.0034114043
0.0033672781
0.0033239857
0.0032816321
0.003240161
0.0031993912
0.0031590348
0.0031187572
0.0030783341
0.0030377204
0.0029970636
0.0029566477
0.0029167484
0.0028775909
0.0028393118
0.0028018745
0.0027651198
0.0027288652
0.0026929919
0.002657371
0.0026217689
0.0025859127
0.0025496692
0.0025130342
0.0024760418
0.0024390131
0.0024026092
0.0023671257
0.0023320103
0.0022963773
0.0022597063
0.002221895
0.0021831685
0.0021439128
0.0021043375
0.0020644383
0.0020240605
0.0019831709
0.0019418395
0.0019000078
0.0018576294
0.0018147619
0.0017713858
0.0017274284
0.0016829027
0.0016377698
0.0015919713
0.0015455284
0.001498372
0.0014504643
0.0014018243
0.0013523439
0.0013020212
0.0012507723
0.0011987752
0.0011456474
0.001091063
0.0010352702
0.00097737294
0.00091614029
0.00085707635
0.00080451094
0.0007496485
0.0006902029
0.00062961293
0.00056998804
0.00051160509
0.00045399293
0.00039899835
0.00034382035
0.00030457958
0.00024368558
0.00038865292
-0.00023494481
0.005851144
0.0057971544
0.0057200748
0.0056227116
0.0055072472
0.0053796112
0.0052453418
0.0051070757
0.0049661674
0.0048244079
0.0046838406
0.0045462592
0.0044134875
0.0042877145
0.0041712572
0.0040659949
0.0039728636
0.0038915949
0.0038207858
0.0037582999
0.0037018649
0.0036495883
0.0036000998
0.0035524328
0.0035059277
0.0034602048
0.0034151413
0.003370795
0.003327299
0.0032847327
0.0032430388
0.0032020437
0.0031614811
0.0031210449
0.0030805222
0.0030398644
0.0029991992
0.0029587817
0.0029188695
0.0028796727
0.0028413181
0.0028037788
0.0027669105
0.0027305412
0.0026945496
0.0026588068
0.0026230936
0.0025871539
0.0025508528
0.0025141825
0.0024771865
0.0024401626
0.002403709
0.0023681039
0.0023328477
0.0022971076
0.002260374
0.0022225409
0.0021838137
0.0021445517
0.0021049586
0.0020650343
0.0020246374
0.0019837313
0.0019423788
0.0019005294
0.0018581371
0.001815252
0.0017718578
0.0017278851
0.0016833421
0.0016381934
0.0015923808
0.0015459206
0.0014987513
0.0014508326
0.0014021752
0.001352683
0.0013023492
0.0012510559
0.0011989968
0.001145833
0.0010912233
0.0010354776
0.00097772556
0.00091686022
0.00085799514
0.00080532298
0.00075050114
0.00069118359
0.00063067153
0.00057107885
0.00051269737
0.00045506908
0.00040002836
0.00034481388
0.00030537897
0.00024418508
0.00038595152
-0.00022766998
0.0057731577
0.005722778
0.0056526508
0.0055640759
0.0054578733
0.00533887
0.0052122944
0.0050810586
0.0049467028
0.0048109507
0.0046758102
0.0045431411
0.0044147572
0.0042926959
0.0041790768
0.0040756425
0.0039833158
0.0039019644
0.0038304458
0.003766932
0.0037094084
0.0036561283
0.0036057793
0.0035574143
0.0035103736
0.0034642578
0.0034189074
0.0033743361
0.0033306347
0.0032878574
0.0032459445
0.00320473
0.0031639666
0.0031233742
0.0030827515
0.0030420466
0.0030013692
0.0029609471
0.0029210199
0.0028817829
0.002843354
0.0028057141
0.0027687328
0.0027322485
0.0026961385
0.0026602744
0.0026244503
0.0025884257
0.0025520659
0.0025153593
0.0024783562
0.0024413328
0.0024048288
0.0023691043
0.0023337086
0.0022978606
0.0022610632
0.0022232062
0.0021844765
0.0021452075
0.0021055963
0.0020656468
0.0020252302
0.0019843071
0.0019429334
0.0019010658
0.001858659
0.0018157561
0.0017723433
0.001728355
0.0016837947
0.0016386292
0.0015928021
0.0015463254
0.0014991422
0.0014512098
0.0014025364
0.0013530337
0.0013026866
0.0012513858
0.0011993094
0.0011461203
0.0010914724
0.0010356824
0.00097791268
0.0009172801
0.00085863391
0.00080592179
0.00075116606
0.00069197835
0.00063153745
0.00057197935
0.00051360985
0.00045598105
0.00040090945
0.00034567416
0.0003060437
0.0002445277
0.00038261625
-0.0002194975
0.005698259
0.0056511281
0.0055870233
0.0055061423
0.005408335
0.0052974896
0.005178402
0.0050540734
0.0049261798
0.0047964027
0.0046666935
0.0045389346
0.0044149242
0.0042965738
0.0041858319
0.0040843187
0.0039929439
0.0039116931
0.0038396536
0.0037752748
0.0037167843
0.0036625838
0.0036114282
0.0035623973
0.0035148366
0.0034683327
0.003422694
0.0033778948
0.0033339872
0.0032910015
0.0032488741
0.0032074462
0.0031664879
0.0031257422
0.0030850195
0.003044265
0.0030035717
0.0029631425
0.0029231982
0.0028839204
0.0028454185
0.0028076795
0.0027705862
0.002733987
0.0026977588
0.0026617742
0.0026258394
0.0025897289
0.0025533092
0.0025165651
0.0024795516
0.0024425243
0.0024059692
0.0023701275
0.0023345935
0.0022986372
0.0022617747
0.0022238919
0.0021851576
0.0021458807
0.002106251
0.0020662763
0.0020258392
0.0019848987
0.0019435036
0.0019016173
0.0018591955
0.0018162744
0.0017728427
0.0017288384
0.0016842603
0.0016390776
0.0015932359
0.0015467425
0.0014995444
0.0014515983
0.0014029095
0.0013533943
0.0013030334
0.0012517261
0.0011996286
0.0011464249
0.0010917847
0.0010359837
0.00097822411
0.00091769874
0.00085913273
0.00080622243
0.00075151776
0.00069254814
0.00063223065
0.00057272277
0.00051436323
0.00045673465
0.00040163793
0.00034639247
0.00030656217
0.00024469559
0.00037861586
-0.00021038547
0.005626197
0.005582003
0.005523143
0.0054490203
0.0053588135
0.0052556277
0.0051437701
0.0050261927
0.0049046477
0.0047807847
0.0046564878
0.0045336261
0.0044139722
0.0042993313
0.0041915039
0.0040920012
0.004001719
0.0039207449
0.003848368
0.003783287
0.0037239551
0.003668923
0.0036170205
0.003567361
0.0035193005
0.0034724165
0.0034264911
0.0033814632
0.0033373501
0.0032941595
0.003251823
0.0032101883
0.0031690414
0.0031281459
0.0030873236
0.0030465174
0.003005805
0.002965366
0.002925403
0.002886084
0.0028475102
0.0028096739
0.0027724698
0.0027357559
0.0026994099
0.0026633056
0.0026272605
0.0025910632
0.0025545824
0.0025177995
0.0024807723
0.0024437369
0.0024071299
0.0023711731
0.0023355025
0.0022994373
0.0022625086
0.0022245978
0.0021858572
0.0021465715
0.0021069229
0.0020669228
0.0020264647
0.0019855061
0.0019440896
0.0019021842
0.0018597468
0.0018168073
0.0017733563
0.0017293355
0.0016847394
0.0016395391
0.0015936822
0.0015471718
0.0014999584
0.0014519985
0.0014032939
0.0013537656
0.0013033913
0.0012520765
0.001199957
0.0011467405
0.0010921083
0.0010362902
0.00097860183
0.00091817978
0.00085965405
0.00080655253
0.00075176499
0.00069286857
0.00063264441
0.00057326037
0.00051496907
0.00045735845
0.00040223374
0.00034697522
0.00030693405
0.00024466084
0.00037394768
-0.0002003168
0.0055567505
0.0055152223
0.0054609543
0.0053927899
0.0053094614
0.0052134306
0.0051085054
0.0049974916
0.0048821594
0.0047641248
0.0046451982
0.0045272081
0.0044118895
0.004300955
0.004196077
0.0040986695
0.0040096138
0.003929085
0.0038565488
0.0037909274
0.0037308827
0.0036751129
0.0036225284
0.0035722826
0.0035237471
0.0034764951
0.0034302877
0.0033850327
0.0033407165
0.0032973254
0.0032547859
0.0032129517
0.0031716228
0.0031305815
0.0030896607
0.0030488013
0.0030080669
0.0029676159
0.0029276325
0.0028882719
0.0028496277
0.002811696
0.0027743824
0.0027375544
0.0027010911
0.0026648682
0.0026287132
0.0025924285
0.0025558855
0.0025190625
0.0024820184
0.0024449709
0.0024083108
0.0023722413
0.0023364357
0.0023002614
0.0022632652
0.0022253247
0.0021865755
0.0021472801
0.0021076123
0.0020675867
0.0020271069
0.0019861298
0.0019446917
0.0019027667
0.0018603131
0.0018173549
0.0017738844
0.0017298465
0.0016852321
0.0016400139
0.0015941414
0.0015476137
0.0015003846
0.0014524105
0.0014036898
0.0013541481
0.0013037602
0.001252437
0.0012002963
0.0011470674
0.0010924406
0.001036606
0.00097899241
0.00091866851
0.00086015396
0.00080694353
0.00075207633
0.00069320706
0.00063299263
0.00057358517
0.00051532958
0.0004577971
0.0004027015
0.00034744814
0.00030718829
0.00024440993
0.00036861407
-0.00018929061
0.005489724
0.0054506245
0.0054003981
0.0053375071
0.0052604051
0.005171032
0.0050727131
0.0049680473
0.0048587709
0.0047464568
0.0046328369
0.0045196796
0.0044086694
0.0043014352
0.0041995381
0.0041043055
0.0040166029
0.00393668
0.003864157
0.0037981549
0.0037375284
0.0036811192
0.003627923
0.0035771383
0.0035281569
0.003480553
0.0034340714
0.0033885936
0.0033440783
0.0033004925
0.0032577571
0.0032157312
0.0031742275
0.0031330452
0.0030920274
0.0030511137
0.003010355
0.0029698898
0.0029298849
0.0028904826
0.0028517693
0.0028137442
0.0027763229
0.0027393815
0.0027028018
0.0026664613
0.0026301972
0.0025938245
0.0025572182
0.0025203538
0.0024832896
0.002446226
0.002409512
0.0023733319
0.0023373932
0.0023011096
0.0022640447
0.0022260725
0.002187313
0.0021480068
0.0021083194
0.0020682681
0.0020277661
0.00198677
0.0019453102
0.001903365
0.0018608947
0.0018179177
0.0017744272
0.0017303717
0.0016857388
0.0016405022
0.0015946137
0.0015480685
0.0015008233
0.0014528346
0.0014040976
0.001354542
0.0013041403
0.0012528082
0.0012006467
0.0011474047
0.0010927834
0.0010369309
0.0009793935
0.0009191667
0.00086067913
0.00080734353
0.00075239208
0.00069356584
0.00063338454
0.00057393714
0.0005156471
0.00045807568
0.0004029451
0.000347745
0.00030730096
0.00024413693
0.00036244799
-0.00017726849
0.0054249438
0.0053880644
0.005341414
0.0052832091
0.0052117483
0.0051285514
0.0050364953
0.0049379383
0.004834541
0.0047278197
0.0046194231
0.0045110455
0.00440431
0.0043007661
0.0042018772
0.0041088932
0.0040226629
0.0039434986
0.0038711547
0.0038049292
0.0037438533
0.0036869068
0.0036331738
0.0035819023
0.003532509
0.0034845734
0.0034378289
0.0033921351
0.0033474266
0.0033036532
0.00326073
0.003218521
0.0031768504
0.0031355323
0.0030944198
0.0030534514
0.0030126665
0.0029721854
0.0029321577
0.0028927139
0.0028539332
0.002815817
0.0027782897
0.0027412362
0.0027045409
0.0026680842
0.0026317119
0.0025952509
0.0025585802
0.002521673
0.0024845857
0.0024475023
0.0024107332
0.0023744448
0.002338375
0.0023019821
0.0022648475
0.0022268417
0.0021880697
0.0021487518
0.0021090443
0.0020689672
0.0020284425
0.0019874268
0.0019459452
0.0019039795
0.0018614918
0.0018184957
0.0017749851
0.0017309115
0.0016862597
0.0016410044
0.0015950994
0.0015485364
0.0015012747
0.0014532709
0.0014045174
0.0013549477
0.0013045318
0.0012531903
0.0012010084
0.0011477531
0.001093137
0.0010372687
0.00097980341
0.00091967916
0.00086122275
0.00080775185
0.00075271091
0.0006939303
0.00063377609
0.00057432087
0.00051600611
0.0004583856
0.00040315301
0.00034791396
0.0003070434
0.00024421348
0.00035497673
-0.00016411607
0.0053622553
0.0053274115
0.0052839413
0.0052299177
0.0051635737
0.005086094
0.0049999489
0.0049072428
0.0048095306
0.0047082566
0.0046049822
0.0045013174
0.0043988145
0.0042989459
0.0042030875
0.0041124194
0.0040277727
0.0039495112
0.0038775057
0.0038112106
0.0037498181
0.0036924399
0.0036382493
0.0035865478
0.0035367811
0.003488538
0.0034415454
0.0033956451
0.0033507517
0.0033067992
0.0032636975
0.0032213147
0.0031794857
0.0031380378
0.0030968335
0.0030558106
0.0030149982
0.0029744997
0.0029344487
0.0028949637
0.0028561173
0.0028179123
0.0027802813
0.002743117
0.0027063075
0.002669736
0.0026332565
0.0025967071
0.0025599712
0.0025230198
0.0024859065
0.0024487995
0.0024119744
0.0023755797
0.0023393811
0.0023028791
0.0022656736
0.0022276324
0.002188846
0.0021495152
0.0021097873
0.0020696843
0.0020291363
0.0019881005
0.0019465969
0.0019046103
0.0018621047
0.0018190892
0.0017755581
0.0017314659
0.001686795
0.0016415207
0.0015955987
0.0015490177
0.001501739
0.0014537199
0.0014049495
0.0013553653
0.0013049351
0.0012535836
0.0012013815
0.0011481128
0.0010935014
0.0010376234
0.00098022006
0.00092020469
0.00086178503
0.00080816358
0.00075303957
0.00069430454
0.00063417702
0.00057471344
0.00051636892
0.00045871826
0.00040339871
0.00034812434
0.00030662128
0.00024486919
0.0003461487
-0.00015025618
0.0053015199
0.005268548
0.0052279201
0.0051776427
0.005115947
0.0050437513
0.0049631643
0.0048760383
0.0047838019
0.0046878145
0.0045895448
0.0044905124
0.0043921913
0.0042959771
0.0042031659
0.004114874
0.0040319136
0.0039546907
0.0038831757
0.0038169608
0.0037553841
0.003697682
0.0036431168
0.0035910467
0.0035409493
0.0034924273
0.0034452048
0.0033991108
0.0033540428
0.0033099213
0.0032666516
0.0032241053
0.0031821269
0.0031405561
0.0030992636
0.0030581871
0.0030173464
0.0029768297
0.002936755
0.0028972295
0.0028583193
0.0028200282
0.0027822957
0.0027450225
0.0027081004
0.0026714156
0.0026348302
0.0025981924
0.0025613904
0.0025243934
0.0024872514
0.0024501174
0.0024132352
0.0023767364
0.0023404112
0.0023038006
0.0022665233
0.0022284448
0.0021896421
0.0021502972
0.0021105485
0.0020704195
0.0020298477
0.0019887914
0.0019472656
0.0019052576
0.0018627337
0.0018196985
0.0017761466
0.0017320354
0.001687345
0.0016420514
0.0015961119
0.0015495126
0.0015022167
0.0014541817
0.0014053943
0.0013557952
0.0013053503
0.0012539883
0.0012017664
0.0011484841
0.0010938771
0.0010379951
0.00098064299
0.0009207435
0.00086236664
0.00080857868
0.00075338018
0.00069468899
0.00063458798
0.00057511431
0.00051673826
0.00045905426
0.00040364925
0.00034834505
0.0003062603
0.00024594367
0.00033675937
-0.00013630688
0.005242613
0.005211367
0.0051732919
0.0051263845
0.0050689185
0.0050016014
0.0049262246
0.0048443996
0.0047574179
0.0046665428
0.0045731466
0.0044786534
0.0043844539
0.0042918665
0.0042021126
0.0041162497
0.0040350699
0.0039590122
0.0038881321
0.0038221425
0.0037605129
0.0037025965
0.0036477432
0.0035953696
0.0035449887
0.0034962201
0.00344879
0.0034025179
0.0033572879
0.0033130094
0.0032695834
0.0032268849
0.0031847673
0.003143081
0.0031017047
0.0030605763
0.0030197073
0.0029791718
0.0029390735
0.0028995085
0.0028605366
0.0028221622
0.0027843311
0.0027469509
0.002709918
0.0026731219
0.0026364319
0.0025997061
0.0025628374
0.0025257935
0.0024886201
0.0024514558
0.0024145155
0.0023779146
0.0023414653
0.0023047466
0.0022673967
0.0022292791
0.0021904582
0.0021510981
0.002111328
0.0020711728
0.0020305769
0.0019894994
0.0019479513
0.0019059218
0.0018633789
0.0018203238
0.0017767507
0.0017326201
0.00168791
0.0016425967
0.0015966392
0.0015500213
0.0015027078
0.0014546566
0.001405852
0.0013562375
0.0013057779
0.0012544048
0.0012021634
0.0011488675
0.0010942643
0.0010383833
0.00098107295
0.00092129627
0.00086296815
0.00080899701
0.00075373264
0.0006950833
0.00063500851
0.00057552428
0.00051711566
0.00045939625
0.00040390257
0.00034855752
0.00030595879
0.00024707996
0.00032744847
-0.00012264368
0.0051854221
0.0051557715
0.0051199997
0.005076136
0.0050225256
0.0049597103
0.0048892052
0.0048123987
0.0047304414
0.0046444936
0.004555827
0.0044657682
0.0043756206
0.0042866251
0.0041999317
0.0041165426
0.0040372285
0.0039624536
0.0038923449
0.0038267202
0.0037651669
0.0037071466
0.0036520944
0.0035994862
0.003548873
0.0034998945
0.0034522823
0.003405851
0.0033604742
0.0033160524
0.0032724833
0.003229645
0.0031873989
0.0031456056
0.0031041508
0.003062973
0.0030220764
0.0029815222
0.0029414007
0.0029017975
0.0028627664
0.0028243118
0.002786385
0.0027489004
0.0027117588
0.0026748534
0.0026380605
0.0026012471
0.0025643112
0.002527219
0.0024900118
0.0024528142
0.0024158148
0.002379114
0.002342543
0.0023057171
0.0022682936
0.0022301354
0.0021912943
0.0021519178
0.002112126
0.0020719445
0.0020313239
0.0019902249
0.0019486544
0.0019066028
0.0018640405
0.0018209652
0.0017773708
0.0017332202
0.0016884901
0.0016431568
0.001597181
0.0015505443
0.0015032127
0.0014551449
0.0014063228
0.0013566927
0.0013062179
0.0012548334
0.0012025727
0.0011492632
0.0010946635
0.001038786
0.00098151145
0.00092186361
0.0008635901
0.00080942012
0.00075409683
0.00069548731
0.0006354387
0.00057594361
0.00051750104
0.00045974422
0.00040415833
0.00034876857
0.00030568823
0.00024812876
0.00031830861
-0.0001094357
0.0051298451
0.0051016728
0.0050679886
0.0050268843
0.0049767953
0.0049181326
0.0048521737
0.0047801036
0.0047029347
0.00462172
0.0045376289
0.0044518889
0.0043657145
0.0042802681
0.0041966308
0.0041157521
0.0040383797
0.0039649957
0.0038957863
0.0038306604
0.0037693098
0.0037112961
0.0036561362
0.0036033656
0.003552575
0.0035034269
0.0034556621
0.0034090935
0.0033635876
0.0033190384
0.0032753407
0.0032323762
0.0031900136
0.0031481225
0.0031065954
0.0030653715
0.0030244487
0.0029838765
0.0029437329
0.0029040932
0.0028650056
0.0028264742
0.0027884549
0.0027508687
0.0027136208
0.0026766086
0.0026397146
0.0026028144
0.0025658109
0.0025286693
0.0024914259
0.0024541922
0.0024171328
0.002380334
0.0023436441
0.0023067118
0.0022692142
0.0022310137
0.0021921505
0.0021527565
0.0021129425
0.0020727346
0.0020320891
0.001990968
0.0019493748
0.001907301
0.0018647187
0.0018216229
0.001778007
0.001733836
0.0016890856
0.001643732
0.0015977374
0.0015510815
0.0015037316
0.0014556468
0.001406807
0.0013571609
0.0013066708
0.0012552742
0.0012029946
0.0011496714
0.0010950751
0.0010392019
0.0009819595
0.00092244655
0.00086422798
0.00080985164
0.00075447385
0.00069590143
0.00063587881
0.00057637238
0.00051789432
0.00046009787
0.0004044165
0.00034897878
0.00030541273
0.00024907145
0.00030932434
-9.6719415e-05
0.0050757891
0.0050489896
0.0050172057
0.004978612
0.004931745
0.0048769131
0.0048151895
0.0047475778
0.0046749583
0.0045982762
0.0045185979
0.0044370519
0.0043547629
0.0042728149
0.0041922215
0.0041138811
0.0040385168
0.0039666219
0.0038984314
0.0038339313
0.0037729063
0.0037150091
0.0036598343
0.0036069761
0.0035560664
0.0035067929
0.0034589085
0.0034122276
0.0033666131
0.0033219541
0.0032781442
0.0032350683
0.0031926021
0.0031506235
0.0031090313
0.0030677656
0.0030268187
0.00298623
0.0029460657
0.0029063918
0.0028672507
0.0028286461
0.0027905381
0.0027528534
0.0027155021
0.0026783855
0.0026413925
0.0026044065
0.0025673353
0.0025301433
0.0024928615
0.0024555891
0.002418469
0.0023815742
0.0023447681
0.0023077306
0.0022701583
0.002231914
0.002193027
0.0021536142
0.0021137776
0.0020735431
0.0020328723
0.0019917288
0.0019501127
0.0019080164
0.0018654137
0.0018222972
0.0017786594
0.0017344677
0.0016896967
0.0016443224
0.0015983087
0.0015516334
0.0015042647
0.0014561626
0.0014073049
0.0013576424
0.0013071367
0.0012557277
0.0012034295
0.0011500927
0.0010954993
0.0010396314
0.00098241707
0.00092304585
0.00086487677
0.00081029523
0.00075486485
0.00069632609
0.00063632903
0.00057681071
0.00051829551
0.00046045734
0.0004046758
0.0003491931
0.00030513554
0.00024989536
0.00030051789
-8.4515323e-05
0.0050231689
0.004997647
0.0049675999
0.0049312986
0.0048873852
0.0048360876
0.0047783048
0.0047148801
0.0046465708
0.0045742164
0.0044987816
0.0044212966
0.004342797
0.0042642887
0.0041867191
0.0041109359
0.0040376364
0.0039673193
0.0039002577
0.0038365038
0.003775923
0.0037182507
0.0036631543
0.0036102858
0.0035593183
0.003509967
0.0034619993
0.0034152345
0.0033695344
0.0033247857
0.0032808815
0.0032377104
0.0031951546
0.0031530998
0.0031114506
0.0030701483
0.0030291805
0.0029885775
0.0029483946
0.0029086891
0.002869498
0.0028308242
0.0027926315
0.0027548518
0.0027174002
0.0026801822
0.0026430925
0.002606022
0.0025688831
0.0025316397
0.0024943177
0.0024570042
0.0024198226
0.002382834
0.0023459144
0.0023087731
0.0022711258
0.0022328363
0.0021939236
0.002154491
0.0021146312
0.00207437
0.0020336736
0.0019925072
0.0019508682
0.0019087491
0.0018661256
0.0018229881
0.0017793283
0.0017351155
0.0016903235
0.0016449284
0.0015988951
0.0015522002
0.0015048124
0.0014566925
0.0014078167
0.0013581375
0.0013076159
0.0012561941
0.0012038775
0.0011505271
0.0010959364
0.0010400751
0.0009828839
0.00092366083
0.00086553653
0.0008107537
0.00075526992
0.00069676106
0.0006367893
0.00057725859
0.00051870463
0.00046082218
0.00040493771
0.00034940181
0.00030486751
0.00025060149
0.0002918874
-7.283831e-05
0.0049719065
0.004947576
0.0049191221
0.0048849206
0.0048437198
0.0047956841
0.0047415645
0.0046820644
0.0046178282
0.0045495947
0.0044782288
0.0044046652
0.0043298515
0.0042547165
0.0041801421
0.0041069265
0.0040357388
0.0039670777
0.0039012462
0.0038383511
0.0037783283
0.003720987
0.0036660625
0.0036132623
0.0035623012
0.0035129229
0.0034649116
0.0034180943
0.0033723344
0.0033275179
0.0032835393
0.0032402905
0.0031976604
0.0031555417
0.0031138447
0.0030725122
0.0030315276
0.0029909131
0.0029507145
0.0029109805
0.0028717433
0.0028330047
0.0027947315
0.0027568609
0.0027193126
0.0026819963
0.0026448126
0.002607659
0.0025704528
0.0025331573
0.0024957933
0.0024584367
0.0024211932
0.0023841126
0.0023470826
0.002309839
0.0022721163
0.0022337802
0.0021948404
0.0021553866
0.0021155033
0.0020752154
0.0020344932
0.0019933035
0.0019516413
0.0019094993
0.0018668545
0.0018236958
0.0017800138
0.0017357795
0.0016909663
0.0016455501
0.0015994968
0.001552782
0.0015053748
0.0014572368
0.0014083426
0.0013586465
0.0013081088
0.0012566736
0.001204339
0.0011509752
0.0010963867
0.0010405332
0.00098336315
0.00092428969
0.00086620714
0.00081122722
0.00075568893
0.00069720638
0.00063725974
0.00057771615
0.00051912168
0.00046119249
0.00040520096
0.00034960938
0.00030459552
0.00025117833
0.00028344851
-6.1698154e-05
0.0049219297
0.0048987124
0.0048717252
0.004839453
0.0048007476
0.0047557239
0.0047050069
0.0046491792
0.0045887836
0.0045244637
0.0044569892
0.004387202
0.0043159641
0.0042441285
0.0041725131
0.0041018661
0.0040328273
0.0039658906
0.0039013807
0.0038394494
0.0037800926
0.0037231856
0.0036685258
0.0036158737
0.0035649852
0.0035156335
0.0034676214
0.0034207859
0.0033749945
0.0033301348
0.0032861031
0.0032427959
0.0032001079
0.0031579389
0.0031162046
0.003074849
0.0030338527
0.0029932306
0.0029530197
0.0029132611
0.002873982
0.0028351835
0.0027968346
0.0027588774
0.0027212362
0.0026838252
0.0026465503
0.0026093156
0.0025720426
0.0025346945
0.002497287
0.0024598856
0.0024225798
0.0023854093
0.0023482718
0.0023109276
0.0022731296
0.0022347457
0.0021957771
0.0021563012
0.0021163939
0.0020760791
0.0020353308
0.0019941176
0.0019524321
0.0019102669
0.0018676006
0.0018244203
0.0017807159
0.0017364599
0.0016916253
0.0016461876
0.001600114
0.001553379
0.0015059522
0.0014577957
0.0014088829
0.0013591695
0.0013086155
0.0012571666
0.0012048143
0.0011514371
0.0010968507
0.0010410057
0.00098385888
0.00092493038
0.00086688805
0.00081171551
0.00075612224
0.00069766236
0.0006377405
0.00057818343
0.00051954662
0.00046156805
0.00040546551
0.00034981554
0.0003043149
0.00025162709
0.00027519217
-5.1110323e-05
0.0048731718
0.0048509964
0.0048253641
0.0047948693
0.0047584634
0.0047162223
0.0046686644
0.0046162683
0.0045594868
0.0044988751
0.0044351128
0.0043689528
0.0043011749
0.0042325582
0.0041638573
0.0040957714
0.004028909
0.0039637548
0.0039006485
0.0038397775
0.0037811888
0.0037248157
0.0036705121
0.0036180883
0.0035673403
0.0035180711
0.0034701038
0.0034232875
0.0033774956
0.0033326192
0.0032885579
0.0032452127
0.0032024848
0.0031602804
0.0031185201
0.0030771501
0.0030361482
0.0029955231
0.0029553042
0.0029155253
0.0028762093
0.0028373559
0.0027989366
0.0027608977
0.002723168
0.0026856661
0.0026483033
0.0026109895
0.0025736506
0.0025362496
0.0024987975
0.0024613497
0.0024239814
0.0023867232
0.0023494812
0.0023120383
0.0022741651
0.0022357324
0.0021967336
0.0021572344
0.0021173027
0.002076961
0.0020361865
0.0019949494
0.0019532405
0.001911052
0.0018683638
0.0018251618
0.0017814348
0.0017371568
0.0016923004
0.0016468411
0.0016007469
0.0015539915
0.0015065447
0.0014583694
0.0014094378
0.0013597069
0.0013091363
0.0012576734
0.0012053036
0.0011519132
0.0010973286
0.0010414931
0.00098437177
0.00092558188
0.00086757949
0.00081221896
0.00075657008
0.00069812942
0.00063823179
0.00057866048
0.00051997943
0.00046194861
0.00040573131
0.00035001995
0.00030402359
0.00025194972
0.00026717244
-4.1111818e-05
0.0048255709
0.0048043722
0.004779995
0.0047511421
0.0047168585
0.0046771897
0.0046325638
0.0045833707
0.004529984
0.0044728783
0.0044126489
0.0043499646
0.0042855262
0.0042200414
0.0041542033
0.0040886623
0.004023994
0.0039606706
0.0038990399
0.0038393174
0.0037815924
0.0037258484
0.0036719903
0.0036198748
0.0035693363
0.0035202078
0.0034723335
0.0034255761
0.0033798173
0.003334953
0.0032908874
0.0032475266
0.0032047779
0.003162554
0.0031207807
0.0030794059
0.0030384056
0.0029977833
0.0029575614
0.0029177673
0.0028784198
0.0028395172
0.0028010332
0.0027629177
0.0027251043
0.0026875159
0.0026500687
0.0026126783
0.0025752746
0.0025378207
0.0025003231
0.0024628278
0.0024253971
0.0023880532
0.0023507099
0.0023131703
0.0022752222
0.00223674
0.0021977095
0.0021581861
0.0021182295
0.0020778609
0.0020370601
0.0019957989
0.0019540664
0.0019118546
0.0018691442
0.0018259203
0.0017821706
0.0017378703
0.001692992
0.0016475109
0.0016013957
0.0015546196
0.0015071526
0.0014589582
0.0014100075
0.0013602588
0.0013096714
0.0012581942
0.0012058071
0.0011524039
0.0010978208
0.0010419958
0.00098490184
0.0009262443
0.00086828183
0.00081273925
0.00075703141
0.00069860745
0.00063873372
0.00057914737
0.00052042006
0.00046233406
0.00040599744
0.00035022696
0.00030370899
0.00025214399
0.00025939803
-3.1714466e-05
0.0047790692
0.0047587875
0.0047355764
0.0047082436
0.0046759217
0.0046386321
0.004596727
0.0045505208
0.004500318
0.0044465208
0.0043896463
0.0043302846
0.0042690615
0.0042066163
0.0041435824
0.0040805616
0.004018096
0.0039566416
0.003896549
0.0038380543
0.0037812816
0.0037262571
0.0036729312
0.003621203
0.0035709437
0.0035220156
0.0034742846
0.0034276284
0.0033819385
0.0033371174
0.0032930745
0.0032497219
0.0032069731
0.0031647472
0.0031229748
0.003081606
0.0030406158
0.003000003
0.002959784
0.0029199807
0.0028806075
0.002841662
0.0028031194
0.0027649332
0.0027270413
0.0026893709
0.0026518432
0.0026143791
0.0025769122
0.0025394058
0.002501862
0.0024643184
0.0024268255
0.0023893982
0.0023519567
0.0023143229
0.0022763004
0.0022377678
0.0021987045
0.0021591558
0.0021191742
0.0020787786
0.0020379514
0.0019966659
0.0019549099
0.0019126746
0.0018699418
0.0018266957
0.0017829233
0.0017386005
0.0016937001
0.0016481969
0.0016020605
0.0015552634
0.001507776
0.0014595622
0.0014105923
0.0013608255
0.0013102212
0.0012587292
0.0012063253
0.0011529093
0.0010983276
0.001042514
0.00098544922
0.000926918
0.00086899496
0.00081327976
0.00075750447
0.00069909589
0.00063924624
0.00057964404
0.00052086842
0.00046272421
0.00040626349
0.00035043508
0.00030334723
0.0002522023
0.00025184977
-2.2883189e-05
0.0047336126
0.0047141931
0.004692068
0.0046661456
0.0046356395
0.0046005522
0.0045611715
0.0045177486
0.0044705282
0.0044198476
0.0043661525
0.0043099601
0.0042518255
0.004192323
0.0041320281
0.0040714951
0.0040112316
0.0039516747
0.0038931729
0.0038359766
0.0037802373
0.0037260175
0.003673307
0.0036220437
0.0035721333
0.0035234662
0.0034759307
0.0034294203
0.0033838373
0.0033390924
0.0032951013
0.0032517822
0.0032090555
0.0031668463
0.0031250901
0.0030837397
0.003042769
0.0030021736
0.0029619644
0.0029221583
0.0028827662
0.0028437846
0.0028051899
0.0027669394
0.0027289746
0.0026912274
0.0026536236
0.0026160889
0.0025785606
0.0025410023
0.0025034122
0.0024658198
0.0024282653
0.0023907569
0.0023532205
0.0023154948
0.0022773988
0.0022388152
0.0021997181
0.0021601434
0.0021201362
0.0020797138
0.0020388602
0.0019975502
0.0019557706
0.0019135118
0.0018707565
0.0018274882
0.0017836929
0.0017393474
0.0016944247
0.0016488993
0.0016027414
0.0015559232
0.0015084151
0.0014601817
0.0014111923
0.0013614072
0.0013107857
0.0012592788
0.0012068583
0.0011534298
0.0010988495
0.0010430481
0.00098601408
0.00092760324
0.00086971887
0.00081384235
0.00075798804
0.00069959461
0.00063976943
0.00058015052
0.00052132447
0.00046311865
0.00040652977
0.00035063422
0.00030296525
0.00025209523
0.00024445576
-1.4565923e-05
0.0046891505
0.0046705426
0.0046494312
0.00462482
0.0045959969
0.0045629492
0.0045259111
0.0044850802
0.0044406502
0.004392901
0.0043422136
0.0042890379
0.0042338634
0.0041772026
0.004119576
0.0040614911
0.0040034206
0.0039457801
0.0038889124
0.003833076
0.0037784437
0.0037251077
0.003673092
0.0036223692
0.0035728766
0.0035245321
0.0034772455
0.0034309271
0.0033854912
0.0033408574
0.0032969488
0.0032536905
0.0032110095
0.003168837
0.0031271138
0.0030857951
0.0030448548
0.0030042856
0.0029640942
0.0029242927
0.0028848891
0.0028458787
0.0028072392
0.002768931
0.0027308997
0.0026930813
0.0026554059
0.0026178043
0.0025802169
0.0025426077
0.0025049714
0.0024673301
0.0024297148
0.0023921278
0.0023544999
0.0023166849
0.0022785164
0.0022398815
0.0022007497
0.0021611481
0.0021211152
0.0020806661
0.0020397862
0.0019984517
0.0019566484
0.0019143662
0.0018715882
0.0018282975
0.0017844794
0.001740111
0.0016951658
0.0016496181
0.0016034385
0.0015565991
0.00150907
0.0014608167
0.0014118078
0.0013620042
0.0013113654
0.0012598433
0.0012074063
0.0011539657
0.0010993866
0.0010435983
0.00098659654
0.00092830026
0.00087045372
0.00081442697
0.00075848201
0.00070010401
0.00064030352
0.00058066682
0.00052178807
0.00046351719
0.00040679549
0.00035082112
0.00030256997
0.00025182092
0.00023722816
-6.7584703e-06
0.0046456352
0.0046277922
0.004607629
0.0045842389
0.0045569774
0.0045258202
0.0044909561
0.0044525381
0.0044107164
0.0043657206
0.0043178737
0.0042675641
0.0042152204
0.0041612977
0.0041062634
0.0040505801
0.0039946852
0.0039389713
0.0038837713
0.0038293477
0.0037758881
0.0037235088
0.0036722628
0.0036221532
0.0035731464
0.0035251858
0.0034782027
0.003432124
0.0033868771
0.0033423912
0.0032985976
0.0032554287
0.0032128183
0.0031707042
0.0031290319
0.0030877597
0.003046862
0.0030063291
0.0029661643
0.0029263758
0.0028869688
0.0028479375
0.0028092611
0.0027709026
0.0027328115
0.0026949278
0.0026571862
0.0026195215
0.0025818778
0.0025442191
0.0025065371
0.0024688473
0.0024311723
0.0023935093
0.0023557933
0.0023178919
0.0022796521
0.0022409658
0.0022017986
0.0021621695
0.0021221107
0.0020816349
0.0020407289
0.0019993699
0.001957543
0.0019152375
0.0018724367
0.0018291236
0.0017852826
0.0017408913
0.0016959236
0.0016503534
0.001604152
0.001557291
0.0015097409
0.0014614674
0.0014124388
0.0013626165
0.0013119602
0.0012604228
0.0012079698
0.0011545173
0.0010999393
0.0010441649
0.00098719671
0.00092900929
0.00087119956
0.0008150337
0.00075898666
0.00070062428
0.00064084857
0.00058119288
0.00052225908
0.00046391945
0.00040706025
0.00035099279
0.00030215097
0.00025138845
0.00023020052
5.3244461e-07
0.0046030218
0.0045859004
0.0045666258
0.0045443747
0.0045185639
0.00448916
0.0044563138
0.0044201414
0.004380756
0.0043383434
0.0042931749
0.0042455834
0.0041959418
0.004144651
0.004092129
0.0040387947
0.0039850504
0.0039312644
0.003877757
0.0038247898
0.0037725608
0.0037212045
0.0036707983
0.0036213714
0.0035729165
0.0035254008
0.0034787762
0.0034329862
0.0033879715
0.0033436719
0.0033000274
0.003256978
0.0032144648
0.0031724318
0.0031308299
0.0030896205
0.0030487786
0.0030082935
0.0029681652
0.0029283989
0.0028889972
0.0028499539
0.002811249
0.0027728482
0.0027347045
0.0026967621
0.0026589598
0.0026212366
0.0025835395
0.0025458333
0.0025081066
0.002470369
0.0024326357
0.0023948994
0.0023570991
0.0023191143
0.0022808047
0.0022420672
0.0022028639
0.0021632069
0.0021231221
0.0020826198
0.0020416878
0.0020003044
0.0019584541
0.0019161253
0.0018733019
0.0018299664
0.0017861025
0.0017416883
0.0016966979
0.0016511052
0.0016048818
0.0015579992
0.0015104279
0.0014621341
0.0014130856
0.0013632445
0.0013125706
0.0012610175
0.0012085488
0.0011550848
0.001100508
0.0010447481
0.00098781469
0.00092973056
0.00087195639
0.00081566291
0.0007595024
0.00070115526
0.00064140445
0.00058172863
0.00052273739
0.00046432513
0.00040732345
0.00035114875
0.00030170776
0.0002507912
0.0002233859
7.3031366e-06
0.0045612678
0.0045448279
0.0045263874
0.0045052001
0.0044807384
0.0044529618
0.0044219893
0.0043879062
0.004350795
0.0043108035
0.0042681573
0.0042231393
0.0041760717
0.0041273057
0.0040772124
0.004026169
0.0039745434
0.0039226786
0.0038708797
0.0038194042
0.0037684554
0.0037181818
0.0036686798
0.0036200014
0.0035721623
0.0035251516
0.0034789404
0.0034334888
0.0033887508
0.0033446772
0.0033012172
0.003258319
0.0032159309
0.0031740034
0.0031324926
0.0030913634
0.0030505921
0.0030101671
0.0029700864
0.0029303525
0.0028909661
0.00285192
0.0028131956
0.0027747611
0.0027365728
0.0026985787
0.0026607218
0.002622945
0.0025851983
0.0025474469
0.0025096769
0.0024718927
0.0024341029
0.0023962963
0.0023584153
0.0023203503
0.0022819726
0.0022431842
0.0022039446
0.0021642593
0.0021241485
0.0020836202
0.0020426625
0.0020012549
0.0019593813
0.0019170294
0.0018741834
0.0018308255
0.0017869388
0.0017425018
0.0016974887
0.0016518734
0.0016056279
0.0015587236
0.001511131
0.0014628167
0.0014137482
0.0013638881
0.0013131965
0.0012616278
0.0012091436
0.0011556684
0.001101093
0.0010453483
0.00098845052
0.00093046427
0.00087272404
0.00081631435
0.00076003054
0.00070169693
0.0006419709
0.00058227388
0.00052322274
0.00046473381
0.00040758439
0.00035128816
0.00030123585
0.00025004841
0.00021679476
1.3549693e-05
0.0045203331
0.0045045374
0.0044868808
0.0044666885
0.0044434826
0.0044172174
0.0043879851
0.0043558459
0.0043208564
0.0042831321
0.0042428583
0.0042002735
0.0041556538
0.0041093048
0.0040615538
0.0040127386
0.0039631933
0.0039132352
0.0038631527
0.0038131955
0.0037635688
0.0037144303
0.0036658916
0.0036180233
0.0035708611
0.0035244138
0.0034786706
0.0034336073
0.0033891914
0.0033453847
0.003302146
0.0032594318
0.0032171978
0.0031754014
0.0031340039
0.0030929737
0.0030522891
0.0030119381
0.0029719172
0.0029322268
0.0028928661
0.0028538276
0.0028150935
0.0027766343
0.0027384099
0.0027003718
0.002662467
0.002624642
0.0025868497
0.0025490559
0.0025112447
0.0024734154
0.0024355712
0.0023976976
0.0023597398
0.002321598
0.0022831543
0.0022443158
0.0022050398
0.002165326
0.0021251893
0.0020846352
0.0020436522
0.0020022207
0.0019603241
0.0019179494
0.0018750809
0.0018317007
0.0017877914
0.0017433316
0.0016982958
0.0016526581
0.0016063904
0.0015594643
0.0015118503
0.0014635153
0.0014144268
0.0013645477
0.0013138383
0.0012622539
0.0012097544
0.0011562685
0.0011016944
0.0010459656
0.00098910429
0.00093121065
0.00087350284
0.0008169846
0.00076057362
0.0007022502
0.00064254806
0.00058282861
0.000523715
0.0004651451
0.00040784256
0.00035140932
0.00030073426
0.0002491608
0.00021044219
1.9290321e-05
0.0044801796
0.0044649933
0.0044480746
0.0044288139
0.0044067782
0.0043819175
0.0043543021
0.0043239714
0.0042909609
0.004255358
0.0042173133
0.0041770259
0.0041347303
0.0040906905
0.0040451936
0.0039985399
0.0039510309
0.0039029582
0.0038545918
0.0038061716
0.0037579009
0.003709943
0.0036624206
0.0036154192
0.0035689917
0.0035231643
0.0034779427
0.0034333177
0.0033892695
0.0033457715
0.0033027918
0.0032602957
0.0032182465
0.003176608
0.0031353471
0.0030944362
0.0030538555
0.0030135935
0.0029736457
0.0029340112
0.0028946877
0.0028556677
0.0028169344
0.0027784605
0.002740209
0.0027021351
0.0026641895
0.0026263224
0.0025884891
0.0025506563
0.0025128062
0.0024749341
0.0024370381
0.0023991008
0.0023610703
0.0023228553
0.0022843479
0.0022454601
0.0022061479
0.0021664057
0.0021262433
0.0020856639
0.0020446562
0.0020032011
0.0019612818
0.0019188847
0.001875994
0.0018325917
0.00178866
0.0017441775
0.0016991191
0.0016534589
0.001607169
0.0015602211
0.0015125857
0.00146423
0.0014151214
0.0013652231
0.001314496
0.0012628957
0.0012103814
0.0011568852
0.0011023126
0.0010466001
0.00098977595
0.00093196972
0.00087429287
0.00081767048
0.00076113391
0.00070281572
0.00064313585
0.00058339263
0.00052421387
0.00046555851
0.00040809721
0.00035151086
0.00030020046
0.00024813544
0.00020434661
2.4535356e-05
0.0044407711
0.0044261617
0.0044099383
0.0043915508
0.0043706064
0.0043470519
0.0043209394
0.0042922915
0.0042611262
0.0042275074
0.0041915553
0.0041534343
0.004113342
0.0040715048
0.0040281724
0.0039836101
0.0039380886
0.0038918733
0.0038452155
0.0037983431
0.0037514548
0.0037047157
0.0036582565
0.0036121741
0.0035665355
0.003521382
0.0034767342
0.0034325966
0.0033889622
0.003345815
0.003303133
0.00326089
0.003219057
0.0031776045
0.0031365049
0.0030957347
0.0030552766
0.0030151199
0.0029752598
0.0029356943
0.0028964206
0.0028574309
0.0028187096
0.0027802315
0.0027419628
0.0027038619
0.0026658833
0.0026279805
0.0025901114
0.0025522436
0.0025143576
0.0024764453
0.0024385004
0.0024005032
0.0023624043
0.0023241201
0.0022855515
0.0022466158
0.0022072677
0.0021674973
0.0021273096
0.0020867056
0.0020456737
0.0020041955
0.001962254
0.0019198348
0.0018769222
0.0018334981
0.0017895442
0.0017450392
0.0016999585
0.0016542758
0.0016079639
0.0015609942
0.0015133374
0.001464961
0.0014158322
0.0013659148
0.0013151698
0.0012635538
0.0012110249
0.0011575189
0.0011029479
0.0010472523
0.00099046565
0.00093274184
0.00087509412
0.00081837221
0.00076171265
0.00070339366
0.00064373406
0.00058396579
0.00052471916
0.00046597369
0.00040834774
0.00035159165
0.00029963192
0.00024698265
0.00019853381
2.9289494e-05
0.0044020734
0.0043880105
0.004372443
0.0043548747
0.0043349488
0.0043126099
0.004287895
0.0042608131
0.0042313681
0.0041996039
0.0041656147
0.0041295345
0.0040915282
0.0040517882
0.0040105302
0.0039679869
0.0039243994
0.0038800082
0.0038350447
0.0037897235
0.0037442363
0.0036987475
0.0036533919
0.0036082753
0.0035634757
0.0035190472
0.0034750234
0.0034314217
0.0033882465
0.0033454927
0.0033031476
0.0032611936
0.0032196093
0.0031783718
0.0031374593
0.0030968526
0.0030565369
0.0030165031
0.0029767464
0.0029372644
0.0028980537
0.002859107
0.0028204096
0.0027819387
0.0027436631
0.0027055448
0.0026675415
0.0026296102
0.0025917111
0.0025538127
0.0025158945
0.002477945
0.0024399547
0.0024019017
0.0023637388
0.0023253894
0.0022867626
0.0022477805
0.0022083973
0.0021685991
0.0021283867
0.0020877587
0.0020467034
0.0020052028
0.0019632395
0.0019207988
0.0018778648
0.0018344192
0.0017904434
0.0017459163
0.0017008133
0.0016551085
0.0016087745
0.0015617831
0.0015141049
0.0014657078
0.0014165589
0.0013666224
0.0013158596
0.0012642278
0.0012116848
0.0011581693
0.0011036002
0.0010479219
0.00099117307
0.00093352684
0.00087590632
0.00081908956
0.00076230961
0.00070398371
0.00064434223
0.00058454765
0.00052523039
0.00046638993
0.00040859322
0.00035165033
0.00029902589
0.0002457129
0.00019303325
3.3558366e-05
0.0043640535
0.0043505088
0.0043355607
0.0043187618
0.0042997871
0.0042785803
0.0042551656
0.0042295415
0.0042017001
0.0041716689
0.0041395198
0.0041053603
0.0040693265
0.0040315803
0.0039923065
0.0039517078
0.0039099975
0.0038673917
0.0038241021
0.0037803286
0.0037362543
0.0036920401
0.0036478226
0.003603713
0.0035597981
0.0035161423
0.0034727907
0.0034297717
0.0033871007
0.0033447825
0.0033028139
0.0032611852
0.0032198829
0.0031788907
0.0031381922
0.0030977728
0.0030576207
0.0030177285
0.0029780921
0.0029387089
0.0028995758
0.0028606856
0.002822025
0.0027835733
0.002745302
0.0027071763
0.0026691574
0.0026312053
0.0025932826
0.0025553588
0.0025174124
0.0024794297
0.0024413977
0.0024032933
0.0023650712
0.0023266609
0.0022879792
0.0022489526
0.0022095353
0.00216971
0.0021294737
0.0020888226
0.0020477447
0.0020062224
0.001964238
0.0019217765
0.0018788215
0.0018353549
0.0017913577
0.0017468087
0.0017016838
0.001655957
0.0016096012
0.0015625882
0.0015148887
0.0014664709
0.001417302
0.0013673465
0.001316566
0.0012649185
0.0012123617
0.0011588373
0.0011042703
0.0010486097
0.00099189866
0.00093432528
0.00087672995
0.0008198229
0.00076292518
0.00070458655
0.00064496072
0.00058513845
0.00052574765
0.00046680712
0.00040883329
0.00035168643
0.00029838181
0.00024433653
0.00018785945
3.735794e-05
0.0043266802
0.0043136271
0.0042992642
0.0042831883
0.004265103
0.0042449511
0.0042227469
0.00419848
0.0041721337
0.0041437215
0.0041132964
0.0040809431
0.0040467723
0.0040109189
0.0039735399
0.0039348104
0.0038949175
0.0038540541
0.0038124122
0.0037701767
0.0037275203
0.0036845984
0.0036415469
0.0035984801
0.0035554909
0.003512652
0.0034700177
0.0034276265
0.0033855036
0.0033436629
0.0033021101
0.0032608436
0.0032198571
0.0031791409
0.0031386844
0.0030984772
0.003058511
0.0030187803
0.0029792821
0.0029400143
0.002900974
0.0028621548
0.0028235447
0.0027851249
0.0027468697
0.0027087475
0.0026707226
0.002632758
0.0025948188
0.0025568754
0.0025189057
0.0024808939
0.0024428247
0.0024046736
0.0023663973
0.0023279308
0.0022891977
0.0022501288
0.0022106788
0.0021708274
0.0021305681
0.0020898949
0.0020487955
0.0020072523
0.0019652477
0.001922766
0.0018797907
0.0018363036
0.0017922855
0.0017477151
0.0017025686
0.0016568201
0.0016104428
0.0015634084
0.0015156878
0.0014672495
0.0014180606
0.0013680861
0.0013172881
0.001265625
0.0012130549
0.001159522
0.0011049574
0.0010493148
0.00099264152
0.00093513645
0.00087756428
0.00082057129
0.00076355859
0.00070520167
0.00064558866
0.00058573716
0.00052626988
0.00046722403
0.00040906655
0.00035169819
0.00029770075
0.00024286496
0.0001830009
4.0703461e-05
0.0042899247
0.0042773382
0.0042635287
0.0042481328
0.0042308794
0.0042117112
0.0041906342
0.0041676315
0.004142679
0.0041157791
0.0040869685
0.0040563124
0.0040238996
0.0039898408
0.0039542681
0.0039173315
0.003879194
0.0038400263
0.0038000011
0.0037592878
0.0037180478
0.0036764296
0.003634566
0.0035925722
0.003550545
0.0035085631
0.0034666885
0.0034249681
0.0033834355
0.0033421136
0.0033010157
0.0032601483
0.0032195119
0.0031791034
0.0031389175
0.0030989485
0.0030591916
0.0030196435
0.0029803026
0.0029411678
0.0029022367
0.0028635039
0.0028249586
0.0027865844
0.002748358
0.0027102508
0.0026722303
0.0026342623
0.0025963143
0.0025583577
0.0025203702
0.0024823343
0.0024442327
0.00240604
0.0023677148
0.0023291971
0.0022904164
0.002251308
0.002211827
0.0021719507
0.0021316695
0.0020909756
0.0020498558
0.0020082928
0.0019662689
0.0019237678
0.0018807729
0.001837266
0.0017932276
0.0017486364
0.0017034687
0.001657699
0.0016113004
0.0015642449
0.0015165034
0.0014680446
0.001418836
0.0013688427
0.0013180273
0.0012663489
0.0012137658
0.0011602249
0.001105663
0.0010500386
0.00099340287
0.0009359617
0.00087841057
0.00082133581
0.00076421098
0.00070583048
0.00064622702
0.00058634462
0.00052679782
0.00046764123
0.00040929335
0.00035168592
0.0002969857
0.00024130931
0.0001784465
4.3620181e-05
0.0042537566
0.004241614
0.0042283287
0.0042135728
0.0041970982
0.004178848
0.0041588215
0.0041369967
0.0041133441
0.0040878566
0.0040605576
0.0040314956
0.00400074
0.0039683808
0.0039345277
0.0038993079
0.0038628621
0.0038253402
0.0037868962
0.0037476842
0.0037078533
0.0036675437
0.0036268838
0.0035859874
0.0035449533
0.0035038643
0.0034627882
0.0034217787
0.0033808771
0.0033401135
0.0032995092
0.0032590773
0.0032188255
0.0031787565
0.0031388706
0.0030991666
0.0030596432
0.0030202998
0.0029811365
0.0029421532
0.0029033486
0.0028647184
0.0028262534
0.002787939
0.0027497547
0.0027116747
0.0026736696
0.002635708
0.0025977595
0.0025597969
0.0025217977
0.0024837432
0.0024456147
0.0024073861
0.0023690177
0.0023304539
0.0022916299
0.0022524849
0.0022129749
0.0021730753
0.0021327737
0.0020920604
0.0020509216
0.00200934
0.0019672978
0.0019247784
0.0018817649
0.0018382389
0.0017941809
0.0017495695
0.0017043813
0.0016585907
0.0016121712
0.001565095
0.0015173329
0.001468854
0.0014196258
0.001369614
0.0013187813
0.0012670879
0.0012144922
0.001160944
0.0011063851
0.0010507791
0.00099418043
0.00093679894
0.00087926671
0.0008221142
0.00076488017
0.00070647104
0.00064687357
0.00058695845
0.00052732909
0.00046805618
0.00040951104
0.00035164722
0.00029623682
0.0002396769
0.00017418036
4.6133495e-05
0.0039569414
0.0040780883
0.0043016273
0.0045592934
0.0048573853
0.0052109658
0.005634644
0.0061691944
0.0068807767
0.0080704584
0.0039569325
0.0040780693
0.0043015914
0.0045592198
0.0048572187
0.0052105757
0.0056336165
0.006165241
0.0068635278
0.0078831228
0.0039569147
0.0040780313
0.0043015181
0.0045590674
0.0048568749
0.0052097603
0.0056314673
0.0061572612
0.006830451
0.0076809966
0.0039568865
0.0040779716
0.004301402
0.004558826
0.0048563329
0.0052084711
0.005628063
0.0061452825
0.006785628
0.0075060964
0.0039568469
0.0040778883
0.0043012393
0.0045584876
0.0048555747
0.0052066698
0.0056232858
0.006129709
0.006731662
0.0073500855
0.0039567946
0.0040777793
0.0043010257
0.0045580432
0.0048545809
0.005204308
0.0056170886
0.0061106784
0.0066726223
0.0072060828
0.0039567285
0.0040776425
0.0043007563
0.0045574829
0.0048533305
0.0052013417
0.0056094276
0.0060883932
0.0066110452
0.0070707947
0.0039566472
0.0040774752
0.004300426
0.0045567963
0.0048518016
0.00519773
0.0056002527
0.0060631858
0.0065473628
0.0069428106
0.0039565494
0.0040772749
0.0043000295
0.0045559726
0.0048499715
0.0051934302
0.005589544
0.0060352692
0.006482036
0.0068215275
0.0039564334
0.0040770389
0.0042995608
0.0045549999
0.0048478168
0.0051884026
0.0055772865
0.0060048498
0.0064155402
0.0067063603
0.0039562976
0.0040767639
0.0042990137
0.004553866
0.0048453133
0.0051826092
0.005563474
0.0059721373
0.0063482796
0.0065967506
0.0039561402
0.004076447
0.0042983817
0.0045525577
0.004842436
0.0051760144
0.0055481107
0.0059373367
0.0062805928
0.0064922104
0.0039559593
0.0040760845
0.0042976576
0.0045510614
0.0048391599
0.0051685847
0.0055312099
0.005900646
0.0062127663
0.0063923134
0.0039557528
0.0040756729
0.0042968339
0.0045493627
0.0048354593
0.0051602899
0.0055127933
0.0058622562
0.0061450422
0.0062966823
0.0039555186
0.0040752082
0.0042959027
0.0045474465
0.0048313085
0.0051511028
0.0054928906
0.0058223507
0.0060776234
0.0062049822
0.0039552542
0.0040746862
0.0042948553
0.004545297
0.0048266817
0.0051409993
0.0054715388
0.0057811053
0.0060106781
0.0061169157
0.0039549571
0.0040741026
0.004293683
0.0045428981
0.0048215534
0.0051299592
0.0054487815
0.0057386868
0.0059443454
0.0060322174
0.0039546245
0.0040734524
0.0042923761
0.0045402327
0.0048158984
0.0051179659
0.0054246681
0.0056952538
0.0058787386
0.0059506502
0.0039542536
0.0040727308
0.0042909247
0.0045372834
0.004809692
0.0051050067
0.0053992533
0.0056509558
0.0058139491
0.0058720016
0.0039538411
0.0040719324
0.0042893182
0.0045340323
0.0048029103
0.0050910729
0.0053725964
0.0056059334
0.0057500498
0.0057960803
0.0039533836
0.0040710513
0.0042875456
0.004530461
0.0047955302
0.0050761601
0.0053447606
0.0055603182
0.0056870975
0.0057227134
0.0039528777
0.0040700817
0.0042855954
0.0045265508
0.0047875297
0.0050602678
0.0053158121
0.0055142329
0.0056251355
0.0056517444
0.0039523194
0.004069017
0.0042834552
0.0045222826
0.0047788884
0.0050433997
0.0052858198
0.0054677915
0.0055641956
0.0055830309
0.0039517047
0.0040678506
0.0042811126
0.0045176372
0.0047695871
0.0050255636
0.0052548543
0.0054210993
0.0055043001
0.0055164427
0.003951029
0.0040665752
0.0042785543
0.0045125952
0.0047596082
0.0050067712
0.0052229876
0.0053742533
0.0054454633
0.0054518607
0.0039502877
0.0040651833
0.0042757666
0.0045071374
0.0047489362
0.0049870383
0.0051902924
0.0053273425
0.0053876924
0.0053891755
0.0039494758
0.0040636668
0.0042727355
0.0045012443
0.0047375574
0.0049663843
0.0051568413
0.0052804481
0.0053309893
0.0053282862
0.003948588
0.0040620175
0.0042694461
0.004494897
0.0047254603
0.0049448321
0.0051227067
0.0052336437
0.0052753508
0.0052690993
0.0039476186
0.0040602264
0.0042658836
0.0044880767
0.0047126356
0.0049224079
0.0050879603
0.0051869963
0.0052207699
0.0052115283
0.0039465614
0.0040582843
0.0042620325
0.0044807651
0.0046990765
0.0048991413
0.0050526721
0.0051405656
0.0051672362
0.0051554928
0.0039454102
0.0040561814
0.0042578769
0.0044729446
0.0046847785
0.0048750644
0.0050169108
0.0050944055
0.0051147364
0.0051009176
0.0039441579
0.0040539077
0.004253401
0.0044645981
0.0046697397
0.0048502119
0.004980743
0.0050485636
0.0050632549
0.0050477327
0.0039427974
0.0040514525
0.0042485882
0.0044557094
0.0046539607
0.0048246209
0.0049442328
0.0050030819
0.0050127742
0.0049958722
0.0039413209
0.0040488048
0.0042434222
0.0044462635
0.0046374448
0.0047983301
0.0049074419
0.0049579973
0.0049632751
0.0049452744
0.0039397202
0.0040459531
0.0042378863
0.004436246
0.0046201976
0.0047713801
0.0048704293
0.0049133414
0.0049147369
0.0048958811
0.0039379868
0.0040428855
0.004231964
0.0044256443
0.0046022277
0.0047438126
0.0048332508
0.0048691417
0.004867138
0.0048476373
0.0039361113
0.0040395897
0.0042256386
0.0044144467
0.0045835458
0.0047156703
0.0047959592
0.0048254209
0.0048204556
0.0048004909
0.0039340843
0.0040360531
0.0042188938
0.0044026432
0.0045641652
0.0046869964
0.0047586043
0.004782198
0.0047746664
0.0047543929
0.0039318954
0.0040322624
0.0042117133
0.0043902251
0.0045441014
0.0046578347
0.0047212322
0.0047394881
0.0047297463
0.0047092962
0.003929534
0.0040282044
0.0042040813
0.0043771857
0.0045233722
0.0046282286
0.0046838862
0.0046973031
0.0046856708
0.0046651563
0.0039269886
0.0040238653
0.0041959822
0.0043635196
0.0045019975
0.0045982214
0.0046466057
0.0046556514
0.0046424151
0.0046219309
0.0039242474
0.004019231
0.0041874011
0.0043492237
0.0044799989
0.0045678559
0.0046094273
0.0046145387
0.0045999541
0.0045795794
0.0039212978
0.0040142874
0.0041783237
0.0043342963
0.0044574
0.0045371738
0.0045723841
0.0045739681
0.0045582627
0.0045380631
0.0039181269
0.0040090198
0.0041687364
0.0043187378
0.0044342257
0.0045062161
0.0045355059
0.0045339401
0.0045173157
0.0044973451
0.0039147209
0.0040034138
0.0041586264
0.0043025507
0.0044105024
0.0044750222
0.0044988195
0.004494453
0.0044770878
0.0044573898
0.0039110656
0.0039974546
0.0041479817
0.0042857393
0.0043862575
0.0044436302
0.0044623487
0.0044555031
0.0044375542
0.0044181636
0.0039071459
0.0039911273
0.0041367915
0.0042683099
0.0043615194
0.0044120766
0.0044261141
0.0044170851
0.0043986897
0.0043796336
0.0039029464
0.0039844173
0.0041250461
0.0042502709
0.0043363173
0.0043803959
0.0043901338
0.0043791919
0.0043604701
0.0043417689
0.0038984509
0.00397731
0.0041127365
0.0042316326
0.0043106806
0.0043486208
0.0043544229
0.0043418148
0.004322871
0.00430454
0.0038936426
0.0039697911
0.0040998553
0.0042124075
0.0042846399
0.0043167825
0.0043189941
0.0043049434
0.004285867
0.0042679163
0.0038882898
0.0039615169
0.0040858376
0.0041917853
0.0042571265
0.0042835856
0.0042823991
0.0042670578
0.0042479228
0.0042303736
0.003881723
0.0039515003
0.0040690809
0.0041675074
0.0042252526
0.0042456561
0.0042409895
0.0042244146
0.004205301
0.0041882154
0.003873212
0.0039387398
0.004048078
0.0041376045
0.0041867247
0.0042005353
0.0041922622
0.0041745252
0.0041555423
0.0041390101
0.0038621002
0.0039224492
0.0040218368
0.0041009558
0.0041405038
0.0041473721
0.0041355256
0.0041167797
0.0040980604
0.0040821697
0.0038474796
0.0039016001
0.0039892372
0.004056372
0.0040855824
0.0040854334
0.0040702422
0.0040507252
0.0040324237
0.004017266
0.0038281349
0.0038748994
0.0039490159
0.004002656
0.0040210708
0.0040141803
0.0039960875
0.00397611
0.0039583783
0.0039440176
0.0038025088
0.0038408119
0.0038997533
0.0039386832
0.0039462959
0.0039333277
0.003912971
0.0038929042
0.0038759194
0.0038624443
0.0037686391
0.0037975092
0.003839973
0.0038635737
0.003860951
0.0038429312
0.0038210625
0.0038012221
0.0037850395
0.0037724305
0.0037241635
0.0037429516
0.0037683302
0.003776846
0.0037651474
0.0037433688
0.0037208831
0.0037017624
0.0036866324
0.0036750018
0.0036664368
0.0036750545
0.0036837839
0.0036784888
0.0036593892
0.0036350941
0.0036124515
0.0035939893
0.0035797232
0.0035689499
0.003592834
0.0035919702
0.0035857584
0.0035689285
0.0035446475
0.0035196544
0.0034981881
0.0034812285
0.0034682446
0.0034584597
0.0035012309
0.003492539
0.0034743755
0.0034489047
0.0034209305
0.0033951647
0.0033740397
0.0033578123
0.0033457054
0.0033367807
0.0033908201
0.0033765998
0.0033505209
0.0033207847
0.0032933088
0.0032703817
0.0032521311
0.0032379756
0.0032272309
0.0032192319
0.0032628603
0.0032458192
0.0032150784
0.0031813772
0.0031515031
0.0031276735
0.0031096578
0.003096368
0.0030866578
0.0030795963
0.0031211824
0.003104682
0.0030772646
0.0030505094
0.0030286781
0.0030112536
0.0029972619
0.0029862309
0.0029778189
0.0029715741
0.0029727803
0.0029539729
0.0029204079
0.0028864324
0.002859998
0.0028414725
0.0028283782
0.0028187991
0.0028117483
0.0028066232
0.0028306848
0.0028281238
0.0028191303
0.0028077796
0.0027956807
0.0027838462
0.0027733883
0.0027649502
0.0027584976
0.0027536636
0.0026850604
0.0026446639
0.0026012064
0.0025709895
0.0025511249
0.0025366815
0.0025257966
0.00251783
0.0025121351
0.0025080535
0.0042166693
0.004204967
0.0041921994
0.0041780714
0.0041623568
0.0041449992
0.0041259929
0.0041053117
0.0040829216
0.004058808
0.0040329826
0.004005479
0.0039763495
0.003945665
0.0039135145
0.0038800039
0.0038452528
0.0038093907
0.0037725532
0.0037348782
0.0036965019
0.0036575549
0.0036181593
0.003578426
0.0035384538
0.0034983278
0.0034581202
0.0034178904
0.0033776859
0.0033375441
0.0032974929
0.0032575526
0.0032177371
0.0031780554
0.0031385131
0.0030991138
0.0030598599
0.0030207537
0.0029817973
0.0029429923
0.0029043386
0.0028658331
0.0028274685
0.0027892323
0.0027511066
0.0027130686
0.0026750918
0.0026371478
0.0025992084
0.0025612477
0.0025232434
0.0024851761
0.0024470257
0.002408766
0.0023703589
0.002331753
0.0022928887
0.0022537092
0.0022141716
0.0021742497
0.0021339287
0.0020931969
0.0020520399
0.0020104404
0.0019683805
0.0019258431
0.0018828113
0.0018392663
0.0017951887
0.0017505571
0.0017053481
0.0016595364
0.0016130957
0.0015659982
0.001518215
0.0014697154
0.0014204673
0.0013704363
0.001319586
0.0012678771
0.0012152689
0.0011617136
0.0011071581
0.0010515713
0.00099501058
0.00093768683
0.0008801719
0.00082294224
0.0007655975
0.00070715355
0.00064755821
0.00058760693
0.00052788829
0.00046848827
0.00040973036
0.00035158179
0.00029542679
0.00023790857
0.00017002375
4.8370454e-05
0.0041750095
0.0041637826
0.004151572
0.0041381161
0.0041232102
0.0041067994
0.0040888731
0.0040694019
0.0040483485
0.0040256912
0.0040014309
0.0039755873
0.0039481962
0.0039193096
0.0038889963
0.0038573405
0.0038244399
0.0037904027
0.0037553448
0.0037193864
0.0036826484
0.0036452496
0.0036073036
0.0035689163
0.0035301841
0.0034911931
0.0034520182
0.0034127232
0.0033733617
0.0033339774
0.003294605
0.0032552719
0.0032159987
0.0031768011
0.0031376904
0.0030986753
0.0030597628
0.0030209584
0.0029822669
0.0029436921
0.0029052355
0.0028668958
0.0028286678
0.0027905415
0.0027525019
0.0027145296
0.0026766013
0.0026386918
0.0026007754
0.002562828
0.0025248278
0.0024867547
0.0024485878
0.0024103009
0.0023718579
0.0023332116
0.0022943078
0.0022550939
0.0022155284
0.0021755839
0.0021352432
0.0020944927
0.0020533173
0.0020116994
0.001969621
0.0019270649
0.0018840136
0.0018404484
0.0017963496
0.001751696
0.0017064642
0.0016606293
0.0016141651
0.001567044
0.0015192373
0.0014707146
0.001421444
0.0013713917
0.0013205217
0.0012687957
0.0012161738
0.001162611
0.00110806
0.0010524951
0.00099597651
0.00093871335
0.00088121506
0.00082390164
0.0007664343
0.00070794489
0.00064834661
0.0005883513
0.00052852674
0.00046897412
0.00040996421
0.00035146928
0.0002944615
0.00023581455
0.00016556587
5.0511284e-05
0.0041263663
0.0041156678
0.0041040743
0.0040913587
0.0040773383
0.0040619598
0.0040452084
0.0040270529
0.004007453
0.0039863814
0.0039638291
0.0039398025
0.0039143216
0.0038874201
0.0038591462
0.0038295624
0.0037987436
0.0037667755
0.0037337523
0.0036997739
0.0036649439
0.0036293662
0.0035931429
0.0035563717
0.0035191443
0.0034815447
0.0034436486
0.003405523
0.0033672257
0.0033288063
0.0032903061
0.0032517593
0.0032131936
0.0031746315
0.0031360909
0.0030975862
0.0030591293
0.0030207301
0.0029823968
0.0029441358
0.0029059512
0.0028678442
0.002829812
0.0027918479
0.0027539401
0.002716073
0.0026782272
0.0026403811
0.0026025121
0.0025645981
0.0025266182
0.0024885524
0.0024503794
0.0024120733
0.0023736003
0.0023349178
0.002295977
0.0022567302
0.0022171378
0.0021771714
0.0021368116
0.0020960429
0.0020548492
0.0020132127
0.0019711155
0.0019285397
0.0018854676
0.0018418806
0.0017977587
0.0017530806
0.0017078233
0.0016619622
0.0016154712
0.001568323
0.0015204892
0.0014719399
0.0014226433
0.0013725663
0.0013216736
0.0012699278
0.0012172904
0.0011637198
0.0011091745
0.0010536355
0.0009971651
0.00093996663
0.00088248358
0.00082507603
0.00076746815
0.00070891701
0.00064930688
0.00058925459
0.000529298
0.00046955281
0.00041022974
0.00035129396
0.00029327054
0.00023326713
0.00016061026
5.2557233e-05
0.0040701455
0.0040600243
0.004049102
0.0040371854
0.0040241133
0.0040098349
0.0039943326
0.0039775738
0.0039595173
0.0039401313
0.0039193982
0.0038973132
0.0038738818
0.0038491208
0.0038230592
0.003795738
0.0037672099
0.0037375375
0.0037067923
0.0036750528
0.0036424024
0.0036089279
0.0035747166
0.0035398546
0.0035044254
0.003468508
0.0034321758
0.0033954959
0.0033585287
0.0033213276
0.0032839395
0.0032464045
0.0032087571
0.0031710263
0.0031332367
0.0030954089
0.0030575603
0.0030197057
0.0029818574
0.0029440256
0.0029062174
0.0028684372
0.0028306856
0.0027929593
0.0027552508
0.0027175485
0.0026798374
0.0026421001
0.0026043176
0.0025664703
0.002528539
0.0024905043
0.0024523452
0.0024140367
0.0023755479
0.0023368406
0.002297872
0.0022585994
0.0022189855
0.0021790017
0.0021386268
0.0020978434
0.0020566343
0.0020149817
0.0019728673
0.0019302729
0.0018871807
0.0018435716
0.0017994258
0.0017547221
0.0017094376
0.0016635481
0.0016170277
0.0015698497
0.0015219858
0.0014734066
0.0014240809
0.0013739761
0.001323058
0.0012712904
0.0012186365
0.0011650584
0.0011105209
0.0010550121
0.00099859578
0.00094146434
0.00088399361
0.00082648238
0.00076871631
0.00071008298
0.00065044663
0.00059031998
0.00053019913
0.00047021123
0.00041050008
0.00035100724
0.00029179157
0.00023021008
0.00015521946
5.4315017e-05
0.0040059185
0.0039964185
0.0039862124
0.0039751396
0.0039630606
0.0039499276
0.0039357213
0.0039204094
0.0039039509
0.0038863111
0.0038674666
0.0038474029
0.0038261139
0.0038036017
0.0037798782
0.0037549652
0.0037288944
0.0037017063
0.0036734502
0.0036441822
0.0036139648
0.0035828651
0.0035509531
0.0035183004
0.0034849784
0.0034510573
0.0034166044
0.0033816836
0.0033463544
0.0033106715
0.0032746846
0.0032384382
0.0032019718
0.0031653204
0.0031285143
0.0030915803
0.0030545414
0.0030174176
0.002980226
0.0029429809
0.0029056936
0.0028683723
0.0028310215
0.0027936423
0.0027562315
0.0027187825
0.0026812852
0.0026437266
0.002606092
0.0025683652
0.0025305292
0.0024925661
0.0024544563
0.0024161765
0.0023776989
0.0023389903
0.0023000135
0.0022607312
0.0022211091
0.0021811191
0.0021407388
0.0020999492
0.0020587324
0.00201707
0.0019749436
0.001932335
0.0018892258
0.0018455971
0.0018014289
0.0017567002
0.0017113883
0.0016654695
0.0016189183
0.0015717084
0.0015238122
0.0014752005
0.0014258429
0.0013757078
0.0013247619
0.0012729707
0.0012202996
0.0011667146
0.0011121873
0.0010567128
0.001000355
0.00094328966
0.0008858256
0.00082820162
0.00077026026
0.00071151906
0.00065183393
0.00059160846
0.00053128284
0.00047098915
0.00041079859
0.00035060906
0.00029002311
0.00022666822
0.00014955183
5.5600409e-05
0.0039333779
0.0039245252
0.0039150621
0.003904856
0.0038937875
0.003881813
0.003868913
0.0038550568
0.0038402048
0.0038243216
0.0038073799
0.003789359
0.0037702434
0.0037500241
0.0037286989
0.0037062736
0.0036827616
0.0036581838
0.0036325685
0.003605951
0.0035783725
0.0035498799
0.0035205243
0.0034903599
0.0034594432
0.0034278318
0.003395583
0.0033627534
0.0033293975
0.0032955674
0.0032613122
0.0032266775
0.0031917056
0.0031564349
0.0031209002
0.003085133
0.0030491613
0.0030130101
0.0029767011
0.0029402533
0.0029036824
0.002867001
0.0028302183
0.0027933399
0.0027563679
0.0027193008
0.0026821337
0.0026448589
0.0026074663
0.0025699438
0.0025322777
0.0024944528
0.0024564516
0.0024182537
0.002379835
0.0023411673
0.0023022193
0.0022629588
0.0022233555
0.0021833826
0.0021430173
0.0021022398
0.0020610313
0.0020193735
0.0019772478
0.0019346359
0.0018915192
0.0018478787
0.0018036947
0.0017589463
0.0017136113
0.0016676663
0.0016210865
0.0015738462
0.0015259183
0.0014772744
0.0014278851
0.0013777195
0.0013267459
0.0012749318
0.0012222451
0.0011686562
0.0011141432
0.0010587078
0.0010024116
0.00094540891
0.00088794406
0.00083020014
0.00077206905
0.00071319067
0.0006534252
0.00059306812
0.00053248866
0.0004718129
0.00041103538
0.00034999219
0.00028786831
0.00022264545
0.00014369999
5.6138149e-05
0.0038525575
0.0038443739
0.0038356681
0.0038263357
0.0038162759
0.0038054492
0.0037938368
0.0037814103
0.0037681332
0.0037539712
0.0037388956
0.0037228818
0.0037059089
0.0036879598
0.0036690225
0.0036490902
0.003628162
0.0036062427
0.0035833429
0.0035594792
0.0035346738
0.0035089538
0.0034823514
0.0034549028
0.0034266474
0.0033976275
0.0033678872
0.0033374716
0.0033064262
0.0032747962
0.0032426258
0.0032099579
0.0031768333
0.0031432908
0.0031093668
0.003075095
0.0030405066
0.0030056301
0.0029704912
0.0029351129
0.0028995151
0.0028637148
0.002827726
0.0027915591
0.0027552215
0.0027187171
0.0026820466
0.0026452079
0.0026081959
0.0025710035
0.0025336212
0.0024960373
0.002458238
0.0024202066
0.0023819233
0.0023433653
0.0023045071
0.0022653221
0.0022257841
0.0021858687
0.0021455541
0.0021048202
0.0020636483
0.00202202
0.0019799171
0.0019373211
0.0018942138
0.0018505763
0.001806389
0.0017616314
0.0017162819
0.0016703178
0.0016237151
0.0015764486
0.0015284923
0.0014798186
0.0014303991
0.0013802045
0.0013292046
0.0012773691
0.0012246692
0.0011710795
0.0011165842
0.0010611902
0.0010049542
0.0009480046
0.00089052676
0.00083265462
0.00077431959
0.00071526906
0.00065537834
0.00059484286
0.00053394742
0.00047279689
0.00041130759
0.00034924305
0.00028544553
0.00021837165
0.00013793593
5.5922744e-05
0.0037632818
0.0037557679
0.0037478148
0.0037393358
0.0037302496
0.0037205235
0.0037101405
0.0036990748
0.0036872936
0.0036747652
0.0036614616
0.0036473572
0.0036324283
0.0036166536
0.0036000146
0.0035824964
0.0035640881
0.0035447825
0.0035245768
0.0035034727
0.0034814762
0.0034585978
0.0034348523
0.0034102586
0.0033848392
0.00335862
0.0033316299
0.0033039001
0.0032754637
0.0032463549
0.0032166092
0.003186262
0.0031553487
0.0031239041
0.0030919622
0.0030595555
0.0030267151
0.0029934706
0.0029598492
0.0029258762
0.0028915746
0.0028569648
0.0028220646
0.002786889
0.0027514499
0.0027157567
0.0026798152
0.002643629
0.0026071985
0.0025705217
0.0025335941
0.0024964087
0.0024589562
0.0024212247
0.0023831994
0.002344863
0.0023061962
0.0022671778
0.0022277864
0.0021880011
0.002147802
0.0021071703
0.002066088
0.0020245372
0.0019825002
0.0019399594
0.0018968968
0.0018532939
0.0018091319
0.0017643908
0.0017190498
0.0016730871
0.0016264795
0.0015792031
0.0015312326
0.001482542
0.0014331041
0.0013828912
0.0013318751
0.0012800283
0.001227325
0.0011737442
0.0011192751
0.0010639275
0.0010077503
0.00095084411
0.00089334196
0.0008353369
0.00077678888
0.0007175319
0.00065746271
0.00059669081
0.00053540822
0.00047368101
0.00041134983
0.00034810713
0.00028256804
0.00021373026
0.00013223107
5.4776719e-05
0.0036666192
0.0036597592
0.0036525326
0.0036448751
0.003636718
0.0036280316
0.0036188009
0.0036090042
0.0035986134
0.0035876002
0.0035759384
0.0035636037
0.0035505721
0.0035368209
0.0035223287
0.0035070765
0.003491047
0.0034742259
0.0034566012
0.0034381641
0.0034189089
0.003398833
0.0033779374
0.0033562262
0.003333707
0.0033103906
0.0032862906
0.0032614237
0.0032358091
0.003209468
0.0031824238
0.0031547013
0.0031263264
0.0030973261
0.0030677274
0.0030375579
0.0030068446
0.0029756141
0.0029438921
0.0029117032
0.0028790707
0.0028460161
0.0028125591
0.0027787175
0.0027445067
0.0027099397
0.0026750272
0.0026397772
0.0026041954
0.0025682848
0.0025320461
0.0024954776
0.002458575
0.0024213316
0.0023837385
0.0023457841
0.002307455
0.0022687361
0.0022296111
0.0021900634
0.0021500763
0.0021096334
0.0020687185
0.0020273153
0.0019854075
0.0019429784
0.0019000112
0.0018564885
0.0018123924
0.0017677039
0.0017224034
0.0016764702
0.0016298826
0.0015826179
0.0015346523
0.0014859613
0.0014365195
0.001386301
0.0013352801
0.0012834319
0.0012307341
0.0011771693
0.00112273
0.0010674263
0.0010112968
0.00095441408
0.0008968675
0.00083871717
0.00077994066
0.00072043439
0.00066011651
0.00059902826
0.00053726847
0.00047484918
0.00041154343
0.00034699178
0.0002797168
0.00020927368
0.00012717546
5.3247268e-05
0.0035612919
0.0035550814
0.0035485611
0.003541678
0.0035343836
0.0035266571
0.0035184846
0.0035098469
0.0035007199
0.0034910797
0.0034809034
0.0034701687
0.0034588534
0.0034469354
0.0034343933
0.0034212065
0.0034073556
0.0033928222
0.0033775898
0.0033616433
0.0033449693
0.0033275569
0.0033093972
0.0032904835
0.0032708119
0.0032503807
0.0032291909
0.0032072459
0.0031845516
0.0031611163
0.0031369505
0.0031120668
0.0030864795
0.0030602046
0.0030332596
0.0030056629
0.0029774339
0.0029485926
0.002919159
0.0028891535
0.0028585958
0.0028275054
0.0027959006
0.0027637991
0.0027312168
0.0026981684
0.0026646668
0.0026307231
0.0025963465
0.0025615442
0.002526321
0.00249068
0.002454622
0.0024181454
0.0023812467
0.0023439203
0.0023061585
0.0022679522
0.0022292904
0.0021901617
0.0021505535
0.002110453
0.0020698468
0.0020287212
0.0019870622
0.0019448552
0.0019020852
0.0018587364
0.0018147925
0.0017702363
0.0017250498
0.0016792139
0.0016327087
0.0015855132
0.0015376055
0.0014889631
0.0014395626
0.0013893805
0.0013383936
0.0012865798
0.0012339198
0.0011803989
0.0011260111
0.001070764
0.0010146842
0.00095781847
0.00090022104
0.00084192605
0.00078291875
0.0007231341
0.00066250583
0.00060102427
0.00053870421
0.00047549672
0.00041112293
0.00034520603
0.00027630807
0.00020450502
0.00012225764
5.1001334e-05
0.0034515154
0.0034458905
0.0034400128
0.0034338441
0.0034273399
0.0034204804
0.0034132548
0.0034056482
0.0033976411
0.0033892132
0.0033803448
0.0033710167
0.0033612092
0.0033509023
0.003340076
0.0033287107
0.0033167868
0.0033042855
0.0032911882
0.0032774772
0.0032631358
0.0032481481
0.0032324997
0.0032161773
0.0031991693
0.0031814654
0.0031630574
0.0031439386
0.0031241043
0.0031035518
0.00308228
0.00306029
0.0030375846
0.0030141685
0.002990048
0.002965231
0.0029397267
0.0029135456
0.0028866994
0.0028592005
0.0028310618
0.0028022968
0.0027729193
0.0027429426
0.0027123801
0.0026812445
0.0026495479
0.0026173013
0.0025845147
0.0025511968
0.0025173551
0.0024829953
0.0024481217
0.002412737
0.0023768421
0.0023404361
0.0023035167
0.0022660799
0.0022281205
0.0021896317
0.0021506059
0.0021110348
0.0020709088
0.0020302179
0.0019889514
0.0019470976
0.0019046444
0.0018615786
0.0018178864
0.0017735528
0.0017285622
0.0016828978
0.0016365419
0.0015894758
0.0015416799
0.001493134
0.0014438173
0.0013937086
0.0013427874
0.0012910343
0.0012384321
0.0011849677
0.0011306346
0.0010754356
0.0010193849
0.00096250726
0.00090482933
0.0008463646
0.00078709784
0.00072698231
0.00066595847
0.00060398046
0.00054099644
0.00047690268
0.00041139185
0.00034411269
0.00027376641
0.00020088661
0.00011879925
4.9422602e-05
0.0033305411
0.003325531
0.0033203
0.0033148173
0.0033090585
0.0033030116
0.0032966662
0.0032900084
0.0032830221
0.0032756913
0.0032679998
0.0032599312
0.0032514688
0.0032425951
0.0032332926
0.0032235436
0.0032133301
0.0032026342
0.003191438
0.0031797235
0.0031674731
0.0031546696
0.0031412961
0.0031273362
0.0031127744
0.0030975958
0.0030817864
0.0030653333
0.0030482246
0.0030304496
0.003011999
0.0029928648
0.0029730404
0.0029525204
0.0029313012
0.0029093805
0.0028867573
0.002863432
0.0028394064
0.0028146835
0.0027892672
0.0027631625
0.0027363752
0.0027089119
0.0026807796
0.0026519855
0.0026225371
0.0025924419
0.0025617073
0.00253034
0.0024983465
0.0024657325
0.0024325029
0.0023986619
0.0023642123
0.0023291564
0.0022934949
0.0022572277
0.0022203535
0.0021828699
0.0021447737
0.0021060605
0.0020667253
0.0020267622
0.0019861641
0.0019449233
0.0019030312
0.0018604782
0.0018172536
0.0017733458
0.001728742
0.0016834287
0.001637391
0.001590613
0.0015430782
0.001494769
0.0014456673
0.001395755
0.0013450137
0.0012934264
0.0012409774
0.0011876539
0.0011334474
0.0010783545
0.001022378
0.00096552448
0.00090779989
0.00084920066
0.0007897054
0.00072927124
0.00066783759
0.0006053342
0.00054166509
0.00047669055
0.00041010338
0.00034161463
0.00027011804
0.00019649611
0.00011484095
4.7069993e-05
0.0032136218
0.0032091062
0.0032044112
0.0031995166
0.0031943953
0.0031890338
0.0031834245
0.0031775576
0.0031714206
0.0031649997
0.0031582815
0.0031512526
0.003143899
0.0031362059
0.0031281585
0.0031197412
0.0031109384
0.003101734
0.0030921117
0.0030820549
0.0030715469
0.0030605707
0.0030491095
0.0030371464
0.0030246645
0.0030116472
0.0029980782
0.0029839414
0.0029692211
0.0029539024
0.0029379707
0.0029214122
0.0029042138
0.0028863635
0.0028678499
0.0028486627
0.0028287927
0.0028082314
0.0027869718
0.0027650077
0.002742334
0.0027189468
0.0026948429
0.0026700204
0.0026444779
0.0026182151
0.0025912323
0.0025635304
0.0025351107
0.002505975
0.0024761253
0.0024455638
0.0024142929
0.0023823146
0.0023496311
0.0023162443
0.0022821561
0.0022473676
0.0022118797
0.0021756928
0.0021388068
0.0021012209
0.0020629336
0.0020239426
0.0019842448
0.001943836
0.001902711
0.0018608638
0.0018182869
0.0017749721
0.0017309099
0.0016860897
0.0016404998
0.0015941275
0.001546959
0.0014989797
0.0014501741
0.0014005266
0.0013500211
0.0012986421
0.0012463748
0.0011932055
0.0011391228
0.0010841173
0.0010281816
0.00097130878
0.00091348891
0.00085470466
0.00079492601
0.00073410658
0.00067218124
0.00060906613
0.00054464443
0.00047876598
0.00041114971
0.00034159311
0.00026917979
0.00019506261
0.0001137425
4.6701975e-05
0.0030747094
0.0030708148
0.0030667617
0.0030625287
0.0030581058
0.0030534875
0.0030486662
0.0030436321
0.0030383742
0.0030328822
0.0030271453
0.0030211523
0.0030148913
0.0030083503
0.0030015164
0.0029943768
0.0029869178
0.0029791255
0.0029709857
0.0029624835
0.0029536039
0.0029443314
0.0029346503
0.0029245445
0.0029139977
0.0029029933
0.0028915146
0.0028795448
0.002867067
0.0028540644
0.0028405203
0.0028264178
0.0028117407
0.0027964726
0.0027805979
0.0027641009
0.0027469669
0.0027291813
0.0027107302
0.0026916006
0.0026717797
0.002651256
0.0026300182
0.002608056
0.0025853601
0.0025619216
0.0025377325
0.0025127856
0.0024870744
0.0024605931
0.0024333365
0.0024053
0.0023764797
0.0023468724
0.0023164754
0.0022852866
0.0022533045
0.0022205279
0.0021869567
0.0021525911
0.0021174321
0.0020814807
0.0020447381
0.0020072055
0.0019688837
0.0019297723
0.0018898695
0.0018491726
0.0018076774
0.0017653789
0.0017222706
0.001678345
0.0016335932
0.0015880053
0.0015415701
0.0014942754
0.0014461082
0.0013970546
0.0013471
0.0012962296
0.0012444284
0.0011916815
0.0011379739
0.0010832907
0.0010276164
0.00097093348
0.00091322079
0.00085445033
0.00079458408
0.00073357065
0.00067134161
0.00060780957
0.00054285646
0.00047634316
0.00040803089
0.0003377999
0.00026489971
0.00019064959
0.00011007708
4.4451762e-05
0.0029672026
0.00296368
0.0029600252
0.0029562297
0.0029522741
0.0029481471
0.0029438432
0.0029393564
0.0029346786
0.0029298003
0.0029247123
0.0029194054
0.0029138697
0.002908095
0.0029020707
0.0028957855
0.0028892281
0.0028823865
0.0028752483
0.0028678007
0.0028600305
0.0028519238
0.0028434667
0.0028346446
0.0028254426
0.0028158454
0.0028058374
0.0027954024
0.0027845239
0.002773185
0.0027613683
0.0027490566
0.0027362323
0.0027228777
0.0027089751
0.0026945065
0.0026794542
0.0026638004
0.0026475274
0.0026306178
0.0026130543
0.0025948199
0.002575898
0.0025562724
0.0025359271
0.0025148469
0.0024930168
0.0024704227
0.0024470506
0.0024228875
0.0023979208
0.0023721382
0.002345525
0.002318071
0.0022897781
0.0022606427
0.0022306591
0.0021998229
0.0021681319
0.0021355855
0.0021021832
0.0020679252
0.0020328113
0.0019968409
0.0019600118
0.0019223211
0.0018837666
0.0018443456
0.0018040547
0.0017628889
0.0017208423
0.0016779081
0.0016340786
0.001589345
0.0015436975
0.0014971254
0.0014496168
0.0014011591
0.0013517388
0.0013013412
0.0012499511
0.0011975523
0.0011441274
0.0010896578
0.0010341228
0.00097749868
0.00091975758
0.00086086551
0.00080078013
0.00073944841
0.00067680357
0.00061276387
0.00054722336
0.00048006714
0.00041110029
0.00034027226
0.00026691561
0.00019241571
0.00011166258
4.5529864e-05
0.0028030959
0.0028002991
0.0027973861
0.0027943374
0.0027911519
0.0027878291
0.0027843633
0.0027807463
0.0027769707
0.0027730292
0.0027689145
0.0027646187
0.0027601334
0.0027554499
0.002750559
0.0027454513
0.0027401168
0.0027345453
0.002728726
0.0027226476
0.0027162985
0.0027096666
0.0027027392
0.0026955033
0.0026879452
0.0026800508
0.0026718057
0.0026631947
0.0026542022
0.0026448121
0.0026350078
0.0026247723
0.0026140881
0.0026029373
0.0025913015
0.0025791617
0.0025664988
0.0025532931
0.0025395247
0.0025251733
0.0025102184
0.0024946389
0.0024784137
0.0024615215
0.0024439405
0.0024256488
0.0024066242
0.0023868443
0.0023662863
0.0023449269
0.0023227423
0.0022997081
0.0022757978
0.00225098
0.0022252262
0.0021985234
0.0021708623
0.0021422456
0.0021126843
0.0020821912
0.0020507823
0.0020184801
0.0019853183
0.0019513294
0.0019165065
0.001880827
0.0018442742
0.0018068374
0.0017685064
0.001729269
0.0016891124
0.0016480238
0.00160599
0.0015629977
0.0015190328
0.0014740807
0.0014281265
0.0013811544
0.0013331479
0.0012840897
0.0012339616
0.0011827442
0.0011304167
0.0010769567
0.0010223394
0.00096653709
0.00090951812
0.00085124581
0.00079167705
0.00073076101
0.00066843706
0.00060463485
0.00053926737
0.00047224894
0.00040343241
0.00033283159
0.00025990683
0.00018615028
0.00010699475
4.2979412e-05
0.0027502214
0.0027474121
0.0027445032
0.0027414949
0.0027383666
0.0027351048
0.0027317061
0.0027281677
0.0027244835
0.0027206463
0.0027166487
0.0027124835
0.0027081434
0.0027036204
0.002698906
0.0026939916
0.0026888679
0.0026835254
0.0026779541
0.0026721436
0.0026660828
0.0026597604
0.0026531646
0.0026462828
0.0026391021
0.0026316093
0.0026237902
0.0026156304
0.0026071151
0.0025982289
0.0025889559
0.0025792794
0.0025691825
0.0025586475
0.0025476563
0.0025361901
0.00252423
0.0025117561
0.0024987485
0.0024851866
0.0024710496
0.0024563161
0.0024409648
0.0024249739
0.0024083214
0.0023909855
0.0023729441
0.0023541754
0.0023346575
0.0023143692
0.0022932893
0.0022713977
0.0022486772
0.0022251074
0.0022006602
0.0021753179
0.0021490676
0.0021219009
0.0020938112
0.0020647941
0.0020348482
0.0020039761
0.0019721853
0.001939487
0.0019058879
0.0018714011
0.0018360445
0.0017998016
0.0017626441
0.0017245495
0.0016855012
0.0016454829
0.0016044768
0.0015624646
0.0015194281
0.0014753491
0.0014302093
0.00138399
0.0013366722
0.001288236
0.001238661
0.001187926
0.0011360082
0.0010828837
0.0010285263
0.00097290757
0.00091599591
0.00085775596
0.00079814761
0.00073712523
0.00067463593
0.00061062
0.00054500358
0.00047771589
0.00040862133
0.00033773778
0.00026448392
0.0001902813
0.00011017754
4.4707929e-05
0.0025052207
0.002502954
0.0025005907
0.002498121
0.0024955461
0.0024928641
0.0024900701
0.002487158
0.0024841224
0.0024809579
0.0024776588
0.002474219
0.002470632
0.002466891
0.0024629891
0.0024589188
0.0024546723
0.0024502417
0.0024456183
0.0024407933
0.0024357574
0.0024305011
0.0024250141
0.0024192861
0.0024133061
0.0024070627
0.0024005441
0.002393738
0.0023866318
0.0023792121
0.0023714655
0.0023633778
0.0023549345
0.0023461207
0.0023369209
0.0023273194
0.0023173
0.0023068462
0.0022959412
0.0022845679
0.0022727089
0.0022603469
0.0022474641
0.0022340429
0.0022200659
0.0022055157
0.002190375
0.0021746273
0.0021582563
0.0021412467
0.0021235839
0.0021052547
0.0020862473
0.0020665553
0.0020461725
0.0020250793
0.0020032535
0.0019806643
0.0019572759
0.0019330533
0.0019079614
0.0018819628
0.0018550145
0.0018270801
0.0017981593
0.0017682744
0.001737445
0.0017056486
0.0016728495
0.0016390206
0.0016041415
0.0015681918
0.0015311491
0.0014929907
0.001453694
0.001413237
0.0013715976
0.0013287535
0.0012846824
0.0012393617
0.0011927685
0.0011448793
0.0010956703
0.0010451168
0.000993193
0.00093987216
0.00088512603
0.00082892477
0.00077123671
0.00071202839
0.00065126411
0.00058890771
0.0005249179
0.0004592674
0.00039188377
0.00032286205
0.00025177029
0.00018011451
0.00010350936
4.1593003e-05
)
;

boundaryField
{
    inlet
    {
        type            zeroGradient;
    }
    top
    {
        type            zeroGradient;
    }
    outlet
    {
        type            fixedValue;
        value           uniform 0;
    }
    slipsurface
    {
        type            slip;
    }
    bottom
    {
        type            zeroGradient;
    }
    frontandback
    {
        type            empty;
    }
}


// ************************************************************************* //
