0.0010 1
0.0020 0.44874988
0.0030 0.063965833
0.0040 0.027258008
0.0050 0.017294099
0.0060 0.012868239
0.0070 0.010313194
0.0080 0.0086342399
0.0090 0.0074353096
0.0100 0.0065354166
0.0110 0.0058324419
0.0120 0.0052684474
0.0130 0.0048051466
0.0140 0.0044173765
0.0150 0.0040879838
0.0160 0.0038044187
0.0170 0.0035575431
0.0180 0.0033405923
0.0190 0.003148211
0.0200 0.0029764114
0.0210 0.0028219109
0.0220 0.0026821749
0.0230 0.0025550962
0.0240 0.0024389577
0.0250 0.0023323876
0.0260 0.0022342376
0.0270 0.0021435528
0.0280 0.0020594884
0.0290 0.0019813448
0.0300 0.0019084534
0.0310 0.0018402761
0.0320 0.0017763333
0.0330 0.0017162199
0.0340 0.0016595736
0.0350 0.001606057
0.0360 0.0015553872
0.0370 0.0015073207
0.0380 0.0014616353
0.0390 0.0014181321
0.0400 0.0013766353
0.0410 0.0013369903
0.0420 0.0012990461
0.0430 0.001262671
0.0440 0.0012277523
0.0450 0.0011941824
0.0460 0.0011618673
0.0470 0.0011307277
0.0480 0.001100684
0.0490 0.0010716696
0.0500 0.0010436244
0.0510 0.0010164946
0.0520 0.00099023004
0.0530 0.00096479397
0.0540 0.00094014058
0.0550 0.00091623887
0.0560 0.0008930583
0.0570 0.00087057128
0.0580 0.00084876847
0.0590 0.00082764639
0.0600 0.00080717972
0.0610 0.0007873503
0.0620 0.00076813831
0.0630 0.00074951878
0.0640 0.00073147683
0.0650 0.00071398135
0.0660 0.00069701588
0.0670 0.00068056679
0.0680 0.00066460383
0.0690 0.00064910271
0.0700 0.0006340352
0.0710 0.00061938971
0.0720 0.00060514473
0.0730 0.00059128392
0.0740 0.00057780023
0.0750 0.00056467129
0.0760 0.000551889
0.0770 0.00053944275
0.0780 0.00052732213
0.0790 0.00051551398
0.0800 0.00050401035
0.0810 0.0004927983
0.0820 0.00048187278
0.0830 0.000471221
0.0840 0.00046083451
0.0850 0.0004507166
0.0860 0.00044084103
0.0870 0.00043121551
0.0880 0.00042184055
0.0890 0.00041270529
0.0900 0.00040379953
0.0910 0.00039508799
0.0920 0.00038654777
0.0930 0.0003781822
0.0940 0.00036997633
0.0950 0.00036193114
0.0960 0.00035403442
0.0970 0.00034628393
0.0980 0.00033867893
0.0990 0.00033120789
0.1000 0.00032387711
0.1010 0.00031667349
0.1020 0.00030960308
0.1030 0.0003026641
0.1040 0.0002958554
0.1050 0.00028918478
0.1060 0.00028264972
0.1070 0.00027623921
0.1080 0.00026994587
0.1090 0.00026376728
0.1100 0.00025770244
0.1110 0.00025174178
0.1120 0.00024588948
0.1130 0.00024053231
0.1140 0.00023612617
0.1150 0.00023277981
0.1160 0.00023042014
0.1170 0.00022893107
0.1180 0.00022818533
0.1190 0.00022815112
0.1200 0.00022873718
0.1210 0.00022989613
0.1220 0.00023157015
0.1230 0.00023382717
0.1240 0.00023649055
0.1250 0.00023966604
0.1260 0.00024333781
0.1270 0.00024741584
0.1280 0.00025174211
0.1290 0.0002561409
0.1300 0.00026130235
0.1310 0.00026708014
0.1320 0.00027296596
0.1330 0.00027879007
0.1340 0.0002844885
0.1350 0.0002916102
0.1360 0.00029837399
0.1370 0.00030478832
0.1380 0.0003115618
0.1390 0.00031903682
0.1400 0.00032613387
0.1410 0.00033268879
0.1420 0.00033963655
0.1430 0.00034615817
0.1440 0.00035178525
0.1450 0.00035626611
0.1460 0.00036068191
0.1470 0.00036428108
0.1480 0.00036747774
0.1490 0.0003709332
0.1500 0.00037488307
0.1510 0.00037940263
0.1520 0.0003840074
0.1530 0.00038841007
0.1540 0.00039258288
0.1550 0.00039653774
0.1560 0.00040021984
0.1570 0.00040353833
0.1580 0.00040645242
0.1590 0.00040905403
0.1600 0.00041140291
0.1610 0.00041353561
0.1620 0.00041542017
0.1630 0.00041702009
0.1640 0.00041833713
0.1650 0.00041942599
0.1660 0.0004203273
0.1670 0.00042104143
0.1680 0.00042155094
0.1690 0.00042183348
0.1700 0.00042189538
0.1710 0.00042179072
0.1720 0.00042154296
0.1730 0.0004211311
0.1740 0.00042053557
0.1750 0.00041973495
0.1760 0.00041875372
0.1770 0.00041761055
0.1780 0.00041634482
0.1790 0.00041495905
0.1800 0.00041344809
0.1810 0.00041178405
0.1820 0.00040997649
0.1830 0.00040801005
0.1840 0.00040593094
0.1850 0.00040374737
0.1860 0.00040146535
0.1870 0.00039907583
0.1880 0.00039657288
0.1890 0.00039395943
0.1900 0.00039122001
0.1910 0.00038836118
0.1920 0.00038540481
0.1930 0.00038236844
0.1940 0.00037925231
0.1950 0.00037606548
0.1960 0.00037280866
0.1970 0.00036948432
0.1980 0.0003660869
0.1990 0.00036260897
0.2000 0.00035904788
0.2010 0.00035540796
0.2020 0.00035170097
0.2030 0.00034794457
0.2040 0.00034414797
0.2050 0.00034031665
0.2060 0.00033645695
0.2070 0.00033256948
0.2080 0.0003286526
0.2090 0.0003247064
0.2100 0.00032073175
0.2110 0.00031672749
0.2120 0.00031269593
0.2130 0.00030863679
0.2140 0.00030455759
0.2150 0.00030045701
0.2160 0.00029634103
0.2170 0.00029221198
0.2180 0.00028807231
0.2190 0.00028392849
0.2200 0.0002797908
0.2210 0.00027566368
0.2220 0.00027154506
0.2230 0.00026743565
0.2240 0.00026333822
0.2250 0.00025925715
0.2260 0.00025519207
0.2270 0.00025114791
0.2280 0.00024712529
0.2290 0.00024312166
0.2300 0.00023913671
0.2310 0.00023517316
0.2320 0.00023123292
0.2330 0.00022731531
0.2340 0.00022341974
0.2350 0.00021954743
0.2360 0.00021570391
0.2370 0.00021189152
0.2380 0.00020810726
0.2390 0.0002043497
0.2400 0.00020062443
0.2410 0.00019692989
0.2420 0.00019326335
0.2430 0.00018962484
0.2440 0.00018601996
0.2450 0.00018245491
0.2460 0.00017892517
0.2470 0.0001754287
0.2480 0.000171972
0.2490 0.00016855097
0.2500 0.0001651636
0.2510 0.00016181214
0.2520 0.00015849954
0.2530 0.00015522772
0.2540 0.00015199487
0.2550 0.00014880136
0.2560 0.00014564333
0.2570 0.0001425177
0.2580 0.00013942251
0.2590 0.00013630769
0.2600 0.00013312139
0.2610 0.00012987906
0.2620 0.00012657605
0.2630 0.0001233327
0.2640 0.00012017979
0.2650 0.00011706095
0.2660 0.00011398103
0.2670 0.0001109444
0.2680 0.000107953
0.2690 0.00010500127
0.2700 0.00010208795
0.2710 9.9215369e-05
0.2720 9.6386696e-05
0.2730 9.3604783e-05
0.2740 9.0871821e-05
0.2750 8.8190481e-05
0.2760 8.5553553e-05
0.2770 8.2965956e-05
0.2780 8.0429636e-05
0.2790 7.7943683e-05
0.2800 7.5512438e-05
0.2810 7.3135474e-05
0.2820 7.0808712e-05
0.2830 6.853322e-05
0.2840 6.6307746e-05
0.2850 6.4138938e-05
0.2860 6.2026932e-05
0.2870 5.9966262e-05
0.2880 5.7957031e-05
0.2890 5.6000593e-05
0.2900 5.4095011e-05
0.2910 5.2244261e-05
0.2920 5.0446998e-05
0.2930 4.8698925e-05
0.2940 4.7001864e-05
0.2950 4.5357055e-05
0.2960 4.3761676e-05
0.2970 4.2222895e-05
0.2980 4.0742574e-05
0.2990 3.9336438e-05
0.3000 3.800748e-05
0.3010 3.6753273e-05
0.3020 3.5566533e-05
0.3030 3.4431668e-05
0.3040 3.3351429e-05
0.3050 3.232132e-05
0.3060 3.1345709e-05
0.3070 3.0422016e-05
0.3080 2.954693e-05
0.3090 2.8721669e-05
0.3100 2.7944724e-05
0.3110 2.7216412e-05
0.3120 2.6531049e-05
0.3130 2.5887211e-05
0.3140 2.5296715e-05
0.3150 2.4742907e-05
0.3160 2.4219533e-05
0.3170 2.373129e-05
0.3180 2.3274836e-05
0.3190 2.28461e-05
0.3200 2.2444938e-05
0.3210 2.2069053e-05
0.3220 2.1718686e-05
0.3230 2.1390872e-05
0.3240 2.1086892e-05
0.3250 2.0806682e-05
0.3260 2.0546523e-05
0.3270 2.0305912e-05
0.3280 2.0087059e-05
0.3290 1.9884878e-05
0.3300 1.9705206e-05
0.3310 1.9545934e-05
0.3320 1.9403112e-05
0.3330 1.9282622e-05
0.3340 1.9178416e-05
0.3350 1.9088458e-05
0.3360 1.9016502e-05
0.3370 1.8957937e-05
0.3380 1.8915389e-05
0.3390 1.888627e-05
0.3400 1.8873277e-05
0.3410 1.8869603e-05
0.3420 1.8874068e-05
0.3430 1.8885184e-05
0.3440 1.8894631e-05
0.3450 1.8910687e-05
0.3460 1.89232e-05
0.3470 1.8941894e-05
0.3480 1.8957161e-05
0.3490 1.8976748e-05
0.3500 1.8990113e-05
0.3510 1.9002231e-05
0.3520 1.9008078e-05
0.3530 1.9007116e-05
0.3540 1.899843e-05
0.3550 1.8981458e-05
0.3560 1.8956981e-05
0.3570 1.8924488e-05
0.3580 1.8886701e-05
0.3590 1.8841031e-05
0.3600 1.8791691e-05
0.3610 1.8736136e-05
0.3620 1.8672648e-05
0.3630 1.8604138e-05
0.3640 1.8531253e-05
0.3650 1.8450461e-05
0.3660 1.8366561e-05
0.3670 1.8274127e-05
0.3680 1.817835e-05
0.3690 1.8078967e-05
0.3700 1.7975277e-05
0.3710 1.7868676e-05
0.3720 1.7758288e-05
0.3730 1.7645565e-05
0.3740 1.7530243e-05
0.3750 1.7411475e-05
0.3760 1.7289798e-05
0.3770 1.7165661e-05
0.3780 1.7039466e-05
0.3790 1.6910953e-05
0.3800 1.6778269e-05
0.3810 1.6644371e-05
0.3820 1.6506613e-05
0.3830 1.6366819e-05
0.3840 1.6227569e-05
0.3850 1.608478e-05
0.3860 1.5939568e-05
0.3870 1.579298e-05
0.3880 1.5645401e-05
0.3890 1.5496941e-05
0.3900 1.5349347e-05
0.3910 1.5198121e-05
0.3920 1.5050641e-05
0.3930 1.4900059e-05
0.3940 1.4748849e-05
0.3950 1.4597372e-05
0.3960 1.4446116e-05
0.3970 1.4295021e-05
0.3980 1.414402e-05
0.3990 1.3992693e-05
0.4000 1.3841148e-05
0.4010 1.3690498e-05
0.4020 1.3538559e-05
0.4030 1.3389252e-05
0.4040 1.3240116e-05
0.4050 1.3091963e-05
0.4060 1.2943437e-05
0.4070 1.279539e-05
0.4080 1.2647833e-05
0.4090 1.2500925e-05
0.4100 1.2354557e-05
0.4110 1.2207015e-05
0.4120 1.2063802e-05
0.4130 1.1917472e-05
0.4140 1.1774169e-05
0.4150 1.163248e-05
0.4160 1.1491151e-05
0.4170 1.1350226e-05
0.4180 1.1210009e-05
0.4190 1.1071841e-05
0.4200 1.093305e-05
0.4210 1.0796789e-05
0.4220 1.0661315e-05
0.4230 1.0526725e-05
0.4240 1.0393495e-05
0.4250 1.0261738e-05
0.4260 1.0131579e-05
0.4270 1.0002912e-05
0.4280 9.8759594e-06
0.4290 9.749092e-06
0.4300 9.6276602e-06
0.4310 9.5029368e-06
0.4320 9.3824512e-06
0.4330 9.2631914e-06
0.4340 9.1456594e-06
0.4350 9.0299224e-06
0.4360 8.9160775e-06
0.4370 8.8044543e-06
0.4380 8.6946525e-06
0.4390 8.5872219e-06
0.4400 8.4812214e-06
0.4410 8.3771119e-06
0.4420 8.2760768e-06
0.4430 8.176438e-06
0.4440 8.0785319e-06
0.4450 7.9824685e-06
0.4460 7.8878006e-06
0.4470 7.794333e-06
0.4480 7.7034147e-06
0.4490 7.6158995e-06
0.4500 7.5276829e-06
0.4510 7.4410721e-06
0.4520 7.3558862e-06
0.4530 7.272207e-06
0.4540 7.1901929e-06
0.4550 7.1095989e-06
0.4560 7.0284431e-06
0.4570 6.9523014e-06
0.4580 6.8736253e-06
0.4590 6.7984471e-06
0.4600 6.725478e-06
0.4610 6.6519141e-06
0.4620 6.5808693e-06
0.4630 6.5108429e-06
0.4640 6.4417376e-06
0.4650 6.3739709e-06
0.4660 6.3074796e-06
0.4670 6.2421785e-06
0.4680 6.1782229e-06
0.4690 6.1156019e-06
0.4700 6.0542123e-06
0.4710 5.9937208e-06
0.4720 5.9370946e-06
0.4730 5.8799971e-06
0.4740 5.8224792e-06
0.4750 5.7671606e-06
0.4760 5.7135138e-06
0.4770 5.6642871e-06
0.4780 5.6138247e-06
0.4790 5.5651825e-06
0.4800 5.514686e-06
0.4810 5.4663888e-06
0.4820 5.4173102e-06
0.4830 5.370001e-06
0.4840 5.324396e-06
0.4850 5.2774805e-06
0.4860 5.2312723e-06
0.4870 5.1859749e-06
0.4880 5.1414153e-06
0.4890 5.0969669e-06
0.4900 5.0526054e-06
0.4910 5.0093028e-06
0.4920 4.9651857e-06
0.4930 4.9214831e-06
0.4940 4.8789151e-06
0.4950 4.8391961e-06
0.4960 4.7989962e-06
0.4970 4.7585791e-06
0.4980 4.7184878e-06
0.4990 4.6787557e-06
0.5000 4.6397597e-06
0.5010 4.6016516e-06
0.5020 4.5649352e-06
0.5030 4.5280493e-06
0.5040 4.4911038e-06
0.5050 4.4544264e-06
0.5060 4.4184205e-06
0.5070 4.3821428e-06
0.5080 4.3462076e-06
0.5090 4.3107357e-06
0.5100 4.2750118e-06
0.5110 4.2393527e-06
0.5120 4.2040943e-06
0.5130 4.1694848e-06
0.5140 4.1355618e-06
0.5150 4.1017024e-06
0.5160 4.0683052e-06
0.5170 4.0350507e-06
0.5180 4.0018667e-06
0.5190 3.9688633e-06
0.5200 3.9361197e-06
0.5210 3.9037005e-06
0.5220 3.8717294e-06
0.5230 3.8400463e-06
0.5240 3.8085995e-06
0.5250 3.7777189e-06
0.5260 3.7469877e-06
0.5270 3.7164362e-06
0.5280 3.6858329e-06
0.5290 3.6553283e-06
0.5300 3.6248818e-06
0.5310 3.5947917e-06
0.5320 3.5649581e-06
0.5330 3.53515e-06
0.5340 3.5053878e-06
0.5350 3.4759542e-06
0.5360 3.4469425e-06
0.5370 3.4181606e-06
0.5380 3.3896814e-06
0.5390 3.3617608e-06
0.5400 3.3333006e-06
0.5410 3.3114062e-06
0.5420 3.2846867e-06
0.5430 3.2592485e-06
0.5440 3.2349053e-06
0.5450 3.2121542e-06
0.5460 3.1863301e-06
0.5470 3.1635907e-06
0.5480 3.1373106e-06
0.5490 3.1137709e-06
0.5500 3.0871799e-06
0.5510 3.0630221e-06
0.5520 3.0361952e-06
0.5530 3.011999e-06
0.5540 2.9851088e-06
0.5550 2.9606031e-06
0.5560 2.9341828e-06
0.5570 2.9099707e-06
0.5580 2.8839724e-06
0.5590 2.8586463e-06
0.5600 2.8342843e-06
0.5610 2.8105656e-06
0.5620 2.7876073e-06
0.5630 2.7641949e-06
0.5640 2.7413927e-06
0.5650 2.7194212e-06
0.5660 2.6973942e-06
0.5670 2.6772802e-06
0.5680 2.6600519e-06
0.5690 2.6411842e-06
0.5700 2.6223871e-06
0.5710 2.6041633e-06
0.5720 2.5867463e-06
0.5730 2.5699141e-06
0.5740 2.5548883e-06
0.5750 2.5384957e-06
0.5760 2.5216126e-06
0.5770 2.5039341e-06
0.5780 2.4876874e-06
0.5790 2.4700869e-06
0.5800 2.4524643e-06
0.5810 2.4348423e-06
0.5820 2.417212e-06
0.5830 2.3994859e-06
0.5840 2.3814645e-06
0.5850 2.3640119e-06
0.5860 2.3450744e-06
0.5870 2.3291462e-06
0.5880 2.313222e-06
0.5890 2.2971646e-06
0.5900 2.2806031e-06
0.5910 2.2639779e-06
0.5920 2.2474769e-06
0.5930 2.2311131e-06
0.5940 2.2148161e-06
0.5950 2.1984258e-06
0.5960 2.1819713e-06
0.5970 2.1645622e-06
0.5980 2.1493812e-06
0.5990 2.1329848e-06
0.6000 2.1163886e-06
0.6010 2.0999872e-06
0.6020 2.0833438e-06
0.6030 2.0665541e-06
0.6040 2.0498399e-06
0.6050 2.0333968e-06
0.6060 2.0170886e-06
0.6070 2.001186e-06
0.6080 1.9851374e-06
0.6090 1.9691318e-06
0.6100 1.9530407e-06
0.6110 1.9369305e-06
0.6120 1.9209897e-06
0.6130 1.9051716e-06
0.6140 1.8894585e-06
0.6150 1.8739537e-06
0.6160 1.8585444e-06
0.6170 1.8432979e-06
0.6180 1.8282964e-06
0.6190 1.8136118e-06
0.6200 1.7998793e-06
0.6210 1.7864038e-06
0.6220 1.7725831e-06
0.6230 1.7586939e-06
0.6240 1.7432273e-06
0.6250 1.7291948e-06
0.6260 1.7155138e-06
0.6270 1.7021637e-06
0.6280 1.6908312e-06
0.6290 1.6773241e-06
0.6300 1.6634556e-06
0.6310 1.6496329e-06
0.6320 1.6342396e-06
0.6330 1.6204057e-06
0.6340 1.6065376e-06
0.6350 1.5942868e-06
0.6360 1.5782738e-06
0.6370 1.5655822e-06
0.6380 1.5497313e-06
0.6390 1.5369646e-06
0.6400 1.522767e-06
0.6410 1.5083763e-06
0.6420 1.4922757e-06
0.6430 1.478412e-06
0.6440 1.4648979e-06
0.6450 1.4512949e-06
0.6460 1.4394488e-06
0.6470 1.424389e-06
0.6480 1.4116782e-06
0.6490 1.3981689e-06
0.6500 1.384181e-06
0.6510 1.3705328e-06
0.6520 1.3570724e-06
0.6530 1.3436647e-06
0.6540 1.3303259e-06
0.6550 1.3171263e-06
0.6560 1.3041175e-06
0.6570 1.2912137e-06
0.6580 1.2784843e-06
0.6590 1.265992e-06
0.6600 1.2539222e-06
0.6610 1.2423134e-06
0.6620 1.2284128e-06
0.6630 1.2195084e-06
0.6640 1.2055667e-06
0.6650 1.194093e-06
0.6660 1.183033e-06
0.6670 1.1717221e-06
0.6680 1.1603032e-06
0.6690 1.1489882e-06
0.6700 1.1377691e-06
0.6710 1.1266674e-06
0.6720 1.1155211e-06
0.6730 1.104015e-06
0.6740 1.0925327e-06
0.6750 1.0815229e-06
0.6760 1.0709237e-06
0.6770 1.0603969e-06
0.6780 1.0498429e-06
0.6790 1.0392626e-06
0.6800 1.0286559e-06
0.6810 1.0180461e-06
0.6820 1.0075067e-06
0.6830 9.9718152e-07
0.6840 9.8707143e-07
0.6850 9.771017e-07
0.6860 9.6719772e-07
0.6870 9.5733952e-07
0.6880 9.4750839e-07
0.6890 9.3775392e-07
0.6900 9.2809669e-07
0.6910 9.1856929e-07
0.6920 9.0913337e-07
0.6930 8.998079e-07
0.6940 8.9060042e-07
0.6950 8.8147383e-07
0.6960 8.7243036e-07
0.6970 8.6347072e-07
0.6980 8.5463257e-07
0.6990 8.4630869e-07
0.7000 8.3737762e-07
0.7010 8.2915482e-07
0.7020 8.2037307e-07
0.7030 8.1221271e-07
0.7040 8.0405311e-07
0.7050 7.9556904e-07
0.7060 7.8734458e-07
0.7070 7.7943032e-07
0.7080 7.7168889e-07
0.7090 7.6375277e-07
0.7100 7.5581783e-07
0.7110 7.4804594e-07
0.7120 7.404082e-07
0.7130 7.3284292e-07
0.7140 7.2533804e-07
0.7150 7.1791086e-07
0.7160 7.1055839e-07
0.7170 7.0328436e-07
0.7180 6.9608936e-07
0.7190 6.8897314e-07
0.7200 6.8193019e-07
0.7210 6.749631e-07
0.7220 6.6806642e-07
0.7230 6.6124332e-07
0.7240 6.5450828e-07
0.7250 6.4784705e-07
0.7260 6.4126706e-07
0.7270 6.3475223e-07
0.7280 6.2830761e-07
0.7290 6.2192838e-07
0.7300 6.156249e-07
0.7310 6.0940147e-07
0.7320 6.0325341e-07
0.7330 5.9717747e-07
0.7340 5.9117594e-07
0.7350 5.8525036e-07
0.7360 5.7940712e-07
0.7370 5.7363994e-07
0.7380 5.6795003e-07
0.7390 5.5755194e-07
0.7400 5.6021387e-07
0.7410 5.5373033e-07
0.7420 5.4434751e-07
0.7430 5.4126723e-07
0.7440 5.3646991e-07
0.7450 5.2661221e-07
0.7460 5.2930398e-07
0.7470 5.238055e-07
0.7480 5.1450709e-07
0.7490 5.14436e-07
0.7500 5.1008268e-07
0.7510 5.0447139e-07
0.7520 4.9522583e-07
0.7530 4.9797875e-07
0.7540 4.9262383e-07
0.7550 4.8687729e-07
0.7560 4.8203638e-07
0.7570 4.7797617e-07
0.7580 4.7383218e-07
0.7590 4.6937922e-07
0.7600 4.6488459e-07
0.7610 4.6052903e-07
0.7620 4.5625277e-07
0.7630 4.5196517e-07
0.7640 4.4766569e-07
0.7650 4.4338452e-07
0.7660 4.3912203e-07
0.7670 4.3488942e-07
0.7680 4.306765e-07
0.7690 4.2649182e-07
0.7700 4.2233979e-07
0.7710 4.182531e-07
0.7720 4.1421526e-07
0.7730 4.1023439e-07
0.7740 4.0633424e-07
0.7750 4.024729e-07
0.7760 3.9864504e-07
0.7770 3.9483497e-07
0.7780 3.910513e-07
0.7790 3.8728575e-07
0.7800 3.8354312e-07
0.7810 3.798293e-07
0.7820 3.7614134e-07
0.7830 3.7248885e-07
0.7840 3.6888744e-07
0.7850 3.6532733e-07
0.7860 3.6182991e-07
0.7870 3.5837929e-07
0.7880 3.5495192e-07
0.7890 3.5154931e-07
0.7900 3.4469907e-07
0.7910 3.4682964e-07
0.7920 3.4327063e-07
0.7930 3.387551e-07
0.7940 3.3502075e-07
0.7950 3.2833046e-07
0.7960 3.3039676e-07
0.7970 3.2399659e-07
0.7980 3.2502604e-07
0.7990 3.207594e-07
0.8000 3.1657689e-07
0.8010 3.1019995e-07
0.8020 3.1195216e-07
0.8030 3.0857905e-07
0.8040 3.0229649e-07
0.8050 3.0258419e-07
0.8060 2.9905327e-07
0.8070 2.9319675e-07
0.8080 2.9391229e-07
0.8090 2.8932093e-07
0.8100 2.8757962e-07
0.8110 2.82024e-07
0.8120 2.8270777e-07
0.8130 2.7696563e-07
0.8140 2.7812245e-07
0.8150 2.7233039e-07
0.8160 2.7255284e-07
0.8170 2.6798472e-07
0.8180 2.6479179e-07
0.8190 2.640417e-07
0.8200 2.5887017e-07
0.8210 2.5932559e-07
0.8220 2.5415e-07
0.8230 2.550898e-07
0.8240 2.4982305e-07
0.8250 2.5004538e-07
0.8260 2.4495171e-07
0.8270 2.4519046e-07
0.8280 2.4032769e-07
0.8290 2.406476e-07
0.8300 2.3599891e-07
0.8310 2.3614647e-07
0.8320 2.3158485e-07
0.8330 2.3160619e-07
0.8340 2.2705684e-07
0.8350 2.2728629e-07
0.8360 2.228263e-07
0.8370 2.2328533e-07
0.8380 2.1899452e-07
0.8390 2.1760675e-07
0.8400 2.1392819e-07
0.8410 2.1701246e-07
0.8420 2.1225023e-07
0.8430 2.1210119e-07
0.8440 2.0811319e-07
0.8450 2.0507486e-07
0.8460 2.0192969e-07
0.8470 2.0557929e-07
0.8480 2.0094311e-07
0.8490 2.0089202e-07
0.8500 1.969041e-07
0.8510 1.9463856e-07
0.8520 1.914292e-07
0.8530 1.9506062e-07
0.8540 1.9065481e-07
0.8550 1.9064227e-07
0.8560 1.8741258e-07
0.8570 1.8463528e-07
0.8580 1.8191644e-07
0.8590 1.8475342e-07
0.8600 1.8072883e-07
0.8610 1.8131435e-07
0.8620 1.7791764e-07
0.8630 1.757815e-07
0.8640 1.733999e-07
0.8650 1.7591438e-07
0.8660 1.724781e-07
0.8670 1.7132345e-07
0.8680 1.7084601e-07
0.8690 1.6793902e-07
0.8700 1.6893294e-07
0.8710 1.6572041e-07
0.8720 1.6509645e-07
0.8730 1.6259665e-07
0.8740 1.6460977e-07
0.8750 1.6136442e-07
0.8760 1.6056935e-07
0.8770 1.579449e-07
0.8780 1.6013598e-07
0.8790 1.5693365e-07
0.8800 1.5633843e-07
0.8810 1.5419876e-07
0.8820 1.5205633e-07
0.8830 1.5440815e-07
0.8840 1.5113668e-07
0.8850 1.5178856e-07
0.8860 1.4888554e-07
0.8870 1.4803728e-07
0.8880 1.4575785e-07
0.8890 1.4735786e-07
0.8900 1.4449645e-07
0.8910 1.4381822e-07
0.8920 1.4144502e-07
0.8930 1.4391226e-07
0.8940 1.4082136e-07
0.8950 1.4111716e-07
0.8960 1.385086e-07
0.8970 1.3707948e-07
0.8980 1.3473622e-07
0.8990 1.3777637e-07
0.9000 1.3461687e-07
0.9010 1.3511943e-07
0.9020 1.3243757e-07
0.9030 1.3107534e-07
0.9040 1.2901585e-07
0.9050 1.3129064e-07
0.9060 1.2854722e-07
0.9070 1.2834574e-07
0.9080 1.2628941e-07
0.9090 1.27411e-07
0.9100 1.2482486e-07
0.9110 1.2451437e-07
0.9120 1.2245899e-07
0.9130 1.2437075e-07
0.9140 1.2189521e-07
0.9150 1.2199517e-07
0.9160 1.2082953e-07
0.9170 1.1920616e-07
0.9180 1.2089877e-07
0.9190 1.1900358e-07
0.9200 1.2066972e-07
0.9210 1.1893805e-07
0.9220 1.1998896e-07
0.9230 1.1902106e-07
0.9240 1.183447e-07
0.9250 1.1846247e-07
0.9260 1.187428e-07
0.9270 1.1702499e-07
0.9280 1.1733581e-07
0.9290 1.1626311e-07
0.9300 1.1653284e-07
0.9310 1.1535707e-07
0.9320 1.1538366e-07
0.9330 1.1423801e-07
0.9340 1.1428832e-07
0.9350 1.1336286e-07
0.9360 1.1231241e-07
0.9370 1.1226928e-07
0.9380 1.1134502e-07
0.9390 1.1043574e-07
0.9400 1.096162e-07
0.9410 1.0883104e-07
0.9420 1.0809225e-07
0.9430 1.0561854e-07
0.9440 1.0762735e-07
0.9450 1.0671836e-07
0.9460 1.0564028e-07
0.9470 1.0471595e-07
0.9480 1.0382035e-07
0.9490 1.0292894e-07
0.9500 1.0203547e-07
0.9510 9.9460332e-08
0.9520 1.012465e-07
0.9530 1.0017703e-07
0.9540 9.8999494e-08
0.9550 9.798376e-08
0.9560 9.7073754e-08
0.9570 9.640497e-08
0.9580 9.5750218e-08
0.9590 9.3462329e-08
0.9600 9.5052151e-08
0.9610 9.4022625e-08
0.9620 9.2950319e-08
0.9630 9.2291203e-08
0.9640 9.1540289e-08
0.9650 9.0669594e-08
0.9660 8.9980246e-08
0.9670 8.7774561e-08
0.9680 8.908157e-08
0.9690 8.8209419e-08
0.9700 8.7184338e-08
0.9710 8.6696389e-08
0.9720 8.4527148e-08
0.9730 8.5655097e-08
0.9740 8.4717338e-08
0.9750 8.3640468e-08
0.9760 8.2923102e-08
0.9770 8.2718132e-08
0.9780 8.1745631e-08
0.9790 8.0483163e-08
0.9800 7.8941894e-08
0.9810 8.0454378e-08
0.9820 7.8360458e-08
0.9830 7.9287805e-08
0.9840 7.7206033e-08
0.9850 7.82526e-08
0.9860 7.5960067e-08
0.9870 7.7583495e-08
0.9880 7.5187707e-08
0.9890 7.6497287e-08
0.9900 7.5509967e-08
0.9910 7.466977e-08
0.9920 7.4193699e-08
0.9930 7.2041764e-08
0.9940 7.2494268e-08
0.9950 7.0762357e-08
0.9960 7.1125579e-08
0.9970 6.9371816e-08
0.9980 7.0461464e-08
0.9990 7.0340949e-08
1.0000 6.9408146e-08
1.0010 6.7580939e-08
1.0020 6.7722838e-08
1.0030 6.62791e-08
1.0040 6.6618659e-08
1.0050 6.5240847e-08
1.0060 6.622314e-08
1.0070 6.6341203e-08
1.0080 6.4267122e-08
1.0090 6.472781e-08
1.0100 6.3102738e-08
1.0110 6.3031162e-08
1.0120 6.1793104e-08
1.0130 6.2236754e-08
1.0140 6.0840019e-08
1.0150 6.2294741e-08
1.0160 6.0326764e-08
1.0170 6.2149541e-08
1.0180 6.0040592e-08
1.0190 6.0728747e-08
1.0200 5.9053489e-08
1.0210 5.9530256e-08
1.0220 5.8122746e-08
1.0230 5.8136952e-08
1.0240 5.6789128e-08
1.0250 5.6058182e-08
1.0260 5.7300837e-08
1.0270 5.5622664e-08
1.0280 5.799771e-08
1.0290 5.5585908e-08
1.0300 5.7413915e-08
1.0310 5.5174912e-08
1.0320 5.3765006e-08
1.0330 5.6717784e-08
1.0340 5.5220057e-08
1.0350 5.4709861e-08
1.0360 5.3147791e-08
1.0370 5.3392903e-08
1.0380 5.1592693e-08
1.0390 5.2735707e-08
1.0400 5.106332e-08
1.0410 5.0047937e-08
1.0420 5.4299296e-08
1.0430 5.2004975e-08
1.0440 5.2414301e-08
1.0450 5.0434532e-08
1.0460 4.9251965e-08
1.0470 5.1818287e-08
1.0480 4.9460113e-08
1.0490 5.0978508e-08
1.0500 4.8465797e-08
1.0510 5.0449611e-08
1.0520 4.7878926e-08
1.0530 5.0231251e-08
1.0540 4.7332971e-08
1.0550 5.0074572e-08
1.0560 4.785354e-08
1.0570 4.8951193e-08
1.0580 4.6245839e-08
1.0590 4.7606969e-08
1.0600 4.543818e-08
1.0610 4.7267978e-08
1.0620 4.4994919e-08
1.0630 4.6551317e-08
1.0640 4.4473578e-08
1.0650 4.6308312e-08
1.0660 4.4162493e-08
1.0670 4.6151204e-08
1.0680 4.3749029e-08
1.0690 4.4678929e-08
1.0700 4.2715593e-08
1.0710 4.410909e-08
1.0720 4.1942199e-08
1.0730 4.4115896e-08
1.0740 4.1689216e-08
1.0750 4.4073202e-08
1.0760 4.1463906e-08
1.0770 4.3630732e-08
1.0780 4.2957101e-08
1.0790 4.0639457e-08
1.0800 4.1620624e-08
1.0810 3.9694674e-08
1.0820 4.1719042e-08
1.0830 3.9214316e-08
1.0840 4.1325727e-08
1.0850 3.8989873e-08
1.0860 4.0288033e-08
1.0870 3.8305112e-08
1.0880 4.0068038e-08
1.0890 3.7798296e-08
1.0900 4.0188087e-08
1.0910 3.738589e-08
1.0920 3.9831205e-08
1.0930 3.7039197e-08
1.0940 3.8544145e-08
1.0950 3.6376379e-08
1.0960 3.8382603e-08
1.0970 3.5867043e-08
1.0980 3.8536851e-08
1.0990 3.5849943e-08
1.1000 3.8126803e-08
1.1010 3.5462497e-08
1.1020 3.6952748e-08
1.1030 3.4854057e-08
1.1040 3.6625308e-08
1.1050 3.4230528e-08
1.1060 3.6621289e-08
1.1070 3.3961091e-08
1.1080 3.6619337e-08
1.1090 3.3575839e-08
1.1100 3.6122447e-08
1.1110 3.3121299e-08
1.1120 3.5025871e-08
1.1130 3.2825726e-08
1.1140 3.4729603e-08
1.1150 3.2498143e-08
1.1160 3.5012327e-08
1.1170 3.2396033e-08
1.1180 3.4294602e-08
1.1190 3.1977345e-08
1.1200 3.332888e-08
1.1210 3.1401372e-08
1.1220 3.3404801e-08
1.1230 3.0995602e-08
1.1240 3.3795247e-08
1.1250 3.0994583e-08
1.1260 3.3241651e-08
1.1270 3.1054048e-08
1.1280 3.2701295e-08
1.1290 3.0160921e-08
1.1300 3.2226697e-08
1.1310 2.9825462e-08
1.1320 3.2331363e-08
1.1330 2.9739113e-08
1.1340 3.1343215e-08
1.1350 2.9210615e-08
1.1360 2.7972975e-08
1.1370 3.1362279e-08
1.1380 2.8900426e-08
1.1390 3.1541748e-08
1.1400 2.8647904e-08
1.1410 3.1813901e-08
1.1420 2.843293e-08
1.1430 3.0619584e-08
1.1440 2.7887071e-08
1.1450 3.0054446e-08
1.1460 2.7590874e-08
1.1470 3.0227697e-08
1.1480 2.7506282e-08
1.1490 3.0572189e-08
1.1500 2.7542857e-08
1.1510 2.9856093e-08
1.1520 2.7277187e-08
1.1530 2.9073436e-08
1.1540 2.6833945e-08
1.1550 2.9051657e-08
1.1560 2.87863e-08
1.1570 2.5915976e-08
1.1580 2.8233245e-08
1.1590 2.546927e-08
1.1600 2.755555e-08
1.1610 2.5172733e-08
1.1620 2.6760677e-08
1.1630 2.4904245e-08
1.1640 2.7140236e-08
1.1650 2.484289e-08
1.1660 2.7466964e-08
1.1670 2.4918772e-08
1.1680 2.6835813e-08
1.1690 2.4546623e-08
1.1700 2.6039841e-08
1.1710 2.4145073e-08
1.1720 2.5528175e-08
1.1730 2.3682262e-08
1.1740 2.5354516e-08
1.1750 2.3324148e-08
1.1760 2.235087e-08
1.1770 2.583677e-08
1.1780 2.3162259e-08
1.1790 2.1908865e-08
1.1800 2.583119e-08
1.1810 2.3100416e-08
1.1820 2.1645341e-08
1.1830 2.4848144e-08
1.1840 2.2906145e-08
1.1850 2.1738845e-08
1.1860 2.5243811e-08
1.1870 2.3044465e-08
1.1880 2.5781046e-08
1.1890 2.3251666e-08
1.1900 2.2048008e-08
1.1910 2.5058254e-08
1.1920 2.2686283e-08
1.1930 2.1469468e-08
1.1940 2.4136933e-08
1.1950 2.2117509e-08
1.1960 2.3714283e-08
1.1970 2.1865278e-08
1.1980 2.4375876e-08
1.1990 2.1760088e-08
1.2000 2.3548994e-08
1.2010 2.1789609e-08
1.2020 2.4057358e-08
1.2030 2.1821399e-08
1.2040 2.4296856e-08
1.2050 2.1917925e-08
1.2060 2.3791864e-08
1.2070 2.1786005e-08
1.2080 2.3500065e-08
1.2090 2.1138283e-08
1.2100 2.3590034e-08
1.2110 2.0954441e-08
1.2120 2.3063451e-08
1.2130 2.0934706e-08
1.2140 1.9386536e-08
1.2150 2.3159099e-08
1.2160 2.0982058e-08
1.2170 2.2834823e-08
1.2180 2.0541728e-08
1.2190 2.2575129e-08
1.2200 2.0285255e-08
1.2210 2.2361125e-08
1.2220 2.0134015e-08
1.2230 2.2880426e-08
1.2240 2.0041957e-08
1.2250 2.3245029e-08
1.2260 2.0107833e-08
1.2270 2.2575332e-08
1.2280 2.1883949e-08
1.2290 1.9422593e-08
1.2300 2.1573831e-08
1.2310 1.9068021e-08
1.2320 2.1691709e-08
1.2330 1.9168536e-08
1.2340 2.1464377e-08
1.2350 2.0968511e-08
1.2360 1.8896334e-08
1.2370 2.081915e-08
1.2380 1.8466715e-08
1.2390 2.0994004e-08
1.2400 2.057501e-08
1.2410 1.7937893e-08
1.2420 1.9789248e-08
1.2430 1.7562811e-08
1.2440 1.9084777e-08
1.2450 1.7349881e-08
1.2460 1.9024878e-08
1.2470 1.7225245e-08
1.2480 1.9476311e-08
1.2490 1.7341352e-08
1.2500 1.9615966e-08
1.2510 1.7281686e-08
1.2520 1.9001729e-08
1.2530 1.7059414e-08
1.2540 1.6018228e-08
1.2550 1.8548038e-08
1.2560 1.6896569e-08
1.2570 1.8347742e-08
1.2580 1.654226e-08
1.2590 1.8483869e-08
1.2600 1.6365793e-08
1.2610 1.8411431e-08
1.2620 1.6147318e-08
1.2630 1.7794768e-08
1.2640 1.584786e-08
1.2650 1.4876269e-08
1.2660 1.7499853e-08
1.2670 1.5827255e-08
1.2680 1.4872045e-08
1.2690 1.7825184e-08
1.2700 1.5998772e-08
1.2710 1.8129354e-08
1.2720 1.6025162e-08
1.2730 1.8005327e-08
1.2740 1.5856331e-08
1.2750 1.4794992e-08
1.2760 1.7533786e-08
1.2770 1.569755e-08
1.2780 1.6964864e-08
1.2790 1.5403204e-08
1.2800 1.6960351e-08
1.2810 1.5055223e-08
1.2820 1.7203768e-08
1.2830 1.5026305e-08
1.2840 1.6970532e-08
1.2850 1.4857109e-08
1.2860 1.651403e-08
1.2870 1.4773239e-08
1.2880 1.64214e-08
1.2890 1.4803839e-08
1.2900 1.6664329e-08
1.2910 1.4854749e-08
1.2920 1.6512204e-08
1.2930 1.4628367e-08
1.2940 1.5750434e-08
1.2950 1.4303718e-08
1.2960 1.5354723e-08
1.2970 1.3898912e-08
1.2980 1.5548949e-08
1.2990 1.3863035e-08
1.3000 1.5647901e-08
1.3010 1.3879849e-08
1.3020 1.5149944e-08
1.3030 1.3687307e-08
1.3040 1.287396e-08
1.3050 1.5203092e-08
1.3060 1.3917454e-08
1.3070 1.5370408e-08
1.3080 1.3957564e-08
1.3090 1.5187594e-08
1.3100 1.3666001e-08
1.3110 1.5274087e-08
1.3120 1.3682224e-08
1.3130 1.5133071e-08
1.3140 1.3674739e-08
1.3150 1.5446548e-08
1.3160 1.3585534e-08
1.3170 1.5369267e-08
1.3180 1.3616751e-08
1.3190 1.5242239e-08
1.3200 1.3535917e-08
1.3210 1.5174337e-08
1.3220 1.3409409e-08
1.3230 1.4937003e-08
1.3240 1.3268402e-08
1.3250 1.4904722e-08
1.3260 1.3254399e-08
1.3270 1.5165501e-08
1.3280 1.32359e-08
1.3290 1.5380128e-08
1.3300 1.3258119e-08
1.3310 1.4938579e-08
1.3320 1.3259969e-08
1.3330 1.5156811e-08
1.3340 1.3157191e-08
1.3350 1.5495263e-08
1.3360 1.3357024e-08
1.3370 1.4732414e-08
1.3380 1.3132268e-08
1.3390 1.4850302e-08
1.3400 1.285546e-08
1.3410 1.5289872e-08
1.3420 1.4800985e-08
1.3430 1.2728499e-08
1.3440 1.4029816e-08
1.3450 1.2399178e-08
1.3460 1.4075667e-08
1.3470 1.2278273e-08
1.3480 1.4349188e-08
1.3490 1.2444885e-08
1.3500 1.4353104e-08
1.3510 1.2455141e-08
1.3520 1.3786439e-08
1.3530 1.2098018e-08
1.3540 1.3745989e-08
1.3550 1.194857e-08
1.3560 1.3759313e-08
1.3570 1.1968017e-08
1.3580 1.4109142e-08
1.3590 1.1933579e-08
1.3600 1.360213e-08
1.3610 1.3057251e-08
1.3620 1.1624489e-08
1.3630 1.2742953e-08
1.3640 1.1226168e-08
1.3650 1.3398768e-08
1.3660 1.1445953e-08
1.3670 1.2883049e-08
1.3680 1.1286149e-08
1.3690 1.2540482e-08
1.3700 1.1022882e-08
1.3710 1.2622852e-08
1.3720 1.0915401e-08
1.3730 1.2939985e-08
1.3740 1.0943587e-08
1.3750 1.2629597e-08
1.3760 1.0796417e-08
1.3770 1.2022071e-08
1.3780 1.0593778e-08
1.3790 1.2367303e-08
1.3800 1.0580571e-08
1.3810 1.287032e-08
1.3820 1.0793224e-08
1.3830 1.2678829e-08
1.3840 1.0740019e-08
1.3850 1.1827381e-08
1.3860 1.0432764e-08
1.3870 1.1617231e-08
1.3880 1.0163154e-08
1.3890 1.1800079e-08
1.3900 1.1835069e-08
1.3910 9.8721467e-09
1.3920 1.121378e-08
1.3930 9.5696354e-09
1.3940 1.0618904e-08
1.3950 9.426002e-09
1.3960 1.050453e-08
1.3970 9.3743991e-09
1.3980 1.1089016e-08
1.3990 9.5638482e-09
1.4000 1.1020859e-08
1.4010 9.570992e-09
1.4020 1.0291473e-08
1.4030 9.3287163e-09
1.4040 1.0078768e-08
1.4050 9.0169838e-09
1.4060 1.036352e-08
1.4070 8.9932868e-09
1.4080 1.0414975e-08
1.4090 8.9908584e-09
1.4100 8.1676639e-09
1.4110 9.8759471e-09
1.4120 8.7208735e-09
1.4130 8.0459379e-09
1.4140 1.0098005e-08
1.4150 8.7888631e-09
1.4160 1.0533765e-08
1.4170 9.0831871e-09
1.4180 1.0552814e-08
1.4190 9.0143103e-09
1.4200 9.943533e-09
1.4210 8.756394e-09
1.4220 9.5295807e-09
1.4230 8.495827e-09
1.4240 9.5568351e-09
1.4250 8.4190053e-09
1.4260 9.9432167e-09
1.4270 8.3760521e-09
1.4280 9.4525259e-09
1.4290 8.0945766e-09
1.4300 7.3863265e-09
1.4310 9.1152677e-09
1.4320 8.1434272e-09
1.4330 9.3875951e-09
1.4340 8.2836896e-09
1.4350 9.7436465e-09
1.4360 8.3867746e-09
1.4370 7.7608782e-09
1.4380 9.5446904e-09
1.4390 8.2630754e-09
1.4400 9.0480015e-09
1.4410 8.0632816e-09
1.4420 9.0594987e-09
1.4430 7.9175818e-09
1.4440 9.3965121e-09
1.4450 7.9281397e-09
1.4460 8.9568459e-09
1.4470 7.64843e-09
1.4480 8.6183373e-09
1.4490 7.6614131e-09
1.4500 8.7177826e-09
1.4510 7.7638877e-09
1.4520 8.8967416e-09
1.4530 7.7943731e-09
1.4540 8.6212798e-09
1.4550 7.594367e-09
1.4560 7.038981e-09
1.4570 8.5470304e-09
1.4580 7.6159598e-09
1.4590 7.0678163e-09
1.4600 8.921912e-09
1.4610 7.7059574e-09
1.4620 9.3420255e-09
1.4630 7.7013289e-09
1.4640 8.888733e-09
1.4650 7.6407065e-09
1.4660 8.9567877e-09
1.4670 7.671653e-09
1.4680 9.2032827e-09
1.4690 7.8314586e-09
1.4700 9.6905661e-09
1.4710 8.1044829e-09
1.4720 9.1315226e-09
1.4730 7.7214708e-09
1.4740 9.0531417e-09
1.4750 7.6071155e-09
1.4760 9.162995e-09
1.4770 7.5589453e-09
1.4780 8.893116e-09
1.4790 7.4502782e-09
1.4800 8.8186894e-09
1.4810 7.4435495e-09
1.4820 9.2162138e-09
1.4830 7.5288057e-09
1.4840 9.3397215e-09
1.4850 7.6689195e-09
1.4860 8.7594508e-09
1.4870 7.5295323e-09
1.4880 8.869478e-09
1.4890 7.3723782e-09
1.4900 9.2311402e-09
1.4910 7.4114248e-09
1.4920 9.2884429e-09
1.4930 7.4483458e-09
1.4940 8.813593e-09
1.4950 7.2581909e-09
1.4960 8.7178509e-09
1.4970 7.1375091e-09
1.4980 8.9201314e-09
1.4990 7.2689199e-09
1.5000 9.2742112e-09
1.5010 7.4069217e-09
1.5020 9.0070718e-09
1.5030 7.3415209e-09
1.5040 8.4862846e-09
1.5050 7.1664172e-09
1.5060 8.6579702e-09
1.5070 7.0531805e-09
1.5080 8.9885821e-09
1.5090 7.0945934e-09
1.5100 8.9597788e-09
1.5110 7.0444788e-09
1.5120 8.2238176e-09
1.5130 6.8119582e-09
1.5140 8.2426157e-09
1.5150 6.805614e-09
1.5160 8.7363559e-09
1.5170 7.0299594e-09
1.5180 9.0529975e-09
1.5190 7.1528071e-09
1.5200 8.5081001e-09
1.5210 6.9441696e-09
1.5220 8.0954041e-09
1.5230 6.7479827e-09
1.5240 8.2311181e-09
1.5250 6.671002e-09
1.5260 8.6055672e-09
1.5270 6.6925487e-09
1.5280 8.414723e-09
1.5290 6.5794639e-09
1.5300 7.7234043e-09
1.5310 6.434142e-09
1.5320 7.9742975e-09
1.5330 6.4802608e-09
1.5340 8.5858238e-09
1.5350 6.7802911e-09
1.5360 8.6261483e-09
1.5370 6.8340606e-09
1.5380 7.8741956e-09
1.5390 6.5667969e-09
1.5400 7.78951e-09
1.5410 6.3944392e-09
1.5420 8.0642001e-09
1.5430 6.4371525e-09
1.5440 8.4065346e-09
1.5450 6.4658999e-09
1.5460 7.8129792e-09
1.5470 6.2060223e-09
1.5480 7.4371704e-09
1.5490 6.1281749e-09
1.5500 7.8004146e-09
1.5510 6.2935755e-09
1.5520 8.4310462e-09
1.5530 6.5506359e-09
1.5540 5.5774049e-09
1.5550 8.5009822e-09
1.5560 6.7672214e-09
1.5570 5.6571424e-09
1.5580 8.0702451e-09
1.5590 6.5800001e-09
1.5600 8.2897882e-09
1.5610 6.5491686e-09
1.5620 8.857637e-09
1.5630 6.6165506e-09
1.5640 8.670205e-09
1.5650 6.5053493e-09
1.5660 7.8126062e-09
1.5670 6.2490562e-09
1.5680 8.0383553e-09
1.5690 6.3220991e-09
1.5700 8.9334756e-09
1.5710 6.723379e-09
1.5720 9.1721868e-09
1.5730 6.9169795e-09
1.5740 8.0372853e-09
1.5750 6.5590909e-09
1.5760 8.0061455e-09
1.5770 6.2871533e-09
1.5780 8.5900398e-09
1.5790 6.4695484e-09
1.5800 8.8219836e-09
1.5810 6.5332316e-09
1.5820 7.7413712e-09
1.5830 6.0744484e-09
1.5840 7.6931495e-09
1.5850 6.0219124e-09
1.5860 8.3447262e-09
1.5870 6.4390889e-09
1.5880 8.8573729e-09
1.5890 6.6891657e-09
1.5900 7.9226314e-09
1.5910 6.3118159e-09
1.5920 7.7410467e-09
1.5930 6.108008e-09
1.5940 8.1831025e-09
1.5950 6.2642132e-09
1.5960 8.667384e-09
1.5970 6.4066816e-09
1.5980 7.6590687e-09
1.5990 5.9304605e-09
1.6000 4.7975998e-09
1.6010 8.0787227e-09
1.6020 6.1851649e-09
1.6030 8.890042e-09
1.6040 6.6752762e-09
1.6050 9.2252488e-09
1.6060 6.8874218e-09
1.6070 8.323994e-09
1.6080 6.487797e-09
1.6090 8.3923531e-09
1.6100 6.4556134e-09
1.6110 8.9089226e-09
1.6120 6.6351512e-09
1.6130 9.0772764e-09
1.6140 6.6963121e-09
1.6150 8.3156825e-09
1.6160 6.3503113e-09
1.6170 8.5550595e-09
1.6180 6.4951809e-09
1.6190 9.3984227e-09
1.6200 6.980195e-09
1.6210 9.2253504e-09
1.6220 7.0010082e-09
1.6230 8.7308516e-09
1.6240 6.7288093e-09
1.6250 8.8658804e-09
1.6260 6.7698189e-09
1.6270 9.6380036e-09
1.6280 7.0227533e-09
1.6290 9.0780065e-09
1.6300 7.1392604e-09
1.6310 8.5061216e-09
1.6320 6.4266634e-09
1.6330 8.9160859e-09
1.6340 6.6448386e-09
1.6350 9.3663309e-09
1.6360 7.0120089e-09
1.6370 9.1959315e-09
1.6380 7.2687363e-09
1.6390 5.9824429e-09
1.6400 1.0277328e-08
1.6410 7.3549644e-09
1.6420 9.1889406e-09
1.6430 7.0461693e-09
1.6440 5.5056176e-09
1.6450 8.7295538e-09
1.6460 6.596951e-09
1.6470 5.3244229e-09
1.6480 1.0540953e-08
1.6490 7.2834364e-09
1.6500 5.8067029e-09
1.6510 9.5740853e-09
1.6520 6.532588e-09
1.6530 8.2473486e-09
1.6540 6.2167522e-09
1.6550 8.2501491e-09
1.6560 6.0871054e-09
1.6570 9.468021e-09
1.6580 6.3515625e-09
1.6590 9.7122553e-09
1.6600 6.3077636e-09
1.6610 7.9853668e-09
1.6620 5.6912571e-09
1.6630 4.2208669e-09
1.6640 8.9036575e-09
1.6650 6.1953651e-09
1.6660 5.0419153e-09
1.6670 9.7823212e-09
1.6680 6.7359198e-09
1.6690 9.5386456e-09
1.6700 6.499117e-09
1.6710 4.8449998e-09
1.6720 8.5041235e-09
1.6730 6.2102544e-09
1.6740 8.4444536e-09
1.6750 5.9751358e-09
1.6760 9.2150676e-09
1.6770 6.2136458e-09
1.6780 9.3011609e-09
1.6790 5.814167e-09
1.6800 8.13787e-09
1.6810 5.2142183e-09
1.6820 7.2786925e-09
1.6830 5.2567032e-09
1.6840 4.0199439e-09
1.6850 7.7627834e-09
1.6860 5.5612259e-09
1.6870 8.6537919e-09
1.6880 5.8677843e-09
1.6890 9.0441145e-09
1.6900 5.9766365e-09
1.6910 4.5013426e-09
1.6920 8.3219414e-09
1.6930 5.7880789e-09
1.6940 4.3504582e-09
1.6950 8.1036395e-09
1.6960 5.7696783e-09
1.6970 8.4006381e-09
1.6980 5.7396858e-09
1.6990 8.8279437e-09
1.7000 6.0526738e-09
1.7010 8.7099127e-09
1.7020 5.8034382e-09
1.7030 7.7975912e-09
1.7040 5.4248915e-09
1.7050 4.0783114e-09
1.7060 8.3439038e-09
1.7070 6.1607573e-09
1.7080 8.8638649e-09
1.7090 6.4362117e-09
1.7100 9.2350371e-09
1.7110 6.43713e-09
1.7120 5.0209331e-09
1.7130 9.8720994e-09
1.7140 7.087277e-09
1.7150 9.2966926e-09
1.7160 7.2687697e-09
1.7170 8.8460508e-09
1.7180 6.3960803e-09
1.7190 8.7935084e-09
1.7200 6.6443901e-09
1.7210 9.3201544e-09
1.7220 7.0509319e-09
1.7230 9.2491709e-09
1.7240 6.956585e-09
1.7250 9.572374e-09
1.7260 7.3437813e-09
1.7270 9.272754e-09
1.7280 6.5225305e-09
1.7290 9.528527e-09
1.7300 6.6165859e-09
1.7310 9.2823347e-09
1.7320 6.7070895e-09
1.7330 1.0127807e-08
1.7340 7.3066417e-09
1.7350 9.7248355e-09
1.7360 6.6051366e-09
1.7370 9.9139017e-09
1.7380 6.8059467e-09
1.7390 1.0231621e-08
1.7400 7.2946569e-09
1.7410 9.4173873e-09
1.7420 6.4964954e-09
1.7430 8.3771265e-09
1.7440 5.671466e-09
1.7450 8.6066592e-09
1.7460 5.7023274e-09
1.7470 7.7505682e-09
1.7480 5.413234e-09
1.7490 7.5219482e-09
1.7500 5.2964317e-09
1.7510 8.1676652e-09
1.7520 8.1470425e-09
1.7530 5.0879816e-09
1.7540 7.8695183e-09
1.7550 5.2427899e-09
1.7560 7.1142401e-09
1.7570 5.0738426e-09
1.7580 6.7855078e-09
1.7590 4.7852593e-09
1.7600 7.1162866e-09
1.7610 4.8200487e-09
1.7620 7.6530482e-09
1.7630 4.9990549e-09
1.7640 7.1677445e-09
1.7650 4.8378117e-09
1.7660 6.2128918e-09
1.7670 4.5025916e-09
1.7680 6.6998346e-09
1.7690 4.4476926e-09
1.7700 7.2290831e-09
1.7710 4.7971374e-09
1.7720 7.4019859e-09
1.7730 4.7948225e-09
1.7740 6.6245093e-09
1.7750 4.4645867e-09
1.7760 5.7783634e-09
1.7770 4.2719597e-09
1.7780 3.230485e-09
1.7790 6.6959084e-09
1.7800 4.457073e-09
1.7810 7.4691908e-09
1.7820 4.69665e-09
1.7830 7.1940781e-09
1.7840 4.4090364e-09
1.7850 3.0010588e-09
1.7860 6.7034428e-09
1.7870 4.4887373e-09
1.7880 6.5480918e-09
1.7890 4.609911e-09
1.7900 7.0408198e-09
1.7910 4.7060038e-09
1.7920 7.6719558e-09
1.7930 4.9404511e-09
1.7940 7.5550252e-09
1.7950 4.9598463e-09
1.7960 6.6200659e-09
1.7970 4.6473144e-09
1.7980 6.4167938e-09
1.7990 4.4034972e-09
1.8000 6.7950075e-09
1.8010 4.5068338e-09
1.8020 7.3266824e-09
1.8030 4.6399014e-09
1.8040 3.2220185e-09
1.8050 7.1129417e-09
1.8060 4.7268827e-09
1.8070 6.2032621e-09
1.8080 4.4680435e-09
1.8090 3.2812362e-09
1.8100 7.480933e-09
1.8110 5.1268311e-09
1.8120 8.6814814e-09
1.8130 5.734862e-09
1.8140 8.3276517e-09
1.8150 5.57421e-09
1.8160 6.9828448e-09
1.8170 5.0197395e-09
1.8180 7.2151839e-09
1.8190 5.1272995e-09
1.8200 7.8319503e-09
1.8210 5.4752422e-09
1.8220 7.9968265e-09
1.8230 5.334246e-09
1.8240 6.7804035e-09
1.8250 4.8560464e-09
1.8260 6.8431128e-09
1.8270 5.0364178e-09
1.8280 7.8918581e-09
1.8290 5.5866481e-09
1.8300 8.185216e-09
1.8310 5.8325326e-09
1.8320 6.7018035e-09
1.8330 5.0180864e-09
1.8340 3.9586261e-09
1.8350 9.4530094e-09
1.8360 6.7025699e-09
1.8370 5.40833e-09
1.8380 1.034578e-08
1.8390 7.3179462e-09
1.8400 8.0267999e-09
1.8410 6.1931673e-09
1.8420 4.9059782e-09
1.8430 9.4110018e-09
1.8440 6.722917e-09
1.8450 5.5746085e-09
1.8460 1.0601688e-08
1.8470 8.5836206e-09
1.8480 7.9242684e-09
1.8490 5.8213355e-09
1.8500 5.016992e-09
1.8510 1.0264084e-08
1.8520 7.588321e-09
1.8530 5.7696427e-09
1.8540 8.5402664e-09
1.8550 6.3695379e-09
1.8560 9.0119959e-09
1.8570 6.4803851e-09
1.8580 8.5751323e-09
1.8590 6.7184604e-09
1.8600 7.216209e-09
1.8610 5.134894e-09
1.8620 4.2326925e-09
1.8630 8.4308942e-09
1.8640 6.4773228e-09
1.8650 5.0350109e-09
1.8660 9.5264597e-09
1.8670 6.6825042e-09
1.8680 6.8870508e-09
1.8690 4.8523087e-09
1.8700 3.8024681e-09
1.8710 7.2744347e-09
1.8720 5.2692479e-09
1.8730 7.0304857e-09
1.8740 4.9424588e-09
1.8750 3.8689567e-09
1.8760 8.4180882e-09
1.8770 5.4599083e-09
1.8780 7.7143342e-09
1.8790 4.9501382e-09
1.8800 3.4607762e-09
1.8810 7.7190181e-09
1.8820 5.2639041e-09
1.8830 7.3351821e-09
1.8840 4.9312145e-09
1.8850 8.0076797e-09
1.8860 5.102788e-09
1.8870 3.7087201e-09
1.8880 9.1527283e-09
1.8890 5.9171031e-09
1.8900 4.2020068e-09
1.8910 9.3395681e-09
1.8920 6.175678e-09
1.8930 8.1392147e-09
1.8940 5.6131799e-09
1.8950 4.0194971e-09
1.8960 9.4372972e-09
1.8970 6.3284802e-09
1.8980 9.7161073e-09
1.8990 6.3250316e-09
1.9000 9.8958039e-09
1.9010 6.1856366e-09
1.9020 9.5181499e-09
1.9030 6.3080463e-09
1.9040 8.0122044e-09
1.9050 5.7284637e-09
1.9060 8.3975367e-09
1.9070 5.6025395e-09
1.9080 1.1048478e-08
1.9090 7.3882347e-09
1.9100 8.4904494e-09
1.9110 5.209271e-09
1.9120 7.5322968e-09
1.9130 4.9634147e-09
1.9140 6.833968e-09
1.9150 4.8931854e-09
1.9160 3.7937289e-09
1.9170 7.7535405e-09
1.9180 4.9626169e-09
1.9190 8.4864414e-09
1.9200 5.1228281e-09
1.9210 7.6659865e-09
1.9220 4.855905e-09
1.9230 6.7079455e-09
1.9240 4.421855e-09
1.9250 3.2300005e-09
1.9260 7.5857873e-09
1.9270 5.0917339e-09
1.9280 7.6578112e-09
1.9290 4.965354e-09
1.9300 7.725282e-09
1.9310 4.8760974e-09
1.9320 3.5566009e-09
1.9330 8.2702869e-09
1.9340 5.3565763e-09
1.9350 7.0622858e-09
1.9360 4.5967679e-09
1.9370 3.259974e-09
1.9380 8.0700298e-09
1.9390 5.1215067e-09
1.9400 8.3237791e-09
1.9410 5.0428292e-09
1.9420 8.3711505e-09
1.9430 4.8708986e-09
1.9440 7.0725665e-09
1.9450 4.3819202e-09
1.9460 6.6482586e-09
1.9470 4.3016117e-09
1.9480 6.9187714e-09
1.9490 4.3698611e-09
1.9500 7.3619989e-09
1.9510 4.6828941e-09
1.9520 6.8596527e-09
1.9530 4.1513905e-09
1.9540 2.9236534e-09
1.9550 7.5411332e-09
1.9560 4.6276117e-09
1.9570 7.0905866e-09
1.9580 4.619588e-09
1.9590 6.7279345e-09
1.9600 4.4133737e-09
1.9610 6.7889298e-09
1.9620 4.5700919e-09
1.9630 7.0027726e-09
1.9640 4.5918169e-09
1.9650 3.3708688e-09
1.9660 8.1603076e-09
1.9670 5.2290755e-09
1.9680 8.1384252e-09
1.9690 5.2986021e-09
1.9700 7.7946852e-09
1.9710 5.3121658e-09
1.9720 7.5437793e-09
1.9730 5.1832737e-09
1.9740 8.0536267e-09
1.9750 5.2734534e-09
1.9760 8.145994e-09
1.9770 5.340396e-09
1.9780 8.2033164e-09
1.9790 5.280612e-09
1.9800 7.5576903e-09
1.9810 6.8684432e-09
1.9820 4.7817564e-09
1.9830 6.4350517e-09
1.9840 4.3167969e-09
1.9850 7.0030092e-09
1.9860 4.3571655e-09
1.9870 6.6420421e-09
1.9880 4.1428728e-09
1.9890 5.7642196e-09
1.9900 3.8694422e-09
1.9910 5.6135816e-09
1.9920 3.7048892e-09
1.9930 6.2630886e-09
1.9940 3.968408e-09
1.9950 6.3115516e-09
1.9960 3.9318895e-09
1.9970 2.7165033e-09
1.9980 6.2674839e-09
1.9990 4.0329462e-09
2.0000 5.537771e-09
2.0010 3.6780766e-09
2.0020 2.5730003e-09
2.0030 6.4224345e-09
2.0040 3.9956805e-09
2.0050 6.7798591e-09
2.0060 4.1660661e-09
2.0070 6.7519728e-09
2.0080 4.0383547e-09
2.0090 2.6177646e-09
2.0100 6.625399e-09
2.0110 4.2360488e-09
2.0120 6.4185707e-09
2.0130 4.2126986e-09
2.0140 6.7305062e-09
2.0150 4.3149891e-09
2.0160 7.4850846e-09
2.0170 4.6322104e-09
2.0180 7.1221705e-09
2.0190 4.5694573e-09
2.0200 6.4440481e-09
2.0210 4.1760054e-09
2.0220 6.5995252e-09
2.0230 4.2359664e-09
2.0240 7.0357157e-09
2.0250 4.4143043e-09
2.0260 7.1269192e-09
2.0270 4.3840572e-09
2.0280 6.2798924e-09
2.0290 4.1227345e-09
2.0300 6.4695192e-09
2.0310 4.0808672e-09
2.0320 7.0263449e-09
2.0330 4.3763423e-09
2.0340 7.2241244e-09
2.0350 4.3784138e-09
2.0360 6.4224575e-09
2.0370 4.0144208e-09
2.0380 5.7578288e-09
2.0390 3.7862678e-09
2.0400 6.1674483e-09
2.0410 3.7748082e-09
2.0420 6.7010869e-09
2.0430 3.9890643e-09
2.0440 6.2807219e-09
2.0450 3.6581712e-09
2.0460 2.3556524e-09
2.0470 5.8747372e-09
2.0480 3.5702347e-09
2.0490 2.3356109e-09
2.0500 5.9697732e-09
2.0510 3.761917e-09
2.0520 6.2658582e-09
2.0530 3.7445222e-09
2.0540 6.6905991e-09
2.0550 3.9310392e-09
2.0560 6.1895161e-09
2.0570 3.5772403e-09
2.0580 5.4770151e-09
2.0590 3.2806001e-09
2.0600 2.1200269e-09
2.0610 5.3986092e-09
2.0620 3.4010102e-09
2.0630 2.258637e-09
2.0640 6.0760473e-09
2.0650 3.603205e-09
2.0660 6.4741181e-09
2.0670 3.4813881e-09
2.0680 2.1941921e-09
2.0690 6.1693497e-09
2.0700 3.488361e-09
2.0710 2.1936889e-09
2.0720 5.7041437e-09
2.0730 3.3845626e-09
2.0740 2.1575065e-09
2.0750 5.8489997e-09
2.0760 3.5530116e-09
2.0770 6.3982959e-09
2.0780 3.7643649e-09
2.0790 6.5320034e-09
2.0800 3.7068406e-09
2.0810 5.7556403e-09
2.0820 3.2577714e-09
2.0830 5.4345584e-09
2.0840 3.239755e-09
2.0850 5.404394e-09
2.0860 3.2725877e-09
2.0870 5.5392444e-09
2.0880 3.2715964e-09
2.0890 2.1444606e-09
2.0900 6.2663832e-09
2.0910 3.5801258e-09
2.0920 2.2706401e-09
2.0930 6.0103173e-09
2.0940 3.5181941e-09
2.0950 2.2410925e-09
2.0960 6.0881451e-09
2.0970 3.7446637e-09
2.0980 6.0242131e-09
2.0990 3.7119948e-09
2.1000 6.0353264e-09
2.1010 3.6756893e-09
2.1020 2.5241346e-09
2.1030 7.1778582e-09
2.1040 4.3087081e-09
2.1050 6.4750503e-09
2.1060 3.8284172e-09
2.1070 2.5259845e-09
2.1080 6.9045734e-09
2.1090 4.3373217e-09
2.1100 6.6439159e-09
2.1110 4.1786368e-09
2.1120 6.8478509e-09
2.1130 4.1324005e-09
2.1140 6.9729244e-09
2.1150 4.145382e-09
2.1160 6.8522679e-09
2.1170 3.9619213e-09
2.1180 6.5581882e-09
2.1190 3.8785918e-09
2.1200 6.2550832e-09
2.1210 3.8654293e-09
2.1220 6.3094001e-09
2.1230 3.7798477e-09
2.1240 6.6751575e-09
2.1250 3.8825792e-09
2.1260 6.7839314e-09
2.1270 3.8876445e-09
2.1280 6.4702508e-09
2.1290 3.812341e-09
2.1300 6.0531372e-09
2.1310 3.7139795e-09
2.1320 5.8587652e-09
2.1330 3.6792892e-09
2.1340 6.2701954e-09
2.1350 3.702601e-09
2.1360 6.4972248e-09
2.1370 3.7606759e-09
2.1380 6.2302421e-09
2.1390 3.6456858e-09
2.1400 5.8385892e-09
2.1410 3.5272702e-09
2.1420 5.6842388e-09
2.1430 3.5519711e-09
2.1440 6.0794709e-09
2.1450 3.6352954e-09
2.1460 6.3384981e-09
2.1470 3.6843168e-09
2.1480 6.1315809e-09
2.1490 3.5977136e-09
2.1500 5.5961561e-09
2.1510 3.415936e-09
2.1520 5.3805513e-09
2.1530 3.3183553e-09
2.1540 5.742288e-09
2.1550 3.4169731e-09
2.1560 6.0025848e-09
2.1570 3.3764158e-09
2.1580 5.5891999e-09
2.1590 3.2139111e-09
2.1600 5.0502444e-09
2.1610 3.122374e-09
2.1620 5.0735576e-09
2.1630 3.0834858e-09
2.1640 5.3859842e-09
2.1650 3.2044559e-09
2.1660 5.5714231e-09
2.1670 3.2036406e-09
2.1680 5.0586567e-09
2.1690 2.9919296e-09
2.1700 4.5895537e-09
2.1710 2.8358214e-09
2.1720 4.8106444e-09
2.1730 2.8176999e-09
2.1740 5.0245349e-09
2.1750 2.9136768e-09
2.1760 4.9860365e-09
2.1770 2.8045105e-09
2.1780 4.5261683e-09
2.1790 2.6501764e-09
2.1800 4.3122731e-09
2.1810 2.6580316e-09
2.1820 4.5404198e-09
2.1830 2.711513e-09
2.1840 4.850353e-09
2.1850 2.7647724e-09
2.1860 1.7979764e-09
2.1870 5.0741009e-09
2.1880 2.9618896e-09
2.1890 1.8029189e-09
2.1900 4.6741928e-09
2.1910 2.8547865e-09
2.1920 1.7614672e-09
2.1930 4.8921469e-09
2.1940 2.867364e-09
2.1950 5.1891171e-09
2.1960 2.9779748e-09
2.1970 5.2592269e-09
2.1980 2.9491704e-09
2.1990 4.7539682e-09
2.2000 2.7456644e-09
2.2010 4.3882917e-09
2.2020 2.6692002e-09
2.2030 4.6552845e-09
2.2040 2.6496575e-09
2.2050 4.9032671e-09
2.2060 2.7701556e-09
2.2070 4.7931498e-09
2.2080 2.6292567e-09
2.2090 1.6139819e-09
2.2100 4.6313413e-09
2.2110 2.6274272e-09
2.2120 4.2461243e-09
2.2130 2.5472769e-09
2.2140 1.5897215e-09
2.2150 4.7767057e-09
2.2160 2.6731047e-09
2.2170 5.00285e-09
2.2180 2.7414838e-09
2.2190 1.6684695e-09
2.2200 5.1435299e-09
2.2210 2.7964812e-09
2.2220 1.6391147e-09
2.2230 4.9219907e-09
2.2240 2.7907353e-09
2.2250 1.645413e-09
2.2260 5.0198613e-09
2.2270 2.9270467e-09
2.2280 5.3373502e-09
2.2290 2.9695169e-09
2.2300 5.5258828e-09
2.2310 2.9847163e-09
2.2320 5.131604e-09
2.2330 2.8046965e-09
2.2340 4.7845029e-09
2.2350 2.7099773e-09
2.2360 4.6672434e-09
2.2370 2.6865575e-09
2.2380 4.9980393e-09
2.2390 2.7754984e-09
2.2400 5.2138803e-09
2.2410 2.7952293e-09
2.2420 1.650946e-09
2.2430 5.2874276e-09
2.2440 2.8879484e-09
2.2450 1.6647003e-09
2.2460 5.2302467e-09
2.2470 3.0008766e-09
2.2480 1.7733719e-09
2.2490 5.5785601e-09
2.2500 3.1620293e-09
2.2510 5.7728925e-09
2.2520 3.1994754e-09
2.2530 5.7973796e-09
2.2540 3.1681617e-09
2.2550 5.4017575e-09
2.2560 3.0220912e-09
2.2570 5.2200041e-09
2.2580 3.0418367e-09
2.2590 5.2785695e-09
2.2600 3.0494323e-09
2.2610 5.4908778e-09
2.2620 3.0650526e-09
2.2630 5.4608967e-09
2.2640 2.9904747e-09
2.2650 5.0765518e-09
2.2660 2.8364861e-09
2.2670 4.8727911e-09
2.2680 2.8584196e-09
2.2690 4.9128689e-09
2.2700 2.8953344e-09
2.2710 5.2322621e-09
2.2720 2.9754054e-09
2.2730 1.8907435e-09
2.2740 5.8823614e-09
2.2750 3.3043011e-09
2.2760 2.0263131e-09
2.2770 5.9379935e-09
2.2780 3.3636937e-09
2.2790 2.0249541e-09
2.2800 5.9147783e-09
2.2810 3.5007087e-09
2.2820 5.6611942e-09
2.2830 3.3829557e-09
2.2840 6.0837779e-09
2.2850 3.484676e-09
2.2860 6.2703884e-09
2.2870 3.5587737e-09
2.2880 6.0372356e-09
2.2890 3.4984693e-09
2.2900 5.6016786e-09
2.2910 3.3337962e-09
2.2920 5.4556811e-09
2.2930 3.2987824e-09
2.2940 5.8954633e-09
2.2950 3.3792179e-09
2.2960 6.0410207e-09
2.2970 3.3561058e-09
2.2980 5.7087962e-09
2.2990 3.2482482e-09
2.3000 2.0058934e-09
2.3010 5.7607903e-09
2.3020 3.4700635e-09
2.3030 5.7040942e-09
2.3040 3.3859767e-09
2.3050 6.003041e-09
2.3060 3.4356714e-09
2.3070 2.1746063e-09
2.3080 6.7843026e-09
2.3090 3.8156542e-09
2.3100 6.162947e-09
2.3110 3.5462804e-09
2.3120 5.6649748e-09
2.3130 3.4468193e-09
2.3140 6.001182e-09
2.3150 3.4691366e-09
2.3160 6.3329591e-09
2.3170 3.671132e-09
2.3180 6.4151554e-09
2.3190 3.6120339e-09
2.3200 5.9445367e-09
2.3210 3.4454626e-09
2.3220 5.5222396e-09
2.3230 3.3904289e-09
2.3240 5.9051895e-09
2.3250 3.4025496e-09
2.3260 6.2589716e-09
2.3270 3.5149094e-09
2.3280 6.0573502e-09
2.3290 3.3973406e-09
2.3300 2.0289899e-09
2.3310 5.9819959e-09
2.3320 3.5540277e-09
2.3330 5.8923868e-09
2.3340 3.5364207e-09
2.3350 6.2724429e-09
2.3360 3.5931469e-09
2.3370 6.4749734e-09
2.3380 3.6223127e-09
2.3390 2.2631294e-09
2.3400 6.6690321e-09
2.3410 3.8512172e-09
2.3420 5.9588029e-09
2.3430 3.608913e-09
2.3440 6.1627545e-09
2.3450 3.5133302e-09
2.3460 6.5347856e-09
2.3470 3.748146e-09
2.3480 6.6728499e-09
2.3490 3.7315107e-09
2.3500 6.1092036e-09
2.3510 3.5242341e-09
2.3520 5.6919978e-09
2.3530 3.4677417e-09
2.3540 6.0511588e-09
2.3550 3.4887489e-09
2.3560 6.4705264e-09
2.3570 3.623749e-09
2.3580 6.2331075e-09
2.3590 3.5288424e-09
2.3600 2.1229014e-09
2.3610 6.1075309e-09
2.3620 3.6279393e-09
2.3630 6.1079618e-09
2.3640 3.5733486e-09
2.3650 6.4076361e-09
2.3660 3.6528678e-09
2.3670 6.4955043e-09
2.3680 3.8841823e-09
2.3690 5.9679941e-09
2.3700 3.4357842e-09
2.3710 5.6323901e-09
2.3720 3.3926987e-09
2.3730 6.0314722e-09
2.3740 3.4245135e-09
2.3750 6.385604e-09
2.3760 3.6049805e-09
2.3770 6.2128147e-09
2.3780 3.4689079e-09
2.3790 2.0946577e-09
2.3800 6.1147602e-09
2.3810 3.5670338e-09
2.3820 5.8243572e-09
2.3830 3.4882769e-09
2.3840 6.1605915e-09
2.3850 3.4656177e-09
2.3860 6.4221888e-09
2.3870 3.5007025e-09
2.3880 5.9945636e-09
2.3890 3.3661848e-09
2.3900 2.0310783e-09
2.3910 6.1105504e-09
2.3920 3.623358e-09
2.3930 6.2085969e-09
2.3940 3.5362979e-09
2.3950 6.4510692e-09
2.3960 3.5974557e-09
2.3970 6.3526112e-09
2.3980 3.5012885e-09
2.3990 5.9153189e-09
2.4000 3.3753989e-09
2.4010 5.6715814e-09
2.4020 3.3767305e-09
2.4030 2.1073662e-09
2.4040 6.6626608e-09
2.4050 3.7255462e-09
2.4060 6.945441e-09
2.4070 3.8227979e-09
2.4080 6.5062178e-09
2.4090 3.5687054e-09
2.4100 6.0563372e-09
2.4110 3.5353498e-09
2.4120 6.035813e-09
2.4130 3.5447371e-09
2.4140 6.4481168e-09
2.4150 3.6242977e-09
2.4160 6.6120805e-09
2.4170 3.6026e-09
2.4180 6.1764424e-09
2.4190 3.472789e-09
2.4200 5.9412409e-09
2.4210 3.5171336e-09
2.4220 6.2095639e-09
2.4230 3.5479939e-09
2.4240 6.4396351e-09
2.4250 3.6018553e-09
2.4260 6.225882e-09
2.4270 3.4238063e-09
2.4280 5.8161544e-09
2.4290 3.352849e-09
2.4300 5.7767858e-09
2.4310 3.4480664e-09
2.4320 6.2685155e-09
2.4330 3.5441289e-09
2.4340 6.4571833e-09
2.4350 3.5821254e-09
2.4360 5.9559575e-09
2.4370 3.3332039e-09
2.4380 5.5803208e-09
2.4390 3.2757025e-09
2.4400 5.6844428e-09
2.4410 3.3155781e-09
2.4420 6.0805374e-09
2.4430 3.427543e-09
2.4440 6.178322e-09
2.4450 3.3977552e-09
2.4460 5.7403598e-09
2.4470 3.2799078e-09
2.4480 5.475183e-09
2.4490 3.3189572e-09
2.4500 5.803315e-09
2.4510 3.3222155e-09
2.4520 5.9966567e-09
2.4530 3.3638392e-09
2.4540 5.7421966e-09
2.4550 3.2220245e-09
2.4560 5.4452747e-09
2.4570 3.2020561e-09
2.4580 5.5466197e-09
2.4590 3.2754591e-09
2.4600 5.8924614e-09
2.4610 3.4392478e-09
2.4620 5.8634924e-09
2.4630 3.2661094e-09
2.4640 5.4106027e-09
2.4650 3.1003282e-09
2.4660 5.2057872e-09
2.4670 3.138365e-09
2.4680 5.6177111e-09
2.4690 3.2159178e-09
2.4700 5.9358374e-09
2.4710 3.3316989e-09
2.4720 5.604321e-09
2.4730 3.1851694e-09
2.4740 5.1915241e-09
2.4750 3.1107109e-09
2.4760 5.3141237e-09
2.4770 3.0936463e-09
2.4780 5.601257e-09
2.4790 3.1767512e-09
2.4800 5.5390445e-09
2.4810 3.0783619e-09
2.4820 5.2343804e-09
2.4830 3.0034111e-09
2.4840 5.1459336e-09
2.4850 3.0894755e-09
2.4860 5.5262406e-09
2.4870 3.1638393e-09
2.4880 5.6969981e-09
2.4890 3.1652861e-09
2.4900 5.258334e-09
2.4910 2.9715197e-09
2.4920 4.9404808e-09
2.4930 2.9440041e-09
2.4940 5.2006324e-09
2.4950 3.0449649e-09
2.4960 5.5529364e-09
2.4970 3.1397905e-09
2.4980 5.4812075e-09
2.4990 3.0509061e-09
2.5000 5.0593776e-09
2.5010 2.9289654e-09
2.5020 4.9214384e-09
2.5030 2.9357021e-09
2.5040 5.24247e-09
2.5050 2.9840476e-09
2.5060 5.4258174e-09
2.5070 3.0040032e-09
2.5080 5.127307e-09
2.5090 2.9014202e-09
2.5100 4.9075754e-09
2.5110 2.9400326e-09
2.5120 5.2181425e-09
2.5130 2.9752503e-09
2.5140 5.4018479e-09
2.5150 3.0490949e-09
2.5160 5.1630054e-09
2.5170 2.8869674e-09
2.5180 4.814815e-09
2.5190 2.8085647e-09
2.5200 4.9123632e-09
2.5210 2.8769372e-09
2.5220 5.2979275e-09
2.5230 3.0097548e-09
2.5240 5.3794855e-09
2.5250 2.9917665e-09
2.5260 4.9713949e-09
2.5270 2.8424975e-09
2.5280 4.7000891e-09
2.5290 2.8247688e-09
2.5300 5.0035506e-09
2.5310 2.840617e-09
2.5320 5.2735251e-09
2.5330 2.9307682e-09
2.5340 5.040338e-09
2.5350 2.8296545e-09
2.5360 4.7420141e-09
2.5370 2.8120652e-09
2.5380 4.8995387e-09
2.5390 2.8564313e-09
2.5400 5.1478683e-09
2.5410 2.9328041e-09
2.5420 5.0401793e-09
2.5430 2.7995582e-09
2.5440 4.7035297e-09
2.5450 2.6907937e-09
2.5460 4.599755e-09
2.5470 2.7443965e-09
2.5480 5.0143423e-09
2.5490 2.858274e-09
2.5500 5.246192e-09
2.5510 2.9035878e-09
2.5520 4.8276912e-09
2.5530 2.7183707e-09
2.5540 4.4796575e-09
2.5550 2.6944222e-09
2.5560 4.7516757e-09
2.5570 2.6895622e-09
2.5580 5.0534644e-09
2.5590 2.8186089e-09
2.5600 4.9945873e-09
2.5610 2.8070346e-09
2.5620 4.6504961e-09
2.5630 2.7368262e-09
2.5640 4.7104461e-09
2.5650 2.7542333e-09
2.5660 4.9498149e-09
2.5670 2.8226624e-09
2.5680 4.9354797e-09
2.5690 2.7393262e-09
2.5700 4.622549e-09
2.5710 2.644945e-09
2.5720 4.5725745e-09
2.5730 2.7245435e-09
2.5740 4.9906328e-09
2.5750 2.8518029e-09
2.5760 5.2059546e-09
2.5770 2.8948711e-09
2.5780 4.7426259e-09
2.5790 2.7062672e-09
2.5800 4.4486232e-09
2.5810 2.6566899e-09
2.5820 4.7582706e-09
2.5830 2.7249925e-09
2.5840 5.0465516e-09
2.5850 2.8349346e-09
2.5860 4.9099147e-09
2.5870 2.7492039e-09
2.5880 4.5866579e-09
2.5890 2.7031153e-09
2.5900 4.6214672e-09
2.5910 2.7296907e-09
2.5920 4.9084369e-09
2.5930 2.7837416e-09
2.5940 4.9137143e-09
2.5950 2.7150378e-09
2.5960 4.5786737e-09
2.5970 2.6267555e-09
2.5980 4.4999519e-09
2.5990 2.6934724e-09
2.6000 4.933274e-09
2.6010 2.80946e-09
2.6020 5.1146628e-09
2.6030 2.8408034e-09
2.6040 4.6452959e-09
2.6050 2.6336764e-09
2.6060 4.3536596e-09
2.6070 2.6148495e-09
2.6080 4.6852946e-09
2.6090 2.6923919e-09
2.6100 5.0386234e-09
2.6110 2.8530726e-09
2.6120 4.9599588e-09
2.6130 2.7838497e-09
2.6140 4.565157e-09
2.6150 2.7224735e-09
2.6160 4.6429012e-09
2.6170 2.7178414e-09
2.6180 4.9260834e-09
2.6190 2.7949731e-09
2.6200 4.9219953e-09
2.6210 2.7556512e-09
2.6220 4.6347356e-09
2.6230 2.6985085e-09
2.6240 4.7345694e-09
2.6250 2.7997377e-09
2.6260 5.1328568e-09
2.6270 2.9462391e-09
2.6280 5.1453851e-09
2.6290 2.8926782e-09
2.6300 4.7012536e-09
2.6310 2.7175353e-09
2.6320 4.5550673e-09
2.6330 2.7299582e-09
2.6340 5.0039308e-09
2.6350 2.8768222e-09
2.6360 5.3638529e-09
2.6370 2.9893032e-09
2.6380 4.9952888e-09
2.6390 2.8463297e-09
2.6400 4.6549504e-09
2.6410 2.8367557e-09
2.6420 4.9587259e-09
2.6430 2.85933e-09
2.6440 5.2528203e-09
2.6450 2.9451599e-09
2.6460 5.080334e-09
2.6470 2.8678625e-09
2.6480 4.8064934e-09
2.6490 2.8748333e-09
2.6500 5.0748531e-09
2.6510 2.9727498e-09
2.6520 5.4101403e-09
2.6530 3.1031039e-09
2.6540 5.2467454e-09
2.6550 2.9508107e-09
2.6560 4.8065207e-09
2.6570 2.8292799e-09
2.6580 4.8609329e-09
2.6590 2.901393e-09
2.6600 5.3783655e-09
2.6610 3.1047727e-09
2.6620 5.6003966e-09
2.6630 3.13666e-09
2.6640 5.1493653e-09
2.6650 2.9872149e-09
2.6660 4.8790735e-09
2.6670 2.9619216e-09
2.6680 5.2756653e-09
2.6690 3.0431314e-09
2.6700 5.5887407e-09
2.6710 3.1184856e-09
2.6720 5.282969e-09
2.6730 3.0354076e-09
2.6740 5.1186202e-09
2.6750 3.1287195e-09
2.6760 5.5569185e-09
2.6770 3.2312951e-09
2.6780 5.8158217e-09
2.6790 3.2938803e-09
2.6800 5.3882185e-09
2.6810 3.0889916e-09
2.6820 5.0448256e-09
2.6830 3.0789467e-09
2.6840 5.5265624e-09
2.6850 3.2263447e-09
2.6860 6.0157915e-09
2.6870 3.4178058e-09
2.6880 5.8589813e-09
2.6890 3.3125128e-09
2.6900 5.3105533e-09
2.6910 5.0157741e-09
2.6920 3.0158712e-09
2.6930 5.0452573e-09
2.6940 2.9222991e-09
2.6950 5.2907764e-09
2.6960 3.0030143e-09
2.6970 4.9507603e-09
2.6980 2.8971112e-09
2.6990 4.8226494e-09
2.7000 2.9152302e-09
2.7010 5.2351282e-09
2.7020 3.0665822e-09
2.7030 5.3772724e-09
2.7040 3.0469945e-09
2.7050 4.9262269e-09
2.7060 2.8560624e-09
2.7070 4.7788368e-09
2.7080 2.9033412e-09
2.7090 5.3747224e-09
2.7100 3.1151029e-09
2.7110 5.7660465e-09
2.7120 3.2206328e-09
2.7130 5.2677454e-09
2.7140 3.0163741e-09
2.7150 4.9226799e-09
2.7160 2.9767441e-09
2.7170 5.3698097e-09
2.7180 3.0979681e-09
2.7190 5.8085644e-09
2.7200 3.2426199e-09
2.7210 5.514667e-09
2.7220 3.1582754e-09
2.7230 5.2839144e-09
2.7240 3.2342917e-09
2.7250 5.7267421e-09
2.7260 3.3356917e-09
2.7270 6.0016262e-09
2.7280 3.3883494e-09
2.7290 5.5636775e-09
2.7300 3.1812179e-09
2.7310 5.3048359e-09
2.7320 3.2207913e-09
2.7330 5.8957215e-09
2.7340 5.7119044e-09
2.7350 3.2084538e-09
2.7360 5.2417667e-09
2.7370 2.9547918e-09
2.7380 4.7471588e-09
2.7390 2.8600595e-09
2.7400 4.8280092e-09
2.7410 2.8233713e-09
2.7420 5.2649574e-09
2.7430 2.9758743e-09
2.7440 5.3352927e-09
2.7450 3.0405768e-09
2.7460 5.0115432e-09
2.7470 3.0267256e-09
2.7480 5.1895157e-09
2.7490 4.9300659e-09
2.7500 2.8545955e-09
2.7510 4.5130939e-09
2.7520 2.5573506e-09
2.7530 4.2590888e-09
2.7540 2.5210007e-09
2.7550 4.3842157e-09
2.7560 2.582609e-09
2.7570 4.8409288e-09
2.7580 2.7395621e-09
2.7590 4.8022218e-09
2.7600 2.7083798e-09
2.7610 4.3920833e-09
2.7620 4.1778601e-09
2.7630 2.4664769e-09
2.7640 4.0620885e-09
2.7650 2.3535093e-09
2.7660 4.2795347e-09
2.7670 2.4609744e-09
2.7680 4.0719763e-09
2.7690 3.7378322e-09
2.7700 2.2325552e-09
2.7710 3.5778656e-09
2.7720 3.4166455e-09
2.7730 1.9891733e-09
2.7740 3.0847095e-09
2.7750 1.8019983e-09
2.7760 3.123503e-09
2.7770 1.8426646e-09
2.7780 3.2917333e-09
2.7790 3.0964348e-09
2.7800 1.7897662e-09
2.7810 2.731935e-09
2.7820 1.6017405e-09
2.7830 2.7250141e-09
2.7840 1.6034833e-09
2.7850 2.8254688e-09
2.7860 1.6379347e-09
2.7870 2.8991616e-09
2.7880 2.7353804e-09
2.7890 1.6644356e-09
2.7900 2.5096552e-09
2.7910 2.5296743e-09
2.7920 1.4849691e-09
2.7930 2.3007134e-09
2.7940 1.3063663e-09
2.7950 2.3181143e-09
2.7960 1.3460655e-09
2.7970 2.3302866e-09
2.7980 2.3427461e-09
2.7990 1.3707251e-09
2.8000 2.1200877e-09
2.8010 1.2249755e-09
2.8020 2.101236e-09
2.8030 1.2251335e-09
2.8040 2.0907363e-09
2.8050 1.2206471e-09
2.8060 2.1533729e-09
2.8070 1.2620969e-09
2.8080 2.2188565e-09
2.8090 2.1846624e-09
2.8100 1.3114962e-09
2.8110 1.996783e-09
2.8120 1.1508532e-09
2.8130 2.0320345e-09
2.8140 1.1597278e-09
2.8150 2.0685383e-09
2.8160 2.1066338e-09
2.8170 1.2325093e-09
2.8180 1.9271333e-09
2.8190 1.1137797e-09
2.8200 1.920919e-09
2.8210 1.9785581e-09
2.8220 1.1641187e-09
2.8230 1.7830912e-09
2.8240 1.0349527e-09
2.8250 1.8371368e-09
2.8260 1.0796058e-09
2.8270 1.885214e-09
2.8280 1.0986989e-09
2.8290 1.8768989e-09
2.8300 1.1020511e-09
2.8310 1.8433087e-09
2.8320 1.0762892e-09
2.8330 1.869062e-09
2.8340 1.9686094e-09
2.8350 1.1441675e-09
2.8360 1.8147101e-09
2.8370 1.0483221e-09
2.8380 1.8575627e-09
2.8390 1.0796533e-09
2.8400 1.832119e-09
2.8410 1.8953801e-09
2.8420 1.1324284e-09
2.8430 1.7319437e-09
2.8440 1.0041873e-09
2.8450 1.7831847e-09
2.8460 1.0470712e-09
2.8470 1.8296382e-09
2.8480 1.0756442e-09
2.8490 1.8376792e-09
2.8500 1.0924261e-09
2.8510 1.8118331e-09
2.8520 1.0709076e-09
2.8530 1.8240686e-09
2.8540 1.0574339e-09
2.8550 1.859285e-09
2.8560 1.0774607e-09
2.8570 1.916896e-09
2.8580 1.984996e-09
2.8590 1.1778464e-09
2.8600 1.8216311e-09
2.8610 1.062585e-09
2.8620 1.8140439e-09
2.8630 1.0602155e-09
2.8640 1.8217851e-09
2.8650 1.0572974e-09
2.8660 1.8691338e-09
2.8670 1.0943045e-09
2.8680 1.9247856e-09
2.8690 1.1326443e-09
2.8700 1.9389114e-09
2.8710 1.1521667e-09
2.8720 1.9184595e-09
2.8730 1.1373356e-09
2.8740 1.9175943e-09
2.8750 1.1198641e-09
2.8760 1.9556965e-09
2.8770 1.1405299e-09
2.8780 2.0304169e-09
2.8790 2.0985836e-09
2.8800 1.2561687e-09
2.8810 1.9553827e-09
2.8820 1.1449641e-09
2.8830 1.9495759e-09
2.8840 1.1455843e-09
2.8850 1.9555117e-09
2.8860 1.1430197e-09
2.8870 2.0036821e-09
2.8880 1.1785656e-09
2.8890 2.0746183e-09
2.8900 1.2268518e-09
2.8910 2.1001407e-09
2.8920 2.1166946e-09
2.8930 1.2980844e-09
2.8940 1.9695258e-09
2.8950 1.1556666e-09
2.8960 1.9881e-09
2.8970 1.1712628e-09
2.8980 2.050028e-09
2.8990 1.2098305e-09
2.9000 2.1234008e-09
2.9010 1.2513127e-09
2.9020 2.1348435e-09
2.9030 1.2619523e-09
2.9040 2.1231934e-09
2.9050 2.1789574e-09
2.9060 1.3120097e-09
2.9070 2.0562797e-09
2.9080 1.2123361e-09
2.9090 2.1337538e-09
2.9100 1.270977e-09
2.9110 2.1697306e-09
2.9120 1.2987047e-09
2.9130 2.1637633e-09
2.9140 2.189267e-09
2.9150 1.3494432e-09
2.9160 2.0572553e-09
2.9170 1.2189089e-09
2.9180 2.1103069e-09
2.9190 1.2567748e-09
2.9200 2.1701606e-09
2.9210 1.2882609e-09
2.9220 2.2113041e-09
2.9230 2.2284617e-09
2.9240 1.3632537e-09
2.9250 2.0893973e-09
2.9260 1.2266242e-09
2.9270 2.1097983e-09
2.9280 1.2501525e-09
2.9290 2.1623825e-09
2.9300 2.2467574e-09
2.9310 1.3725932e-09
2.9320 2.0806743e-09
2.9330 2.1257396e-09
2.9340 1.3048338e-09
2.9350 1.9564546e-09
2.9360 1.1548718e-09
2.9370 1.9887555e-09
2.9380 1.1755854e-09
2.9390 2.0388526e-09
2.9400 1.204748e-09
2.9410 2.0941472e-09
2.9420 1.2335072e-09
2.9430 2.1008138e-09
2.9440 2.1391618e-09
2.9450 1.2937678e-09
2.9460 2.0028943e-09
2.9470 1.1682487e-09
2.9480 2.041164e-09
2.9490 1.2042761e-09
2.9500 2.0922871e-09
2.9510 1.2428046e-09
2.9520 2.1346609e-09
2.9530 2.1579946e-09
2.9540 1.3282233e-09
2.9550 2.0078621e-09
2.9560 1.183465e-09
2.9570 2.0247642e-09
2.9580 1.1951169e-09
2.9590 2.0731916e-09
2.9600 1.2256283e-09
2.9610 2.1452055e-09
2.9620 1.2627145e-09
2.9630 2.1633992e-09
2.9640 2.1946309e-09
2.9650 1.3294716e-09
2.9660 2.0587565e-09
2.9670 1.19671e-09
2.9680 2.0858439e-09
2.9690 1.2271619e-09
2.9700 2.140772e-09
2.9710 1.267537e-09
2.9720 2.1970696e-09
2.9730 1.3088682e-09
2.9740 2.1922558e-09
2.9750 1.3075923e-09
2.9760 2.1718532e-09
2.9770 1.2898826e-09
2.9780 2.1909022e-09
2.9790 1.2954159e-09
2.9800 2.2640823e-09
2.9810 1.3393422e-09
2.9820 2.3530096e-09
2.9830 1.3892494e-09
2.9840 2.3919127e-09
2.9850 1.4112533e-09
2.9860 2.3823955e-09
2.9870 2.4334931e-09
2.9880 1.4693237e-09
2.9890 2.3085366e-09
2.9900 1.3583708e-09
2.9910 2.3922991e-09
2.9920 1.4257065e-09
2.9930 2.4439102e-09
2.9940 1.4661893e-09
2.9950 2.447859e-09
2.9960 1.4730222e-09
2.9970 2.4191596e-09
2.9980 1.451622e-09
2.9990 2.447561e-09
3.0000 1.4607258e-09
