/*--------------------------------*- C++ -*----------------------------------*\
  =========                 |
  \\      /  F ield         | OpenFOAM: The Open Source CFD Toolbox
   \\    /   O peration     | Website:  https://openfoam.org
    \\  /    A nd           | Version:  12
     \\/     M anipulation  |
\*---------------------------------------------------------------------------*/
FoamFile
{
    format      ascii;
    class       volScalarField;
    location    "800";
    object      p;
}
// * * * * * * * * * * * * * * * * * * * * * * * * * * * * * * * * * * * * * //

dimensions      [0 2 -2 0 0 0 0];

internalField   nonuniform List<scalar> 
7480
(
0.0087171129
0.0081282594
0.0070201282
0.0064119591
0.0061121637
0.0058666821
0.0056062043
0.0053526307
0.0051125497
0.0048746793
0.0046319066
0.0043833168
0.0041398904
0.0039213744
0.0037511502
0.0036407353
0.0035858575
0.0035502617
0.0035294342
0.0035140867
0.0035022429
0.0034934976
0.0034815466
0.0034550265
0.0034161938
0.0033732926
0.0033305236
0.0032902578
0.0032498587
0.0032099904
0.003171573
0.003134593
0.0030996201
0.0030646699
0.0030263782
0.0029852681
0.0029431017
0.0029014397
0.0028616307
0.0028235346
0.0027864758
0.002750449
0.0027155094
0.0026815981
0.002648314
0.0026150675
0.0025814039
0.0025476581
0.0025139266
0.0024788837
0.0024411375
0.002403233
0.0023676138
0.0023346143
0.0023020348
0.0022684746
0.0022331463
0.0021953526
0.0021561779
0.0021169958
0.002077782
0.0020380757
0.0019979533
0.0019574674
0.0019163905
0.0018747489
0.0018326791
0.0017901039
0.0017469896
0.0017033956
0.0016591994
0.0016143592
0.0015689333
0.001522802
0.0014759732
0.0014284574
0.0013801165
0.0013309883
0.0012810431
0.0012301004
0.0011783743
0.0011255268
0.0010712358
0.0010158416
0.00095826699
0.00089060745
0.00081686362
0.00076201206
0.00070786975
0.00065015912
0.00059209441
0.00053549566
0.00048021547
0.000425507
0.00037321146
0.00032032036
0.00028390724
0.00022600539
0.00038489312
-0.00027975029
0.0082807556
0.0076994652
0.0068348715
0.0063081391
0.0060393431
0.005814504
0.0055723137
0.0053354433
0.0051150197
0.0049027551
0.0046925848
0.0044830493
0.0042823488
0.0041018819
0.0039519548
0.0038382059
0.0037550296
0.0037001718
0.0036589331
0.0036254524
0.0035935447
0.0035599869
0.0035207034
0.0034756461
0.0034286661
0.0033816037
0.0033375697
0.0032968772
0.0032569482
0.0032178252
0.0031800017
0.0031433667
0.0031081184
0.0030724453
0.0030337588
0.0029926954
0.0029508262
0.0029095141
0.0028699149
0.0028317869
0.0027944884
0.0027581108
0.0027227742
0.0026884605
0.0026546936
0.002620884
0.0025866737
0.0025522162
0.0025176253
0.0024817855
0.002444345
0.002407244
0.0023724307
0.0023394053
0.0023063057
0.0022722148
0.0022365389
0.0021985762
0.0021593084
0.002120036
0.0020807303
0.0020409359
0.0020007311
0.0019601654
0.0019190077
0.0018772851
0.0018351331
0.0017924726
0.0017492713
0.0017055903
0.0016613085
0.0016163845
0.0015708768
0.0015246656
0.0014777594
0.0014301684
0.0013817562
0.0013325625
0.0012825555
0.0012315542
0.001179772
0.0011268699
0.0010725241
0.001017066
0.00095924898
0.00089012366
0.0008194848
0.00076662865
0.00071216187
0.00065347781
0.00059474261
0.00053765643
0.00048199073
0.00042699011
0.00037449139
0.00032145114
0.00028492519
0.00022701588
0.00038594945
-0.00027898319
0.0079897251
0.0075790506
0.0069019991
0.0063869405
0.0060969163
0.0058590722
0.0056106341
0.0053669149
0.0051393183
0.0049197162
0.0047017896
0.0044827511
0.004270715
0.0040765558
0.0039122193
0.0037863325
0.0036996703
0.0036496512
0.0036197987
0.0035973398
0.0035746625
0.0035485133
0.0035177043
0.0034842847
0.0034478091
0.0034081003
0.0033670202
0.0033253374
0.0032834654
0.0032417694
0.0032007795
0.0031605375
0.0031216857
0.0030833626
0.003043304
0.0030016284
0.0029594952
0.0029180861
0.0028784541
0.0028402682
0.0028028357
0.0027662655
0.0027306889
0.0026961087
0.0026619528
0.0026276358
0.0025929271
0.0025580343
0.0025229822
0.0024868286
0.0024494097
0.0024121567
0.0023769681
0.002343483
0.0023100474
0.002275775
0.0022400084
0.0022020184
0.0021627296
0.0021234044
0.0020840164
0.0020441227
0.002003814
0.0019631434
0.0019218818
0.0018800614
0.0018378162
0.0017950627
0.0017517689
0.0017079974
0.0016636273
0.001618618
0.0015730278
0.0015267366
0.0014797531
0.0014320877
0.0013836028
0.0013343377
0.0012842613
0.0012331932
0.0011813475
0.0011283844
0.0010739818
0.0010184813
0.00096052554
0.00089094429
0.00082372196
0.00077107893
0.00071614448
0.0006569328
0.00059775147
0.00054024334
0.0004841997
0.00042889409
0.0003761576
0.00032291214
0.00028622942
0.00022831804
0.00038716639
-0.00027802267
0.0077640372
0.0074468286
0.006850755
0.0063462735
0.0060458264
0.005810392
0.0055700453
0.0053330228
0.0051112296
0.0048984027
0.0046883662
0.004478717
0.0042773308
0.0040942661
0.0039404522
0.0038231245
0.0037421651
0.0036922209
0.0036581614
0.0036281707
0.003597259
0.0035640674
0.0035283022
0.0034909492
0.0034510185
0.003409295
0.0033668161
0.0033242787
0.0032834318
0.003244095
0.0032060379
0.0031689343
0.0031320987
0.0030944002
0.0030546417
0.00301282
0.0029699735
0.0029274485
0.0028866803
0.0028476496
0.0028096807
0.0027727416
0.0027368783
0.0027021232
0.0026678406
0.0026333485
0.0025984029
0.0025633265
0.0025279984
0.0024915454
0.0024538426
0.0024162405
0.002380691
0.0023469196
0.0023133068
0.0022789144
0.0022430658
0.0022050588
0.0021657728
0.0021264151
0.0020869599
0.0020469858
0.0020065997
0.0019658508
0.0019245087
0.0018826141
0.0018402965
0.0017974664
0.001754094
0.0017102441
0.0016657955
0.0016207087
0.0015750422
0.0015286753
0.0014816177
0.0014338795
0.0013853215
0.0013359832
0.0012858347
0.001234696
0.0011827825
0.0011297534
0.0010752902
0.0010197361
0.00096176978
0.00089337251
0.00082724539
0.0007740823
0.00071881916
0.00065937305
0.00059994967
0.00054219922
0.0004859446
0.00043045105
0.000377542
0.00032414573
0.00028734928
0.00022932801
0.00038821289
-0.00027721427
0.0075576456
0.0072962627
0.0067813087
0.006322732
0.0060321096
0.005805357
0.0055737074
0.0053416916
0.0051224829
0.004912087
0.0047050144
0.0044992334
0.0043016077
0.0041212085
0.0039674721
0.0038470535
0.0037601891
0.0037021373
0.0036608333
0.0036260996
0.0035930888
0.0035597159
0.0035247735
0.0034881806
0.0034491211
0.0034082352
0.0033662822
0.0033241251
0.0032834314
0.003244004
0.0032057978
0.0031688816
0.003132085
0.0030943504
0.0030554293
0.0030151992
0.0029743709
0.0029338093
0.00289411
0.0028553581
0.0028173583
0.0027799838
0.0027433702
0.0027078914
0.0026731151
0.0026383113
0.0026031304
0.0025678937
0.0025324256
0.0024958208
0.0024579683
0.0024202282
0.0023844952
0.0023504987
0.002316677
0.002282106
0.0022461264
0.0022080711
0.002168768
0.0021293631
0.0020898394
0.0020497939
0.0020093426
0.001968524
0.0019271095
0.0018851532
0.0018427725
0.0017998713
0.0017564257
0.0017125026
0.0016679801
0.0016228193
0.0015770795
0.0015306391
0.0014835088
0.0014356986
0.0013870689
0.0013376599
0.0012874419
0.0012362345
0.0011842548
0.0011311604
0.0010766343
0.0010210173
0.00096305126
0.000895693
0.0008302188
0.00077689918
0.00072144554
0.00066179688
0.00060214025
0.00054415884
0.00048769982
0.00043201554
0.0003789318
0.0003253938
0.00028848285
0.00023031589
0.00038923176
-0.00027632041
0.0073686772
0.0071507467
0.0067135026
0.0063004102
0.0060145542
0.0057877434
0.0055593651
0.0053301416
0.0051127292
0.0049053042
0.0047012203
0.0045006417
0.0043082878
0.0041323916
0.0039816213
0.0038621617
0.0037745648
0.0037145407
0.0036716904
0.0036362604
0.0036028399
0.00356893
0.0035332506
0.0034956998
0.003455879
0.0034143651
0.0033718921
0.0033293485
0.0032881049
0.0032480805
0.0032092309
0.0031714946
0.0031337437
0.0030951808
0.0030557059
0.0030151776
0.0029743354
0.002933966
0.0028943056
0.0028558085
0.0028187077
0.0027826709
0.0027474194
0.0027127152
0.0026781794
0.0026433756
0.0026079171
0.0025722383
0.0025363964
0.0024995584
0.0024615851
0.0024237937
0.0023879668
0.0023538055
0.0023198148
0.0022851092
0.0022490381
0.0022109478
0.0021716278
0.0021321862
0.0020926145
0.0020525154
0.0020120137
0.0019711383
0.0019296645
0.0018876584
0.0018452255
0.0018022638
0.0017587554
0.0017147692
0.0016701818
0.0016249556
0.0015791503
0.0015326432
0.0014854466
0.0014375702
0.0013888741
0.0013393998
0.0012891169
0.0012378448
0.001185803
0.0011326465
0.0010780596
0.001022379
0.00096439277
0.00089773281
0.00083297718
0.00077978768
0.00072427484
0.0006644663
0.00060457945
0.00054634674
0.00048964682
0.00043374462
0.00038047131
0.00032677422
0.00028972289
0.00023139797
0.00039026902
-0.00027523099
0.0071961359
0.0070121915
0.0066408004
0.0062686246
0.0059899317
0.0057654404
0.0055438173
0.0053212578
0.0051085812
0.0049060964
0.0047059908
0.004510957
0.0043238523
0.0041522343
0.0040041073
0.0038850868
0.0037958582
0.0037324914
0.0036859193
0.0036471171
0.0036107366
0.0035744019
0.0035369724
0.0034982209
0.0034577795
0.0034159782
0.0033734397
0.003330945
0.0032896432
0.0032495796
0.003210669
0.0031727889
0.0031349857
0.0030965231
0.0030571972
0.0030168283
0.0029760387
0.0029355049
0.0028955189
0.0028566873
0.0028193042
0.0027831094
0.002747805
0.0027129731
0.002678561
0.0026444175
0.0026100537
0.0025752365
0.0025397525
0.0025031265
0.0024651692
0.0024272022
0.0023910988
0.0023566663
0.0023224716
0.0022876466
0.0022515329
0.0022134536
0.0021741526
0.0021347114
0.0020951277
0.0020550043
0.0020144783
0.0019735726
0.001932062
0.0018900222
0.0018475532
0.001804549
0.0017609946
0.0017169609
0.0016723228
0.0016270442
0.0015811855
0.0015346229
0.0014873701
0.0014394369
0.0013906827
0.0013411507
0.0012908096
0.0012394788
0.0011873805
0.0011341669
0.0010795235
0.0010237818
0.00096576607
0.00089967445
0.00083563854
0.00078262452
0.00072711739
0.00066720483
0.00060711857
0.00054864449
0.00049170142
0.00043557649
0.00038210697
0.00032824246
0.00029103382
0.00023254287
0.00039127894
-0.00027393131
0.0070379912
0.0068802251
0.0065637629
0.0062303352
0.0059630325
0.0057428219
0.0055280711
0.0053118498
0.0051033248
0.0049040001
0.0047081572
0.0045175579
0.0043349827
0.0041672106
0.0040214879
0.0039028826
0.0038121895
0.003745906
0.0036961745
0.0036547952
0.0036165533
0.0035790173
0.0035409403
0.0035018347
0.0034612797
0.003419461
0.003376947
0.0033344656
0.0032930311
0.0032527869
0.0032136302
0.0031754211
0.0031373419
0.0030986719
0.0030591742
0.0030187255
0.0029778832
0.0029373069
0.0028973428
0.002858529
0.0028210812
0.0027847169
0.0027491022
0.0027138806
0.0026791189
0.0026447267
0.0026103083
0.0025753856
0.0025398328
0.0025036268
0.002466541
0.0024294034
0.0023936708
0.0023593191
0.0023250122
0.0022899626
0.0022536815
0.0022155508
0.0021762463
0.0021368136
0.0020972488
0.0020571364
0.0020166222
0.001975722
0.0019342049
0.0018921564
0.0018496751
0.0018066506
0.0017630711
0.001719009
0.0016743378
0.0016290232
0.0015831266
0.0015365224
0.0014892263
0.0014412483
0.0013924467
0.0013428668
0.0012924763
0.0012410948
0.0011889475
0.0011356833
0.001080989
0.0010251908
0.00096714647
0.00090159265
0.00083821998
0.00078535069
0.00072987468
0.00066990005
0.00060964792
0.00055095501
0.00049378333
0.00043744424
0.00038378145
0.00032975114
0.00029237688
0.00023371245
0.00039221309
-0.00027240725
0.0068923106
0.0067549262
0.0064843089
0.0061870613
0.0059334732
0.0057183104
0.0055099723
0.0053001986
0.0050963467
0.0049008996
0.0047099044
0.004524062
0.0043463365
0.0041827192
0.0040396929
0.0039218533
0.003830084
0.0037613122
0.0037087124
0.0036648532
0.0036246629
0.0035856277
0.0035464292
0.0035064435
0.0034652668
0.0034230211
0.0033802226
0.0033375399
0.0032958553
0.0032553578
0.0032159328
0.0031774175
0.0031390912
0.0031002598
0.0030606771
0.0030202558
0.0029794788
0.0029389659
0.0028990655
0.0028602433
0.0028227081
0.0027862285
0.0027505016
0.0027152189
0.0026804032
0.0026459101
0.0026113063
0.0025761112
0.002540298
0.0025039343
0.0024668678
0.0024297445
0.0023939335
0.002359741
0.0023259638
0.0022914199
0.002255398
0.0022174473
0.0021781693
0.0021386554
0.0020990266
0.0020588896
0.0020183813
0.0019775076
0.0019360131
0.001893986
0.0018515224
0.0018085048
0.001764925
0.001720858
0.0016761748
0.0016308435
0.0015849269
0.0015382977
0.0014909739
0.0014429653
0.0013941294
0.0013445137
0.001294085
0.0012426627
0.0011904758
0.0011371695
0.0010824318
0.0010265834
0.00096851575
0.000903484
0.00084072106
0.00078796731
0.00073253321
0.00067252453
0.00061213413
0.0005532449
0.0004958614
0.00043931982
0.0003854703
0.00033127943
0.00029373377
0.00023488878
0.00039303523
-0.00027062786
0.006757309
0.0066361274
0.0064036674
0.0061393923
0.0059008221
0.0056917686
0.0054899923
0.0052871137
0.0050885975
0.0048974876
0.0047112563
0.0045301014
0.0043570109
0.0041973099
0.004056801
0.0039396747
0.0038468788
0.0037757525
0.0037203638
0.0036740136
0.0036318357
0.0035912773
0.00355098
0.0035102236
0.003468585
0.003426102
0.003383203
0.0033404789
0.0032986879
0.0032580426
0.0032184307
0.0031796731
0.0031411343
0.0031021618
0.0030625036
0.0030220936
0.0029813506
0.0029408547
0.0029009582
0.0028620845
0.0028244471
0.0027878535
0.0027520152
0.0027166384
0.0026817043
0.0026470697
0.0026123388
0.0025770786
0.0025412531
0.0025048845
0.0024677994
0.0024305665
0.0023945195
0.0023600673
0.0023261488
0.0022914663
0.0022553808
0.0022177484
0.0021790401
0.0021399623
0.0021005352
0.002060473
0.0020199266
0.001979009
0.0019374987
0.0018954801
0.0018530442
0.001810055
0.0017665006
0.001722455
0.0016777842
0.0016324591
0.0015865436
0.0015399084
0.0014925746
0.0014445519
0.0013956968
0.0013460596
0.0012956058
0.0012441546
0.0011919397
0.0011386014
0.0010838295
0.0010279393
0.00096985558
0.00090532941
0.00084313526
0.00079047551
0.00073508895
0.00067506748
0.00061456268
0.00055549852
0.00049792012
0.00044118874
0.00038716049
0.0003328156
0.00029509336
0.00023606064
0.00039371364
-0.00026855293
0.0066315489
0.0065235268
0.0063227727
0.006088078
0.0058652304
0.0056634196
0.0054684151
0.0052726083
0.0050797914
0.0048932582
0.004711733
0.004535306
0.0043668022
0.0042109894
0.0040730624
0.0039568345
0.0038632847
0.0037901349
0.003732233
0.003683568
0.0036395214
0.0035975237
0.0035561736
0.0035146664
0.0034725402
0.003429759
0.0033866725
0.0033438076
0.0033018231
0.0032609471
0.0032210785
0.0031820272
0.0031432307
0.0031040804
0.0030643179
0.0030238906
0.0029831646
0.00294268
0.0029027906
0.002863883
0.0028261647
0.0027894693
0.0027535205
0.0027180404
0.0026829873
0.0026482274
0.0026133942
0.0025780782
0.0025422121
0.0025058073
0.0024687355
0.0024315429
0.0023954733
0.0023609059
0.0023268016
0.002291883
0.0022555924
0.002217877
0.0021791734
0.0021400637
0.0021007032
0.0020610193
0.0020208785
0.0019801914
0.0019387993
0.001896786
0.0018543266
0.0018113264
0.0017677833
0.0017237653
0.0016791242
0.0016338271
0.0015879354
0.0015413154
0.0014939919
0.0014459736
0.0013971162
0.0013474734
0.0012970092
0.0012455426
0.0011933128
0.0011399544
0.0010851591
0.0010292377
0.00097114632
0.00090710897
0.00084544788
0.00079286353
0.00073752855
0.00067751332
0.00061691677
0.00055769919
0.00049994384
0.00044303675
0.00038883916
0.000334348
0.00029644458
0.00023721639
0.00039421526
-0.00026613628
0.0065138676
0.0064167294
0.0062423343
0.0060338822
0.0058269155
0.0056333005
0.0054452685
0.005256604
0.0050697988
0.0048881498
0.0047114187
0.0045397932
0.0043758512
0.0042238851
0.0040885541
0.0039733254
0.0038791941
0.0038042394
0.0037439986
0.0036931035
0.0036472131
0.0036037665
0.0035613265
0.0035190259
0.0034763659
0.0034332502
0.0033899561
0.0033469465
0.0033047889
0.0032637103
0.0032236182
0.0031843136
0.0031452932
0.003105992
0.003066148
0.0030257172
0.0029850215
0.0029445603
0.0029046845
0.0028657478
0.0028279485
0.0027911463
0.0027550816
0.0027194945
0.0026843253
0.0026494433
0.0026145037
0.0025791164
0.0025431951
0.0025067537
0.0024697041
0.0024325537
0.002396442
0.0023617348
0.0023274749
0.002292457
0.0022561331
0.0022184174
0.0021796642
0.0021404223
0.0021009299
0.0020612056
0.0020210191
0.0019803174
0.0019391642
0.0018975098
0.0018553052
0.0018124233
0.0017688985
0.0017248681
0.0016802218
0.00163494
0.0015890774
0.0015424869
0.0014951922
0.0014471981
0.0013983565
0.0013487257
0.0012982672
0.0012467999
0.0011945696
0.0011412041
0.0010863977
0.0010304571
0.00097236777
0.00090880185
0.0008476382
0.00079511193
0.00073983281
0.00067984257
0.00061917693
0.00055982824
0.00050191533
0.00044484835
0.00039049232
0.00033586406
0.00029777554
0.00023834383
0.00039448121
-0.00026332808
0.0064032966
0.0063153005
0.0061628715
0.0059775072
0.005786134
0.0056014466
0.0054206211
0.0052391491
0.0050586166
0.0048821423
0.004710297
0.0045434897
0.0043840617
0.0042358889
0.0041031626
0.0039890371
0.0038945128
0.0038179953
0.0037556307
0.0037026439
0.0036549891
0.0036101393
0.0035666305
0.0035235494
0.0034803605
0.003436912
0.0033934097
0.0033502505
0.0033079196
0.0032666336
0.0032263103
0.0031867471
0.0031474923
0.0031080252
0.0030680844
0.0030276315
0.0029869499
0.0029464991
0.0029066236
0.002867649
0.0028297636
0.0027928514
0.0027566698
0.0027209745
0.0026856891
0.0026506835
0.0026156341
0.0025801723
0.0025441992
0.0025077277
0.0024706993
0.0024335812
0.0023974192
0.0023625745
0.0023281713
0.0022930591
0.0022566852
0.0022189552
0.0021802032
0.002140964
0.0021014727
0.0020617048
0.0020214099
0.0019805805
0.0019393616
0.001897674
0.0018554494
0.0018127262
0.0017695012
0.0017257016
0.0016811617
0.0016359003
0.0015900335
0.001543445
0.0014961696
0.0014482059
0.0013993931
0.0013497901
0.0012993541
0.0012479019
0.0011956865
0.001142328
0.0010875234
0.0010315769
0.00097350011
0.00091038673
0.00084968314
0.0007971983
0.00074198006
0.00068203401
0.00062132247
0.00056186606
0.00050381652
0.00044660713
0.00039210519
0.00033735047
0.00029907365
0.00023942915
0.00039447626
-0.00026007845
0.0062990205
0.0062188083
0.0060847501
0.005919578
0.005743187
0.0055679292
0.0053945496
0.0052202983
0.0050462218
0.0048751662
0.0047083018
0.0045463243
0.0043913824
0.0042469753
0.0041168809
0.0040039721
0.0039092455
0.0038314
0.0037671206
0.0037121777
0.0036628304
0.0036166112
0.0035720406
0.0035281723
0.003484437
0.0034406324
0.0033968973
0.0033535653
0.0033110485
0.0032695477
0.0032289901
0.0031891735
0.0031496894
0.0031100595
0.0030700254
0.0030295505
0.0029888843
0.0029484472
0.0029085743
0.0028695663
0.0028316012
0.0027945838
0.0027582888
0.0027224855
0.0026870842
0.0026519555
0.0026167967
0.0025812601
0.0025452356
0.0025087334
0.0024717198
0.0024346277
0.002398417
0.0023634407
0.0023288957
0.0022936825
0.0022572498
0.0022195049
0.002180762
0.002141525
0.0021020194
0.0020622199
0.0020219074
0.0019810769
0.0019398342
0.0018980691
0.00185573
0.0018129337
0.0017696766
0.0017258566
0.0016814511
0.0016364445
0.0015907695
0.0015442681
0.0014970054
0.0014490432
0.001400241
0.0013506603
0.0013002537
0.0012488282
0.0011966422
0.0011433049
0.001088516
0.0010325779
0.00097452477
0.00091184334
0.00085156019
0.00079910003
0.00074394795
0.00068406574
0.00062333212
0.0005637924
0.00050562858
0.00044829592
0.00039366219
0.00033879318
0.00030032563
0.00024045755
0.00039415331
-0.00025632655
0.0062003495
0.0061268427
0.0060082143
0.0058606347
0.0056983995
0.0055328464
0.0053671225
0.0052001035
0.005032602
0.004867169
0.0047053892
0.0045482576
0.0043977819
0.0042571202
0.0041296847
0.0040180984
0.0039233494
0.0038443983
0.0037784089
0.0037216518
0.0036706935
0.0036231492
0.0035775356
0.0035328845
0.0034885972
0.0034444258
0.0034004471
0.0033569332
0.0033142299
0.0032725174
0.0032317301
0.0031916684
0.0031519608
0.0031121689
0.00307204
0.0030315371
0.00299088
0.002950452
0.0029105763
0.0028715316
0.0028334855
0.0027963612
0.0027599502
0.0027240352
0.0026885158
0.002653263
0.0026179935
0.0025823795
0.0025463017
0.0025097671
0.0024727639
0.002435694
0.0023994354
0.0023643295
0.0023296412
0.0022943242
0.0022578333
0.0022200751
0.00218134
0.0021420994
0.0021025751
0.0020627494
0.0020224242
0.0019815828
0.0019403155
0.0018985307
0.0018561878
0.0018133756
0.0017700541
0.0017261303
0.0016816577
0.0016366187
0.0015909313
0.0015445776
0.0014975319
0.0014497078
0.0014009724
0.0013513992
0.0013009968
0.0012495859
0.0011974289
0.0011441201
0.0010893582
0.001033443
0.00097542501
0.00091315361
0.00085324937
0.00080079628
0.0007457151
0.00068591628
0.00062518466
0.00056558674
0.00050733216
0.00044989683
0.00039514693
0.0003401773
0.0003015174
0.00024141415
0.00039345654
-0.00025200357
0.0061066956
0.0060390236
0.0059334162
0.0058011332
0.0056521012
0.005496321
0.0053384087
0.005178621
0.0050177624
0.004858113
0.0047015185
0.004549249
0.0044032204
0.0042662889
0.0041415424
0.0040313835
0.0039367885
0.00385695
0.0037894567
0.0037310357
0.0036785577
0.0036297401
0.0035831082
0.0035376819
0.0034928383
0.0034482891
0.0034040535
0.0033603452
0.0033174494
0.0032755227
0.003234505
0.0031942016
0.0031542726
0.0031143174
0.0030740913
0.0030335551
0.0029929023
0.0029524809
0.0029125998
0.0028735184
0.0028353934
0.0027981639
0.0027616383
0.0027256112
0.0026899745
0.002654599
0.0026192192
0.0025835265
0.0025473949
0.0025108277
0.0024738319
0.0024367804
0.0024004739
0.0023652399
0.0023304086
0.0022949872
0.0022584377
0.0022206642
0.0021819338
0.0021426884
0.002103147
0.0020632974
0.0020229561
0.0019820983
0.0019408082
0.0018990091
0.0018566577
0.0018138267
0.0017704841
0.0017265521
0.0016820626
0.0016369637
0.0015911837
0.0015447798
0.0014977009
0.0014498818
0.00140131
0.0013519209
0.0013016137
0.0012502382
0.0011980924
0.0011447926
0.0010900503
0.0010341632
0.00097618814
0.00091430264
0.0008547341
0.00080226955
0.00074726278
0.00068756609
0.00062686009
0.00056722917
0.00050890798
0.00045139165
0.00039654247
0.00034148721
0.00030263405
0.00024228269
0.00039235049
-0.0002470444
0.0060175546
0.0059550041
0.0058604402
0.0057414502
0.0056046119
0.0054584967
0.0053084821
0.0051559105
0.00500172
0.0048479709
0.0046966507
0.0045492598
0.0044076615
0.0042744511
0.0041524283
0.0040438005
0.0039495311
0.0038690164
0.0038002224
0.0037402916
0.0036863915
0.0036363576
0.0035887376
0.0035425476
0.0034971469
0.0034522115
0.0034077083
0.0033637954
0.003320703
0.0032785624
0.0032373166
0.0031967773
0.0031566324
0.0031165157
0.0030761919
0.0030356192
0.0029949667
0.0029545496
0.0029146607
0.0028755417
0.0028373389
0.0028000049
0.0027633646
0.0027272242
0.0026914693
0.0026559709
0.00262048
0.0025847064
0.0025485195
0.0025119188
0.0024749264
0.0024378884
0.0024015332
0.0023661732
0.0023311993
0.0022956727
0.0022590631
0.0022212717
0.0021825441
0.0021432937
0.0021037356
0.0020638613
0.002023502
0.0019826282
0.0019413174
0.0018995028
0.0018571381
0.0018142879
0.0017709287
0.0017269859
0.0016824785
0.0016373608
0.0015915729
0.0015451478
0.0014980066
0.0014501069
0.001401496
0.0013520818
0.0013018228
0.0012506101
0.0011986096
0.0011453726
0.001090644
0.0010347662
0.00097682235
0.00091528675
0.0008560046
0.00080350717
0.00074857617
0.00068899877
0.00062834088
0.0005687015
0.0005103378
0.00045276259
0.00039783182
0.00034270696
0.00030366018
0.00024304601
0.00039076956
-0.00024138168
0.005932492
0.0058744706
0.0057893217
0.0056818908
0.0055562313
0.0054195322
0.0052774236
0.0051320331
0.004984501
0.0048367261
0.0046907527
0.004548256
0.0044110734
0.0042815792
0.0041623172
0.004055322
0.0039615435
0.003880557
0.0038106625
0.0037493797
0.0036941623
0.0036429765
0.0035944049
0.0035474682
0.0035015136
0.0034561868
0.0034114074
0.0033672816
0.0033239888
0.0032816347
0.0032401631
0.0031993932
0.0031590369
0.0031187597
0.0030783369
0.0030377234
0.0029970666
0.0029566505
0.002916751
0.0028775932
0.0028393137
0.0028018763
0.0027651217
0.0027288671
0.002692994
0.0026573731
0.0026217712
0.0025859155
0.0025496722
0.0025130373
0.002476045
0.0024390162
0.002402612
0.0023671283
0.0023320128
0.00229638
0.0022597091
0.0022218979
0.0021831714
0.0021439156
0.0021043402
0.0020644408
0.002024063
0.0019831733
0.0019418418
0.00190001
0.0018576315
0.0018147639
0.0017713877
0.0017274301
0.0016829043
0.0016377713
0.0015919727
0.0015455298
0.0014983732
0.0014504655
0.0014018254
0.001352345
0.0013020222
0.0012507737
0.0011987753
0.0011456468
0.001091064
0.0010352713
0.00097737361
0.00091614076
0.00085707673
0.00080451124
0.00074964877
0.00069020312
0.00062961317
0.00056998828
0.00051160538
0.00045399324
0.0003989988
0.0003438209
0.00030458036
0.0002436862
0.00038865509
-0.00023494619
0.0058511311
0.0057971414
0.0057200616
0.0056226978
0.0055072323
0.0053795943
0.0052453222
0.0051070524
0.004966139
0.004824373
0.0046837981
0.0045462081
0.0044134277
0.0042876471
0.0041711847
0.0040659211
0.0039727933
0.0038915326
0.0038207344
0.0037582605
0.0037018369
0.0036495701
0.0036000893
0.0035524277
0.0035059262
0.0034602057
0.0034151436
0.0033707978
0.0033273016
0.0032847349
0.0032430407
0.0032020455
0.003161483
0.0031210472
0.0030805248
0.0030398671
0.002999202
0.0029587843
0.002918872
0.0028796749
0.00284132
0.0028037806
0.0027669123
0.0027305431
0.0026945516
0.0026588089
0.002623096
0.0025871566
0.0025508558
0.0025141856
0.0024771896
0.0024401656
0.0024037118
0.0023681064
0.0023328502
0.0022971102
0.0022603768
0.0022225437
0.0021838165
0.0021445545
0.0021049612
0.0020650368
0.0020246399
0.0019837338
0.0019423811
0.0019005316
0.0018581392
0.001815254
0.0017718597
0.0017278868
0.0016833437
0.0016381949
0.0015923822
0.0015459219
0.0014987526
0.0014508338
0.0014021763
0.0013526841
0.0013023502
0.0012510574
0.0011989969
0.0011458323
0.0010912243
0.0010354786
0.00097772619
0.00091686068
0.00085799553
0.00080532328
0.0007505014
0.0006911838
0.00063067176
0.00057107908
0.00051269765
0.00045506938
0.00040002881
0.00034481443
0.00030537974
0.0002441857
0.00038595369
-0.00022767135
0.0057731442
0.0057227644
0.0056526368
0.0055640612
0.0054578574
0.0053388521
0.0052122739
0.0050810344
0.0049466738
0.0048109158
0.0046757682
0.0045430913
0.0044146997
0.0042926316
0.0041790081
0.0040755727
0.0039832491
0.0039019047
0.003830396
0.0037668932
0.0037093803
0.0036561094
0.0036057677
0.003557408
0.003510371
0.0034642578
0.0034189089
0.0033743383
0.0033306368
0.0032878593
0.0032459462
0.0032047316
0.0031639684
0.0031233763
0.0030827539
0.0030420492
0.0030013718
0.0029609497
0.0029210223
0.002881785
0.0028433559
0.0028057158
0.0027687345
0.0027322504
0.0026961405
0.0026602765
0.0026244526
0.0025884283
0.0025520688
0.0025153623
0.0024783593
0.0024413357
0.0024048316
0.0023691068
0.002333711
0.0022978632
0.002261066
0.002223209
0.0021844793
0.0021452102
0.0021055989
0.0020656493
0.0020252326
0.0019843095
0.0019429356
0.001901068
0.0018586611
0.001815758
0.0017723451
0.0017283567
0.0016837963
0.0016386307
0.0015928035
0.0015463267
0.0014991434
0.001451211
0.0014025375
0.0013530348
0.0013026876
0.0012513872
0.0011993095
0.0011461198
0.0010914733
0.0010356834
0.0009779133
0.00091728053
0.00085863424
0.00080592206
0.0007511663
0.00069197855
0.00063153768
0.00057197957
0.00051361013
0.00045598134
0.00040090989
0.0003456747
0.00030604447
0.00024452831
0.0003826184
-0.00021949886
0.0056982451
0.0056511139
0.0055870086
0.0055061267
0.0054083182
0.0052974709
0.0051783807
0.0050540486
0.0049261505
0.0047963678
0.0046666522
0.0045388862
0.0044148688
0.0042965125
0.0041857666
0.0040842526
0.0039928806
0.0039116361
0.0038396054
0.0037752367
0.003716756
0.0036625643
0.0036114157
0.0035623901
0.0035148331
0.0034683317
0.0034226947
0.0033778963
0.0033339888
0.003291003
0.0032488755
0.0032074476
0.0031664895
0.0031257442
0.0030850217
0.0030442674
0.0030035741
0.0029631448
0.0029232005
0.0028839225
0.0028454203
0.0028076812
0.0027705879
0.0027339888
0.0026977607
0.0026617762
0.0026258416
0.0025897315
0.0025533121
0.0025165681
0.0024795546
0.0024425272
0.002405972
0.00237013
0.002334596
0.0022986398
0.0022617775
0.0022238946
0.0021851604
0.0021458834
0.0021062536
0.0020662788
0.0020258416
0.0019849011
0.0019435058
0.0019016195
0.0018591976
0.0018162763
0.0017728445
0.0017288401
0.0016842619
0.0016390791
0.0015932373
0.0015467438
0.0014995456
0.0014515995
0.0014029106
0.0013533954
0.0013030344
0.0012517275
0.0011996288
0.0011464244
0.0010917856
0.0010359847
0.00097822474
0.00091769918
0.00085913306
0.00080622268
0.00075151796
0.0006925483
0.00063223086
0.00057272298
0.0005143635
0.00045673494
0.00040163836
0.00034639301
0.00030656294
0.0002446962
0.000378618
-0.00021038682
0.0056261826
0.0055819882
0.0055231276
0.005449004
0.0053587959
0.0052556082
0.0051437481
0.0050261673
0.0049046181
0.0047807499
0.0046564472
0.0045335791
0.004413919
0.0042992729
0.004191442
0.0040919386
0.0040016589
0.0039206904
0.0038483214
0.0037832497
0.0037239268
0.0036689029
0.0036170071
0.0035673528
0.0035192961
0.0034724147
0.003426491
0.0033814641
0.0033373513
0.0032941606
0.0032518241
0.0032101895
0.0031690428
0.0031281476
0.0030873256
0.0030465196
0.0030058072
0.0029653683
0.0029254051
0.0028860859
0.0028475119
0.0028096755
0.0027724715
0.0027357577
0.0026994117
0.0026633076
0.0026272627
0.0025910657
0.0025545852
0.0025178024
0.0024807752
0.0024437398
0.0024071326
0.0023711756
0.0023355049
0.0022994398
0.0022625113
0.0022246006
0.0021858599
0.0021465742
0.0021069255
0.0020669253
0.0020264671
0.0019855085
0.0019440918
0.0019021863
0.0018597488
0.0018168092
0.0017733581
0.0017293372
0.001684741
0.0016395406
0.0015936836
0.0015471731
0.0014999596
0.0014519997
0.001403295
0.0013537667
0.0013033923
0.0012520778
0.0011999572
0.0011467401
0.0010921091
0.0010362912
0.00097860247
0.00091818021
0.00085965439
0.00080655278
0.00075176519
0.00069286872
0.00063264457
0.00057326055
0.00051496933
0.00045735874
0.00040223417
0.00034697575
0.00030693481
0.00024466144
0.00037394981
-0.00020031813
0.0055567356
0.0055152069
0.0054609382
0.0053927729
0.005309443
0.0052134104
0.0051084827
0.0049974657
0.0048821296
0.0047640902
0.0046451583
0.0045271626
0.0044118385
0.0043008993
0.0041960183
0.0040986102
0.0040095568
0.0039290329
0.0038565039
0.0037908908
0.0037308545
0.0036750923
0.0036225143
0.0035722736
0.0035237418
0.0034764924
0.0034302868
0.0033850329
0.0033407171
0.0032973262
0.0032547867
0.0032129527
0.003171624
0.003130583
0.0030896626
0.0030488033
0.003008069
0.002967618
0.0029276345
0.0028882738
0.0028496294
0.0028116976
0.0027743841
0.0027375561
0.0027010929
0.0026648701
0.0026287154
0.0025924309
0.0025558882
0.0025190654
0.0024820212
0.0024449736
0.0024083135
0.0023722438
0.0023364382
0.0023002639
0.0022632678
0.0022253273
0.0021865782
0.0021472828
0.0021076149
0.0020675891
0.0020271093
0.0019861322
0.001944694
0.0019027688
0.0018603151
0.0018173568
0.0017738862
0.0017298482
0.0016852337
0.0016400154
0.0015941428
0.001547615
0.0015003858
0.0014524117
0.0014036909
0.0013541492
0.0013037612
0.0012524383
0.0012002966
0.001147067
0.0010924414
0.001036607
0.00097899305
0.00091866894
0.00086015429
0.00080694377
0.00075207652
0.00069320722
0.00063299278
0.00057358534
0.0005153298
0.00045779735
0.00040270193
0.00034744867
0.00030718906
0.00024441053
0.00036861618
-0.00018929194
0.0054897085
0.0054506085
0.0054003815
0.0053374895
0.0052603861
0.0051710112
0.0050726899
0.004968021
0.004858741
0.0047464226
0.0046327978
0.0045196354
0.0044086204
0.0043013821
0.0041994823
0.0041042492
0.0040165487
0.0039366303
0.0038641137
0.0037981191
0.0037375004
0.0036810983
0.0036279083
0.0035771284
0.0035281508
0.0034805496
0.0034340698
0.0033885932
0.0033440784
0.0033004929
0.0032577576
0.0032157319
0.0031742285
0.0031330465
0.0030920291
0.0030511155
0.0030103569
0.0029698918
0.0029298867
0.0028904843
0.0028517709
0.0028137457
0.0027763244
0.0027393832
0.0027028035
0.0026664631
0.0026301993
0.0025938269
0.0025572208
0.0025203566
0.0024832924
0.0024462287
0.0024095146
0.0023733344
0.0023373956
0.0023011121
0.0022640473
0.0022260752
0.0021873156
0.0021480094
0.0021083219
0.0020682705
0.0020277684
0.0019867723
0.0019453124
0.0019033671
0.0018608967
0.0018179196
0.001774429
0.0017303734
0.0016857404
0.0016405037
0.0015946151
0.0015480698
0.0015008245
0.0014528357
0.0014040986
0.0013545431
0.0013041412
0.0012528094
0.001200647
0.0011474044
0.0010927842
0.0010369319
0.00097939413
0.00091916712
0.00086067945
0.00080734378
0.00075239227
0.000693566
0.00063338469
0.00057393733
0.00051564732
0.00045807593
0.00040294551
0.00034774551
0.00030730171
0.00024413754
0.00036245009
-0.0001772698
0.0054249279
0.0053880479
0.0053413968
0.0052831909
0.0052117287
0.00512853
0.0050364717
0.0049379118
0.0048345111
0.0047277858
0.0046193849
0.0045110028
0.0044042629
0.0043007154
0.0042018242
0.0041088398
0.0040226114
0.003943451
0.0038711129
0.0038048943
0.0037438254
0.0036868857
0.0036331585
0.0035818917
0.0035325021
0.0034845692
0.0034378266
0.003392134
0.0033474262
0.0033036532
0.0032607303
0.0032185215
0.0031768512
0.0031355334
0.0030944212
0.003053453
0.0030126682
0.0029721871
0.0029321595
0.0028927155
0.0028539347
0.0028158184
0.0027782912
0.0027412378
0.0027045426
0.002668086
0.0026317139
0.0025952532
0.0025585828
0.0025216757
0.0024845885
0.0024475049
0.0024107358
0.0023744472
0.0023383774
0.0023019846
0.0022648501
0.0022268443
0.0021880723
0.0021487543
0.0021090468
0.0020689696
0.0020284448
0.0019874291
0.0019459473
0.0019039815
0.0018614938
0.0018184976
0.0017749868
0.0017309132
0.0016862612
0.0016410059
0.0015951007
0.0015485377
0.0015012759
0.0014532721
0.0014045184
0.0013549487
0.0013045328
0.0012531914
0.0012010087
0.0011477528
0.0010931377
0.0010372697
0.00097980404
0.00091967958
0.00086122307
0.00080775209
0.0007527111
0.00069393046
0.00063377624
0.00057432105
0.00051600634
0.00045838586
0.00040315342
0.00034791447
0.00030704411
0.0002442141
0.00035497879
-0.00016411736
0.005362239
0.0053273946
0.0052839236
0.005229899
0.0051635537
0.0050860722
0.0049999249
0.0049072162
0.0048095008
0.0047082232
0.0046049448
0.004501276
0.0043987692
0.0042988975
0.0042030372
0.0041123688
0.0040277237
0.0039494658
0.0038774655
0.0038111766
0.0037497905
0.0036924186
0.0036382334
0.0035865366
0.0035367734
0.0034885331
0.0034415424
0.0033956435
0.0033507508
0.0033067988
0.0032636974
0.0032213149
0.0031794862
0.0031380387
0.0030968347
0.003055812
0.0030149997
0.0029745013
0.0029344503
0.0028949652
0.0028561187
0.0028179137
0.0027802827
0.0027431185
0.0027063092
0.0026697377
0.0026332585
0.0025967093
0.0025599736
0.0025230224
0.0024859091
0.0024488021
0.0024119769
0.0023755821
0.0023393834
0.0023028815
0.0022656762
0.002227635
0.0021888486
0.0021495177
0.0021097897
0.0020696867
0.0020291386
0.0019881028
0.0019465991
0.0019046123
0.0018621067
0.0018190911
0.0017755598
0.0017314676
0.0016867966
0.0016415222
0.0015956
0.0015490189
0.0015017402
0.001453721
0.0014049506
0.0013553663
0.001304936
0.0012535847
0.0012013818
0.0011481125
0.0010935021
0.0010376243
0.00098022069
0.00092020511
0.00086178535
0.00080816383
0.00075303976
0.0006943047
0.00063417717
0.00057471362
0.00051636914
0.00045871852
0.00040339912
0.00034812485
0.000306622
0.00024486985
0.00034615072
-0.0001502575
0.0053015032
0.0052685306
0.005227902
0.0051776235
0.0051159265
0.0050437291
0.00496314
0.0048760116
0.0047837723
0.0046877816
0.0045895084
0.0044904724
0.0043921478
0.0042959309
0.004203118
0.0041148259
0.004031867
0.0039546473
0.0038831369
0.0038169276
0.0037553569
0.0036976606
0.0036431006
0.0035910348
0.003540941
0.0034924216
0.0034452011
0.0033991086
0.0033540414
0.0033099205
0.0032666512
0.0032241052
0.0031821272
0.0031405568
0.0030992646
0.0030581883
0.0030173478
0.0029768311
0.0029367565
0.0028972309
0.0028583206
0.0028200295
0.0027822971
0.0027450239
0.002708102
0.0026714173
0.0026348321
0.0025981945
0.0025613928
0.002524396
0.002487254
0.00245012
0.0024132377
0.0023767388
0.0023404135
0.002303803
0.0022665258
0.0022284474
0.0021896447
0.0021502997
0.0021105509
0.0020704218
0.00202985
0.0019887936
0.0019472677
0.0019052597
0.0018627356
0.0018197004
0.0017761483
0.001732037
0.0016873466
0.0016420529
0.0015961132
0.0015495138
0.0015022178
0.0014541828
0.0014053954
0.0013557962
0.0013053513
0.0012539894
0.0012017667
0.0011484839
0.0010938777
0.001037996
0.00098064362
0.00092074391
0.00086236696
0.00080857893
0.00075338037
0.00069468915
0.00063458813
0.0005751145
0.00051673848
0.00045905452
0.00040364966
0.00034834555
0.00030626102
0.00024594436
0.00033676139
-0.00013630825
0.005242596
0.0052113493
0.0051732733
0.0051263649
0.0050688976
0.005001579
0.0049262002
0.0048443729
0.0047573885
0.0046665105
0.004573111
0.0044786147
0.0043844121
0.0042918224
0.0042020671
0.004116204
0.0040350255
0.0039589707
0.0038880948
0.0038221102
0.003760486
0.003702575
0.0036477266
0.0035953571
0.0035449797
0.0034962138
0.0034487857
0.0034025151
0.003357286
0.0033130082
0.0032695826
0.0032268845
0.0031847673
0.0031430814
0.0031017054
0.0030605773
0.0030197085
0.0029791731
0.0029390748
0.0028995097
0.0028605378
0.0028221634
0.0027843324
0.0027469523
0.0027099195
0.0026731236
0.0026364338
0.0025997082
0.0025628397
0.0025257959
0.0024886226
0.0024514583
0.0024145179
0.0023779169
0.0023414676
0.002304749
0.0022673991
0.0022292816
0.0021904607
0.0021511005
0.0021113304
0.0020711751
0.0020305791
0.0019895016
0.0019479534
0.0019059238
0.0018633808
0.0018203256
0.0017767525
0.0017326217
0.0016879115
0.0016425981
0.0015966406
0.0015500226
0.001502709
0.0014546577
0.0014058531
0.0013562386
0.0013057788
0.0012544059
0.0012021637
0.0011488673
0.0010942649
0.0010383842
0.00098107357
0.00092129668
0.00086296847
0.00080899725
0.00075373283
0.00069508346
0.00063500866
0.00057552447
0.00051711589
0.00045939651
0.00040390298
0.00034855802
0.00030595952
0.00024708066
0.00032745051
-0.00012264512
0.0051854047
0.0051557534
0.0051199808
0.0050761161
0.0050225045
0.0049596876
0.0048891807
0.004812372
0.0047304123
0.0046444618
0.0045557923
0.0044657307
0.0043755805
0.004286583
0.0041998883
0.0041164991
0.0040371863
0.003962414
0.003892309
0.0038266889
0.0037651405
0.0037071252
0.0036520775
0.0035994733
0.0035488634
0.0034998875
0.0034522774
0.0034058476
0.0033604718
0.0033160508
0.0032724822
0.0032296443
0.0031873987
0.0031456058
0.0031041513
0.0030629738
0.0030220774
0.0029815233
0.0029414019
0.0029017987
0.0028627676
0.002824313
0.0027863862
0.0027489017
0.0027117602
0.0026748551
0.0026380623
0.0026012491
0.0025643134
0.0025272214
0.0024900142
0.0024528166
0.0024158172
0.0023791163
0.0023425453
0.0023057194
0.002268296
0.0022301379
0.0021912967
0.0021519202
0.0021121283
0.0020719468
0.0020313262
0.0019902271
0.0019486564
0.0019066048
0.0018640424
0.001820967
0.0017773725
0.0017332218
0.0016884916
0.0016431582
0.0015971823
0.0015505455
0.0015032138
0.001455146
0.0014063239
0.0013566937
0.0013062188
0.0012548344
0.0012025731
0.001149263
0.0010946641
0.0010387869
0.00098151207
0.00092186402
0.00086359042
0.00080942037
0.00075409703
0.00069548747
0.00063543886
0.0005759438
0.00051750127
0.00045974449
0.00040415873
0.00034876907
0.00030568896
0.00024812947
0.00031831068
-0.00010943722
0.0051298275
0.0051016544
0.0050679695
0.0050268641
0.0049767739
0.0049181098
0.0048521491
0.004780077
0.0047029059
0.0046216888
0.0045375952
0.0044518527
0.004365676
0.0042802278
0.0041965895
0.0041157107
0.0040383395
0.0039649578
0.0038957518
0.0038306299
0.0037692839
0.0037112748
0.0036561191
0.0036033523
0.0035525648
0.0035034194
0.0034556566
0.0034090895
0.0033635848
0.0033190363
0.0032753392
0.0032323752
0.0031900131
0.0031481224
0.0031065957
0.0030653721
0.0030244495
0.0029838775
0.0029437339
0.0029040942
0.0028650066
0.0028264753
0.0027884561
0.0027508699
0.0027136222
0.0026766101
0.0026397163
0.0026028163
0.002565813
0.0025286716
0.0024914282
0.0024541945
0.0024171351
0.0023803362
0.0023436463
0.0023067141
0.0022692166
0.0022310161
0.0021921529
0.0021527589
0.0021129448
0.0020727368
0.0020320912
0.0019909702
0.0019493768
0.001907303
0.0018647206
0.0018216247
0.0017780087
0.0017338376
0.0016890871
0.0016437334
0.0015977387
0.0015510828
0.0015037327
0.0014556479
0.0014068081
0.0013571619
0.0013066717
0.0012552752
0.001202995
0.0011496713
0.0010950757
0.0010392028
0.00098196011
0.00092244696
0.0008642283
0.00080985189
0.00075447405
0.0006959016
0.00063587896
0.00057637257
0.00051789455
0.00046009814
0.00040441691
0.00034897928
0.00030541346
0.00024907218
0.00030932644
-9.6721006e-05
0.0050757712
0.0050489709
0.0050171863
0.0049785916
0.0049317235
0.0048768902
0.004815165
0.0047475515
0.0046749299
0.0045982456
0.0045185651
0.0044370169
0.0043547259
0.0042727764
0.0041921822
0.0041138417
0.0040384784
0.0039665857
0.0038983981
0.0038339018
0.0037728809
0.0037149879
0.003659817
0.0036069625
0.0035560558
0.0035067849
0.0034589024
0.0034122231
0.0033666098
0.0033219517
0.0032781425
0.0032350671
0.0031926014
0.0031506232
0.0031090313
0.003067766
0.0030268193
0.0029862308
0.0029460666
0.0029063927
0.0028672517
0.0028286471
0.0027905392
0.0027528546
0.0027155034
0.002678387
0.0026413942
0.0026044084
0.0025673374
0.0025301455
0.0024928638
0.0024555914
0.0024184712
0.0023815764
0.0023447702
0.0023077328
0.0022701606
0.0022319164
0.0021930293
0.0021536166
0.0021137798
0.0020735453
0.0020328744
0.0019917309
0.0019501147
0.0019080183
0.0018654155
0.001822299
0.0017786611
0.0017344693
0.0016896981
0.0016443238
0.00159831
0.0015516347
0.0015042659
0.0014561637
0.0014073059
0.0013576434
0.0013071376
0.0012557286
0.0012034299
0.0011500926
0.0010954999
0.0010396323
0.00098241768
0.00092304625
0.00086487709
0.00081029548
0.00075486505
0.00069632625
0.00063632919
0.0005768109
0.00051829574
0.00046045762
0.0004046762
0.0003491936
0.00030513628
0.0002498961
0.00030052
-8.4516972e-05
0.0050231508
0.0049976282
0.0049675802
0.004931278
0.0048873636
0.0048360647
0.0047782804
0.0047148541
0.0046465429
0.0045741866
0.0044987497
0.0044212628
0.0043427614
0.0042642518
0.0041866815
0.0041108984
0.0040375999
0.0039672846
0.0039002257
0.0038364752
0.0037758981
0.0037182297
0.003663137
0.0036102718
0.0035593073
0.0035099585
0.0034619928
0.0034152296
0.0033695307
0.0033247828
0.0032808794
0.0032377089
0.0031951536
0.0031530992
0.0031114504
0.0030701485
0.0030291809
0.0029885781
0.0029483953
0.0029086898
0.0028694988
0.0028308251
0.0027926324
0.0027548529
0.0027174015
0.0026801836
0.0026430941
0.0026060238
0.0025688851
0.0025316418
0.0024943199
0.0024570064
0.0024198248
0.0023828361
0.0023459166
0.0023087753
0.002271128
0.0022328386
0.0021939259
0.0021544932
0.0021146334
0.0020743722
0.0020336758
0.0019925093
0.0019508702
0.001908751
0.0018661274
0.0018229898
0.0017793299
0.0017351171
0.001690325
0.0016449298
0.0015988964
0.0015522014
0.0015048135
0.0014566936
0.0014078177
0.0013581385
0.0013076168
0.001256195
0.001203878
0.0011505271
0.0010959369
0.001040076
0.00098288451
0.00092366123
0.00086553684
0.00081075396
0.00075527013
0.00069676124
0.00063678947
0.00057725878
0.00051870486
0.00046082245
0.00040493812
0.00034940231
0.00030486825
0.00025060224
0.00029188953
-7.2840002e-05
0.0049718881
0.004947557
0.0049191023
0.0048849
0.0048436981
0.0047956612
0.0047415402
0.0046820386
0.0046178008
0.0045495655
0.0044781978
0.0044046325
0.0043298173
0.0042546812
0.0041801063
0.0041068907
0.0040357039
0.0039670444
0.0039012154
0.0038383234
0.0037783039
0.0037209662
0.0036660451
0.0036132481
0.0035622898
0.0035129139
0.0034649046
0.0034180889
0.0033723302
0.0033275147
0.0032835368
0.0032402887
0.0031976591
0.0031555409
0.0031138444
0.0030725121
0.0030315278
0.0029909135
0.002950715
0.0029109811
0.002871744
0.0028330055
0.0027947324
0.0027568619
0.0027193137
0.0026819976
0.0026448141
0.0026076607
0.0025704547
0.0025331593
0.0024957954
0.0024584388
0.0024211953
0.0023841147
0.0023470847
0.0023098411
0.0022721185
0.0022337825
0.0021948426
0.0021553889
0.0021155055
0.0020752175
0.0020344953
0.0019933055
0.0019516433
0.0019095012
0.0018668563
0.0018236975
0.0017800154
0.001735781
0.0016909678
0.0016455514
0.001599498
0.0015527832
0.0015053759
0.0014572379
0.0014083436
0.0013586474
0.0013081097
0.0012566745
0.0012043395
0.0011509752
0.0010963872
0.001040534
0.00098336376
0.00092429009
0.00086620745
0.00081122748
0.00075568914
0.00069720655
0.00063725991
0.00057771635
0.00051912192
0.00046119277
0.00040520137
0.00034960988
0.00030459626
0.0002511791
0.00028345064
-6.1699873e-05
0.0049219112
0.0048986933
0.0048717054
0.0048394323
0.0048007259
0.0047557011
0.0047049829
0.0046491537
0.0045887567
0.0045244352
0.0044569592
0.0043871704
0.0043159312
0.0042440947
0.0041724788
0.004101832
0.004032794
0.0039658588
0.0039013511
0.0038394225
0.0037800688
0.003723165
0.0036685084
0.0036158593
0.0035649735
0.0035156241
0.0034676139
0.0034207801
0.0033749899
0.0033301312
0.0032861003
0.0032427937
0.0032001064
0.0031579379
0.003116204
0.0030748488
0.0030338528
0.0029932308
0.0029530201
0.0029132616
0.0028739826
0.0028351841
0.0027968354
0.0027588784
0.0027212373
0.0026838265
0.0026465518
0.0026093172
0.0025720444
0.0025346964
0.0024972891
0.0024598876
0.0024225818
0.0023854113
0.0023482738
0.0023109296
0.0022731317
0.0022347479
0.0021957793
0.0021563034
0.002116396
0.0020760812
0.0020353329
0.0019941196
0.001952434
0.0019102688
0.0018676023
0.001824422
0.0017807175
0.0017364614
0.0016916267
0.0016461889
0.0016001153
0.0015533802
0.0015059533
0.0014577968
0.0014088839
0.0013591705
0.0013086164
0.0012571675
0.0012048147
0.0011514372
0.0010968512
0.0010410065
0.00098385949
0.00092493078
0.00086688836
0.00081171577
0.00075612245
0.00069766254
0.00063774067
0.00057818363
0.00051954687
0.00046156833
0.00040546592
0.00034981603
0.00030431564
0.00025162788
0.00027519429
-5.1112054e-05
0.0048731532
0.0048509772
0.0048253441
0.0047948486
0.0047584417
0.0047161996
0.0046686406
0.0046162432
0.0045594604
0.0044988473
0.0044350836
0.0043689223
0.0043011433
0.0042325258
0.0041638245
0.0040957388
0.0040288771
0.0039637243
0.00390062
0.0038397514
0.0037811656
0.0037247954
0.0036704947
0.0036180737
0.0035673283
0.0035180613
0.003470096
0.0034232812
0.0033774906
0.0033326152
0.0032885548
0.0032452103
0.003202483
0.003160279
0.0031185193
0.0030771496
0.003036148
0.0029955232
0.0029553044
0.0029155257
0.0028762098
0.0028373565
0.0027989374
0.0027608985
0.002723169
0.0026856673
0.0026483047
0.0026109911
0.0025736523
0.0025362515
0.0024987995
0.0024613517
0.0024239834
0.0023867252
0.0023494832
0.0023120403
0.0022741672
0.0022357346
0.0021967358
0.0021572365
0.0021173048
0.0020769631
0.0020361885
0.0019949514
0.0019532424
0.0019110539
0.0018683655
0.0018251635
0.0017814364
0.0017371583
0.0016923019
0.0016468425
0.0016007482
0.0015539926
0.0015065458
0.0014583705
0.0014094388
0.0013597078
0.0013091371
0.0012576742
0.001205304
0.0011519133
0.0010973291
0.0010414939
0.00098437237
0.00092558228
0.0008675798
0.00081221923
0.00075657029
0.00069812961
0.00063823197
0.00057866069
0.00051997968
0.00046194889
0.00040573172
0.00035002045
0.00030402433
0.00025195054
0.00026717455
-4.1113549e-05
0.0048255522
0.004804353
0.0047799751
0.0047511214
0.004716837
0.0046771672
0.0046325403
0.0045833461
0.0045299581
0.0044728512
0.0044126205
0.0043499352
0.0042854958
0.0042200104
0.004154172
0.0040886311
0.0040239635
0.0039606414
0.0038990125
0.0038392921
0.0037815697
0.0037258284
0.0036719731
0.0036198601
0.0035693241
0.0035201978
0.0034723253
0.0034255695
0.0033798119
0.0033349487
0.003290884
0.0032475238
0.0032047758
0.0031625525
0.0031207796
0.0030794052
0.0030384052
0.0029977832
0.0029575614
0.0029177676
0.0028784201
0.0028395177
0.0028010338
0.0027629185
0.0027251052
0.0026875169
0.0026500699
0.0026126797
0.0025752763
0.0025378225
0.002500325
0.0024628297
0.002425399
0.0023880552
0.0023507118
0.0023131723
0.0022752243
0.0022367421
0.0021977116
0.0021581881
0.0021182316
0.002077863
0.0020370621
0.0019958008
0.0019540683
0.0019118564
0.0018691459
0.0018259219
0.0017821722
0.0017378717
0.0016929934
0.0016475122
0.0016013969
0.0015546207
0.0015071536
0.0014589592
0.0014100085
0.0013602597
0.0013096723
0.001258195
0.0012058076
0.001152404
0.0010978212
0.0010419965
0.00098490243
0.0009262447
0.00086828215
0.00081273952
0.00075703162
0.00069860763
0.00063873391
0.00057914758
0.00052042031
0.00046233436
0.00040599785
0.00035022745
0.00030370974
0.00025214483
0.00025940014
-3.1716187e-05
0.0047790505
0.0047587683
0.0047355565
0.004708223
0.0046759003
0.0046386099
0.0045967037
0.0045504966
0.0045002927
0.0044464944
0.0043896188
0.0043302562
0.0042690323
0.0042065865
0.0041435524
0.0040805318
0.0040180668
0.0039566135
0.0038965225
0.0038380298
0.0037812594
0.0037262375
0.0036729141
0.0036211883
0.0035709313
0.0035220052
0.003474276
0.0034276214
0.0033819327
0.0033371127
0.0032930707
0.0032497188
0.0032069707
0.0031647454
0.0031229734
0.0030816051
0.0030406152
0.0030000027
0.0029597839
0.0029199807
0.0028806077
0.0028416624
0.0028031199
0.0027649339
0.0027270421
0.0026893719
0.0026518444
0.0026143805
0.0025769138
0.0025394075
0.0025018638
0.0024643202
0.0024268274
0.0023894001
0.0023519586
0.0023143248
0.0022763024
0.0022377698
0.0021987066
0.0021591579
0.0021191762
0.0020787806
0.0020379534
0.0019966678
0.0019549117
0.0019126764
0.0018699435
0.0018266974
0.0017829249
0.0017386019
0.0016937014
0.0016481982
0.0016020617
0.0015552646
0.001507777
0.0014595632
0.0014105933
0.0013608264
0.001310222
0.00125873
0.0012063258
0.0011529094
0.0010983281
0.0010425147
0.00098544981
0.0009269184
0.00086899527
0.00081328004
0.00075750469
0.00069909608
0.00063924642
0.00057964426
0.00052086868
0.00046272451
0.0004062639
0.00035043557
0.00030334799
0.00025220315
0.00025185187
-2.2884885e-05
0.0047335939
0.0047141738
0.0046920481
0.0046661251
0.0046356183
0.0046005302
0.0045611486
0.0045177248
0.0044705034
0.0044198219
0.0043661259
0.0043099326
0.0042517973
0.0041922944
0.0041319993
0.0040714666
0.0040112037
0.0039516478
0.0038931474
0.0038359529
0.0037802157
0.0037259982
0.00367329
0.003622029
0.0035721207
0.0035234557
0.0034759218
0.0034294129
0.0033838312
0.0033390874
0.0032950972
0.0032517789
0.0032090529
0.0031668442
0.0031250886
0.0030837385
0.0030427682
0.003002173
0.0029619642
0.0029221582
0.0028827663
0.0028437848
0.0028051903
0.0027669399
0.0027289754
0.0026912283
0.0026536247
0.0026160902
0.0025785621
0.0025410039
0.0025034139
0.0024658215
0.0024282671
0.0023907587
0.0023532223
0.0023154967
0.0022774008
0.0022388172
0.0021997201
0.0021601454
0.0021201382
0.0020797157
0.0020388621
0.0019975521
0.0019557724
0.0019135136
0.0018707582
0.0018274898
0.0017836944
0.0017393488
0.001694426
0.0016489005
0.0016027426
0.0015559244
0.0015084161
0.0014601827
0.0014111933
0.0013614081
0.0013107866
0.0012592796
0.0012068587
0.00115343
0.0010988499
0.0010430488
0.00098601466
0.00092760364
0.00086971918
0.00081384262
0.00075798827
0.00069959481
0.00063976962
0.00058015074
0.00052132473
0.00046311896
0.00040653019
0.00035063472
0.000302966
0.00025209609
0.00024445785
-1.4567574e-05
0.0046891318
0.0046705234
0.0046494115
0.0046247997
0.0045959759
0.0045629275
0.0045258885
0.0044850569
0.004440626
0.004392876
0.0043421878
0.0042890114
0.0042338363
0.0041771752
0.0041195484
0.0040614638
0.0040033938
0.0039457543
0.0038888878
0.0038330531
0.0037784227
0.0037250887
0.0036730752
0.0036223545
0.0035728639
0.0035245213
0.0034772364
0.0034309194
0.0033854848
0.0033408521
0.0032969444
0.0032536869
0.0032110065
0.0031688347
0.003127112
0.0030857937
0.0030448538
0.0030042849
0.0029640937
0.0029242925
0.0028848891
0.0028458788
0.0028072395
0.0027689315
0.0027309004
0.0026930821
0.0026554069
0.0026178055
0.0025802183
0.0025426092
0.002504973
0.0024673318
0.0024297165
0.0023921296
0.0023545017
0.0023166867
0.0022785183
0.0022398834
0.0022007517
0.0021611501
0.0021211172
0.0020806679
0.002039788
0.0019984535
0.0019566502
0.0019143679
0.0018715898
0.0018282991
0.0017844809
0.0017401124
0.0016951672
0.0016496194
0.0016034397
0.0015566002
0.0015090711
0.0014608177
0.0014118087
0.001362005
0.0013113662
0.001259844
0.0012074068
0.0011539659
0.001099387
0.0010435989
0.00098659712
0.00092830066
0.00087045403
0.00081442725
0.00075848224
0.00070010421
0.00064030372
0.00058066705
0.00052178833
0.0004635175
0.00040679591
0.00035082161
0.00030257071
0.00025182178
0.00023723025
-6.7600613e-06
0.0046456166
0.0046277731
0.0046076094
0.0045842188
0.0045569566
0.0045257988
0.0044909339
0.0044525152
0.0044106928
0.0043656963
0.0043178487
0.0042675384
0.0042151943
0.0041612713
0.0041062369
0.0040505539
0.0039946595
0.0039389465
0.0038837477
0.0038293255
0.0037758676
0.0037234902
0.0036722462
0.0036221386
0.0035731336
0.0035251748
0.0034781933
0.0034321161
0.0033868704
0.0033423856
0.0032985929
0.0032554248
0.0032128151
0.0031707016
0.0031290298
0.0030877581
0.0030468608
0.0030063283
0.0029661637
0.0029263754
0.0028869686
0.0028479375
0.0028092613
0.002770903
0.0027328121
0.0026949285
0.0026571871
0.0026195226
0.002581879
0.0025442205
0.0025065386
0.0024688489
0.0024311739
0.0023935109
0.002355795
0.0023178937
0.0022796539
0.0022409677
0.0022018005
0.0021621714
0.0021221126
0.0020816368
0.0020407307
0.0019993716
0.0019575447
0.0019152391
0.0018724383
0.0018291252
0.0017852841
0.0017408927
0.0016959249
0.0016503546
0.0016041531
0.0015572921
0.001509742
0.0014614684
0.0014124397
0.0013626174
0.001311961
0.0012604235
0.0012079702
0.0011545175
0.0010999397
0.0010441655
0.00098719728
0.00092900968
0.00087119987
0.00081503397
0.0007589869
0.00070062449
0.00064084877
0.00058119311
0.00052225935
0.00046391977
0.00040706067
0.00035099329
0.00030215171
0.00025138931
0.00023020258
5.3092772e-07
0.0046030032
0.0045858814
0.0045666064
0.0045443547
0.0045185434
0.0044891389
0.0044562921
0.004420119
0.004380733
0.0043383198
0.0042931507
0.0042455587
0.0041959166
0.0041446256
0.0040921036
0.0040387695
0.0039850257
0.0039312405
0.0038777342
0.0038247684
0.0037725409
0.0037211863
0.0036707819
0.0036213568
0.0035729037
0.0035253897
0.0034787666
0.003432978
0.0033879645
0.003343666
0.0033000224
0.0032569738
0.0032144613
0.003172429
0.0031308276
0.0030896187
0.0030487772
0.0030082924
0.0029681644
0.0029283983
0.0028889969
0.0028499537
0.002811249
0.0027728484
0.0027347049
0.0026967627
0.0026589606
0.0026212376
0.0025835407
0.0025458346
0.0025081081
0.0024703706
0.0024326373
0.002394901
0.0023571007
0.002319116
0.0022808064
0.002242069
0.0022028657
0.0021632087
0.0021231239
0.0020826216
0.0020416896
0.0020003062
0.0019584558
0.001916127
0.0018733035
0.0018299679
0.0017861039
0.0017416897
0.0016966992
0.0016511064
0.0016048829
0.0015580003
0.0015104289
0.001462135
0.0014130865
0.0013632453
0.0013125713
0.0012610182
0.0012085492
0.001155085
0.0011005084
0.0010447487
0.00098781525
0.00092973095
0.0008719567
0.00081566319
0.00075950264
0.00070115547
0.00064140466
0.00058172887
0.00052273767
0.00046432545
0.00040732387
0.00035114926
0.0003017085
0.00025079205
0.00022338794
7.3017063e-06
0.0045612494
0.0045448091
0.0045263682
0.0045051804
0.0044807182
0.0044529411
0.004421968
0.0043878843
0.0043507725
0.0043107805
0.0042681338
0.0042231154
0.0041760475
0.0041272813
0.004077188
0.0040261448
0.0039745197
0.0039226556
0.0038708577
0.0038193834
0.0037684361
0.003718164
0.0036686637
0.003619987
0.0035721495
0.0035251404
0.0034789307
0.0034334804
0.0033887436
0.0033446711
0.003301212
0.0032583146
0.0032159272
0.0031740003
0.0031324901
0.0030913613
0.0030505905
0.0030101659
0.0029700855
0.0029303518
0.0028909656
0.0028519198
0.0028131956
0.0027747612
0.0027365731
0.0026985792
0.0026607225
0.0026229459
0.0025851993
0.0025474481
0.0025096783
0.0024718941
0.0024341044
0.0023962978
0.0023584169
0.0023203519
0.0022819743
0.002243186
0.0022039464
0.0021642611
0.0021241503
0.0020836219
0.0020426642
0.0020012566
0.0019593829
0.001917031
0.0018741849
0.001830827
0.0017869402
0.0017425031
0.0016974899
0.0016518746
0.001605629
0.0015587247
0.001511132
0.0014628176
0.0014137491
0.0013638889
0.0013131973
0.0012616285
0.001209144
0.0011556687
0.0011010934
0.0010453489
0.00098845107
0.00093046467
0.00087272435
0.00081631463
0.00076003079
0.00070169715
0.00064197111
0.00058227412
0.00052322302
0.00046473413
0.00040758481
0.00035128866
0.00030123658
0.00025004925
0.00021679675
1.3548357e-05
0.0045203148
0.0045045188
0.0044868618
0.004466669
0.0044434627
0.004417197
0.0043879642
0.0043558245
0.0043208346
0.0042831097
0.0042428355
0.0042002504
0.0041556304
0.0041092812
0.0040615303
0.0040127153
0.0039631705
0.0039132131
0.0038631314
0.0038131754
0.00376355
0.0037144129
0.0036658757
0.003618009
0.0035708483
0.0035244025
0.0034786607
0.0034335987
0.0033891839
0.0033453783
0.0033021405
0.0032594271
0.0032171939
0.0031753981
0.0031340011
0.0030929715
0.0030522872
0.0030119366
0.002971916
0.002932226
0.0028928655
0.0028538272
0.0028150933
0.0027766344
0.0027384101
0.0027003722
0.0026624676
0.0026246428
0.0025868507
0.002549057
0.0025112459
0.0024734168
0.0024355727
0.0023976991
0.0023597413
0.0023215996
0.0022831559
0.0022443175
0.0022050415
0.0021653277
0.002125191
0.0020846369
0.0020436539
0.0020022223
0.0019603257
0.001917951
0.0018750824
0.0018317022
0.0017877928
0.0017433329
0.0016982971
0.0016526592
0.0016063915
0.0015594653
0.0015118513
0.0014635163
0.0014144277
0.0013645485
0.001313839
0.0012622545
0.0012097549
0.0011562688
0.0011016948
0.0010459661
0.00098910483
0.00093121104
0.00087350315
0.00081698489
0.00076057388
0.00070225042
0.00064254828
0.00058282886
0.00052371529
0.00046514543
0.00040784299
0.00035140983
0.00030073498
0.00024916164
0.00021044413
1.9289084e-05
0.0044801615
0.0044649748
0.0044480558
0.0044287947
0.0044067586
0.0043818975
0.0043542816
0.0043239505
0.0042909396
0.0042553363
0.0042172912
0.0041770035
0.0041347077
0.0040906679
0.004045171
0.0039985175
0.003951009
0.0039029369
0.0038545712
0.0038061521
0.0037578826
0.0037099259
0.0036624049
0.003615405
0.003568979
0.003523153
0.0034779327
0.0034333089
0.0033892619
0.0033457649
0.0033027861
0.0032602908
0.0032182423
0.0031766044
0.0031353441
0.0030944337
0.0030538534
0.0030135918
0.0029736444
0.0029340101
0.002894687
0.0028556672
0.0028169341
0.0027784604
0.0027402091
0.0027021354
0.00266419
0.0026263231
0.0025884899
0.0025506573
0.0025128073
0.0024749353
0.0024370394
0.0023991022
0.0023610717
0.0023228569
0.0022843495
0.0022454618
0.0022061495
0.0021664074
0.002126245
0.0020856656
0.0020446578
0.0020032027
0.0019612834
0.0019188862
0.0018759954
0.0018325931
0.0017886613
0.0017441787
0.0016991203
0.00165346
0.0016071701
0.0015602222
0.0015125867
0.0014642309
0.0014151222
0.0013652239
0.0013144967
0.0012628964
0.0012103819
0.0011568855
0.001102313
0.0010466007
0.00098977648
0.00093197011
0.00087429318
0.00081767076
0.00076113416
0.00070281595
0.00064313608
0.00058339288
0.00052421416
0.00046555885
0.00040809764
0.00035151137
0.00030020118
0.00024813628
0.00020434848
2.4534224e-05
0.0044407532
0.0044261435
0.0044099198
0.0043915319
0.0043705871
0.0043470323
0.0043209194
0.0042922711
0.0042611055
0.0042274863
0.0041915339
0.0041534126
0.0041133202
0.004071483
0.0040281507
0.0039835886
0.0039380674
0.0038918528
0.0038451957
0.0037983242
0.003751437
0.0037046991
0.0036582411
0.00361216
0.0035665228
0.0035213706
0.003476724
0.0034325877
0.0033889543
0.0033458081
0.0033031271
0.0032608849
0.0032190526
0.0031776007
0.0031365017
0.003095732
0.0030552743
0.0030151181
0.0029752583
0.0029356932
0.0028964197
0.0028574302
0.0028187091
0.0027802313
0.0027419628
0.0027038621
0.0026658837
0.0026279811
0.0025901122
0.0025522445
0.0025143587
0.0024764464
0.0024385017
0.0024005046
0.0023624056
0.0023241215
0.002285553
0.0022466173
0.0022072693
0.0021674989
0.0021273112
0.0020867072
0.0020456753
0.0020041971
0.0019622555
0.0019198363
0.0018769236
0.0018334995
0.0017895455
0.0017450405
0.0016999596
0.0016542769
0.0016079649
0.0015609952
0.0015133383
0.0014649618
0.001415833
0.0013659156
0.0013151705
0.0012635544
0.0012110254
0.0011575192
0.0011029483
0.0010472528
0.00099046616
0.00093274223
0.00087509443
0.00081837249
0.00076171291
0.0007033939
0.00064373429
0.00058396604
0.00052471946
0.00046597403
0.00040834817
0.00035159216
0.00029963264
0.00024698348
0.0001985356
2.928847e-05
0.0044020557
0.0043879925
0.0043724247
0.0043548562
0.0043349298
0.0043125907
0.0042878754
0.0042607932
0.0042313478
0.0041995833
0.0041655939
0.0041295135
0.0040915072
0.0040517671
0.0040105092
0.0039679661
0.003924379
0.0038799883
0.0038350255
0.0037897052
0.003744219
0.0036987312
0.0036533769
0.0036082614
0.0035634631
0.0035190358
0.0034750132
0.0034314126
0.0033882385
0.0033454856
0.0033031415
0.0032611882
0.0032196046
0.0031783679
0.0031374559
0.0030968497
0.0030565345
0.0030165011
0.0029767447
0.002937263
0.0028980527
0.0028591062
0.0028204091
0.0027819384
0.002743663
0.0027055449
0.0026675418
0.0026296107
0.0025917118
0.0025538136
0.0025158954
0.0024779461
0.0024399559
0.0024019029
0.0023637401
0.0023253907
0.0022867641
0.002247782
0.0022083988
0.0021686006
0.0021283883
0.0020877603
0.002046705
0.0020052043
0.001963241
0.0019208003
0.0018778662
0.0018344205
0.0017904447
0.0017459175
0.0017008144
0.0016551095
0.0016087755
0.0015617841
0.0015141058
0.0014657086
0.0014165597
0.0013666232
0.0013158603
0.0012642284
0.0012116853
0.0011581696
0.0011036006
0.0010479225
0.00099117358
0.00093352723
0.00087590663
0.00081908985
0.00076230987
0.00070398395
0.00064434247
0.00058454791
0.00052523069
0.00046639027
0.00040859366
0.00035165084
0.0002990266
0.00024571373
0.00019303496
3.355745e-05
0.004364036
0.0043504911
0.0043355427
0.0043187435
0.0042997685
0.0042785614
0.0042551465
0.004229522
0.0042016804
0.004171649
0.0041394997
0.00410534
0.0040693062
0.0040315599
0.0039922862
0.0039516878
0.0039099779
0.0038673726
0.0038240835
0.0037803109
0.0037362375
0.0036920242
0.0036478078
0.0036036993
0.0035597856
0.003516131
0.0034727804
0.0034297625
0.0033870925
0.0033447753
0.0033028075
0.0032611797
0.003219878
0.0031788865
0.0031381886
0.0030977697
0.0030576181
0.0030177263
0.0029780902
0.0029387074
0.0028995745
0.0028606846
0.0028220243
0.0027835728
0.0027453017
0.0027071763
0.0026691576
0.0026312056
0.0025932832
0.0025553595
0.0025174133
0.0024794307
0.0024413988
0.0024032944
0.0023650724
0.0023266622
0.0022879806
0.002248954
0.0022095368
0.0021697115
0.0021294752
0.0020888241
0.0020477462
0.0020062238
0.0019642395
0.0019217779
0.0018788228
0.0018353562
0.0017913589
0.0017468099
0.0017016849
0.001655958
0.0016096022
0.0015625892
0.0015148896
0.0014664718
0.0014173028
0.0013673472
0.0013165667
0.0012649191
0.0012123622
0.0011588376
0.0011042706
0.0010486102
0.00099189915
0.00093432566
0.00087673026
0.00081982318
0.00076292545
0.00070458679
0.00064496097
0.00058513871
0.00052574795
0.00046680747
0.00040883372
0.00035168694
0.00029838251
0.00024433736
0.00018786107
3.7357133e-05
0.0043266629
0.0043136096
0.0042992465
0.0042831704
0.0042650848
0.0042449327
0.0042227282
0.004198461
0.0041721145
0.0041437021
0.0041132768
0.0040809235
0.0040467526
0.0040108992
0.0039735203
0.003934791
0.0038948985
0.0038540356
0.0038123943
0.0037701595
0.0037275038
0.0036845829
0.0036415324
0.0035984666
0.0035554785
0.0035126407
0.0034700075
0.0034276173
0.0033854953
0.0033436556
0.0033021036
0.0032608379
0.003219852
0.0031791365
0.0031386806
0.0030984739
0.0030585082
0.0030187779
0.0029792801
0.0029400126
0.0029009726
0.0028621537
0.0028235438
0.0027851243
0.0027468693
0.0027087474
0.0026707227
0.0026327583
0.0025948193
0.002556876
0.0025189065
0.0024808948
0.0024428257
0.0024046747
0.0023663984
0.002327932
0.0022891989
0.0022501302
0.0022106802
0.0021708288
0.0021305695
0.0020898964
0.0020487969
0.0020072537
0.0019652491
0.0019227673
0.001879792
0.0018363048
0.0017922867
0.0017477163
0.0017025697
0.0016568212
0.0016104437
0.0015634094
0.0015156887
0.0014672503
0.0014180614
0.0013680868
0.0013172887
0.0012656256
0.0012130553
0.0011595223
0.0011049578
0.0010493152
0.000992642
0.00093513683
0.00087756459
0.00082057157
0.00076355886
0.00070520192
0.00064558891
0.00058573743
0.00052627018
0.00046722438
0.00040906698
0.0003516987
0.00029770145
0.00024286578
0.00018300243
4.0702761e-05
0.0042899077
0.004277321
0.0042635113
0.0042481152
0.0042308616
0.0042116931
0.0041906159
0.004167613
0.0041426604
0.0041157602
0.0040869495
0.0040562934
0.0040238805
0.0039898217
0.0039542492
0.0039173128
0.0038791757
0.0038400084
0.0037999837
0.0037592711
0.0037180318
0.0036764144
0.0036345517
0.0035925589
0.0035505327
0.0035085518
0.0034666783
0.0034249588
0.0033834271
0.003342106
0.003301009
0.0032601423
0.0032195067
0.0031790988
0.0031389135
0.003098945
0.0030591886
0.0030196409
0.0029803004
0.0029411659
0.0029022352
0.0028635026
0.0028249577
0.0027865836
0.0027483575
0.0027102505
0.0026722302
0.0026342625
0.0025963146
0.0025583582
0.0025203708
0.0024823351
0.0024442336
0.002406041
0.0023677159
0.0023291983
0.0022904176
0.0022513093
0.0022118283
0.002171952
0.0021316709
0.0020909769
0.0020498572
0.0020082941
0.0019662702
0.0019237691
0.0018807742
0.0018372672
0.0017932287
0.0017486375
0.0017034698
0.0016577
0.0016113013
0.0015642458
0.0015165042
0.0014680454
0.0014188368
0.0013688434
0.0013180279
0.0012663495
0.0012137662
0.0011602253
0.0011056634
0.0010500391
0.00099340333
0.00093596208
0.00087841087
0.0008213361
0.00076421125
0.00070583073
0.00064622727
0.00058634489
0.00052679813
0.00046764158
0.00040929379
0.00035168643
0.00029698639
0.00024131013
0.00017844793
4.3619586e-05
0.0042537398
0.0042415971
0.0042283116
0.0042135555
0.0041970808
0.0041788303
0.0041588036
0.0041369787
0.0041133259
0.0040878383
0.0040605392
0.0040314771
0.0040007216
0.0039683624
0.0039345095
0.0038992899
0.0038628444
0.0038253228
0.0037868794
0.003747668
0.0037078378
0.0036675289
0.0036268698
0.0035859744
0.0035449412
0.0035038531
0.0034627779
0.0034217694
0.0033808686
0.0033401059
0.0032995023
0.0032590712
0.0032188201
0.0031787517
0.0031388664
0.003099163
0.00305964
0.003020297
0.0029811341
0.0029421512
0.0029033469
0.002864717
0.0028262522
0.0027879381
0.002749754
0.0027116743
0.0026736694
0.0026357081
0.0025977598
0.0025597973
0.0025217982
0.0024837439
0.0024456155
0.0024073869
0.0023690186
0.002330455
0.002291631
0.0022524861
0.0022129762
0.0021730766
0.002132775
0.0020920617
0.0020509229
0.0020093413
0.0019672991
0.0019247797
0.0018817661
0.0018382401
0.001794182
0.0017495706
0.0017043823
0.0016585917
0.0016121722
0.0015650958
0.0015173337
0.0014688547
0.0014196266
0.0013696146
0.001318782
0.0012670884
0.0012144926
0.0011609443
0.0011063855
0.0010507795
0.00099418088
0.00093679931
0.00087926702
0.00082211449
0.00076488044
0.0007064713
0.00064687383
0.00058695873
0.0005273294
0.00046805654
0.00040951148
0.00035164773
0.00029623751
0.00023967772
0.0001741817
4.6132998e-05
0.0039569299
0.0040780757
0.0043016147
0.0045592807
0.0048573721
0.0052109527
0.005634632
0.0061691833
0.0068807731
0.008070436
0.003956921
0.0040780567
0.0043015788
0.004559207
0.0048572055
0.0052105626
0.0056336046
0.00616523
0.0068635242
0.0078831031
0.0039569032
0.0040780187
0.0043015055
0.0045590547
0.0048568617
0.0052097471
0.0056314553
0.0061572503
0.0068304456
0.0076809789
0.003956875
0.0040779589
0.0043013894
0.0045588132
0.0048563197
0.0052084579
0.005628051
0.0061452716
0.0067856208
0.0075060812
0.0039568354
0.0040778757
0.0043012267
0.0045584749
0.0048555615
0.0052066566
0.0056232738
0.0061296979
0.0067316537
0.007350072
0.0039567831
0.0040777667
0.0043010131
0.0045580304
0.0048545677
0.0052042949
0.0056170766
0.0061106673
0.0066726135
0.0072060704
0.003956717
0.0040776299
0.0043007437
0.0045574701
0.0048533173
0.0052013285
0.0056094155
0.0060883819
0.006611036
0.0070707829
0.0039566357
0.0040774626
0.0043004134
0.0045567835
0.0048517884
0.0051977168
0.0056002406
0.0060631745
0.0065473532
0.0069427993
0.0039565378
0.0040772624
0.0043000169
0.0045559598
0.0048499583
0.005193417
0.0055895318
0.0060352577
0.006482026
0.0068215165
0.0039564218
0.0040770263
0.0042995482
0.0045549871
0.0048478036
0.0051883894
0.0055772741
0.0060048382
0.0064155298
0.0067063494
0.003956286
0.0040767514
0.0042990011
0.0045538532
0.0048453001
0.005182596
0.0055634616
0.0059721256
0.0063482689
0.0065967398
0.0039561286
0.0040764344
0.0042983691
0.0045525449
0.0048424228
0.0051760011
0.0055480982
0.0059373248
0.0062805818
0.0064921996
0.0039559477
0.004076072
0.004297645
0.0045510486
0.0048391467
0.0051685715
0.0055311973
0.005900634
0.006212755
0.0063923024
0.0039557413
0.0040756604
0.0042968213
0.0045493498
0.0048354461
0.0051602767
0.0055127806
0.005862244
0.0061450307
0.0062966711
0.003955507
0.0040751957
0.00429589
0.0045474336
0.0048312952
0.0051510895
0.0054928778
0.0058223384
0.0060776116
0.0062049708
0.0039552426
0.0040746738
0.0042948427
0.0045452841
0.0048266684
0.0051409859
0.0054715259
0.0057810927
0.006010666
0.0061169039
0.0039549455
0.0040740902
0.0042936703
0.0045428851
0.0048215401
0.0051299458
0.0054487685
0.0057386741
0.005944333
0.0060322052
0.0039546129
0.0040734401
0.0042923634
0.0045402197
0.0048158851
0.0051179524
0.005424655
0.0056952409
0.0058787259
0.0059506377
0.0039542419
0.0040727185
0.004290912
0.0045372704
0.0048096787
0.0051049932
0.0053992401
0.0056509427
0.0058139362
0.0058719887
0.0039538294
0.0040719201
0.0042893056
0.0045340193
0.0048028969
0.0050910594
0.0053725831
0.0056059201
0.0057500366
0.005796067
0.003953372
0.0040710391
0.004287533
0.004530448
0.0047955168
0.0050761466
0.0053447471
0.0055603047
0.005687084
0.0057226997
0.0039528661
0.0040700694
0.0042855827
0.0045265378
0.0047875164
0.0050602542
0.0053157985
0.0055142193
0.0056251216
0.0056517303
0.0039523078
0.0040690048
0.0042834426
0.0045222696
0.004778875
0.005043386
0.0052858061
0.0054677776
0.0055641814
0.0055830163
0.003951693
0.0040678384
0.0042811
0.0045176241
0.0047695736
0.0050255499
0.0052548404
0.0054210852
0.0055042857
0.0055164277
0.0039510173
0.0040665631
0.0042785417
0.0045125822
0.0047595947
0.0050067574
0.0052229736
0.005374239
0.0054454485
0.0054518454
0.003950276
0.0040651712
0.004275754
0.0045071243
0.0047489227
0.0049870245
0.0051902782
0.005327328
0.0053876774
0.0053891598
0.0039494641
0.0040636548
0.0042727228
0.0045012312
0.0047375439
0.0049663704
0.005156827
0.0052804333
0.005330974
0.0053282701
0.0039485763
0.0040620054
0.0042694335
0.0044948839
0.0047254467
0.0049448181
0.0051226923
0.0052336288
0.0052753352
0.0052690829
0.0039476069
0.0040602144
0.004265871
0.0044880636
0.0047126221
0.0049223939
0.0050879457
0.0051869811
0.0052207541
0.0052115116
0.0039465497
0.0040582723
0.0042620199
0.004480752
0.0046990629
0.0048991272
0.0050526575
0.0051405503
0.0051672201
0.0051554758
0.0039453984
0.0040561695
0.0042578643
0.0044729314
0.0046847649
0.0048750502
0.005016896
0.00509439
0.00511472
0.0051009004
0.0039441461
0.0040538958
0.0042533884
0.0044645849
0.004669726
0.0048501977
0.0049807281
0.0050485479
0.0050632384
0.0050477153
0.0039427856
0.0040514406
0.0042485756
0.0044556962
0.004653947
0.0048246066
0.0049442178
0.0050030661
0.0050127575
0.0049958546
0.0039413091
0.0040487929
0.0042434096
0.0044462502
0.004637431
0.0047983157
0.0049074268
0.0049579813
0.0049632582
0.0049452567
0.0039397084
0.0040459412
0.0042378738
0.0044362328
0.0046201839
0.0047713656
0.0048704141
0.0049133253
0.0049147199
0.0048958632
0.003937975
0.0040428737
0.0042319514
0.0044256311
0.0046022139
0.0047437981
0.0048332355
0.0048691255
0.0048671209
0.0048476193
0.0039360996
0.0040395779
0.0042256261
0.0044144335
0.004583532
0.0047156557
0.0047959439
0.0048254046
0.0048204384
0.0048004729
0.0039340725
0.0040360413
0.0042188813
0.0044026299
0.0045641513
0.0046869819
0.0047585888
0.0047821816
0.0047746491
0.0047543748
0.0039318837
0.0040322507
0.0042117008
0.0043902118
0.0045440875
0.0046578201
0.0047212168
0.0047394717
0.004729729
0.0047092781
0.0039295222
0.0040281927
0.0042040688
0.0043771724
0.0045233583
0.0046282139
0.0046838706
0.0046972866
0.0046856535
0.0046651383
0.0039269768
0.0040238536
0.0041959697
0.0043635064
0.0045019836
0.0045982067
0.0046465902
0.0046556349
0.0046423978
0.0046219129
0.0039242356
0.0040192194
0.0041873886
0.0043492104
0.004479985
0.0045678412
0.0046094118
0.0046145223
0.0045999369
0.0045795615
0.0039212861
0.0040142757
0.0041783113
0.004334283
0.0044573861
0.0045371591
0.0045723685
0.0045739517
0.0045582455
0.0045380453
0.0039181152
0.0040090082
0.004168724
0.0043187246
0.0044342118
0.0045062014
0.0045354904
0.0045339237
0.0045172986
0.0044973274
0.0039147092
0.0040034022
0.004158614
0.0043025375
0.0044104884
0.0044750075
0.004498804
0.0044944367
0.0044770708
0.0044573723
0.0039110539
0.0039974429
0.0041479693
0.0042857261
0.0043862436
0.0044436156
0.0044623332
0.0044554869
0.0044375373
0.0044181462
0.0039071342
0.0039911157
0.0041367792
0.0042682967
0.0043615055
0.004412062
0.0044260987
0.0044170689
0.004398673
0.0043796164
0.0039029347
0.0039844057
0.0041250338
0.0042502577
0.0043363034
0.0043803813
0.0043901185
0.0043791759
0.0043604535
0.0043417519
0.0038984393
0.0039772984
0.0041127242
0.0042316195
0.0043106668
0.0043486063
0.0043544076
0.0043417989
0.0043228546
0.0043045233
0.003893631
0.0039697795
0.0040998431
0.0042123944
0.0042846261
0.0043167681
0.004318979
0.0043049277
0.0042858508
0.0042678998
0.0038882782
0.0039615053
0.0040858254
0.0041917722
0.0042571128
0.0042835712
0.0042823841
0.0042670422
0.0042479069
0.0042303573
0.0038817115
0.0039514887
0.0040690687
0.0041674945
0.004225239
0.0042456418
0.0042409746
0.0042243993
0.0042052853
0.0041881995
0.0038732005
0.0039387282
0.0040480659
0.0041375917
0.0041867112
0.0042005212
0.0041922476
0.0041745102
0.0041555269
0.0041389945
0.0038620888
0.0039224377
0.0040218248
0.004100943
0.0041404904
0.0041473582
0.0041355112
0.004116765
0.0040980454
0.0040821546
0.0038474682
0.0039015886
0.0039892252
0.0040563594
0.0040855692
0.0040854197
0.0040702282
0.004050711
0.0040324093
0.0040172514
0.0038281236
0.003874888
0.0039490041
0.0040026436
0.0040210578
0.004014167
0.003996074
0.0039760962
0.0039583644
0.0039440036
0.0038024976
0.0038408006
0.0038997416
0.0039386711
0.0039462834
0.0039333149
0.0039129579
0.003892891
0.0038759062
0.0038624311
0.0037686281
0.0037974981
0.0038399616
0.0038635619
0.0038609389
0.0038429189
0.0038210501
0.0038012097
0.0037850271
0.003772418
0.0037241527
0.0037429407
0.003768319
0.0037768346
0.0037651358
0.0037433572
0.0037208714
0.0037017507
0.0036866207
0.0036749902
0.0036664263
0.0036750439
0.0036837731
0.0036784779
0.0036593783
0.0036350832
0.0036124406
0.0035939784
0.0035797124
0.0035689392
0.0035928238
0.00359196
0.0035857481
0.0035689182
0.0035446372
0.0035196442
0.003498178
0.0034812185
0.0034682346
0.0034584498
0.0035012212
0.0034925293
0.0034743658
0.0034488951
0.003420921
0.0033951553
0.0033740304
0.0033578031
0.0033456963
0.0033367716
0.0033908109
0.0033765907
0.0033505118
0.0033207758
0.0032933
0.0032703731
0.0032521226
0.0032379672
0.0032272225
0.0032192236
0.0032628518
0.0032458107
0.0032150701
0.0031813691
0.0031514951
0.0031276657
0.0031096501
0.0030963603
0.0030866502
0.0030795888
0.0031211745
0.0031046743
0.003077257
0.003050502
0.0030286708
0.0030112464
0.0029972548
0.0029862239
0.0029778119
0.0029715672
0.0029727731
0.0029539658
0.002920401
0.0028864257
0.0028599915
0.0028414661
0.0028283719
0.0028187928
0.002811742
0.002806617
0.0028306782
0.0028281173
0.0028191239
0.0028077733
0.0027956745
0.00278384
0.0027733822
0.0027649441
0.0027584917
0.0027536576
0.0026850545
0.0026446581
0.0026012007
0.002570984
0.0025511194
0.0025366761
0.0025257912
0.0025178247
0.0025121298
0.0025080483
0.0042166528
0.0042049504
0.0041921826
0.0041780545
0.0041623397
0.004144982
0.0041259755
0.0041052941
0.0040829039
0.0040587902
0.0040329647
0.0040054611
0.0039763317
0.0039456472
0.0039134969
0.0038799865
0.0038452357
0.0038093739
0.0037725369
0.0037348625
0.0036964868
0.0036575405
0.0036181456
0.0035784132
0.0035384418
0.0034983167
0.00345811
0.003417881
0.0033776774
0.0033375364
0.003297486
0.0032575463
0.0032177315
0.0031780504
0.0031385087
0.0030991099
0.0030598565
0.0030207508
0.0029817948
0.0029429902
0.0029043368
0.0028658316
0.0028274673
0.0027892313
0.0027511059
0.0027130681
0.0026750915
0.0026371477
0.0025992085
0.002561248
0.0025232439
0.0024851767
0.0024470264
0.0024087668
0.0023703598
0.002331754
0.0022928897
0.0022537103
0.0022141728
0.0021742509
0.0021339299
0.0020931981
0.0020520412
0.0020104416
0.0019683817
0.0019258443
0.0018828124
0.0018392675
0.0017951898
0.0017505582
0.0017053491
0.0016595374
0.0016130966
0.001565999
0.0015182158
0.0014697162
0.001420468
0.001370437
0.0013195866
0.0012678777
0.0012152693
0.0011617139
0.0011071585
0.0010515718
0.00099501102
0.00093768719
0.00088017221
0.00082294253
0.00076559777
0.00070715381
0.00064755847
0.00058760721
0.00052788861
0.00046848863
0.0004097308
0.00035158231
0.00029542747
0.00023790938
0.00017002499
4.8370054e-05
0.0041749934
0.0041637664
0.0041515557
0.0041380996
0.0041231935
0.0041067826
0.0040888562
0.0040693849
0.0040483314
0.004025674
0.0040014137
0.0039755701
0.003948179
0.0039192925
0.0038889793
0.0038573237
0.0038244234
0.0037903866
0.0037553291
0.0037193711
0.0036826337
0.0036452356
0.0036072903
0.0035689037
0.0035301723
0.0034911821
0.003452008
0.0034127138
0.0033733531
0.0033339695
0.0032945979
0.0032552654
0.003215993
0.0031767959
0.0031376858
0.0030986713
0.0030597592
0.0030209552
0.0029822642
0.0029436897
0.0029052334
0.0028668941
0.0028286664
0.0027905403
0.002752501
0.0027145289
0.0026766009
0.0026386915
0.0026007754
0.0025628282
0.0025248281
0.0024867551
0.0024485884
0.0024103016
0.0023718587
0.0023332125
0.0022943087
0.0022550949
0.0022155295
0.0021755851
0.0021352444
0.0020944939
0.0020533185
0.0020117006
0.0019696222
0.0019270661
0.0018840147
0.0018404495
0.0017963507
0.001751697
0.0017064652
0.0016606303
0.001614166
0.0015670448
0.001519238
0.0014707153
0.0014214447
0.0013713923
0.0013205223
0.0012687962
0.0012161742
0.0011626113
0.0011080603
0.0010524955
0.00099597693
0.0009387137
0.00088121536
0.00082390192
0.00076643458
0.00070794515
0.00064834688
0.00058835158
0.00052852706
0.00046897449
0.00040996464
0.00035146979
0.00029446217
0.00023581535
0.00016556701
5.0510986e-05
0.0041263506
0.004115652
0.0041040583
0.0040913426
0.0040773221
0.0040619435
0.0040451921
0.0040270365
0.0040074366
0.0039863649
0.0039638126
0.003939786
0.0039143052
0.0038874037
0.00385913
0.0038295464
0.0037987279
0.0037667601
0.0037337372
0.0036997593
0.0036649297
0.0036293527
0.00359313
0.0035563595
0.0035191327
0.0034815338
0.0034436385
0.0034055136
0.0033672171
0.0033287984
0.0032902988
0.0032517527
0.0032131877
0.0031746262
0.0031360861
0.0030975819
0.0030591255
0.0030207267
0.0029823938
0.0029441332
0.002905949
0.0028678422
0.0028298104
0.0027918465
0.002753939
0.0027160721
0.0026782266
0.0026403807
0.0026025119
0.0025645981
0.0025266184
0.0024885527
0.0024503799
0.0024120738
0.002373601
0.0023349185
0.0022959778
0.0022567311
0.0022171388
0.0021771724
0.0021368127
0.002096044
0.0020548503
0.0020132138
0.0019711166
0.0019285408
0.0018854687
0.0018418816
0.0017977597
0.0017530816
0.0017078243
0.0016619631
0.001615472
0.0015683238
0.00152049
0.0014719405
0.0014226439
0.0013725669
0.0013216741
0.0012699283
0.0012172908
0.0011637202
0.0011091748
0.0010536359
0.0009971655
0.00093996697
0.00088248387
0.00082507631
0.00076746842
0.00070891728
0.00064930714
0.00058925487
0.00052929832
0.00046955318
0.00041023017
0.00035129447
0.00029327119
0.00023326791
0.00016061128
5.2557044e-05
0.0040701303
0.004060009
0.0040490866
0.0040371699
0.0040240978
0.0040098193
0.0039943169
0.0039775581
0.0039595016
0.0039401155
0.0039193825
0.0038972975
0.0038738662
0.0038491053
0.0038230438
0.0037957228
0.0037671949
0.0037375228
0.0037067779
0.0036750388
0.0036423889
0.0036089149
0.0035747041
0.0035398427
0.0035044142
0.0034684974
0.0034321658
0.0033954866
0.00335852
0.0033213196
0.0032839321
0.0032463978
0.003208751
0.0031710208
0.0031332317
0.0030954043
0.0030575562
0.003019702
0.0029818542
0.0029440227
0.0029062149
0.002868435
0.0028306838
0.0027929578
0.0027552495
0.0027175474
0.0026798366
0.0026420995
0.0026043172
0.0025664701
0.002528539
0.0024905045
0.0024523455
0.0024140371
0.0023755484
0.0023368412
0.0022978727
0.0022586002
0.0022189864
0.0021790026
0.0021386278
0.0020978444
0.0020566353
0.0020149827
0.0019728683
0.0019302739
0.0018871816
0.0018435725
0.0017994267
0.001754723
0.0017094385
0.0016635489
0.0016170285
0.0015698504
0.0015219865
0.0014734072
0.0014240815
0.0013739767
0.0013230585
0.0012712909
0.0012186369
0.0011650587
0.0011105212
0.0010550125
0.00099859616
0.00094146467
0.0008839939
0.00082648265
0.00076871658
0.00071008324
0.00065044689
0.00059032026
0.00053019944
0.00047021159
0.00041050051
0.00035100774
0.0002917922
0.00023021082
0.00015522036
5.4314935e-05
0.0040059039
0.0039964038
0.0039861976
0.0039751248
0.0039630458
0.0039499127
0.0039357063
0.0039203944
0.0039039359
0.0038862962
0.0038674516
0.0038473881
0.0038260991
0.003803587
0.0037798636
0.0037549509
0.0037288802
0.0037016925
0.0036734366
0.0036441689
0.0036139519
0.0035828527
0.0035509412
0.0035182889
0.0034849675
0.0034510469
0.0034165946
0.0033816744
0.0033463458
0.0033106635
0.0032746772
0.0032384313
0.0032019655
0.0031653146
0.0031285091
0.0030915755
0.0030545371
0.0030174137
0.0029802225
0.0029429778
0.0029056908
0.0028683698
0.0028310194
0.0027936404
0.00275623
0.0027187812
0.0026812841
0.0026437258
0.0026060914
0.0025683647
0.0025305289
0.0024925661
0.0024544564
0.0024161767
0.0023776992
0.0023389907
0.0023000141
0.0022607318
0.0022211098
0.0021811199
0.0021407396
0.0020999501
0.0020587332
0.0020170709
0.0019749445
0.0019323359
0.0018892267
0.0018455979
0.0018014297
0.001756701
0.0017113891
0.0016654702
0.001618919
0.0015717091
0.0015238128
0.0014752011
0.0014258435
0.0013757083
0.0013247624
0.0012729711
0.0012203
0.0011667149
0.0011121876
0.0010567132
0.0010003553
0.00094328998
0.00088582588
0.00082820188
0.00077026052
0.00071151931
0.00065183418
0.00059160873
0.00053128315
0.0004709895
0.00041079901
0.00035060955
0.00029002371
0.00022666891
0.0001495526
5.5600424e-05
0.0039333639
0.0039245111
0.003915048
0.003904842
0.0038937734
0.0038817988
0.0038688989
0.0038550427
0.0038401907
0.0038243076
0.0038073659
0.003789345
0.0037702295
0.0037500103
0.0037286853
0.0037062602
0.0036827483
0.0036581707
0.0036325557
0.0036059385
0.0035783604
0.0035498681
0.0035205129
0.0034903489
0.0034594327
0.0034278217
0.0033955735
0.0033627443
0.0033293889
0.0032955593
0.0032613046
0.0032266705
0.0031916991
0.0031564289
0.0031208947
0.0030851279
0.0030491567
0.0030130059
0.0029766973
0.0029402499
0.0029036793
0.0028669983
0.0028302159
0.0027933378
0.0027563661
0.0027192992
0.0026821323
0.0026448578
0.0026074654
0.0025699431
0.0025322772
0.0024944525
0.0024564515
0.0024182537
0.0023798351
0.0023411675
0.0023022196
0.0022629593
0.002223356
0.0021833832
0.0021430179
0.0021022404
0.002061032
0.0020193742
0.0019772486
0.0019346366
0.0018915199
0.0018478795
0.0018036955
0.001758947
0.001713612
0.0016676669
0.0016210872
0.0015738468
0.0015259189
0.001477275
0.0014278856
0.00137772
0.0013267464
0.0012749322
0.0012222454
0.0011686565
0.0011141435
0.0010587081
0.0010024119
0.0009454092
0.00088794432
0.00083020038
0.00077206929
0.00071319091
0.00065342544
0.00059306839
0.00053248896
0.00047181324
0.00041103578
0.00034999266
0.00028786887
0.00022264609
0.00014370065
5.6138238e-05
0.0038525443
0.0038443607
0.0038356548
0.0038263224
0.0038162626
0.0038054359
0.0037938235
0.003781397
0.00376812
0.0037539581
0.0037388825
0.0037228688
0.003705896
0.003687947
0.0036690098
0.0036490777
0.0036281496
0.0036062305
0.003583331
0.0035594675
0.0035346623
0.0035089427
0.0034823406
0.0034548923
0.0034266373
0.0033976178
0.0033678779
0.0033374627
0.0033064178
0.0032747882
0.0032426183
0.0032099508
0.0031768267
0.0031432846
0.003109361
0.0030750897
0.0030405017
0.0030056256
0.0029704871
0.0029351091
0.0028995117
0.0028637118
0.0028277232
0.0027915567
0.0027552193
0.0027187152
0.002682045
0.0026452064
0.0026081947
0.0025710025
0.0025336204
0.0024960367
0.0024582375
0.0024202063
0.0023819231
0.0023433652
0.0023045072
0.0022653223
0.0022257844
0.0021858691
0.0021455545
0.0021048207
0.0020636488
0.0020220206
0.0019799177
0.0019373218
0.0018942144
0.0018505769
0.0018063896
0.001761632
0.0017162825
0.0016703184
0.0016237156
0.0015764492
0.0015284928
0.001479819
0.0014303996
0.0013802049
0.001329205
0.0012773695
0.0012246695
0.0011710798
0.0011165845
0.0010611905
0.0010049544
0.00094800487
0.000890527
0.00083265485
0.00077431982
0.00071526928
0.00065537858
0.00059484312
0.00053394771
0.00047279722
0.00041130797
0.00034924349
0.00028544606
0.00021837223
0.00013793648
5.5922885e-05
0.0037632694
0.0037557555
0.0037478023
0.0037393234
0.0037302372
0.0037205112
0.0037101281
0.0036990624
0.0036872813
0.003674753
0.0036614494
0.0036473451
0.0036324163
0.0036166417
0.0036000028
0.0035824848
0.0035640766
0.0035447712
0.0035245657
0.0035034618
0.0034814655
0.0034585874
0.0034348422
0.0034102487
0.0033848296
0.0033586108
0.003331621
0.0033038916
0.0032754555
0.0032463471
0.0032166018
0.003186255
0.003155342
0.0031238978
0.0030919563
0.0030595499
0.00302671
0.0029934658
0.0029598447
0.0029258721
0.0028915708
0.0028569614
0.0028220615
0.0027868861
0.0027514474
0.0027157544
0.0026798132
0.0026436272
0.002607197
0.0025705204
0.002533593
0.0024964078
0.0024589555
0.0024212241
0.0023831989
0.0023448627
0.002306196
0.0022671777
0.0022277864
0.0021880012
0.0021478022
0.0021071706
0.0020660883
0.0020245375
0.0019825007
0.0019399599
0.0018968972
0.0018532944
0.0018091324
0.0017643913
0.0017190503
0.0016730875
0.00162648
0.0015792035
0.001531233
0.0014825424
0.0014331045
0.0013828915
0.0013318754
0.0012800285
0.0012273252
0.0011737445
0.0011192753
0.0010639277
0.0010077506
0.00095084433
0.00089334217
0.0008353371
0.00077678908
0.00071753211
0.00065746292
0.00059669105
0.00053540848
0.00047368131
0.00041135018
0.00034810753
0.0002825685
0.00021373075
0.00013223151
5.4776875e-05
0.0036666076
0.0036597477
0.003652521
0.0036448636
0.0036367065
0.0036280202
0.0036187895
0.0036089929
0.0035986021
0.0035875889
0.0035759272
0.0035635926
0.0035505611
0.0035368099
0.0035223179
0.0035070657
0.0034910364
0.0034742154
0.0034565909
0.003438154
0.003418899
0.0033988233
0.0033779279
0.0033562169
0.003333698
0.0033103818
0.0032862821
0.0032614155
0.0032358011
0.0032094604
0.0031824165
0.0031546943
0.0031263198
0.0030973197
0.0030677214
0.0030375523
0.0030068393
0.0029756091
0.0029438874
0.0029116988
0.0028790666
0.0028460123
0.0028125557
0.0027787144
0.0027445038
0.0027099371
0.0026750248
0.0026397751
0.0026041935
0.0025682831
0.0025320446
0.0024954763
0.0024585738
0.0024213307
0.0023837377
0.0023457835
0.0023074545
0.0022687357
0.0022296108
0.0021900632
0.0021500762
0.0021096334
0.0020687186
0.0020273155
0.0019854077
0.0019429786
0.0019000115
0.0018564888
0.0018123926
0.0017677042
0.0017224037
0.0016764705
0.0016298829
0.0015826182
0.0015346526
0.0014859616
0.0014365197
0.0013863012
0.0013352803
0.0012834321
0.0012307343
0.0011771695
0.0011227302
0.0010674264
0.001011297
0.00095441426
0.00089686767
0.00083871734
0.00077994083
0.00072043457
0.00066011671
0.00059902847
0.00053726871
0.00047484946
0.00041154375
0.00034699215
0.00027971721
0.0002092741
0.00012717581
5.3247424e-05
0.0035612812
0.0035550707
0.0035485504
0.0035416673
0.003534373
0.0035266465
0.0035184741
0.0035098364
0.0035007095
0.0034910693
0.0034808931
0.0034701585
0.0034588433
0.0034469254
0.0034343833
0.0034211966
0.0034073458
0.0033928126
0.0033775803
0.0033616339
0.0033449601
0.0033275479
0.0033093883
0.0032904748
0.0032708034
0.0032503724
0.0032291828
0.003207238
0.003184544
0.003161109
0.0031369434
0.00311206
0.0030864729
0.0030601983
0.0030332536
0.0030056572
0.0029774285
0.0029485874
0.0029191541
0.0028891489
0.0028585915
0.0028275013
0.0027958968
0.0027637955
0.0027312135
0.0026981653
0.002664664
0.0026307206
0.0025963442
0.002561542
0.0025263191
0.0024906783
0.0024546204
0.002418144
0.0023812455
0.0023439193
0.0023061577
0.0022679514
0.0022292898
0.0021901612
0.0021505531
0.0021104526
0.0020698465
0.002028721
0.0019870621
0.0019448552
0.0019020852
0.0018587364
0.0018147926
0.0017702364
0.0017250499
0.001679214
0.0016327088
0.0015855133
0.0015376057
0.0014889632
0.0014395627
0.0013893806
0.0013383937
0.0012865799
0.0012339199
0.001180399
0.0011260112
0.0010707641
0.0010146843
0.00095781858
0.00090022115
0.00084192616
0.00078291887
0.00072313424
0.00066250598
0.00060102444
0.00053870441
0.00047549695
0.0004111232
0.00034520634
0.0002763084
0.00020450535
0.0001222579
5.100146e-05
0.0034515055
0.0034458806
0.003440003
0.0034338343
0.0034273302
0.0034204707
0.0034132451
0.0034056386
0.0033976316
0.0033892037
0.0033803354
0.0033710073
0.0033611999
0.003350893
0.0033400669
0.0033287016
0.0033167779
0.0033042766
0.0032911794
0.0032774685
0.0032631272
0.0032481397
0.0032324914
0.0032161692
0.0031991613
0.0031814576
0.0031630498
0.0031439312
0.0031240971
0.0031035447
0.0030822731
0.0030602833
0.0030375782
0.0030141623
0.0029900421
0.0029652253
0.0029397212
0.0029135404
0.0028866944
0.0028591957
0.0028310572
0.0028022925
0.0027729152
0.0027429388
0.0027123765
0.0026812411
0.0026495447
0.0026172983
0.0025845119
0.0025511943
0.0025173528
0.0024829932
0.0024481198
0.0024127352
0.0023768405
0.0023404346
0.0023035154
0.0022660788
0.0022281194
0.0021896308
0.0021506052
0.0021110341
0.0020709082
0.0020302174
0.001988951
0.0019470973
0.0019046441
0.0018615784
0.0018178862
0.0017735527
0.0017285621
0.0016828977
0.0016365419
0.0015894758
0.0015416799
0.001493134
0.0014438173
0.0013937086
0.0013427875
0.0012910343
0.0012384321
0.0011849677
0.0011306347
0.0010754356
0.001019385
0.00096250731
0.00090482938
0.00084636466
0.00078709792
0.0007269824
0.00066595858
0.00060398059
0.0005409966
0.00047690288
0.00041139207
0.00034411294
0.00027376668
0.00020088686
0.00011879945
4.9422709e-05
0.0033305321
0.003325522
0.003320291
0.0033148084
0.0033090496
0.0033030028
0.0032966574
0.0032899996
0.0032830134
0.0032756826
0.0032679911
0.0032599226
0.0032514602
0.0032425866
0.0032332842
0.0032235353
0.0032133219
0.0032026261
0.0031914299
0.0031797155
0.0031674652
0.0031546618
0.0031412884
0.0031273287
0.003112767
0.0030975885
0.0030817793
0.0030653263
0.0030482177
0.0030304429
0.0030119925
0.0029928584
0.0029730341
0.0029525144
0.0029312954
0.0029093748
0.0028867518
0.0028634267
0.0028394013
0.0028146786
0.0027892625
0.002763158
0.0027363709
0.0027089078
0.0026807757
0.0026519818
0.0026225336
0.0025924387
0.0025617042
0.0025303371
0.0024983438
0.0024657299
0.0024325006
0.0023986597
0.0023642103
0.0023291545
0.0022934932
0.0022572262
0.0022203521
0.0021828686
0.0021447725
0.0021060595
0.0020667244
0.0020267613
0.0019861633
0.0019449226
0.0019030306
0.0018604777
0.0018172531
0.0017733453
0.0017287417
0.0016834284
0.0016373907
0.0015906128
0.001543078
0.0014947688
0.0014456672
0.0013957548
0.0013450136
0.0012934263
0.0012409773
0.0011876538
0.0011334473
0.0010783544
0.0010223779
0.00096552443
0.00090779985
0.00084920064
0.00078970539
0.00072927125
0.00066783762
0.00060533426
0.00054166518
0.00047669067
0.00041010353
0.00034161479
0.00027011821
0.00019649628
0.00011484106
4.7070056e-05
0.0032136135
0.0032090979
0.003204403
0.0031995084
0.0031943871
0.0031890257
0.0031834164
0.0031775496
0.0031714126
0.0031649917
0.0031582736
0.0031512448
0.0031438912
0.0031361982
0.0031281508
0.0031197336
0.0031109308
0.0031017265
0.0030921043
0.0030820475
0.0030715396
0.0030605635
0.0030491024
0.0030371394
0.0030246576
0.0030116404
0.0029980715
0.0029839348
0.0029692146
0.002953896
0.0029379644
0.002921406
0.0029042078
0.0028863577
0.0028678442
0.0028486572
0.0028287872
0.0028082262
0.0027869667
0.0027650028
0.0027423293
0.0027189422
0.0026948385
0.0026700161
0.0026444738
0.0026182112
0.0025912286
0.0025635268
0.0025351073
0.0025059717
0.0024761222
0.0024455609
0.0024142901
0.002382312
0.0023496287
0.0023162421
0.002282154
0.0022473656
0.0022118779
0.0021756911
0.0021388053
0.0021012194
0.0020629322
0.0020239413
0.0019842436
0.0019438349
0.0019027101
0.0018608629
0.0018182861
0.0017749713
0.0017309092
0.0016860891
0.0016404993
0.001594127
0.0015469586
0.0014989792
0.0014501737
0.0014005262
0.0013500208
0.0012986418
0.0012463745
0.0011932052
0.0011391225
0.0010841171
0.0010281815
0.00097130864
0.00091348879
0.00085470456
0.00079492594
0.00073410653
0.00067218122
0.00060906614
0.00054464447
0.00047876604
0.0004111498
0.00034159322
0.00026917992
0.00019506272
0.00011374259
4.6702029e-05
0.0030747019
0.0030708073
0.0030667542
0.0030625213
0.0030580983
0.0030534801
0.0030486589
0.0030436247
0.0030383669
0.003032875
0.0030271381
0.0030211451
0.0030148842
0.0030083432
0.0030015094
0.0029943698
0.0029869109
0.0029791187
0.0029709789
0.0029624767
0.0029535972
0.0029443247
0.0029346437
0.002924538
0.0029139913
0.002902987
0.0028915083
0.0028795386
0.0028670609
0.0028540584
0.0028405143
0.002826412
0.002811735
0.002796467
0.0027805924
0.0027640956
0.0027469616
0.0027291761
0.0027107252
0.0026915957
0.002671775
0.0026512513
0.0026300137
0.0026080517
0.0025853559
0.0025619175
0.0025377285
0.0025127818
0.0024870708
0.0024605896
0.0024333332
0.0024052968
0.0023764767
0.0023468694
0.0023164726
0.002285284
0.002253302
0.0022205256
0.0021869545
0.0021525891
0.0021174301
0.0020814788
0.0020447363
0.0020072039
0.0019688822
0.0019297709
0.0018898682
0.0018491714
0.0018076763
0.0017653779
0.0017222697
0.0016783441
0.0016335924
0.0015880045
0.0015415693
0.0014942747
0.0014461076
0.001397054
0.0013470994
0.0012962291
0.001244428
0.001191681
0.0011379735
0.0010832903
0.001027616
0.00097093318
0.00091322052
0.00085445009
0.00079458387
0.00073357047
0.00067134147
0.00060780946
0.00054285638
0.0004763431
0.00040803087
0.0003377999
0.00026489972
0.00019064961
0.00011007709
4.4451773e-05
0.0029671957
0.0029636731
0.0029600183
0.0029562229
0.0029522673
0.0029481403
0.0029438364
0.0029393497
0.0029346718
0.0029297936
0.0029247057
0.0029193988
0.0029138631
0.0029080885
0.0029020642
0.0028957791
0.0028892217
0.0028823801
0.002875242
0.0028677944
0.0028600242
0.0028519176
0.0028434606
0.0028346385
0.0028254366
0.0028158395
0.0028058315
0.0027953966
0.0027845182
0.0027731793
0.0027613627
0.0027490511
0.0027362269
0.0027228724
0.0027089698
0.0026945013
0.002679449
0.0026637953
0.0026475225
0.002630613
0.0026130496
0.0025948153
0.0025758935
0.002556268
0.0025359228
0.0025148427
0.0024930128
0.0024704187
0.0024470468
0.0024228838
0.0023979172
0.0023721348
0.0023455217
0.0023180678
0.002289775
0.0022606397
0.0022306563
0.0021998202
0.0021681294
0.0021355831
0.0021021809
0.002067923
0.0020328092
0.0019968389
0.0019600099
0.0019223193
0.0018837649
0.0018443441
0.0018040532
0.0017628875
0.001720841
0.0016779069
0.0016340774
0.0015893439
0.0015436965
0.0014971244
0.0014496159
0.0014011583
0.001351738
0.0013013405
0.0012499505
0.0011975517
0.0011441269
0.0010896573
0.0010341223
0.00097749825
0.00091975719
0.00086086516
0.00080077982
0.00073944814
0.00067680335
0.00061276369
0.00054722321
0.00048006703
0.00041110021
0.00034027222
0.00026691559
0.00019241571
0.00011166259
4.5529881e-05
0.0028030897
0.0028002929
0.0027973799
0.0027943313
0.0027911458
0.002787823
0.0027843572
0.0027807403
0.0027769646
0.0027730232
0.0027689085
0.0027646128
0.0027601275
0.002755444
0.0027505531
0.0027454454
0.002740111
0.0027345395
0.0027287202
0.0027226419
0.0027162928
0.0027096609
0.0027027336
0.0026954977
0.0026879396
0.0026800453
0.0026718002
0.0026631893
0.0026541968
0.0026448068
0.0026350025
0.0026247671
0.002614083
0.0026029323
0.0025912965
0.0025791568
0.0025664939
0.0025532883
0.00253952
0.0025251687
0.0025102138
0.0024946344
0.0024784093
0.0024615171
0.0024439362
0.0024256446
0.0024066201
0.0023868403
0.0023662824
0.0023449231
0.0023227387
0.0022997045
0.0022757944
0.0022509767
0.002225223
0.0021985203
0.0021708593
0.0021422427
0.0021126816
0.0020821886
0.0020507797
0.0020184776
0.001985316
0.0019513271
0.0019165043
0.0018808249
0.0018442722
0.0018068355
0.0017685046
0.0017292673
0.0016891108
0.0016480222
0.0016059885
0.0015629963
0.0015190314
0.0014740795
0.0014281253
0.0013811533
0.0013331468
0.0012840887
0.0012339606
0.0011827433
0.0011304159
0.0010769559
0.0010223387
0.00096653643
0.00090951751
0.00085124525
0.00079167654
0.00073076055
0.00066843665
0.00060463448
0.00053926705
0.00047224867
0.00040343218
0.0003328314
0.00025990669
0.00018615017
0.00010699469
4.2979387e-05
0.0027502154
0.0027474061
0.0027444973
0.002741489
0.0027383607
0.0027350989
0.0027317003
0.0027281618
0.0027244777
0.0027206405
0.0027166429
0.0027124778
0.0027081377
0.0027036147
0.0026989004
0.0026939859
0.0026888623
0.0026835198
0.0026779486
0.002672138
0.0026660773
0.002659755
0.0026531591
0.0026462774
0.0026390968
0.002631604
0.0026237849
0.0026156252
0.0026071099
0.0025982238
0.0025889508
0.0025792744
0.0025691775
0.0025586426
0.0025476514
0.0025361853
0.0025242252
0.0025117514
0.0024987439
0.002485182
0.002471045
0.0024563117
0.0024409604
0.0024249696
0.0024083172
0.0023909814
0.0023729401
0.0023541714
0.0023346536
0.0023143653
0.0022932856
0.0022713941
0.0022486737
0.0022251039
0.0022006568
0.0021753146
0.0021490644
0.0021218978
0.0020938082
0.0020647912
0.0020348454
0.0020039733
0.0019721827
0.0019394845
0.0019058854
0.0018713988
0.0018360422
0.0017997995
0.001762642
0.0017245475
0.0016854992
0.001645481
0.001604475
0.001562463
0.0015194265
0.0014753476
0.0014302079
0.0013839887
0.0013366709
0.0012882348
0.0012386599
0.0011879249
0.0011360072
0.0010828828
0.0010285254
0.00097290677
0.00091599518
0.00085775529
0.00079814701
0.00073712468
0.00067463544
0.00061061956
0.0005450032
0.00047771557
0.00040862107
0.00033773758
0.00026448377
0.0001902812
0.00011017749
4.4707914e-05
0.0025052154
0.0025029488
0.0025005855
0.0024981158
0.0024955409
0.0024928589
0.0024900649
0.0024871528
0.0024841172
0.0024809527
0.0024776537
0.0024742139
0.0024706269
0.0024668859
0.002462984
0.0024589137
0.0024546673
0.0024502367
0.0024456133
0.0024407883
0.0024357525
0.0024304962
0.0024250093
0.0024192813
0.0024133013
0.0024070579
0.0024005393
0.0023937333
0.002386627
0.0023792075
0.0023714609
0.0023633732
0.00235493
0.0023461161
0.0023369164
0.0023273149
0.0023172956
0.0023068418
0.0022959369
0.0022845636
0.0022727047
0.0022603427
0.0022474599
0.0022340389
0.0022200619
0.0022055117
0.0021903711
0.0021746234
0.0021582525
0.0021412429
0.0021235803
0.0021052511
0.0020862437
0.0020665518
0.0020461691
0.0020250759
0.0020032502
0.0019806611
0.0019572727
0.0019330502
0.0019079584
0.0018819598
0.0018550116
0.0018270773
0.0017981566
0.0017682718
0.0017374425
0.0017056461
0.0016728471
0.0016390183
0.0016041392
0.0015681896
0.001531147
0.0014929887
0.0014536921
0.0014132351
0.0013715958
0.0013287518
0.0012846808
0.0012393602
0.001192767
0.0011448779
0.001095669
0.0010451155
0.00099319181
0.00093987104
0.00088512498
0.00082892379
0.0007712358
0.00071202755
0.00065126334
0.00058890701
0.00052491727
0.00045926684
0.00039188329
0.00032286165
0.00025176996
0.00018011427
0.00010350922
4.1592945e-05
)
;

boundaryField
{
    inlet
    {
        type            zeroGradient;
    }
    top
    {
        type            zeroGradient;
    }
    outlet
    {
        type            fixedValue;
        value           uniform 0;
    }
    slipsurface
    {
        type            slip;
    }
    bottom
    {
        type            zeroGradient;
    }
    frontandback
    {
        type            empty;
    }
}


// ************************************************************************* //
