/*--------------------------------*- C++ -*----------------------------------*\
  =========                 |
  \\      /  F ield         | OpenFOAM: The Open Source CFD Toolbox
   \\    /   O peration     | Website:  https://openfoam.org
    \\  /    A nd           | Version:  12
     \\/     M anipulation  |
\*---------------------------------------------------------------------------*/
FoamFile
{
    format      ascii;
    class       volScalarField;
    location    "1500";
    object      p;
}
// * * * * * * * * * * * * * * * * * * * * * * * * * * * * * * * * * * * * * //

dimensions      [0 2 -2 0 0 0 0];

internalField   nonuniform List<scalar> 
7480
(
0.0053224067
0.0052834188
0.0051751386
0.0051426503
0.0051596998
0.0051941227
0.0052419577
0.0053069608
0.005395528
0.0055146986
0.0056850881
0.0059235899
0.0063922699
0.0068176471
0.0067599256
0.0063258547
0.0058585386
0.0054884695
0.0051728738
0.0048906466
0.0046449489
0.0044348903
0.0042572638
0.0040905091
0.0039237356
0.0037618144
0.0036086261
0.0034772747
0.003364756
0.0032576489
0.00315963
0.0030739134
0.0029995554
0.0029356395
0.0028806566
0.0028328394
0.0027906275
0.0027541193
0.0027221379
0.0026920559
0.0026634453
0.0026364021
0.0026110674
0.0025861246
0.0025598092
0.0025319799
0.0025030878
0.0024743423
0.0024450995
0.0024141949
0.0023810467
0.0023451985
0.0023083631
0.0022710136
0.0022319026
0.002191205
0.0021500132
0.0021100405
0.0020706729
0.0020298411
0.0019880294
0.0019462634
0.0019055889
0.0018648381
0.001822771
0.0017805756
0.0017395094
0.0016986002
0.001656339
0.0016134246
0.0015709134
0.00152804
0.0014839885
0.0014394859
0.001395235
0.0013505608
0.0013047553
0.0012584974
0.0012116543
0.0011641333
0.0011157242
0.0010668378
0.0010176368
0.00096711674
0.00091603551
0.00086439259
0.00081144581
0.0007583144
0.00070459251
0.00064964457
0.00059469495
0.00053922286
0.00048323424
0.00042780088
0.00037411148
0.00032002673
0.00028139108
0.00022268266
0.00035999873
-0.00024142021
0.0052598773
0.005221184
0.0051487195
0.0051268899
0.0051474416
0.0051860501
0.0052360693
0.0053020248
0.0053909945
0.0055101862
0.0056790792
0.0059146692
0.0063426556
0.0067158543
0.0066577276
0.006299385
0.0058864319
0.0055412639
0.0052386917
0.0049602733
0.0047154265
0.0045011224
0.0043095927
0.0041288726
0.0039561436
0.0037925195
0.0036412515
0.0035093244
0.0033933729
0.0032848981
0.0031861479
0.0030997005
0.0030244618
0.0029593203
0.002902848
0.0028534113
0.0028095386
0.0027715247
0.0027383225
0.0027071818
0.0026774599
0.0026492565
0.0026228536
0.0025970069
0.0025697907
0.0025410733
0.0025114295
0.002482028
0.0024521924
0.0024207547
0.0023871788
0.0023509787
0.0023138188
0.0022761729
0.0022367928
0.0021958582
0.0021544561
0.0021143111
0.0020747892
0.0020337924
0.0019918125
0.0019498819
0.0019090495
0.001868142
0.0018259198
0.0017835754
0.0017423673
0.0017013218
0.0016589286
0.0016158894
0.0015732609
0.0015302752
0.0014861161
0.0014415119
0.0013971641
0.0013523968
0.0013065027
0.0012601618
0.00121324
0.0011656445
0.0011171643
0.0010682103
0.0010189446
0.00096836271
0.00091722371
0.00086552594
0.00081252699
0.00075934621
0.00070557678
0.00065058381
0.00059559205
0.00054007972
0.00048405319
0.00042858369
0.00037486147
0.00032074387
0.00028206766
0.00022339247
0.00036082868
-0.00024082625
0.0052181737
0.0052040506
0.0051589937
0.005137332
0.0051540266
0.0051919262
0.0052408581
0.0053053612
0.005392789
0.0055102406
0.0056749525
0.0059036631
0.0062707085
0.0065848646
0.0065458213
0.0062305915
0.0058390049
0.0054975825
0.0051985457
0.0049247221
0.0046831613
0.0044715296
0.0042825759
0.0041087031
0.0039447043
0.0037889908
0.0036454001
0.0035171122
0.0034024531
0.0032972618
0.0032010006
0.0031154818
0.0030408303
0.0029759387
0.0029193942
0.0028696774
0.0028255179
0.0027868397
0.0027525129
0.0027204258
0.0026898688
0.0026607694
0.0026335425
0.0026071085
0.0025794181
0.0025501629
0.0025199296
0.0024899588
0.0024596601
0.0024275095
0.0023931517
0.0023564901
0.002319016
0.0022811248
0.0022415146
0.002200374
0.0021587952
0.0021185095
0.0020788529
0.0020377049
0.0019955665
0.0019534864
0.0019125195
0.0018714763
0.0018291167
0.0017866415
0.0017453128
0.0017041507
0.0016616379
0.0016184818
0.001575743
0.0015326504
0.001488388
0.0014436863
0.0013992463
0.0013543895
0.0013084082
0.0012619849
0.0012149844
0.0011673141
0.0011187622
0.0010697399
0.0010204085
0.00096976244
0.00091856362
0.00086680876
0.00081375502
0.00076052279
0.00070670308
0.0006516618
0.00059662507
0.00054106942
0.00048500187
0.00042949315
0.00037573484
0.00032157917
0.000282875
0.00022428978
0.00036174323
-0.00024009187
0.0051850594
0.0051841992
0.0051491721
0.0051293173
0.0051453491
0.0051833715
0.0052327506
0.0052973405
0.0053843267
0.0055005671
0.0056607416
0.0058795355
0.0061954026
0.0064684563
0.0064494252
0.0061697487
0.0058042561
0.005477245
0.0051907932
0.0049272032
0.0046908311
0.0044819323
0.0042939146
0.0041210072
0.0039567451
0.0037999912
0.0036546915
0.0035239175
0.0034076865
0.0033023477
0.0032056872
0.003119396
0.0030445494
0.002980034
0.0029243166
0.0028758748
0.0028333674
0.0027955645
0.0027613346
0.0027296818
0.0026997214
0.0026709135
0.0026430218
0.0026154419
0.0025871143
0.0025574497
0.0025267613
0.0024963545
0.0024657581
0.0024331409
0.0023982466
0.0023612835
0.0023236013
0.0022856211
0.0022459335
0.0022046871
0.0021629695
0.0021224196
0.0020824972
0.0020412072
0.0019989589
0.0019567866
0.0019157409
0.0018746054
0.0018321413
0.0017895702
0.0017481498
0.0017068846
0.0016642613
0.0016209988
0.0015781614
0.0015349732
0.0014906168
0.001445826
0.0014013031
0.0013563654
0.0013103025
0.0012638007
0.0012167246
0.0011689826
0.0011203612
0.0010712734
0.001021879
0.00097117
0.00091991283
0.00086810206
0.00081499412
0.00076171134
0.00070784173
0.00065275211
0.00059767078
0.00054207189
0.00048596301
0.00043041479
0.00037661909
0.00032242449
0.00028369438
0.00022508068
0.00036260173
-0.00023939327
0.005154319
0.0051614242
0.0051372853
0.0051247439
0.0051427994
0.0051813336
0.0052312386
0.0052956505
0.0053814727
0.0054952937
0.0056494677
0.0058544179
0.0061295977
0.0063659089
0.0063567405
0.006106727
0.0057672945
0.0054546245
0.0051779133
0.0049211735
0.0046877404
0.0044800453
0.0042926741
0.0041203431
0.0039568864
0.0038015708
0.0036577974
0.0035283051
0.0034130621
0.0033083766
0.0032119921
0.0031256664
0.0030505192
0.0029854088
0.0029288674
0.002879549
0.0028361605
0.002797298
0.0027623578
0.0027307805
0.0027014866
0.002673778
0.0026468137
0.0026197654
0.0025920582
0.0025632112
0.0025332565
0.0025026024
0.0024710412
0.0024379206
0.0024028375
0.0023657292
0.0023278739
0.0022898006
0.0022500905
0.0022087716
0.0021668658
0.0021259988
0.0020858747
0.0020445363
0.0020022335
0.0019599863
0.0019188748
0.0018776778
0.0018351405
0.0017925145
0.0017509897
0.0017095587
0.0016668067
0.0016234627
0.0015805585
0.0015373001
0.0014928693
0.0014480071
0.0014034143
0.0013583993
0.0013122565
0.0012656792
0.0012185297
0.0011707181
0.0011220286
0.0010728777
0.0010234224
0.00097265022
0.00092133358
0.00086946542
0.00081630138
0.00076296712
0.00070904667
0.00065390688
0.00059877928
0.00054313514
0.00048698262
0.00043139288
0.00037755673
0.00032332134
0.00028455681
0.00022585904
0.00036345243
-0.00023860096
0.0051258066
0.0051390648
0.0051254906
0.0051196218
0.0051383731
0.005176013
0.0052254576
0.0052890365
0.0053730886
0.0054837976
0.0056310518
0.0058218653
0.0060628382
0.0062657602
0.0062621044
0.0060404214
0.0057273591
0.0054294357
0.0051624231
0.0049133634
0.0046847897
0.0044798635
0.0042945233
0.0041238174
0.0039620353
0.0038085041
0.0036660767
0.0035372091
0.0034218747
0.0033169212
0.0032204182
0.0031338605
0.0030582447
0.0029925275
0.0029353097
0.0028852915
0.0028411603
0.0028015832
0.0027659839
0.0027336702
0.0027035192
0.0026749185
0.0026472043
0.0026196444
0.0025917534
0.0025632659
0.002534162
0.0025042095
0.0024731267
0.0024407343
0.0024065506
0.0023703281
0.0023325719
0.0022937844
0.0022536292
0.0022121836
0.002170173
0.0021292436
0.0020891539
0.0020478574
0.0020054806
0.0019630595
0.0019218447
0.0018806439
0.0018380797
0.0017953952
0.0017537418
0.0017121515
0.0016692944
0.0016259002
0.0015829562
0.0015396439
0.0014951519
0.0014502414
0.0014055741
0.0013604443
0.0013142105
0.001267574
0.0012203686
0.0011725022
0.0011237566
0.0010745489
0.0010250326
0.00097419783
0.00092282301
0.00087089845
0.00081767872
0.00076429466
0.00071032416
0.00065513304
0.00059995771
0.00054426653
0.00048806866
0.00043243625
0.00037855695
0.00032427892
0.00028547039
0.00022668324
0.0003642952
-0.00023763825
0.0050993489
0.0051173117
0.0051126721
0.0051125737
0.0051322987
0.005169587
0.0052190367
0.0052821794
0.0053646213
0.0054720064
0.0056120043
0.0057887107
0.0059999985
0.0061734137
0.0061726768
0.0059765961
0.0056882983
0.0054047444
0.0051471598
0.0049057635
0.0046821883
0.0044797717
0.0042961015
0.0041264632
0.0039658848
0.0038136297
0.0036721373
0.0035436753
0.0034283064
0.0033233897
0.0032271282
0.0031406314
0.003064794
0.0029987214
0.002941067
0.0028905545
0.0028459147
0.0028058919
0.0027698259
0.0027370026
0.0027063818
0.0026773474
0.0026492371
0.0026212945
0.0025929888
0.0025640173
0.0025343274
0.0025038504
0.0024725194
0.0024401353
0.0024063267
0.0023709346
0.0023339143
0.0022954282
0.0022557797
0.002215157
0.002173915
0.0021330002
0.0020922319
0.0020505612
0.0020081031
0.0019656558
0.0019245052
0.0018833692
0.0018408232
0.0017980141
0.0017562411
0.0017146374
0.0016717722
0.0016283266
0.0015853115
0.0015419387
0.0014973921
0.0014524447
0.001407705
0.0013624612
0.001316147
0.0012694711
0.0012222273
0.001174319
0.0011255311
0.0010762537
0.0010266502
0.00097575361
0.00092433312
0.00087236405
0.00081909835
0.00076566925
0.00071164731
0.00065640564
0.00060118382
0.00054544636
0.00048920405
0.00043352986
0.00037960574
0.00032528393
0.00028642288
0.00022754495
0.00036509826
-0.00023648307
0.0050746106
0.0050960944
0.0050988781
0.0051040961
0.0051252526
0.0051623908
0.0052116073
0.0052739333
0.005354249
0.0054576012
0.0055897332
0.0057522464
0.0059374478
0.0060850798
0.0060851982
0.0059115569
0.0056465421
0.0053774843
0.0051294788
0.0048958716
0.0046774816
0.004478097
0.004296417
0.0041282152
0.003969189
0.0038185224
0.0036783015
0.003550599
0.0034355307
0.0033308487
0.003234859
0.0031483824
0.0030722642
0.0030057542
0.0029475591
0.0028964395
0.0028511823
0.0028105853
0.0027739415
0.0027405572
0.0027094558
0.0026799855
0.0026514822
0.0026231902
0.0025945818
0.0025653568
0.0025354517
0.002504807
0.0024732983
0.0024406512
0.0024064965
0.0023707064
0.0023333375
0.0022947261
0.002255317
0.0022153243
0.002175081
0.0021346826
0.0020939102
0.0020526466
0.002010825
0.00196886
0.001927386
0.0018855545
0.0018428834
0.0018000886
0.001758417
0.0017169116
0.0016740961
0.0016305638
0.0015874611
0.0015440893
0.0014995366
0.0014545386
0.0014097297
0.001364435
0.00131808
0.0012713692
0.0012240806
0.0011761255
0.0011272985
0.0010779546
0.0010282686
0.00097731778
0.00092586366
0.00087386155
0.00082056013
0.00076707127
0.00071297712
0.00065768948
0.00060243083
0.00054665561
0.00049037337
0.00043465691
0.00038068647
0.00032632166
0.00028740104
0.00022842741
0.00036583033
-0.00023511493
0.0050512906
0.0050754107
0.0050843253
0.005094361
0.0051171003
0.0051540932
0.0052028471
0.0052641483
0.0053421362
0.0054411687
0.0055653089
0.0057140939
0.005876502
0.0060018345
0.0060014108
0.005847318
0.0056042515
0.0053497548
0.0051113567
0.0048854676
0.0046724809
0.0044764171
0.0042968795
0.0041302505
0.0039727936
0.0038236623
0.0036846445
0.0035576295
0.0034427853
0.0033382158
0.003242368
0.0031558471
0.0030794326
0.0030124855
0.0029537661
0.0029020703
0.0028562317
0.0028150937
0.0027779186
0.0027440186
0.002712455
0.0026825464
0.002653637
0.0026249988
0.0025961104
0.00256667
0.0025365962
0.0025058083
0.0024741548
0.0024413707
0.0024071199
0.0023712764
0.0023338919
0.0022952657
0.0022557504
0.0022155271
0.0021749836
0.0021342287
0.0020934257
0.0020526651
0.0020116878
0.0019705625
0.0019291236
0.0018872249
0.0018450123
0.0018026983
0.001760878
0.0017187545
0.0016757637
0.0016322761
0.001589304
0.0015460296
0.001501515
0.0014564405
0.0014115844
0.0013663224
0.0013199627
0.0012732013
0.0012258593
0.0011778649
0.001129003
0.0010796173
0.001029887
0.00097889442
0.00092740891
0.00087537071
0.00082203147
0.00076848236
0.00071432115
0.00065899349
0.00060370578
0.00054790161
0.00049157176
0.00043579609
0.00038177666
0.00032737628
0.00028839416
0.00022931931
0.00036645921
-0.00023350557
0.0050291152
0.0050552149
0.0050691346
0.0050834164
0.0051077616
0.0051446547
0.0051928215
0.0052529335
0.0053283913
0.0054228124
0.0055388352
0.0056743719
0.0058166243
0.0059225572
0.0059205841
0.0057833164
0.0055607064
0.0053206011
0.0050917657
0.0048735223
0.0046661484
0.0044736654
0.004296461
0.0041315769
0.0039757798
0.0038282433
0.0036905014
0.0035642716
0.0034497712
0.0033454138
0.0032497922
0.0031633242
0.0030867015
0.003019378
0.0029601772
0.0029079334
0.0028615254
0.0028198435
0.0027821293
0.0027476966
0.0027156441
0.0026852763
0.0026559485
0.0026269569
0.0025977785
0.0025681025
0.002537825
0.0025068533
0.0024750344
0.002442119
0.0024077895
0.0023719154
0.0023345358
0.0022959206
0.0022563991
0.0022161707
0.0021756003
0.0021348102
0.0020939622
0.0020530416
0.0020118051
0.0019703544
0.0019286994
0.0018871969
0.0018458349
0.0018043229
0.0017625552
0.0017202871
0.0016775689
0.0016344625
0.0015913267
0.0015475133
0.0015028997
0.001457919
0.0014132053
0.0013680251
0.0013216776
0.0012748676
0.0012275226
0.0011795403
0.0011306445
0.0010812126
0.0010314585
0.00098043896
0.00092892168
0.0008768416
0.00082346269
0.00076988216
0.00071568572
0.00066032023
0.00060500217
0.00054916758
0.00049278614
0.00043695226
0.00038288676
0.00032845708
0.0002894085
0.00023021369
0.00036694115
-0.00023162443
0.0050078552
0.0050354367
0.0050533934
0.0050713356
0.0050972366
0.0051340682
0.0051815262
0.0052402513
0.0053129651
0.0054025471
0.0055104535
0.0056333727
0.0057577785
0.0058469094
0.0058428577
0.0057200313
0.0055163774
0.005290432
0.0050711769
0.0048605604
0.0046589859
0.0044703405
0.0042956795
0.0041327123
0.0039786723
0.0038327862
0.0036963709
0.0035709854
0.0034568919
0.0033527755
0.0032573738
0.0031709509
0.0030941103
0.0030263916
0.0029666906
0.0029138818
0.0028668875
0.0028246431
0.0027863763
0.0027514005
0.0027188501
0.0026880208
0.0026582736
0.0026289248
0.0025994498
0.0025695311
0.0025390467
0.002507896
0.0024759238
0.0024428853
0.0024084739
0.0023725534
0.002335159
0.002296545
0.0022570345
0.0022168367
0.0021762951
0.0021355336
0.0020946841
0.0020537179
0.0020124263
0.0019709053
0.0019291942
0.0018875952
0.0018460278
0.0018042075
0.0017622257
0.0017203667
0.0016784517
0.0016360353
0.0015929114
0.0015489377
0.0015045386
0.0014598017
0.001414819
0.001369202
0.0013228879
0.0012762144
0.0012289796
0.0011810519
0.0011321322
0.0010826868
0.0010329637
0.00098193008
0.0009303706
0.00087826226
0.00082485641
0.00077125386
0.00071702811
0.00066162933
0.00060628413
0.00055041473
0.00049399366
0.00043812741
0.00038402114
0.00032955964
0.00029042874
0.00023110706
0.00036725918
-0.00022942133
0.0049873168
0.005015991
0.0050371627
0.0050581925
0.0050855298
0.0051223036
0.0051689333
0.0052260822
0.0052958735
0.0053804772
0.0054803763
0.0055913818
0.0056999364
0.0057745055
0.0057681018
0.0056575797
0.0054713252
0.0052591769
0.0050494791
0.0048464342
0.0046507701
0.0044661788
0.0042942543
0.0041333578
0.0039811657
0.0038369809
0.0037019396
0.0035774584
0.0034638407
0.0033600102
0.0032648473
0.0031784956
0.0031014718
0.0030333889
0.002973216
0.0029198678
0.002872307
0.0028295117
0.0027907017
0.0027551898
0.0027221429
0.0026908521
0.0026606827
0.0026309703
0.0026011921
0.0025710247
0.0025403293
0.0025089964
0.0024768657
0.0024436965
0.0024091946
0.0023732228
0.0023358142
0.0022972075
0.002257713
0.0022175393
0.0021770064
0.0021362441
0.002095376
0.0020543888
0.0020131045
0.001971603
0.0019299118
0.0018882792
0.0018466249
0.0018047073
0.0017626375
0.001720674
0.0016785565
0.00163589
0.0015927193
0.0015493272
0.0015056468
0.00146135
0.0014162793
0.0013705131
0.0013244075
0.0012776995
0.0012301377
0.0011820947
0.0011332751
0.0010839554
0.0010343043
0.00098326641
0.00093169399
0.00087962123
0.00082620914
0.00077257312
0.00071832541
0.00066290658
0.00060753742
0.0005516327
0.0004951811
0.00043929403
0.00038514723
0.0003306532
0.00029142433
0.00023198703
0.00036738454
-0.00022684379
0.0049673326
0.0049967868
0.0050204796
0.0050440525
0.0050726522
0.0051093386
0.0051550309
0.0052104334
0.0052771549
0.0053567044
0.0054487771
0.0055486034
0.0056430468
0.0057049889
0.005696159
0.0055960945
0.0054257113
0.0052269176
0.0050267423
0.0048312243
0.0046415617
0.0044612376
0.0042922547
0.004133592
0.0039833532
0.0038409348
0.0037073264
0.0035838181
0.0034707507
0.0033672574
0.0032723569
0.0031861006
0.0031089217
0.003040494
0.002979861
0.0029259796
0.0028778522
0.0028344988
0.0027951371
0.0027590804
0.0027255251
0.0026937619
0.0026631605
0.0026330744
0.0026029841
0.0025725599
0.0025416467
0.0025101252
0.0024778308
0.0024445271
0.0024099328
0.0023739097
0.0023364869
0.0022978866
0.0022584053
0.0022182514
0.0021777262
0.0021369673
0.002096092
0.0020550943
0.00201381
0.0019723013
0.0019305999
0.001888937
0.0018472623
0.0018053581
0.0017632975
0.0017212865
0.0016790663
0.0016362891
0.0015930176
0.0015495306
0.0015056368
0.0014611994
0.0014163958
0.0013712651
0.001325707
0.0012791227
0.0012313984
0.0011833631
0.0011346177
0.0010850833
0.0010352159
0.00098425086
0.00093281538
0.000880822
0.00082742055
0.00077377668
0.00071955933
0.0006641371
0.00060873853
0.0005528142
0.00049634357
0.00044043447
0.00038624668
0.00033172616
0.00029238952
0.00023283235
0.00036725211
-0.00022384335
0.0049477568
0.004977733
0.0050033622
0.0050289719
0.0050586223
0.0050951614
0.0051398151
0.0051933205
0.0052568526
0.0053313281
0.005415817
0.005505214
0.0055870825
0.0056380703
0.0056268745
0.0055356916
0.0053796977
0.0051937285
0.0050030011
0.0048149563
0.0046313505
0.0044554753
0.004289625
0.0041333485
0.0039851633
0.0038445736
0.0037124533
0.0035899819
0.003477534
0.0033744269
0.0032798124
0.0031936739
0.0031163671
0.0030476158
0.0029865386
0.0029321366
0.0028834512
0.0028395424
0.0027996309
0.0027630307
0.0027289651
0.002696728
0.0026656926
0.0026352297
0.0026048233
0.0025741376
0.0025430025
0.0025112889
0.0024788283
0.0024453887
0.0024107003
0.0023746241
0.0023371846
0.0022985885
0.0022591189
0.0022189843
0.0021784687
0.0021377149
0.0020968332
0.0020558219
0.0020145311
0.0019730127
0.0019313065
0.0018896262
0.0018479333
0.0018060185
0.001763935
0.0017218782
0.0016796286
0.0016368566
0.0015935879
0.001550044
0.0015060431
0.001461493
0.0014165872
0.001371308
0.001325614
0.0012792028
0.0012319752
0.0011844476
0.0011359826
0.0010863067
0.0010362949
0.00098543546
0.00093386337
0.00088163082
0.00082829529
0.00077478318
0.00072064059
0.00066522976
0.00060983421
0.00055394307
0.00049746533
0.00044152718
0.00038730852
0.00033277023
0.0002933167
0.00023362549
0.00036680072
-0.00022034748
0.004928461
0.0049587414
0.0049858135
0.0050129978
0.0050434644
0.0050797697
0.0051232884
0.0051747673
0.0052350211
0.0053044529
0.0053816497
0.0054613652
0.0055320212
0.0055734979
0.005560079
0.0054764452
0.0053334296
0.005159685
0.0049782902
0.0047976617
0.0046201442
0.0044488759
0.0042863432
0.0041326055
0.0039865794
0.0038478883
0.0037173177
0.003595952
0.0034841965
0.0033815307
0.0032872323
0.0032012387
0.0031238351
0.0030547862
0.002993284
0.0029383765
0.0028891427
0.0028446811
0.0028042197
0.0027670747
0.002732494
0.0026997772
0.0026683021
0.002637455
0.0026067245
0.0025757694
0.0025444054
0.0025124938
0.0024798626
0.0024462835
0.0024114972
0.0023753646
0.0023379054
0.0022993116
0.0022598531
0.0022197369
0.0021792312
0.0021384814
0.0020975925
0.0020565667
0.0020152694
0.0019737442
0.0019320355
0.0018903379
0.0018486213
0.0018066894
0.0017645859
0.0017224952
0.0016802173
0.0016374293
0.0015941397
0.0015505622
0.0015065535
0.0014620101
0.0014170776
0.0013717091
0.0013258938
0.0012793731
0.001232011
0.0011843854
0.0011361069
0.0010868252
0.0010372504
0.00098672503
0.00093501568
0.00088256441
0.00082931553
0.00077571472
0.00072137901
0.0006660265
0.0006107613
0.00055493348
0.00049846327
0.00044252788
0.0003883147
0.00033376519
0.00029418931
0.00023435024
0.00036596847
-0.0002162702
0.0049093325
0.0049397293
0.0049678259
0.0049961682
0.005027206
0.0050631696
0.005105461
0.0051548063
0.0052117236
0.0052761852
0.0053464175
0.0054171841
0.0054778412
0.0055110537
0.0054956025
0.0054184032
0.0052870464
0.0051248753
0.0049526544
0.0047793774
0.0046079578
0.0044414276
0.0042823856
0.0041313346
0.0039875724
0.0038508513
0.0037218925
0.0036017008
0.0034907088
0.0033885396
0.0032945898
0.0032087681
0.0031312983
0.0030619781
0.0030000706
0.0029446723
0.0028948999
0.0028498889
0.0028088784
0.0027711884
0.0027360892
0.0027028891
0.0026709704
0.0026397338
0.0026086736
0.0025774433
0.0025458455
0.002513732
0.0024809272
0.0024472062
0.0024123198
0.0023761287
0.002338648
0.0023000554
0.0022606076
0.0022205091
0.0021800131
0.0021392671
0.0020983713
0.0020573319
0.0020160286
0.0019744968
0.0019327842
0.0018910678
0.0018493264
0.0018073786
0.0017652582
0.0017231345
0.001680823
0.0016380132
0.0015947052
0.0015511031
0.0015070789
0.0014625208
0.0014175603
0.0013721743
0.0013263475
0.0012798074
0.001232384
0.001184653
0.0011362626
0.0010868391
0.0010372067
0.00098692319
0.00093554571
0.00088345994
0.0008305115
0.00077677347
0.00072221245
0.00066692513
0.000611591
0.00055560121
0.00049920137
0.00044337468
0.00038918748
0.00033464761
0.00029497694
0.00023497817
0.0003646831
-0.00021151509
0.0048902708
0.0049206196
0.0049493849
0.0049785131
0.0050098771
0.005045376
0.0050863516
0.0051334782
0.0051870307
0.0052466315
0.0053102523
0.0053727787
0.0054245217
0.0054505499
0.0054332808
0.0053615896
0.0052406753
0.0050893922
0.0049261408
0.0047601385
0.0045948078
0.0044331207
0.0042777286
0.0041295077
0.0039881139
0.0038534371
0.0037261552
0.003607207
0.003497051
0.0033954367
0.003301872
0.0032162525
0.0031387494
0.0030691871
0.0030068967
0.002951025
0.0029007262
0.0028551718
0.0028136148
0.002775381
0.0027397614
0.0027060747
0.0026737087
0.0026420776
0.0026106816
0.0025791698
0.0025473325
0.0025150122
0.0024820298
0.0024481638
0.0024131739
0.0023769217
0.0023394168
0.0023008234
0.0022613849
0.0022213028
0.0021808163
0.0021400737
0.0020991712
0.0020581185
0.0020168084
0.0019752697
0.001933552
0.0018918172
0.0018500516
0.0018080878
0.0017659495
0.0017237912
0.0016814445
0.0016386137
0.00159529
0.0015516631
0.0015076177
0.0014630423
0.0014180598
0.0013726551
0.0013268018
0.0012802384
0.0012328154
0.0011850686
0.0011366509
0.0010871767
0.0010374432
0.00098704512
0.00093552144
0.00088345167
0.00083080185
0.00077736716
0.0007231017
0.00066802111
0.00061250781
0.00055632442
0.00049997168
0.00044407968
0.00038978074
0.00033532742
0.00029561655
0.00023543073
0.00036283425
-0.00020597601
0.0048711873
0.0049013417
0.0049304715
0.0049600563
0.0049915087
0.0050264111
0.0050659865
0.0051108305
0.0051610182
0.0052158977
0.005273276
0.0053282413
0.0053720422
0.0053918232
0.0053729575
0.0053060076
0.0051944284
0.0050533312
0.0048988012
0.0047399818
0.004580715
0.0044239515
0.0042723526
0.0041270991
0.0039881777
0.003855621
0.0037300826
0.0036124484
0.0035032008
0.0034022012
0.0033090614
0.003223676
0.0031461736
0.0030763999
0.0030137506
0.0029574242
0.0029066122
0.0028605212
0.0028184211
0.0027796452
0.0027435037
0.0027093276
0.0026765108
0.0026444803
0.0026127427
0.0025809433
0.0025488611
0.0025163294
0.002483166
0.0024491521
0.0024140562
0.0023777402
0.0023402088
0.002301613
0.002262183
0.0022221162
0.0021816393
0.0021409
0.0020999912
0.0020589255
0.0020176084
0.0019760627
0.0019343395
0.0018925866
0.0018507969
0.001808816
0.001766659
0.001724466
0.0016820843
0.0016392322
0.001595892
0.0015522387
0.001508171
0.0014635799
0.0014185769
0.0013731501
0.001327267
0.0012806842
0.0012332591
0.0011854824
0.0011370408
0.0010875757
0.0010378224
0.00098738538
0.00093581049
0.00088364744
0.00083087359
0.00077731452
0.0007231744
0.0006684069
0.00061314622
0.00055721381
0.00050094295
0.0004448445
0.00039041024
0.0003359733
0.00029604326
0.0002356027
0.00036026761
-0.0001995597
0.0048520028
0.0048818318
0.0049110651
0.0049408165
0.0049721326
0.0050063041
0.0050444
0.0050869172
0.0051337661
0.0051840881
0.0052356011
0.0052836504
0.0053203816
0.005334731
0.0053144857
0.0052516447
0.0051484032
0.0050167883
0.0048706921
0.004718946
0.0045657034
0.0044139204
0.0042662408
0.0041240844
0.0039877373
0.0038573776
0.0037336509
0.0036174015
0.0035091349
0.0034088116
0.0033161396
0.003231023
0.0031535567
0.0030836044
0.0030206226
0.0029638619
0.0029125519
0.0028659333
0.0028232951
0.0027839798
0.0027473164
0.0027126489
0.0026793787
0.0026469446
0.0026148601
0.0025827674
0.0025504349
0.0025176875
0.0024843394
0.0024501749
0.00241497
0.0023785876
0.0023410271
0.002302427
0.0022630043
0.0022229518
0.0021824841
0.0021417477
0.0021008327
0.0020597543
0.0020184297
0.001976877
0.0019351478
0.0018933769
0.0018515629
0.001809564
0.0017673875
0.0017251601
0.0016827431
0.0016398688
0.0015965109
0.0015528309
0.0015087408
0.0014641337
0.0014191091
0.0013736587
0.0013277467
0.0012811455
0.0012337152
0.0011859072
0.0011374456
0.0010879843
0.001038198
0.00098773594
0.00093616849
0.00088399262
0.00083117568
0.00077754651
0.00072331419
0.00066840975
0.00061311178
0.00055742419
0.00050143492
0.00044552345
0.00039123237
0.00033673223
0.00029647631
0.00023575264
0.0003569021
-0.00019218668
0.0048326474
0.0048620326
0.0048911449
0.0049208091
0.004951781
0.0049850896
0.0050216334
0.0050617976
0.0051053568
0.0051513046
0.0051973311
0.0052390735
0.0052695183
0.0052791477
0.0052577296
0.005198476
0.0051026817
0.0049798581
0.0048418741
0.0046970715
0.0045497994
0.0044030321
0.0042593793
0.004120441
0.0039867676
0.0038586821
0.0037368361
0.003622043
0.0035148301
0.003415246
0.0033230879
0.0032382772
0.003160884
0.0030907878
0.0030275016
0.0029703289
0.0029185376
0.002871402
0.0028282318
0.002788381
0.0027511964
0.0027160364
0.0026823106
0.002649469
0.0026170326
0.0025846409
0.0025520531
0.0025190854
0.0024855492
0.0024512311
0.0024159144
0.0023794629
0.0023418708
0.0023032644
0.0022638477
0.0022238084
0.0021833497
0.002142616
0.0021016951
0.0020606044
0.0020192721
0.0019777122
0.0019359764
0.0018941878
0.0018523494
0.0018103317
0.0017681353
0.0017258735
0.0016834209
0.0016405232
0.001597147
0.0015534405
0.0015093273
0.0014647034
0.0014196564
0.001374182
0.0013282414
0.0012816207
0.0012341835
0.0011863458
0.0011378643
0.0010884034
0.0010385841
0.00098810003
0.00093653216
0.00088433543
0.00083150042
0.00077787005
0.00072361823
0.00066865656
0.0006132831
0.00055749441
0.00050137535
0.00044556437
0.000391535
0.00033723761
0.0002969995
0.00023599018
0.00035290684
-0.00018358376
0.0048130591
0.0048418937
0.0048706913
0.0049000475
0.0049304865
0.0049628069
0.004997734
0.0050355356
0.0050758747
0.0051176459
0.0051585612
0.0051945681
0.0052194304
0.0052249623
0.0052025641
0.0051464679
0.0050573311
0.0049426311
0.0048124109
0.0046744007
0.0045330317
0.0043912955
0.0042517581
0.0041161487
0.0039852447
0.0038595101
0.0037396142
0.003626349
0.0035202626
0.0034214818
0.0033298864
0.0032454209
0.0031681395
0.0030979358
0.0030343758
0.0029768152
0.0029245611
0.0028769207
0.0028332264
0.0027928452
0.0027551415
0.0027194886
0.0026853055
0.0026520534
0.0026192604
0.0025865646
0.0025537165
0.0025205244
0.0024867966
0.0024523222
0.0024168908
0.0023803675
0.0023427412
0.0023041265
0.0022647146
0.0022246872
0.0021842372
0.002143506
0.0021025792
0.0020614766
0.0020201362
0.0019785691
0.0019368261
0.0018950199
0.0018531571
0.00181112
0.0017689029
0.0017266069
0.0016841182
0.0016411963
0.0015978012
0.0015540678
0.001509931
0.0014652892
0.0014202196
0.0013747207
0.0013287512
0.00128211
0.0012346652
0.0011867983
0.0011382957
0.0010888336
0.0010389831
0.00098847659
0.00093690521
0.00088468846
0.00083183638
0.00077819544
0.0007239221
0.00066895288
0.000613568
0.00055773789
0.00050155164
0.00044565483
0.00039147479
0.00033714094
0.0002969593
0.00023580431
0.00034826424
-0.00017353931
0.0047931838
0.0048213711
0.0048496871
0.0048785444
0.0049082821
0.0049394995
0.0049727546
0.0050081991
0.0050454047
0.0050832074
0.0051193788
0.0051501837
0.0051700959
0.0051720759
0.005148875
0.0050955808
0.0050124052
0.0049051926
0.0047823683
0.0046509785
0.0045154311
0.004378723
0.0042433707
0.0041111892
0.0039831458
0.0038598378
0.0037419614
0.0036302954
0.003525408
0.0034274957
0.0033365142
0.0032524361
0.0031753068
0.003105034
0.0030412325
0.0029833102
0.0029306134
0.0028824825
0.0028382733
0.002797368
0.0027591483
0.0027230032
0.002688362
0.0026546968
0.0026215431
0.0025885383
0.0025554252
0.0025220044
0.0024880817
0.0024534482
0.0024178993
0.0023813015
0.0023436383
0.0023050133
0.0022656048
0.0022255882
0.0021851464
0.0021444175
0.0021034851
0.0020623709
0.0020210222
0.0019794477
0.0019376971
0.0018958734
0.0018539862
0.0018119289
0.0017696906
0.0017273604
0.0016848352
0.0016418883
0.0015984735
0.0015547132
0.0015105519
0.0014658917
0.0014207991
0.001375275
0.0013292762
0.0012826139
0.0012351605
0.0011872646
0.0011387401
0.0010892758
0.0010393948
0.00098886444
0.00093728865
0.00088505311
0.00083218298
0.00077852884
0.00072423642
0.00066925647
0.00061384875
0.00055799679
0.00050180909
0.00044588323
0.00039161587
0.00033718405
0.00029655018
0.00023531607
0.00034178628
-0.00016208697
0.0047729741
0.0048004271
0.0048281182
0.0048563125
0.0048852016
0.0049152137
0.0049467523
0.0049798588
0.0050140316
0.0050480801
0.0050798642
0.0051059629
0.0051214929
0.0051204003
0.0050965581
0.0050457714
0.0049679454
0.0048676211
0.004751813
0.0046268515
0.0044970305
0.0043653305
0.0042342144
0.0041055474
0.00398045
0.0038596422
0.0037438541
0.0036338582
0.0035302419
0.003433264
0.00334295
0.0032593036
0.0031823686
0.0031120666
0.0030480582
0.0029898021
0.0029366848
0.0028880794
0.0028433665
0.0028019447
0.0027632133
0.0027265777
0.0026914784
0.0026573981
0.0026238802
0.0025905619
0.0025571792
0.002523526
0.0024894051
0.0024546098
0.0024189407
0.0023822656
0.0023445629
0.0023059253
0.0022665188
0.0022265118
0.0021860777
0.0021453509
0.0021044131
0.0020632877
0.0020219305
0.0019803485
0.0019385898
0.0018967486
0.0018548371
0.0018127588
0.0017704987
0.0017281344
0.0016855725
0.0016425997
0.0015991645
0.0015553771
0.0015111907
0.0014665111
0.0014213952
0.0013758453
0.001329817
0.0012831329
0.0012356698
0.0011877452
0.0011391979
0.0010897304
0.0010398192
0.0009892641
0.00093768318
0.00088542888
0.00083253958
0.00077887203
0.00072456119
0.00066956797
0.00061413667
0.00055826527
0.0005020672
0.00044610987
0.00039179677
0.00033732594
0.00029618975
0.00023582562
0.00033363996
-0.00014967902
0.0047523896
0.0047790304
0.0048059739
0.0048333659
0.0048612796
0.0048899987
0.0049197875
0.0049505873
0.0049818393
0.0050123511
0.0050400907
0.005061942
0.0050735998
0.0050698563
0.0050455187
0.0049969947
0.0049239825
0.0048299883
0.0047208116
0.0046020684
0.0044778645
0.0043511367
0.0042242899
0.0040992106
0.0039771379
0.0038589015
0.0037452692
0.0036370132
0.0035347397
0.0034387627
0.0033491716
0.0032660036
0.0031893067
0.0031190173
0.0030548386
0.0029962789
0.002942765
0.0028937031
0.0028484991
0.0028065698
0.0027673325
0.0027302092
0.0026946524
0.0026601558
0.0026262707
0.0025926349
0.0025589785
0.0025250891
0.002490767
0.0024558072
0.0024200153
0.0023832602
0.0023455154
0.0023068629
0.0022674568
0.0022274582
0.0021870313
0.0021463064
0.0021053633
0.002064227
0.0020228611
0.0019812715
0.0019395043
0.0018976458
0.00185571
0.0018136102
0.0017713276
0.0017289292
0.0016863304
0.0016433308
0.0015998745
0.0015560598
0.0015118477
0.001467148
0.0014220082
0.001376432
0.0013303738
0.0012836672
0.0012361934
0.0011882404
0.0011396696
0.0010901976
0.0010402565
0.000989676
0.00093808901
0.00088581582
0.00083290671
0.0007792253
0.00072489543
0.00066988783
0.00061443356
0.00055854185
0.00050232982
0.00044634219
0.00039197868
0.00033745639
0.0002959019
0.00023701146
0.00032490467
-0.00013684026
0.0047313958
0.0047571557
0.0047832474
0.0048097201
0.0048365519
0.0048639051
0.004891923
0.0049204584
0.0049489101
0.0049761029
0.0050001253
0.0050181525
0.0050263956
0.0050203724
0.0049956708
0.0049492048
0.004880538
0.0047923578
0.0046894294
0.0045766794
0.0044579694
0.0043361634
0.0042136017
0.0040921695
0.0039731926
0.003857595
0.0037461841
0.0036397368
0.0035388768
0.0034439673
0.0033551562
0.0032725155
0.0031961023
0.003125869
0.0030615584
0.0030027272
0.0029488428
0.0028993442
0.0028536636
0.0028112375
0.0027715013
0.0027338942
0.0026978816
0.0026629683
0.0026287136
0.0025947567
0.0025608229
0.0025266939
0.0024921676
0.0024570408
0.0024211235
0.0023842856
0.0023464959
0.0023078265
0.0022684192
0.0022284277
0.0021880074
0.0021472841
0.0021063359
0.0020651891
0.0020238145
0.001982217
0.0019404409
0.0018985653
0.0018566052
0.0018144833
0.0017721777
0.0017297452
0.0016871093
0.001644082
0.0016006039
0.0015567617
0.0015125233
0.0014678026
0.0014226385
0.0013770354
0.001330947
0.0012842172
0.0012367317
0.0011887504
0.0011401554
0.0010906777
0.0010407071
0.00099010048
0.00093850638
0.00088621422
0.00083328474
0.00077958876
0.00072523935
0.00067021664
0.00061473901
0.00055882561
0.00050259859
0.00044658058
0.0003921627
0.00033758472
0.00029565255
0.00023823332
0.00031627002
-0.00012426448
0.0047099647
0.0047347836
0.004759936
0.0047853928
0.0048110553
0.0048369854
0.0048632232
0.0048895463
0.0049153243
0.0049394134
0.0049600294
0.0049746216
0.00497986
0.0049718844
0.0049469364
0.0049023569
0.004837626
0.0047547859
0.0046577293
0.0045507354
0.0044373831
0.0043204344
0.0042021577
0.0040844178
0.003968599
0.0038557034
0.0037465773
0.0036420054
0.0035426286
0.0034488533
0.0033608806
0.003278818
0.0032027359
0.0031326037
0.0030682017
0.0030091332
0.0029549062
0.0029049927
0.002858852
0.0028159411
0.0027757145
0.0027376287
0.002701163
0.0026658334
0.0026312075
0.0025969265
0.0025627119
0.0025283401
0.0024936069
0.0024583107
0.0024222655
0.0023853422
0.002347505
0.0023088162
0.0022694062
0.0022294204
0.0021890062
0.0021482843
0.0021073311
0.0020661742
0.0020247907
0.0019831853
0.0019414
0.0018995072
0.001857523
0.0018153784
0.0017730492
0.0017305828
0.0016879094
0.0016448538
0.0016013531
0.0015574831
0.0015132178
0.0014684754
0.0014232865
0.0013776559
0.0013315371
0.0012847833
0.001237285
0.0011892756
0.0011406557
0.001091171
0.0010411713
0.00099053784
0.00093893556
0.00088662438
0.0008336739
0.00077996261
0.00072559323
0.00067055458
0.000615053
0.00055911693
0.00050287368
0.00044682424
0.00039234744
0.00033772114
0.00029542245
0.00023928267
0.0003079354
-0.00011216018
0.0046880738
0.0047119002
0.0047360411
0.0047604037
0.0047848278
0.0048092929
0.0048337531
0.0048579248
0.0048811596
0.0049023559
0.0049198587
0.0049313725
0.0049339736
0.0049243342
0.0048992447
0.0048564068
0.0047952539
0.0047173213
0.0046257711
0.004524288
0.0044161451
0.0043039762
0.0041899687
0.0040759522
0.0039633446
0.0038532091
0.003746428
0.0036437964
0.0035459707
0.0034533958
0.0033663212
0.0032848892
0.0032091872
0.0031392027
0.0030747517
0.0030154821
0.0029609423
0.0029106378
0.0028640552
0.0028206734
0.0027799663
0.0027414084
0.0027044933
0.0026687487
0.0026337507
0.0025991433
0.0025646449
0.0025300275
0.0024950849
0.002459617
0.0024234415
0.0023864302
0.0023485429
0.0023098324
0.0022704179
0.0022304366
0.0021900277
0.002149307
0.002108349
0.0020671824
0.00202579
0.0019841765
0.0019423817
0.0019004718
0.0018584636
0.0018162957
0.0017739424
0.0017314421
0.0016887313
0.0016456465
0.0016021223
0.0015582245
0.0015139317
0.0014691667
0.0014239526
0.0013782939
0.0013321443
0.0012853659
0.0012378537
0.0011898163
0.0011411709
0.0010916778
0.0010416493
0.00099098841
0.00093937686
0.00088704655
0.00083407447
0.0007803471
0.00072595731
0.00067090184
0.0006153757
0.00055941601
0.0005031551
0.00044707276
0.00039253446
0.00033786071
0.00029519006
0.00024016549
0.00029987167
-0.00010050936
0.0046657061
0.004688497
0.0047115683
0.0047347753
0.0047579087
0.0047808815
0.0048035778
0.0048256662
0.0048464909
0.0048649991
0.004879664
0.0048884254
0.0048887177
0.0048776693
0.0048525317
0.0048113124
0.0047534244
0.0046800057
0.0045936112
0.0044973885
0.0043942958
0.0042868169
0.0041770488
0.0040667728
0.0039574195
0.0038500963
0.0037457169
0.0036450875
0.0035488792
0.0034575703
0.0033714539
0.0032907067
0.0032154353
0.0031456468
0.0030811908
0.0030217583
0.0029669377
0.002916268
0.0028692637
0.0028254266
0.0027842505
0.0027452283
0.0027078686
0.0026717113
0.0026363412
0.0026014057
0.002566621
0.0025317556
0.0024966013
0.0024609597
0.0024246515
0.0023875497
0.0023496096
0.0023108752
0.0022714544
0.0022314763
0.002191072
0.0021503523
0.0021093896
0.0020682137
0.0020268125
0.0019851908
0.0019433862
0.0019014593
0.0018594272
0.0018172357
0.0017748576
0.0017323235
0.0016895752
0.0016464604
0.0016029121
0.0015589861
0.0015146652
0.0014698768
0.001424637
0.0013789497
0.001332769
0.0012859653
0.0012384382
0.0011903728
0.0011417013
0.0010921985
0.0010421416
0.00099145252
0.00093983058
0.00088748099
0.00083448671
0.00078074248
0.00072633179
0.00067125858
0.00061570729
0.00055972297
0.00050344278
0.00044732655
0.00039272219
0.00033800926
0.00029494716
0.00024091142
0.0002919903
-8.927991e-05
0.0046428499
0.0046645706
0.004686527
0.0047085322
0.0047303383
0.0047518052
0.0047727619
0.0047928415
0.0048113896
0.0048274072
0.0048394916
0.0048457978
0.0048440751
0.0048318421
0.0048067391
0.0047670335
0.004712136
0.0046428745
0.0045613017
0.0044700871
0.0043718764
0.0042689866
0.0041634144
0.0040568828
0.0039508163
0.003846351
0.0037444258
0.0036458577
0.0035513308
0.0034613524
0.0033762548
0.0032962476
0.0032214587
0.0031519157
0.0030875006
0.0030279453
0.0029728778
0.0029218708
0.0028744671
0.0028301919
0.0027885599
0.0027490828
0.0027112847
0.0026747178
0.0026389764
0.0026037118
0.0025686392
0.0025335236
0.0024981557
0.0024623384
0.0024258956
0.0023887008
0.0023507054
0.0023119446
0.0022725159
0.0022325397
0.0021921392
0.0021514203
0.0021104531
0.0020692682
0.0020278582
0.0019862282
0.0019444136
0.0019024698
0.001860414
0.0018181985
0.0017757951
0.0017332273
0.0016904413
0.0016472959
0.0016037227
0.0015597682
0.0015154188
0.0014706063
0.0014253402
0.0013796238
0.0013334116
0.001286582
0.0012390387
0.0011909456
0.0011422473
0.0010927335
0.0010426482
0.0009919305
0.00094029701
0.00088792796
0.0008349109
0.00078114898
0.00072671689
0.00067162501
0.00061604792
0.00056003792
0.00050373685
0.00044758507
0.00039291268
0.000338155
0.00029469391
0.0002415467
0.00028427147
-7.8468488e-05
0.0046194984
0.0046401224
0.0046609303
0.0046817016
0.0047021579
0.004722118
0.004741369
0.0047595193
0.0047759239
0.0047896399
0.0047993834
0.0048035047
0.0048000293
0.0047868096
0.0047618142
0.0047235322
0.0046713843
0.004605957
0.0045288902
0.0044424329
0.0043489286
0.0042505167
0.0041490848
0.0040462882
0.0039435306
0.0038419615
0.0037425382
0.0036460867
0.0035533026
0.0034647179
0.0033806995
0.0033014887
0.0032272356
0.003157989
0.003093662
0.003034026
0.0029787476
0.0029274332
0.0028796541
0.0028349601
0.002792887
0.0027529656
0.0027147365
0.0026777646
0.0026416537
0.0026060598
0.0025706978
0.0025353305
0.0024997475
0.0024637529
0.0024271735
0.0023898834
0.0023518302
0.0023130408
0.0022736023
0.0022336266
0.0021932293
0.0021525109
0.0021115394
0.002070346
0.0020289272
0.0019872888
0.001945464
0.0019035035
0.0018614242
0.0018191842
0.0017767552
0.0017341537
0.0016913301
0.0016481533
0.0016045545
0.0015605713
0.0015161929
0.0014713553
0.0014260625
0.0013803164
0.0013340724
0.0012872162
0.0012396557
0.0011915348
0.0011428092
0.001093283
0.0010431696
0.00099242268
0.00094077645
0.00088838772
0.00083534729
0.00078156686
0.00072711283
0.00067200132
0.00061639774
0.00056036098
0.00050403723
0.00044784883
0.00039310331
0.00033830896
0.0002944483
0.00024206107
0.00027670336
-6.8088954e-05
0.0045956496
0.0046151581
0.0046347949
0.0046543125
0.0046734094
0.0046918734
0.004709461
0.0047257657
0.004740158
0.0047517527
0.0047593774
0.0047615591
0.0047565649
0.0047425329
0.0047177094
0.0046807728
0.0046311624
0.0045692778
0.0044964202
0.0044144731
0.0043254942
0.00423144
0.0041340812
0.004034998
0.0039355605
0.0038369184
0.0037400392
0.0036457558
0.0035547728
0.0034676431
0.0033847642
0.0033064067
0.0032327434
0.0031638453
0.0030996553
0.0030399823
0.002984531
0.002932941
0.0028848129
0.002839721
0.0027972233
0.0027568701
0.0027182186
0.0026808472
0.0026443696
0.0026084472
0.0025727953
0.0025371753
0.0025013758
0.0024652026
0.0024284848
0.0023910972
0.0023529839
0.0023141637
0.0022747136
0.0022347371
0.0021943422
0.0021536241
0.0021126484
0.0020714468
0.0020300195
0.0019883728
0.0019465376
0.0019045604
0.0018624579
0.0018201932
0.001777738
0.0017351029
0.0016922417
0.001649033
0.0016054078
0.0015613956
0.0015169877
0.0014721242
0.0014268042
0.001381028
0.0013347518
0.0012878682
0.0012402895
0.0011921408
0.0011433874
0.0010938474
0.0010437061
0.00099292937
0.00094126921
0.00088886054
0.00083579617
0.00078199635
0.00072751981
0.0006723877
0.0006167569
0.00056069222
0.00050434407
0.00044811713
0.00039329642
0.00033845957
0.00029421159
0.00024246791
0.00026927304
-5.8148677e-05
0.0045713059
0.0045896878
0.0046081406
0.0046263961
0.0046441356
0.0046611244
0.004677098
0.0046916438
0.0047041526
0.0047137966
0.004719508
0.0047199724
0.0047136677
0.0046989768
0.0046743814
0.0046387219
0.0045914617
0.0045328564
0.0044639308
0.0043862527
0.0043016148
0.00421179
0.0041184269
0.0040230239
0.0039269072
0.0038312146
0.0037369158
0.0036448474
0.0035557206
0.0034701052
0.003388425
0.0033109778
0.0032379594
0.003169463
0.0031054602
0.0030457957
0.0029902112
0.0029383796
0.0028899306
0.0028444639
0.0028015598
0.0027607888
0.002721725
0.002683961
0.0026471206
0.0026108711
0.0025749296
0.0025390563
0.0025030395
0.0024666866
0.002429829
0.0023923421
0.0023541663
0.002315313
0.0022758497
0.002235871
0.0021954777
0.0021547597
0.0021137801
0.0020725708
0.002031135
0.00198948
0.0019476344
0.0019056407
0.0018635151
0.0018212255
0.0017787438
0.0017360752
0.0016931764
0.0016499352
0.0016062829
0.0015622415
0.0015178035
0.0014729135
0.0014275657
0.0013817588
0.0013354501
0.0012885386
0.0012409405
0.001192764
0.0011439821
0.0010944271
0.0010442578
0.00099345089
0.00094177559
0.00088934668
0.00083625779
0.0007824377
0.00072793804
0.00067278434
0.00061712554
0.00056103178
0.00050465724
0.00044839051
0.00039348912
0.00033861946
0.00029397282
0.00024276458
0.00026198264
-4.8656027e-05
0.0045464738
0.004563725
0.00458099
0.0045979851
0.0046143792
0.0046299226
0.004644338
0.0046572136
0.0046679642
0.0046758187
0.0046798063
0.0046787542
0.0046713245
0.0046561096
0.0046317909
0.0045973484
0.0045522726
0.0044967087
0.0044314567
0.004357814
0.0042773312
0.0041916012
0.0041021468
0.0040103801
0.0039175743
0.0038248452
0.0037331571
0.0036433458
0.0035561263
0.0034720819
0.0033916585
0.0033151787
0.0032428608
0.0031748199
0.0031110557
0.0030514468
0.0029957707
0.0029437334
0.0028949936
0.002849177
0.0028058866
0.0027647134
0.0027252491
0.0026871005
0.0026499023
0.0026133285
0.0025770982
0.0025409717
0.0025047375
0.0024682041
0.0024312054
0.0023936173
0.002355377
0.0023164886
0.0022770102
0.002237028
0.0021966357
0.0021559175
0.0021149342
0.0020737176
0.0020322737
0.0019906103
0.0019487543
0.0019067443
0.0018645959
0.0018222813
0.0017797727
0.0017370707
0.0016941344
0.0016508602
0.0016071802
0.0015631092
0.0015186408
0.0014737234
0.0014283472
0.0013825093
0.0013361677
0.0012892276
0.0012416091
0.0011934046
0.0011445938
0.0010950223
0.0010448252
0.00099398758
0.0009422959
0.00088984639
0.00083673242
0.00078289115
0.00072836774
0.00067319142
0.00061750379
0.00056137971
0.00050497689
0.00044866817
0.00039368407
0.00033877624
0.00029370365
0.00024297878
0.00025483038
-3.9617072e-05
0.0045211635
0.0045372866
0.0045533684
0.0045691135
0.0045841831
0.0045983186
0.0046112367
0.0046225318
0.0046316456
0.0046378624
0.0046403002
0.0046379129
0.004629523
0.0046139023
0.0045899026
0.0045566235
0.0045135846
0.0044608471
0.0043990287
0.0043291967
0.0042526834
0.0041709081
0.0040852675
0.0039970828
0.0039075682
0.0038178082
0.0037287541
0.0036412366
0.0035559716
0.0034735519
0.0033944418
0.0033189861
0.0032474243
0.0031798937
0.0031164204
0.0030569155
0.0030011912
0.002948986
0.0028999877
0.002853848
0.0028101932
0.0027686351
0.0027287834
0.0026902598
0.0026527101
0.0026158155
0.0025792984
0.0025429195
0.0025064679
0.0024697538
0.0024326131
0.0023949223
0.0023566155
0.0023176899
0.0022781948
0.002238208
0.0021978158
0.0021570973
0.0021161105
0.0020748871
0.0020334353
0.0019917638
0.0019498973
0.0019078711
0.0018657003
0.0018233606
0.0017808249
0.0017380896
0.0016951159
0.0016518083
0.0016080998
0.0015639989
0.0015194997
0.0014745542
0.0014291492
0.0013832797
0.0013369049
0.0012899356
0.0012422955
0.0011940629
0.0011452228
0.0010956335
0.0010454085
0.00099453973
0.00094283045
0.00089035993
0.00083722032
0.00078335694
0.00072880909
0.00067360912
0.00061789178
0.00056173613
0.00050530285
0.00044895069
0.00039387777
0.00033894403
0.00029340723
0.00024309719
0.00024783369
-3.1054833e-05
0.0044953887
0.0045103928
0.004525303
0.0045398163
0.0045535902
0.0045663617
0.0045778471
0.0045876517
0.0045952459
0.0045999669
0.0046010147
0.0045974556
0.0045882517
0.004572329
0.0045486842
0.0045165204
0.0044753868
0.0044252812
0.0043666739
0.0043004378
0.0042277097
0.0041497456
0.0040678165
0.0039831506
0.0038968977
0.0038101037
0.0037237
0.0036385076
0.0035552397
0.0034744951
0.0033967528
0.003322377
0.0032516271
0.0031846617
0.0031215324
0.0030621814
0.0030064539
0.0029541203
0.0029048977
0.0028584637
0.0028144683
0.0027725443
0.00273232
0.0026934323
0.0026555386
0.002618328
0.0025815269
0.0025448972
0.0025082289
0.0024713342
0.002434051
0.0023962562
0.0023578812
0.0023189165
0.002279403
0.0022394103
0.0021990176
0.0021582986
0.0021173086
0.002076079
0.0020346197
0.0019929401
0.0019510632
0.0019090212
0.0018668283
0.0018244634
0.0017819004
0.0017391319
0.0016961211
0.0016527796
0.001609042
0.001564911
0.0015203806
0.0014754063
0.0014299719
0.0013840703
0.0013376619
0.0012906628
0.0012430002
0.0011947393
0.0011458693
0.0010962609
0.0010460079
0.00099510766
0.00094337954
0.00089088755
0.00083772174
0.00078383531
0.00072926231
0.00067403761
0.00061828964
0.00056210105
0.00050563527
0.00044923719
0.00039407316
0.00033910753
0.00029307792
0.00024313672
0.00024101394
-2.2986734e-05
0.0044691662
0.0044830658
0.0044968228
0.0045101295
0.0045226426
0.0045340992
0.0045442197
0.0045526232
0.0045588103
0.0045621684
0.0045619724
0.0045573884
0.0045475002
0.0045313661
0.0045081066
0.0044770144
0.004437668
0.004390018
0.0043344161
0.0042715711
0.0042024474
0.0041281483
0.0040498223
0.0039686037
0.0038855741
0.0038017345
0.0037179905
0.0036351484
0.0035539154
0.0034748927
0.0033985703
0.0033253288
0.0032554461
0.0031891012
0.0031263698
0.0030672235
0.0030115391
0.0029591186
0.0029097075
0.00286301
0.0028186996
0.0027764307
0.0027358503
0.0026966108
0.002658382
0.0026208614
0.0025837799
0.0025469017
0.0025100182
0.0024729436
0.0024355176
0.0023976179
0.002359173
0.0023201677
0.0022806343
0.0022406346
0.0022002407
0.0021595212
0.0021185282
0.0020772928
0.0020358265
0.001994139
0.0019522519
0.0019101943
0.0018679797
0.0018255898
0.0017829993
0.0017401978
0.0016971501
0.0016537744
0.0016100071
0.0015658456
0.0015212836
0.0014762799
0.0014308155
0.0013848815
0.0013384392
0.0012914096
0.0012437235
0.001195434
0.0011465338
0.001096905
0.0010466238
0.00099569166
0.00094394347
0.00089142951
0.00083823693
0.00078432648
0.00072972757
0.00067447705
0.00061869747
0.00056247458
0.00050597396
0.00044952811
0.00039426695
0.00033927704
0.0002927213
0.00024306509
0.00023436248
-1.5400472e-05
0.0044425155
0.0044553305
0.0044679583
0.0044800891
0.0044913819
0.0045015769
0.004510402
0.0045174928
0.0045223801
0.0045244993
0.0045231931
0.0045177164
0.0045072587
0.0044909921
0.0044681433
0.0044380827
0.0044004171
0.0043550627
0.0043022758
0.0042426277
0.0041769315
0.0041061501
0.004031314
0.0039534639
0.0038736106
0.0037927058
0.0037116233
0.0036311507
0.0035519852
0.0034747272
0.003399874
0.0033278197
0.0032588589
0.0031931894
0.0031309101
0.0030720202
0.0030164269
0.0029639624
0.0029144007
0.0028674722
0.0028228744
0.0027802832
0.0027393648
0.0026997875
0.0026612339
0.0026234104
0.0025860534
0.0025489299
0.0025118333
0.0024745797
0.0024370113
0.002399006
0.0023604901
0.0023214425
0.0022818879
0.0022418801
0.0022014845
0.0021607643
0.0021197688
0.0020785282
0.0020370552
0.0019953602
0.0019534631
0.0019113903
0.0018691544
0.0018267396
0.0017841215
0.0017412873
0.0016982029
0.0016547928
0.0016109952
0.001566803
0.0015222091
0.0014771753
0.0014316804
0.0013857135
0.001339237
0.0012921764
0.0012444656
0.0011961473
0.0011472165
0.0010975659
0.0010472564
0.00099629202
0.00094452255
0.00089198605
0.00083876613
0.00078483068
0.00073020508
0.00067492761
0.00061911537
0.00056285673
0.00050631897
0.00044982278
0.0003944609
0.000339438
0.00029234191
0.0002428555
0.00022785522
-8.2611794e-06
0.0044154584
0.0044272134
0.0044387407
0.0044497315
0.0044598488
0.0044688387
0.0044764391
0.0044823037
0.0044859936
0.0044869891
0.0044846946
0.0044784437
0.004467518
0.0044511877
0.0044287704
0.0043997042
0.0043636231
0.0043204186
0.0042702709
0.0042136361
0.0041511956
0.0040837844
0.0040123211
0.0039377544
0.0038610227
0.0037830248
0.0037045985
0.0036265081
0.0035494375
0.0034739826
0.0034006448
0.0033298286
0.0032618431
0.0031969038
0.003135131
0.0030765498
0.0030210965
0.0029686325
0.0029189599
0.0028718348
0.0028269789
0.0027840899
0.0027428533
0.0027029538
0.0026640871
0.0026259692
0.0025883426
0.0025509779
0.0025136709
0.0024762403
0.0024385301
0.002400419
0.0023618311
0.0023227399
0.0022831629
0.002243146
0.0022027482
0.0021620273
0.0021210297
0.0020797845
0.0020383055
0.0019966033
0.0019546964
0.0019126088
0.0018703522
0.0018279127
0.0017852671
0.0017424004
0.0016992795
0.0016558348
0.0016120065
0.0015677833
0.0015231573
0.0014780927
0.0014325668
0.0013865667
0.0013400556
0.0012929634
0.001245227
0.0011968796
0.0011479176
0.0010982442
0.001047906
0.00099690903
0.00094511706
0.00089255741
0.00083930958
0.00078534814
0.00073069499
0.00067538942
0.00061954345
0.00056324754
0.00050667022
0.00045012107
0.00039465426
0.00033958602
0.0002919442
0.00024248455
0.00022151576
-1.5522392e-06
0.0043880187
0.0043987422
0.0044092024
0.0044190927
0.0044280826
0.0044359261
0.0044423728
0.0044470957
0.0044496853
0.0044496641
0.0044464926
0.0044395737
0.0044282695
0.0044119349
0.004389966
0.0043618595
0.0043272753
0.0042860879
0.0042384165
0.0041846218
0.0041252711
0.0040610836
0.0039928733
0.0039214992
0.0038478275
0.0037727013
0.0036969186
0.0036212167
0.0035462627
0.0034726448
0.0034008651
0.0033313354
0.0032643773
0.003200222
0.00313901
0.0030807905
0.0030255271
0.0029731095
0.0029233669
0.0028760815
0.0028309987
0.0027878383
0.002746305
0.0027061005
0.0026669339
0.0026285314
0.0025906423
0.0025530415
0.0025155278
0.0024779224
0.0024400717
0.002401855
0.0023631945
0.0023240587
0.0022844581
0.0022444315
0.0022040311
0.0021633095
0.0021223102
0.0020810611
0.0020395767
0.0019978678
0.0019559516
0.0019138496
0.0018715727
0.0018291089
0.0017864358
0.001743537
0.0017003801
0.0016569007
0.0016130412
0.0015687867
0.0015241282
0.0014790323
0.0014334749
0.0013874412
0.0013408952
0.0012937708
0.0012460079
0.001197631
0.0011486375
0.00109894
0.0010485729
0.00099754296
0.0009457273
0.00089314384
0.0008398675
0.00078587907
0.0007311975
0.00067586265
0.00061998177
0.00056364702
0.00050702763
0.00045042274
0.00039484635
0.0003397201
0.00029152619
0.00024196287
0.0002153599
4.7211986e-06
0.004360222
0.004369946
0.0043793756
0.0043882084
0.0043961218
0.004402879
0.0044082426
0.0044119055
0.0044134867
0.004412548
0.0044086005
0.0044011088
0.0043895053
0.0043732178
0.0043517101
0.0043245306
0.0042913631
0.0042520712
0.0042067258
0.0041556081
0.0040991872
0.004038079
0.003973
0.0039047234
0.0038340436
0.0037617468
0.0036885881
0.0036152745
0.0035424531
0.0034707012
0.0034005184
0.0033323211
0.0032664405
0.0032031223
0.0031425248
0.0030847201
0.0030296973
0.002977373
0.0029276033
0.0028801954
0.0028349188
0.0027915149
0.0027497082
0.0027092175
0.0026697659
0.00263109
0.0025929468
0.002555116
0.0025174
0.002479623
0.0024416335
0.0024033119
0.0023645785
0.0023253974
0.0022857724
0.0022457353
0.002205332
0.00216461
0.0021236094
0.0020823573
0.0020408682
0.0019991531
0.0019572279
0.0019151122
0.0018728157
0.0018303279
0.0017876276
0.0017446969
0.0017015044
0.0016579902
0.0016140992
0.0015698132
0.001525122
0.0014799943
0.001434405
0.0013883372
0.0013417561
0.001294599
0.0012468086
0.0011984019
0.0011493765
0.0010996536
0.0010492573
0.00099819405
0.00094635352
0.00089374554
0.00084044011
0.00078642366
0.00073171274
0.0006763474
0.00062043041
0.00056405517
0.0005073911
0.00045072745
0.00039503668
0.00033983909
0.00029108545
0.00024130298
0.00020939184
1.055601e-05
0.0043320948
0.0043408545
0.0043492929
0.0043571136
0.0043640029
0.0043697346
0.004374085
0.0043767667
0.0043774262
0.0043756618
0.0043710302
0.0043630509
0.0043512175
0.0043350213
0.0043139846
0.0042877009
0.0042558766
0.0042183686
0.0041752098
0.0041266158
0.0040729713
0.0040148006
0.0039527305
0.0038874527
0.0038196912
0.0037501749
0.0036796138
0.0036086819
0.0035380033
0.0034681414
0.0033995902
0.0033327678
0.003268013
0.0032055832
0.0031456536
0.0030883166
0.0030335856
0.0029814027
0.0029316498
0.002884159
0.0028387231
0.0027951056
0.0027530507
0.0027122943
0.0026725739
0.0026336373
0.0025952496
0.0025571961
0.0025192832
0.0024813383
0.0024432125
0.0024047871
0.002365981
0.0023267542
0.0022871043
0.0022470563
0.0022066498
0.0021659277
0.0021249266
0.0020836721
0.0020421791
0.0020004585
0.0019585249
0.001916396
0.0018740806
0.0018315694
0.0017888422
0.0017458801
0.0017026523
0.0016591036
0.0016151806
0.0015708629
0.0015261389
0.001480979
0.0014353571
0.0013892551
0.0013426384
0.0012954481
0.0012476294
0.0011991924
0.0011501348
0.0011003854
0.0010499594
0.00099886258
0.00094699603
0.00089436277
0.00084102762
0.00078698214
0.00073224089
0.00067684382
0.00062088944
0.00056447199
0.00050776054
0.00045103491
0.0003952248
0.00033994179
0.00029062005
0.00024051453
0.00020361861
1.5956966e-05
0.0043036648
0.0043114976
0.0043189866
0.0043258423
0.0043317612
0.0043365282
0.0043399338
0.0043417099
0.0043415294
0.0043390239
0.0043337919
0.0043254011
0.0043133989
0.0042973317
0.0042767728
0.004251355
0.0042208059
0.0041849792
0.0041438779
0.0040976634
0.0040466487
0.0039912771
0.0039320933
0.0038697128
0.0038047915
0.0037380008
0.0036700046
0.0036014414
0.0035329098
0.0034649566
0.0033980675
0.0033326592
0.0032690756
0.0032075842
0.0031483746
0.0030915581
0.0030371703
0.0029851777
0.0029354868
0.0028879539
0.0028423952
0.0027985956
0.0027563192
0.0027153194
0.0026753481
0.002636165
0.0025975438
0.002559276
0.0025211725
0.0024830643
0.0024448052
0.0024062778
0.0023673997
0.0023281271
0.0022884519
0.0022483927
0.0022079832
0.0021672613
0.0021262603
0.0020850046
0.0020435086
0.0020017831
0.0019598419
0.0019177005
0.001875367
0.0018328329
0.0017900792
0.0017470862
0.0017038238
0.0016602405
0.0016162854
0.0015719358
0.0015271787
0.0014819862
0.0014363315
0.0013901948
0.0013435424
0.0012963184
0.0012484705
0.0012000028
0.0011509125
0.0011011357
0.0010506795
0.00099954873
0.00094765503
0.00089499568
0.00084163018
0.00078755464
0.00073278204
0.00067735196
0.00062135885
0.00056489739
0.00050813576
0.00045134473
0.00039541012
0.00034002695
0.00029012801
0.00023960551
0.00019805146
2.0931461e-05
0.0042749604
0.0042819055
0.0042884884
0.0042944275
0.0042994302
0.004303293
0.0043058203
0.004306763
0.0043058189
0.0043026507
0.004296894
0.0042881598
0.0042760424
0.0042601364
0.0042400592
0.0042154786
0.0041861418
0.0041519015
0.0041127379
0.0040687677
0.0040202428
0.0039675355
0.0039111165
0.0038515298
0.0037893665
0.0037252412
0.0036597711
0.0035935575
0.0035271714
0.0034611404
0.003395939
0.0033319805
0.0032696109
0.0032091056
0.0031506669
0.003094423
0.00304043
0.002988677
0.0029390943
0.0028915616
0.0028459178
0.0028019693
0.0027595
0.0027182806
0.0026780781
0.0026386641
0.0025998217
0.0025613491
0.0025230624
0.0024847964
0.002446408
0.0024077809
0.0023688319
0.0023295139
0.0022898134
0.0022497431
0.0022093308
0.0021686095
0.0021276096
0.0020863535
0.0020448555
0.0020031262
0.001961178
0.001919025
0.0018766742
0.001834118
0.0017913383
0.0017483149
0.0017050184
0.0016614008
0.0016174135
0.0015730319
0.0015282418
0.0014830162
0.0014373283
0.0013911567
0.0013444683
0.0012972101
0.0012493321
0.0012008334
0.00115171
0.0011019046
0.0010514178
0.0010002528
0.00094833084
0.00089564457
0.00084224806
0.0007881414
0.00073333641
0.00067787199
0.00062183875
0.00056533141
0.00050851671
0.00045165661
0.00039559214
0.00034009352
0.00028960732
0.00023858412
0.00019270364
2.5487881e-05
0.00424601
0.0042521083
0.0042578296
0.004262901
0.0042670416
0.0042700596
0.0042717731
0.0042719514
0.0042703153
0.0042665564
0.0042603437
0.0042513267
0.0042391411
0.0042234233
0.0042038295
0.0041800585
0.0041518751
0.0041191337
0.0040817962
0.0040399434
0.003993775
0.0039436015
0.0038898272
0.0038329299
0.003773439
0.0037119142
0.0036489258
0.0035850369
0.0035207889
0.0034566881
0.0033931956
0.0033307183
0.0032696023
0.0032101287
0.0031525102
0.00309689
0.003043343
0.0029918794
0.0029424519
0.0028949628
0.0028492732
0.0028052106
0.0027625784
0.002721165
0.0026807524
0.0026411248
0.002602075
0.0025634085
0.002524947
0.0024865297
0.0024480164
0.0024092926
0.0023702745
0.0023309119
0.0022911865
0.0022511053
0.0022106905
0.0021699707
0.0021289728
0.0020877176
0.0020462187
0.0020044865
0.0019625323
0.0019203686
0.0018780015
0.001835424
0.0017926189
0.0017495658
0.0017062359
0.0016625844
0.0016185647
0.001574151
0.0015293277
0.0014840689
0.0014383473
0.0013921406
0.001345416
0.0012981233
0.0012502144
0.0012016842
0.0011525274
0.0011026924
0.0010521744
0.0010009748
0.00094902355
0.00089630947
0.00084288128
0.00078874245
0.00073390396
0.00067840386
0.000622329
0.00056577384
0.00050890306
0.00045197002
0.00039577015
0.00034014032
0.00028905564
0.00023745854
0.00018758981
2.9635806e-05
0.0042168424
0.0042221355
0.0042270402
0.0042312931
0.0042346254
0.0042368566
0.0042378185
0.0042372975
0.0042350365
0.004230753
0.0042241467
0.0042149009
0.0042026881
0.0041871812
0.0041680706
0.0041450821
0.0041179973
0.0040866732
0.0040510583
0.0040112036
0.0039672651
0.0039194994
0.0038682515
0.0038139387
0.0037570324
0.0036980392
0.003637483
0.0035758882
0.0035137653
0.0034515974
0.0033898299
0.0033288612
0.003269035
0.0032106359
0.003153885
0.0030989386
0.0030458883
0.0029947639
0.0029455391
0.0028981381
0.0028524431
0.0028083026
0.0027655393
0.0027239591
0.0026833593
0.0026435369
0.0026042947
0.0025654465
0.0025268198
0.0024882585
0.0024496259
0.0024108091
0.0023717242
0.0023323183
0.0022925688
0.0022524773
0.0022120608
0.0021713433
0.0021303485
0.0020890955
0.002047597
0.002005863
0.0019639038
0.0019217305
0.0018793481
0.0018367503
0.0017939206
0.0017508385
0.001707476
0.0016637909
0.001619739
0.0015752932
0.0015304367
0.0014851444
0.001439389
0.0013931469
0.0013463858
0.0012990582
0.0012511178
0.0012025555
0.0011533649
0.0011034995
0.0010529498
0.0010017152
0.00094973358
0.00089699078
0.00084353021
0.00078935814
0.00073448501
0.00067894783
0.00062282982
0.00056622478
0.00050929482
0.00045228478
0.00039594372
0.00034016672
0.00028847094
0.00023623686
0.00018272524
3.3390366e-05
0.0041874859
0.0041920161
0.0041961495
0.004199633
0.0042022097
0.0042037106
0.0042039803
0.0042028217
0.0041999981
0.004195251
0.0041883074
0.0041788811
0.0041666766
0.0041513996
0.0041327699
0.0041105376
0.0040844999
0.0040545173
0.0040205283
0.0039825596
0.0039407308
0.0038952517
0.0038464145
0.0037945815
0.0037401701
0.0036836361
0.0036254581
0.0035661216
0.0035061053
0.0034458677
0.0033858366
0.0033263994
0.0032678956
0.0032106108
0.0031547728
0.0031005486
0.0030480449
0.0029973093
0.0029483351
0.0029010673
0.0028554087
0.0028112279
0.0027683668
0.0027266484
0.0026858858
0.0026458889
0.0026064712
0.0025674547
0.0025286735
0.0024899766
0.0024512309
0.0024123256
0.0023731768
0.0023337295
0.0022939572
0.0022538563
0.002213439
0.0021727249
0.0021317346
0.0020904852
0.0020489885
0.002007254
0.0019652911
0.0019231092
0.0018807128
0.0018380957
0.0017952423
0.0017521321
0.0017087378
0.0016650197
0.0016209357
0.0015764579
0.0015315682
0.0014862423
0.0014404527
0.0013941751
0.0013473775
0.0013000146
0.0012520419
0.0012034472
0.0011542225
0.0011043257
0.0010537436
0.0010024738
0.00095046076
0.0008976883
0.0008441946
0.00078998824
0.00073507928
0.00067950358
0.00062334082
0.00056668378
0.00050969145
0.00045260011
0.00039611191
0.00034017145
0.00028785288
0.00023492812
0.00017810991
3.6761135e-05
0.0041579684
0.004161778
0.0041651855
0.0041679479
0.0041698206
0.0041706458
0.0041702802
0.0041685422
0.004165214
0.004160059
0.0041528292
0.0041432651
0.0041311002
0.0041160683
0.0040979157
0.0040764142
0.0040513751
0.0040226631
0.0039902097
0.003954022
0.0039141888
0.0038708797
0.0038243404
0.0037748835
0.003722876
0.003668726
0.0036128682
0.0035557495
0.0034978162
0.0034395009
0.0033812124
0.0033233253
0.0032661725
0.0032100389
0.0031551564
0.0031017012
0.0030497928
0.0029994951
0.0029508197
0.0029037307
0.0028581511
0.0028139689
0.0027710444
0.0027292184
0.002688319
0.0026481694
0.0026085943
0.0025694244
0.0025305007
0.0024916776
0.002452826
0.0024138376
0.0023746286
0.0023351424
0.0022953489
0.00225524
0.0022148232
0.0021741139
0.0021331296
0.0020918854
0.0020503922
0.0020086586
0.0019666933
0.0019245043
0.0018820951
0.00183946
0.0017965838
0.0017534465
0.0017100214
0.0016662709
0.001622155
0.0015776454
0.0015327227
0.001487363
0.0014415392
0.0013952259
0.0013483917
0.0013009931
0.0012529875
0.0012043598
0.0011551007
0.0011051716
0.0010545567
0.0010032512
0.00095120583
0.00089840273
0.00084487515
0.00079063341
0.0007356874
0.0006800717
0.0006238625
0.00056715124
0.00051009323
0.00045291607
0.00039627461
0.00034015417
0.00028720336
0.00023354231
0.00017374992
3.9761764e-05
0.0041283175
0.0041314487
0.0041341748
0.0041362635
0.0041374824
0.0041376843
0.0041367375
0.0041344748
0.0041306958
0.0041251841
0.004117714
0.0041080503
0.0040959517
0.0040811773
0.0040634967
0.004042701
0.0040186146
0.003991107
0.0039601046
0.0039255991
0.0038876533
0.0038464026
0.0038020517
0.0037548683
0.0037051734
0.0036533301
0.0035997309
0.0035447851
0.0034889062
0.0034325005
0.003375956
0.0033196329
0.0032638557
0.0032089065
0.0031550194
0.0031023777
0.0030511121
0.0030013007
0.0029529718
0.0029061079
0.0028606505
0.0028165066
0.0027735549
0.0027316528
0.0026906441
0.0026503653
0.0026106524
0.0025713452
0.0025322922
0.0024933535
0.0024544043
0.0024153389
0.0023760742
0.0023365521
0.0022967396
0.0022566245
0.0022162097
0.0021755069
0.0021345304
0.0020932931
0.0020518051
0.0020100742
0.0019681079
0.0019259132
0.0018834928
0.0018408409
0.0017979433
0.00175478
0.001711325
0.001667543
0.0016233956
0.0015788543
0.0015338988
0.0014885054
0.0014426472
0.0013962982
0.0013494272
0.0013019927
0.0012539537
0.0012052927
0.0011559987
0.0011060366
0.0010553882
0.0010040466
0.00095196799
0.00089913327
0.00084557103
0.00079129282
0.00073630849
0.00068065127
0.0006243939
0.00056762613
0.00051049904
0.00045323135
0.00039643037
0.00034011344
0.00028652314
0.00023208743
0.00016961781
4.2388429e-05
0.0040985596
0.0041010542
0.004103143
0.0041046045
0.0041052181
0.004104847
0.0041033702
0.0041006339
0.004096454
0.0040906325
0.0040829636
0.0040732341
0.004061225
0.0040467178
0.0040295029
0.0040093886
0.0039862114
0.0039598461
0.0039302156
0.0038972993
0.0038611387
0.0038218395
0.0037795707
0.0037345599
0.0036870863
0.0036374707
0.0035860657
0.0035332438
0.0034793863
0.0034248724
0.0033700683
0.0033153186
0.0032609375
0.0032072023
0.0031543476
0.0031025618
0.0030519847
0.0030027069
0.002954772
0.0029081793
0.0028628882
0.0028188235
0.0027758815
0.0027339366
0.0026928475
0.0026524645
0.0026126349
0.0025732081
0.0025340403
0.0024949977
0.0024559602
0.0024168248
0.0023775095
0.0023379555
0.0022981268
0.0022580077
0.002217597
0.0021769026
0.0021359358
0.0020947076
0.0020532268
0.0020115004
0.0019695349
0.0019273362
0.0018849061
0.001842239
0.0017993211
0.0017561331
0.0017126494
0.0016688367
0.0016246584
0.0015800857
0.0015350977
0.0014896708
0.0014437781
0.0013973934
0.0013504856
0.001303015
0.001254942
0.0012062471
0.001156918
0.0011069222
0.0010562397
0.0010048617
0.00095274881
0.00089988146
0.00084628372
0.00079196794
0.00073694399
0.00068124368
0.0006249363
0.00056810961
0.00051090992
0.0004535468
0.00039657986
0.00034005005
0.0002858151
0.00023057307
0.00016582545
4.4630913e-05
0.0040687193
0.0040706184
0.004072113
0.0040729921
0.0040730472
0.0040721509
0.0040701925
0.0040670306
0.004062496
0.0040564073
0.0040485772
0.0040388116
0.0040269119
0.0040126793
0.0039959228
0.0039764661
0.003954157
0.0039288755
0.0039005427
0.0038691282
0.0038346558
0.0037972061
0.003756917
0.0037139804
0.0036686371
0.0036211693
0.0035718917
0.0035211415
0.0034692681
0.0034166235
0.0033635516
0.0033103799
0.0032574109
0.0032049155
0.0031531269
0.0031022366
0.0030523915
0.0030036934
0.0029561991
0.0029099236
0.0028648428
0.0028208987
0.0027780047
0.0027360511
0.0026949121
0.0026544511
0.0026145273
0.0025749999
0.0025357331
0.0024965995
0.0024574839
0.0024182865
0.0023789268
0.0023393452
0.0022995039
0.0022593835
0.0022189793
0.0021782956
0.0021373408
0.002096124
0.0020546525
0.0020129326
0.0019709698
0.0019287689
0.001886331
0.0018436503
0.0018007138
0.0017575023
0.0017139913
0.0016701489
0.0016259403
0.0015813367
0.0015363165
0.0014908562
0.0014449292
0.0013985088
0.0013515642
0.0013040573
0.00125595
0.0012072209
0.0011578563
0.0011078261
0.0010571089
0.001005694
0.00095354605
0.00090064507
0.000847011
0.00079265655
0.00073759166
0.00068184665
0.0006254874
0.00056859932
0.00051132344
0.00045385981
0.00039672041
0.00033996163
0.00028507892
0.0002290044
0.00016225098
4.6517303e-05
0.0036523478
0.0037371127
0.0038911111
0.0040553886
0.0042234228
0.0043959671
0.0045704034
0.0047479017
0.0049361396
0.0051769876
0.0036523415
0.0037371011
0.0038910921
0.0040553551
0.0042233629
0.0043958575
0.0045701725
0.0047472599
0.0049330893
0.0051500943
0.0036523283
0.0037370772
0.0038910521
0.0040552847
0.0042232373
0.0043956254
0.004569693
0.0047458956
0.0049276022
0.0051208689
0.0036523075
0.0037370398
0.0038909889
0.0040551735
0.0042230395
0.0043952587
0.0045689396
0.0047437996
0.0049205255
0.0050951947
0.0036522782
0.0037369877
0.0038909001
0.0040550179
0.0042227626
0.0043947459
0.0045678833
0.0047410481
0.0049121596
0.0050717666
0.0036522395
0.0037369196
0.0038907834
0.0040548134
0.0042223993
0.0043940726
0.0045665088
0.0047376428
0.0049029005
0.0050497699
0.0036521907
0.0037368341
0.0038906361
0.0040545557
0.0042219417
0.0043932255
0.004564799
0.0047336005
0.004893027
0.0050287983
0.0036521306
0.0037367295
0.0038904554
0.0040542399
0.0042213815
0.0043921908
0.0045627359
0.0047289509
0.0048825953
0.0050086354
0.0036520583
0.0037366043
0.0038902381
0.0040538608
0.0042207098
0.0043909542
0.0045603046
0.0047237099
0.004871658
0.0049891542
0.0036519726
0.0037364566
0.0038899812
0.004053413
0.0042199174
0.0043895011
0.0045574904
0.0047178919
0.0048602649
0.004970236
0.0036518723
0.0037362845
0.0038896811
0.0040528905
0.0042189945
0.0043878168
0.0045542794
0.0047115101
0.0048484546
0.0049517697
0.0036517562
0.003736086
0.0038893339
0.0040522872
0.0042179307
0.0043858863
0.0045506584
0.0047045765
0.0048362553
0.0049336552
0.0036516228
0.0037358589
0.0038889359
0.0040515963
0.0042167154
0.0043836943
0.004546615
0.004697101
0.0048236873
0.0049158019
0.0036514706
0.0037356009
0.0038884827
0.0040508107
0.0042153371
0.0043812255
0.0045421373
0.0046890921
0.0048107633
0.0048981269
0.003651298
0.0037353093
0.0038879697
0.0040499231
0.0042137842
0.0043784644
0.0045372138
0.0046805563
0.00479749
0.0048805539
0.0036511033
0.0037349815
0.0038873921
0.0040489255
0.0042120445
0.0043753953
0.0045318335
0.0046714985
0.0047838685
0.0048630128
0.0036508846
0.0037346147
0.0038867447
0.0040478096
0.0042101053
0.0043720026
0.0045259859
0.0046619218
0.0047698956
0.0048454387
0.00365064
0.0037342057
0.0038860221
0.0040465664
0.0042079535
0.0043682707
0.0045196606
0.004651828
0.0047555641
0.0048277718
0.0036503672
0.0037337512
0.0038852184
0.0040451868
0.0042055755
0.0043641837
0.0045128476
0.0046412171
0.004740864
0.0048099567
0.003650064
0.0037332478
0.0038843273
0.004043661
0.0042029575
0.0043597261
0.004505537
0.0046300878
0.0047257828
0.0047919423
0.003649728
0.0037326917
0.0038833424
0.0040419787
0.0042000852
0.0043548824
0.0044977195
0.0046184376
0.0047103067
0.0047736818
0.0036493566
0.0037320788
0.0038822567
0.0040401294
0.004196944
0.004349637
0.0044893855
0.004606263
0.0046944203
0.0047551324
0.0036489468
0.003731405
0.0038810627
0.0040381017
0.0041935189
0.0043439748
0.004480526
0.0045935597
0.0046781082
0.0047362552
0.0036484958
0.0037306657
0.0038797528
0.0040358841
0.0041897947
0.0043378806
0.0044711322
0.0045803226
0.0046613544
0.0047170156
0.0036480003
0.0037298561
0.0038783188
0.0040334646
0.0041857562
0.0043313399
0.0044611954
0.0045665464
0.0046441439
0.0046973827
0.0036474569
0.0037289711
0.0038767519
0.0040308304
0.0041813877
0.0043243381
0.0044507075
0.0045522256
0.0046264624
0.00467733
0.003646862
0.0037280053
0.0038750433
0.0040279688
0.0041766735
0.0043168612
0.0044396606
0.0045373546
0.0046082965
0.0046568349
0.0036462116
0.0037269529
0.0038731833
0.0040248663
0.004171598
0.0043088957
0.0044280477
0.0045219285
0.004589635
0.0046358789
0.0036455016
0.0037258078
0.003871162
0.0040215091
0.0041661454
0.0043004287
0.004415862
0.0045059428
0.0045704682
0.0046144477
0.0036447275
0.0037245637
0.003868969
0.0040178832
0.0041603001
0.0042914476
0.0044030976
0.0044893938
0.0045507886
0.004592531
0.0036438846
0.0037232137
0.0038665934
0.0040139741
0.0041540466
0.0042819408
0.0043897495
0.0044722791
0.004530591
0.0045701224
0.0036429679
0.0037217506
0.0038640239
0.004009767
0.0041473697
0.0042718975
0.0043758136
0.0044545973
0.0045098728
0.0045472197
0.003641972
0.0037201668
0.0038612488
0.0040052471
0.0041402543
0.0042613077
0.0043612869
0.0044363488
0.0044886341
0.0045238241
0.0036408913
0.0037184545
0.0038582559
0.0040003991
0.0041326861
0.0042501623
0.0043461677
0.0044175352
0.0044668773
0.0044999408
0.0036397197
0.0037166052
0.0038550326
0.0039952079
0.0041246509
0.0042384535
0.0043304554
0.0043981604
0.0044446079
0.0044755781
0.0036384507
0.0037146102
0.0038515659
0.0039896581
0.0041161353
0.0042261744
0.0043141512
0.0043782298
0.0044218337
0.0044507476
0.0036370776
0.0037124602
0.0038478424
0.0039837344
0.0041071266
0.0042133195
0.0042972575
0.0043577509
0.0043985654
0.0044254637
0.0036355932
0.0037101457
0.0038438484
0.0039774216
0.0040976128
0.0041998848
0.0042797785
0.0043367331
0.0043748159
0.0043997438
0.0036339897
0.0037076566
0.0038395698
0.0039707047
0.0040875828
0.0041858674
0.00426172
0.0043151879
0.0043506006
0.0043736072
0.0036322592
0.0037049825
0.0038349924
0.0039635688
0.0040770266
0.0041712663
0.0042430896
0.0042931288
0.004325937
0.0043470756
0.003630393
0.0037021124
0.0038301015
0.0039559994
0.0040659352
0.0041560818
0.0042238967
0.004270571
0.0043008446
0.0043201722
0.0036283822
0.0036990351
0.0038248825
0.0039479828
0.0040543008
0.004140316
0.0042041523
0.0042475316
0.0042753446
0.0042929219
0.0036262173
0.0036957389
0.0038193205
0.0039395052
0.0040421169
0.0041239725
0.0041838692
0.0042240296
0.0042494598
0.0042653503
0.0036238881
0.0036922116
0.0038134004
0.0039305541
0.0040293783
0.0041070568
0.0041630621
0.0042000851
0.0042232141
0.0042374843
0.0036213843
0.0036884408
0.0038071074
0.0039211174
0.0040160814
0.004089576
0.004141747
0.00417572
0.0041966325
0.004209351
0.0036186947
0.0036844137
0.0038004264
0.003911184
0.0040022239
0.0040715389
0.0041199416
0.0041509572
0.0041697409
0.0041809778
0.0036158077
0.0036801172
0.0037933426
0.0039007439
0.0039878053
0.0040529561
0.004097665
0.0041258206
0.0041425654
0.0041523922
0.0036127112
0.0036755377
0.0037858415
0.0038897881
0.0039728265
0.0040338396
0.0040749376
0.004100335
0.0041151327
0.0041236215
0.0036093924
0.0036706617
0.0037779085
0.003878309
0.0039572901
0.0040142031
0.0040517809
0.0040745255
0.0040874693
0.0040946924
0.0036058379
0.0036654753
0.0037695295
0.0038663002
0.0039412007
0.0039940621
0.0040282177
0.0040484182
0.0040596013
0.0040656302
0.0036018752
0.0036597361
0.003760324
0.0038532347
0.0039238719
0.0039725753
0.0040032762
0.0040209432
0.0040303906
0.0040352501
0.0035970056
0.0036527449
0.0037492039
0.0038376149
0.0039033805
0.0039474239
0.0039743214
0.0039892411
0.0039968272
0.004000442
0.0035906805
0.00364377
0.0037350869
0.0038180193
0.0038780064
0.0039166534
0.0039392398
0.0039511012
0.0039566437
0.0039589041
0.0035823986
0.0036322049
0.0037171723
0.0037934703
0.0038466982
0.0038792228
0.0038970409
0.0039055906
0.0039089551
0.0039097869
0.0035714581
0.003617243
0.0036945079
0.0037628302
0.0038082827
0.0038340365
0.0038467391
0.0038518199
0.003852945
0.0038523285
0.0035568875
0.0035978027
0.0036659595
0.003724826
0.0037615286
0.0037800339
0.0037874586
0.0037890554
0.003787971
0.0037859396
0.0035374216
0.0035725729
0.0036301462
0.0036780643
0.0037052136
0.0037162688
0.0037185039
0.0037167886
0.0037136666
0.0037103639
0.0035114199
0.0035399073
0.0035854627
0.0036211631
0.0036383115
0.0036420965
0.0036395079
0.0036347767
0.0036298057
0.0036253614
0.0034768272
0.0034978528
0.003530236
0.0035529547
0.0035601758
0.0035573131
0.0035506486
0.0035435563
0.0035372279
0.0035319692
0.0034312146
0.0034442568
0.0034629064
0.0034726589
0.0034706535
0.0034620198
0.0034518732
0.0034426984
0.0034351639
0.0034292397
0.0033719673
0.0033769935
0.0033822694
0.0033800382
0.0033703341
0.0033577077
0.0033457349
0.0033357253
0.0033277542
0.0033215699
0.0032967091
0.0032943398
0.0032878025
0.0032754256
0.0032592445
0.0032428764
0.0032287724
0.0032176433
0.003209201
0.0032028975
0.0032038768
0.0031956151
0.0031799713
0.0031610563
0.003142562
0.0031264273
0.0031131606
0.0031026289
0.0030944996
0.0030883733
0.0030937889
0.0030816757
0.0030593902
0.0030340988
0.0030108916
0.0029919393
0.0029774471
0.0029667054
0.0029588292
0.0029530779
0.0029691741
0.0029562602
0.0029349177
0.0029139844
0.0028965955
0.0028823795
0.0028707389
0.002861438
0.0028542849
0.0028489462
0.0028360339
0.0028197675
0.0027906697
0.0027610082
0.0027377863
0.0027214667
0.0027099142
0.0027014532
0.0026952216
0.0026906941
0.0027066228
0.0027049893
0.0026979184
0.0026885633
0.0026781475
0.0026676689
0.0026582896
0.0026506989
0.0026448997
0.0026405672
0.0025718016
0.0025342831
0.0024940365
0.0024661002
0.0024477333
0.0024343785
0.0024243421
0.0024170275
0.0024118251
0.002408124
0.0040375806
0.0040389013
0.0040398205
0.0040401383
0.0040396582
0.0040382623
0.0040358497
0.004032291
0.0040274312
0.004021105
0.004013142
0.0040033664
0.0039915983
0.0039776573
0.0039613696
0.0039425736
0.0039211277
0.0038969176
0.0038698636
0.0038399274
0.0038071177
0.0037714929
0.0037331627
0.003692286
0.003649068
0.0036037535
0.0035566203
0.0035079703
0.003458121
0.0034073957
0.0033561149
0.0033045872
0.0032531015
0.0032019205
0.0031512739
0.0031013546
0.0030523155
0.0030042674
0.0029572799
0.0029113823
0.0028665668
0.0028227922
0.0027799886
0.0027380631
0.0026969049
0.0026563917
0.0026163946
0.0025767836
0.0025374315
0.0024982178
0.0024590327
0.0024197802
0.0023803815
0.0023407768
0.0023009265
0.0022608083
0.0022204138
0.0021797441
0.0021388046
0.0020976022
0.0020561431
0.0020144324
0.0019724746
0.0019302735
0.0018878294
0.0018451366
0.0018021823
0.0017589481
0.0017154101
0.001671538
0.0016272985
0.0015826634
0.0015376102
0.0014921154
0.0014461527
0.0013996952
0.0013527125
0.0013051677
0.0012570241
0.0012082589
0.0011588571
0.0011087904
0.0010580364
0.0010065827
0.00095439732
0.00090146024
0.00084778738
0.00079339148
0.00073828248
0.00068248917
0.00062607383
0.0005691191
0.00051175997
0.00045418615
0.00039686024
0.00033984664
0.00028428783
0.00022732366
0.00015883641
4.8124563e-05
0.0040019693
0.0040026803
0.0040029949
0.0040027258
0.0040016898
0.0039997794
0.0039969035
0.0039929455
0.0039877653
0.003981214
0.0039731387
0.0039633821
0.003951783
0.0039381801
0.0039224165
0.0039043459
0.0038838379
0.0038607844
0.003835106
0.0038067579
0.0037757347
0.0037420738
0.0037058574
0.0036672121
0.0036263062
0.0035833463
0.0035385711
0.0034922447
0.0034446492
0.0033960762
0.0033468186
0.0032971628
0.0032473809
0.003197724
0.0031484162
0.0030996497
0.0030515814
0.003004331
0.0029579799
0.0029125722
0.0028681168
0.0028245904
0.0027819415
0.002740095
0.0026989574
0.002658422
0.0026183741
0.0025786957
0.0025392698
0.0024999845
0.0024607363
0.0024214337
0.0023820005
0.0023423774
0.002302523
0.0022624123
0.0022220333
0.0021813835
0.0021404652
0.002099283
0.0020578414
0.0020161444
0.0019741954
0.001931997
0.0018895487
0.0018468447
0.0018038726
0.0017606146
0.0017170477
0.0016731433
0.00162887
0.0015841997
0.0015391095
0.0014935759
0.0014475728
0.0014010733
0.0013540471
0.0013064591
0.0012582736
0.0012094669
0.0011600222
0.001109913
0.0010591163
0.0010076178
0.00095538864
0.00090240902
0.00084869073
0.00079424606
0.00073908492
0.00068323428
0.00062675229
0.00056971803
0.00051225897
0.00045455236
0.00039700486
0.00033968095
0.0002833505
0.00022534601
0.0001552598
4.9621365e-05
0.0039595631
0.0039596174
0.0039592838
0.0039583895
0.0039567663
0.0039543179
0.003950964
0.0039466014
0.0039411059
0.0039343457
0.0039261864
0.0039164898
0.0039051142
0.0038919175
0.003876761
0.0038595138
0.0038400577
0.0038182921
0.0037941389
0.003767548
0.0037385013
0.0037070167
0.0036731494
0.0036369933
0.0035986795
0.0035583742
0.0035162744
0.0034726027
0.0034276015
0.0033815256
0.0033346357
0.003287191
0.0032394418
0.0031916236
0.0031439507
0.0030966118
0.0030497658
0.0030035392
0.0029580247
0.0029132814
0.0028693356
0.0028261832
0.0027837928
0.0027421095
0.0027010594
0.002660554
0.0026204951
0.0025807795
0.0025413026
0.0025019629
0.0024626652
0.002423324
0.0023838664
0.0023442345
0.0023043858
0.0022642926
0.0022239395
0.00218332
0.0021424332
0.002101281
0.0020598659
0.0020181904
0.0019762567
0.0019340662
0.0018916172
0.0018489039
0.0018059145
0.0017626317
0.0017190337
0.0016750937
0.001630782
0.0015860714
0.0015409383
0.0014953594
0.001449309
0.0014027599
0.0013556824
0.0013080428
0.0012598071
0.0012109503
0.0011614541
0.0011112934
0.0010604448
0.001008892
0.00095660925
0.00090357706
0.00084980288
0.00079529796
0.00074007203
0.00068414983
0.00062758454
0.00057045043
0.00051286513
0.00045499012
0.00039716651
0.00033944697
0.00028220414
0.00022293298
0.00015097176
5.1138895e-05
0.0039095356
0.0039089049
0.0039078989
0.0039063611
0.0039041401
0.0039011508
0.0038973244
0.0038925715
0.0038867842
0.0038798484
0.0038716482
0.0038620646
0.0038509757
0.0038382584
0.0038237922
0.0038074624
0.0037891633
0.0037688026
0.0037463052
0.0037216175
0.0036947109
0.0036655856
0.0036342721
0.0036008331
0.0035653634
0.0035279886
0.0034888627
0.0034481647
0.0034060937
0.0033628642
0.0033186995
0.0032738263
0.0032284682
0.0031828398
0.003137141
0.0030915525
0.0030462315
0.0030013085
0.0029568857
0.0029130357
0.002869802
0.0028272
0.0027852196
0.0027438277
0.0027029719
0.0026625844
0.0026225864
0.0025828916
0.0025434106
0.0025040545
0.0024647384
0.0024253846
0.0023859252
0.0023463047
0.0023064804
0.0022664226
0.0022261125
0.00218554
0.0021447007
0.0021035935
0.0020622188
0.0020205772
0.0019786696
0.0019364958
0.0018940533
0.0018513358
0.001808332
0.0017650258
0.0017213963
0.0016774187
0.0016330654
0.00158831
0.0015431288
0.0014974985
0.0014513935
0.0014047871
0.00135765
0.0013099501
0.0012616549
0.0012127385
0.0011631811
0.0011129587
0.0010620476
0.0010104298
0.00095808197
0.00090498526
0.00085114272
0.0007965638
0.00074125771
0.00068524645
0.00062857724
0.00057131792
0.00051357335
0.00045548491
0.00039731831
0.00033909862
0.00028079122
0.00022005378
0.00014634016
5.2468855e-05
0.0038511648
0.0038498522
0.0038481805
0.0038460117
0.0038432121
0.0038397087
0.0038354435
0.0038303411
0.0038243098
0.003817253
0.0038090729
0.0037996693
0.0037889391
0.0037767782
0.0037630838
0.0037477569
0.0037307049
0.0037118445
0.0036911051
0.0036684316
0.0036437878
0.0036171592
0.003588555
0.00355801
0.0035255852
0.0034913676
0.0034554694
0.0034180255
0.0033791906
0.0033391357
0.0032980435
0.0032561036
0.0032135074
0.0031704433
0.0031270912
0.0030836184
0.0030401753
0.0029968922
0.0029538766
0.002911212
0.002868957
0.0028271456
0.0027857886
0.0027448752
0.002704376
0.0026642457
0.0026244267
0.0025848524
0.002545451
0.0025061489
0.0024668737
0.0024275576
0.0023881396
0.0023485682
0.002308802
0.0022688102
0.0022285716
0.0021880727
0.0021473059
0.002106267
0.0020649539
0.0020233656
0.0019815009
0.0019393584
0.0018969345
0.0018542226
0.0018112118
0.001767887
0.0017242288
0.0016802143
0.001635818
0.0015910149
0.0015457812
0.0015000936
0.0014539273
0.0014072558
0.0013600505
0.0013122808
0.0012639157
0.001214929
0.0011652993
0.0011150032
0.0010640171
0.0010123215
0.00095989476
0.00090671878
0.00085279237
0.00079812233
0.00074271673
0.00068659421
0.00062979486
0.00057237793
0.00051443195
0.00045607287
0.00039748129
0.00033863786
0.0002791058
0.00021679989
0.00014144675
5.3360304e-05
0.0037838923
0.0037819275
0.0037796257
0.0037768672
0.0037735361
0.0037695713
0.0037649254
0.0037595362
0.0037533276
0.0037462197
0.0037381318
0.0037289811
0.0037186825
0.0037071495
0.0036942961
0.0036800385
0.003664297
0.0036469981
0.0036280768
0.0036074787
0.0035851631
0.0035611046
0.0035352955
0.0035077471
0.0034784914
0.0034475811
0.0034150895
0.0033811098
0.0033457535
0.0033091477
0.0032714325
0.0032327575
0.003193278
0.0031531508
0.0031125301
0.0030715638
0.0030303892
0.0029891304
0.002947895
0.0029067724
0.0028658323
0.0028251242
0.0027846776
0.002744503
0.0027045937
0.0026649273
0.0026254688
0.0025861732
0.0025469885
0.0025078586
0.002468726
0.0024295351
0.0023902342
0.0023507779
0.0023111279
0.0022712542
0.0022311343
0.0021907524
0.002150098
0.0021091643
0.0020679469
0.0020264425
0.0019846486
0.0019425619
0.0019001781
0.0018574901
0.0018144875
0.0017711563
0.0017274786
0.0016834337
0.0016389983
0.0015941487
0.0015488619
0.0015031148
0.001456883
0.0014101408
0.0013628605
0.0013150129
0.0012665688
0.0012175015
0.0011677886
0.0011174068
0.0010663328
0.0010145459
0.00096202539
0.00090875378
0.00085472592
0.00079994513
0.0007444174
0.00068815716
0.00063119601
0.00057358195
0.00051538293
0.0004566831
0.00039757021
0.00033796361
0.00027706415
0.0002131477
0.00013632638
5.3606515e-05
0.0037075343
0.0037049913
0.003702135
0.0036988671
0.0036950899
0.003690752
0.0036858156
0.0036802306
0.0036739356
0.0036668657
0.0036589558
0.0036501391
0.0036403466
0.0036295078
0.0036175522
0.0036044102
0.0035900146
0.0035743017
0.0035572133
0.0035386979
0.0035187131
0.0034972267
0.0034742189
0.0034496833
0.0034236286
0.0033960789
0.0033670747
0.0033366721
0.0033049429
0.0032719732
0.0032378614
0.0032027165
0.0031666555
0.0031298001
0.0030922743
0.0030542006
0.003015697
0.0029768746
0.0029378341
0.0028986641
0.0028594393
0.0028202194
0.0027810483
0.0027419542
0.0027029504
0.0026640364
0.0026251994
0.0025864164
0.002547656
0.0025088815
0.0024700524
0.0024311275
0.0023920667
0.0023528331
0.0023133939
0.0022737221
0.0022337959
0.0021935987
0.0021531185
0.0021123463
0.0020712758
0.0020299022
0.001988221
0.001946228
0.0019039177
0.0018612829
0.0018183138
0.0017749973
0.0017313175
0.0016872557
0.0016427909
0.0015979012
0.0015525646
0.0015067586
0.0014604597
0.0014136429
0.0013662819
0.0013183489
0.001269816
0.0012206572
0.0011708487
0.0011203675
0.0010691902
0.0010172955
0.00096466301
0.00091127524
0.00085712347
0.00080220678
0.00074652782
0.0006900957
0.00063293183
0.0005750699
0.00051655256
0.00045742539
0.00039767911
0.00033716074
0.00027478282
0.00020926151
0.00013124612
5.3244219e-05
0.0036218526
0.0036188318
0.0036155267
0.0036118537
0.0036077336
0.0036031266
0.0035980032
0.0035923238
0.0035860393
0.0035790984
0.0035714495
0.0035630398
0.0035538144
0.003543717
0.0035326907
0.0035206788
0.0035076257
0.0034934774
0.003478183
0.0034616957
0.0034439739
0.0034249826
0.0034046945
0.0033830915
0.0033601653
0.0033359186
0.0033103658
0.0032835332
0.0032554591
0.0032261935
0.0031957975
0.0031643419
0.0031319061
0.0030985764
0.0030644436
0.0030296009
0.0029941419
0.0029581579
0.0029217356
0.0028849556
0.0028478898
0.0028106006
0.0027731394
0.0027355464
0.0026978499
0.0026600673
0.002622205
0.0025842601
0.0025462216
0.0025080719
0.0024697885
0.0024313461
0.0023927181
0.0023538783
0.0023148023
0.0022754682
0.0022358576
0.0021959551
0.0021557489
0.0021152295
0.0020743894
0.0020332227
0.0019917241
0.0019498882
0.0019077092
0.0018651797
0.0018222907
0.0017790303
0.0017353845
0.0016913368
0.0016468686
0.0016019602
0.0015565907
0.001510739
0.0014643827
0.0014174979
0.0013700598
0.0013220421
0.0012734185
0.0012241634
0.0011742528
0.0011236633
0.0010723718
0.0010203562
0.00096759603
0.0009140732
0.00085977564
0.00080469751
0.00074883669
0.00069219538
0.00063478302
0.00057661553
0.00051770571
0.00045805453
0.00039755776
0.00033599028
0.00027207791
0.00020502578
0.00012618191
5.2102201e-05
0.0035279701
0.0035245921
0.0035209597
0.0035170102
0.0035126769
0.0035079261
0.0035027353
0.0034970743
0.0034909051
0.0034841878
0.0034768819
0.0034689464
0.0034603384
0.0034510136
0.0034409268
0.0034300326
0.0034182857
0.0034056415
0.0033920565
0.0033774895
0.0033619019
0.003345259
0.0033275304
0.0033086912
0.0032887227
0.0032676133
0.0032453589
0.0032219636
0.0031974403
0.0031718104
0.003145104
0.0031173593
0.0030886224
0.0030589463
0.0030283894
0.0029970149
0.0029648886
0.0029320779
0.00289865
0.00286467
0.0028301996
0.0027952957
0.0027600093
0.0027243842
0.0026884566
0.0026522549
0.0026157995
0.0025791031
0.0025421714
0.002505004
0.0024675952
0.0024299353
0.0023920119
0.002353811
0.0023153182
0.0022765196
0.0022374022
0.0021979546
0.0021581671
0.0021180317
0.0020775413
0.0020366902
0.0019954728
0.0019538839
0.0019119177
0.0018695674
0.0018268247
0.0017836796
0.0017401198
0.0016961313
0.0016516981
0.0016068028
0.0015614265
0.0015155498
0.0014691516
0.00142221
0.0013747016
0.001326602
0.0012778863
0.0012285298
0.0011785086
0.0011277992
0.0010763785
0.0010242239
0.00097131413
0.00091763003
0.00086315602
0.00080788085
0.00075179603
0.00069489508
0.00063717344
0.00057862609
0.0005192325
0.00045894578
0.00039757755
0.00033484585
0.00026940648
0.00020096471
0.0001216838
5.0681219e-05
0.0034249027
0.0034213214
0.0034175109
0.0034134193
0.0034089995
0.0034042284
0.0033990881
0.0033935546
0.0033875985
0.0033811894
0.0033742963
0.0033668875
0.0033589298
0.0033503889
0.0033412294
0.0033314154
0.0033209106
0.0033096787
0.0032976836
0.0032848899
0.0032712635
0.0032567721
0.0032413854
0.0032250762
0.0032078207
0.0031895991
0.003170396
0.0031502012
0.0031290102
0.0031068238
0.0030836493
0.0030595
0.0030343949
0.0030083593
0.0029814233
0.0029536222
0.0029249949
0.0028955838
0.0028654333
0.0028345889
0.0028030961
0.0027709993
0.002738341
0.0027051604
0.0026714934
0.0026373709
0.0026028195
0.0025678605
0.0025325104
0.0024967808
0.0024606789
0.0024242081
0.0023873687
0.0023501582
0.0023125729
0.0022746075
0.0022362565
0.0021975145
0.002158376
0.0021188361
0.0020788905
0.0020385347
0.0019977649
0.0019565767
0.0019149655
0.0018729256
0.0018304504
0.0017875317
0.0017441598
0.001700323
0.0016560081
0.0016112004
0.0015658837
0.0015200405
0.0014736521
0.0014266984
0.001379158
0.0013310086
0.0012822271
0.0012327899
0.0011826737
0.001131855
0.0010803106
0.0010280176
0.00097495364
0.00092109763
0.0008664303
0.00081093448
0.00075459392
0.00069739167
0.00063930736
0.00058031289
0.00052035349
0.00045933659
0.00039701042
0.00033306616
0.00026620227
0.00019658958
0.00011725087
4.8629927e-05
0.0033170831
0.0033133997
0.0033095211
0.0033054094
0.0033010218
0.0032963372
0.003291343
0.0032860221
0.0032803522
0.0032743097
0.0032678709
0.0032610115
0.0032537062
0.0032459284
0.0032376506
0.0032288448
0.0032194822
0.0032095336
0.0031989696
0.0031877608
0.0031758778
0.003163292
0.0031499757
0.0031359021
0.0031210462
0.003105385
0.0030888976
0.0030715661
0.0030533756
0.0030343144
0.0030143749
0.0029935531
0.0029718493
0.0029492677
0.0029258168
0.002901509
0.0028763605
0.0028503908
0.0028236224
0.0027960802
0.002767791
0.0027387827
0.0027090837
0.0026787224
0.0026477262
0.0026161213
0.002583932
0.0025511801
0.002517885
0.0024840635
0.0024497293
0.0024148936
0.002379565
0.0023437499
0.0023074528
0.0022706765
0.0022334228
0.0021956924
0.0021574855
0.0021188019
0.0020796408
0.0020400015
0.0019998825
0.0019592821
0.0019181979
0.0018766267
0.0018345641
0.0017920045
0.001748941
0.0017053648
0.001661266
0.0016166327
0.0015714517
0.0015257083
0.0014793863
0.0014324683
0.0013849352
0.0013367669
0.0012879422
0.0012384392
0.0011882352
0.0011373075
0.0010856327
0.0010331873
0.00097994766
0.00092589032
0.00087099191
0.00081522891
0.00075857634
0.00070100545
0.00064247926
0.00058294663
0.00052232183
0.0004604761
0.00039712318
0.00033196681
0.00026383111
0.00019329643
0.00011415465
4.7242316e-05
0.0031984397
0.0031948338
0.0031910486
0.0031870538
0.0031828256
0.0031783515
0.0031736204
0.0031686178
0.0031633265
0.0031577288
0.0031518068
0.003145542
0.0031389146
0.0031319044
0.00312449
0.0031166494
0.0031083602
0.003099599
0.0030903422
0.0030805656
0.0030702449
0.0030593556
0.0030478731
0.0030357734
0.0030230327
0.0030096279
0.0029955369
0.0029807387
0.0029652137
0.0029489441
0.0029319139
0.0029141093
0.0028955188
0.0028761333
0.0028559467
0.0028349551
0.0028131578
0.0027905564
0.0027671555
0.0027429619
0.0027179847
0.002692235
0.0026657255
0.0026384702
0.0026104841
0.0025817826
0.0025523815
0.0025222962
0.0024915417
0.0024601322
0.002428081
0.0023954002
0.0023621006
0.0023281919
0.0022936826
0.0022585798
0.00222289
0.0021866185
0.0021497698
0.0021123479
0.002074356
0.002035797
0.0019966727
0.0019569849
0.001916734
0.0018759201
0.0018345419
0.001792597
0.0017500817
0.0017069909
0.0016633179
0.0016190545
0.0015741908
0.0015287155
0.0014826155
0.0014358763
0.0013884818
0.0013404146
0.0012916556
0.0012421848
0.0011919809
0.001141022
0.0010892847
0.0010367452
0.00098337819
0.00092915767
0.00087405598
0.00081804315
0.00076108526
0.00070314169
0.0006441599
0.00058406905
0.00052276073
0.00046008617
0.00039575672
0.00032952415
0.00026038163
0.00018922088
0.00011050967
4.5098302e-05
0.0030840357
0.0030805235
0.0030768617
0.0030730303
0.003069003
0.0030647662
0.0030603124
0.0030556317
0.0030507111
0.0030455366
0.0030400943
0.0030343698
0.0030283479
0.0030220129
0.003015348
0.0030083363
0.0030009597
0.0029931999
0.0029850378
0.002976454
0.0029674282
0.0029579401
0.0029479689
0.0029374934
0.0029264926
0.0029149451
0.00290283
0.0028901262
0.0028768133
0.0028628714
0.0028482813
0.0028330247
0.0028170841
0.0028004437
0.0027830886
0.0027650055
0.0027461827
0.0027266104
0.0027062802
0.0026851857
0.0026633221
0.0026406866
0.0026172778
0.002593096
0.002568143
0.0025424218
0.0025159366
0.0024886924
0.0024606952
0.0024319513
0.0024024675
0.0023722508
0.0023413084
0.0023096474
0.0022772747
0.0022441971
0.0022104213
0.0021759538
0.0021408007
0.0021049682
0.0020684619
0.0020312872
0.0019934491
0.001954952
0.0019157994
0.0018759942
0.001835538
0.0017944314
0.0017526738
0.0017102633
0.0016671965
0.0016234685
0.0015790727
0.001534001
0.0014882436
0.0014417891
0.0013946243
0.0013467343
0.0012981028
0.0012487117
0.0011985415
0.001147571
0.0010957775
0.0010431366
0.00098962192
0.0009352049
0.00087985387
0.0008235331
0.00076620096
0.00070780706
0.00064828715
0.00058755778
0.00052550032
0.00046196532
0.00039668852
0.00032949478
0.0002595418
0.00018796375
0.00010957022
4.4844457e-05
0.0029490808
0.0029458874
0.0029425572
0.0029390694
0.0029354138
0.0029315852
0.0029275762
0.0029233772
0.0029189775
0.0029143667
0.0029095341
0.0029044683
0.0028991573
0.0028935886
0.0028877491
0.0028816251
0.0028752025
0.0028684665
0.0028614017
0.0028539923
0.0028462217
0.002838073
0.0028295288
0.0028205712
0.0028111818
0.002801342
0.0027910327
0.0027802347
0.0027689286
0.002757095
0.0027447143
0.0027317671
0.0027182344
0.0027040971
0.0026893369
0.0026739359
0.0026578766
0.0026411427
0.0026237183
0.0026055886
0.0025867398
0.0025671591
0.0025468349
0.0025257568
0.0025039153
0.0024813023
0.0024579109
0.002433735
0.0024087698
0.0023830117
0.0023564575
0.0023291055
0.0023009544
0.0022720037
0.0022422539
0.0022117058
0.0021803612
0.0021482224
0.0021152928
0.0020815765
0.0020470787
0.0020118051
0.0019757618
0.0019389552
0.0019013917
0.0018630769
0.001824015
0.0017842093
0.0017436618
0.0017023732
0.0016603429
0.0016175688
0.0015740472
0.0015297727
0.0014847385
0.0014389357
0.0013923537
0.0013449801
0.0012968006
0.0012477991
0.0011979575
0.0011472556
0.0010956711
0.0010431793
0.00098975272
0.00093536058
0.00087996807
0.00082353529
0.00076601535
0.00070735192
0.00064747505
0.0005862978
0.00052370413
0.00045955951
0.00039363928
0.00032584023
0.00025546432
0.00018379428
0.00010610807
4.2747132e-05
0.002845195
0.0028421647
0.0028390177
0.0028357458
0.0028323299
0.002828759
0.0028250283
0.0028211318
0.0028170616
0.0028128087
0.0028083639
0.0028037183
0.0027988621
0.0027937852
0.002788477
0.0027829265
0.0027771219
0.0027710513
0.0027647022
0.0027580614
0.0027511153
0.00274385
0.0027362506
0.0027283023
0.0027199892
0.0027112954
0.0027022043
0.0026926988
0.0026827617
0.002672375
0.0026615209
0.0026501807
0.0026383361
0.0026259681
0.0026130581
0.0025995871
0.0025855364
0.0025708873
0.0025556206
0.0025397169
0.0025231577
0.0025059245
0.0024879995
0.0024693654
0.0024500054
0.0024299034
0.0024090442
0.0023874133
0.0023649969
0.0023417825
0.0023177584
0.0022929138
0.0022672392
0.0022407264
0.0022133684
0.0021851596
0.0021560962
0.0021261765
0.0020954006
0.0020637695
0.0020312855
0.0019979514
0.0019637711
0.001928748
0.0018928846
0.0018561827
0.0018186444
0.0017802719
0.001741067
0.0017010299
0.0016601598
0.0016184548
0.0015759119
0.0015325267
0.0014882933
0.0014432045
0.0013972512
0.0013504227
0.0013027064
0.0012540879
0.0012045505
0.0011540753
0.001102641
0.0010502235
0.00099679536
0.0009423256
0.00088677869
0.00083011367
0.00077228256
0.00071322864
0.00065288362
0.00059116623
0.00052797319
0.00046319427
0.00039664535
0.00032828455
0.00025748255
0.00018557957
0.00010769205
4.3842383e-05
0.0026875838
0.0026851206
0.0026825525
0.0026798612
0.0026770452
0.0026741039
0.002671032
0.0026678218
0.0026644658
0.0026609573
0.0026572891
0.0026534537
0.0026494428
0.002645248
0.0026408606
0.0026362711
0.00263147
0.0026264472
0.0026211921
0.0026156936
0.0026099403
0.0026039201
0.0025976206
0.0025910287
0.0025841309
0.0025769132
0.0025693609
0.002561459
0.0025531919
0.0025445432
0.0025354964
0.0025260342
0.0025161389
0.0025057924
0.0024949758
0.0024836702
0.002471856
0.0024595133
0.0024466217
0.0024331606
0.0024191088
0.0024044451
0.0023891481
0.0023731961
0.0023565673
0.0023392398
0.0023211918
0.0023024012
0.0022828458
0.0022625036
0.0022413521
0.0022193688
0.0021965308
0.0021728144
0.0021481955
0.0021226456
0.0020961337
0.0020686527
0.0020402143
0.0020108336
0.0019805267
0.0019493133
0.0019172257
0.0018843061
0.0018505651
0.0018159867
0.0017805549
0.0017442614
0.0017071001
0.0016690635
0.0016301429
0.0015903294
0.0015496137
0.0015079861
0.0014654359
0.0014219519
0.0013775215
0.0013321312
0.0012857661
0.0012384098
0.001190044
0.0011406489
0.001090202
0.0010386785
0.00098605069
0.00093228734
0.00087735314
0.00082120788
0.0007638055
0.00070509313
0.00064500927
0.00058348398
0.00052043229
0.00045577172
0.00038936216
0.00032122016
0.00025083195
0.00017963801
0.0001032549
4.1438249e-05
0.0026374985
0.0026350002
0.0026324127
0.002629737
0.0026269524
0.0026240463
0.0026210153
0.0026178565
0.0026145643
0.0026111315
0.0026075511
0.0026038162
0.0025999196
0.0025958536
0.0025916099
0.0025871803
0.0025825557
0.0025777269
0.0025726841
0.002567417
0.0025619151
0.0025561671
0.0025501614
0.0025438858
0.0025373276
0.0025304734
0.0025233094
0.0025158213
0.0025079941
0.0024998122
0.0024912595
0.0024823191
0.0024729738
0.0024632055
0.0024529957
0.0024423252
0.0024311743
0.0024195227
0.0024073502
0.0023946365
0.0023813605
0.0023675009
0.0023530362
0.0023379444
0.0023222037
0.0023057918
0.0022886866
0.0022708661
0.0022523083
0.0022329915
0.0022128944
0.0021919961
0.0021702762
0.0021477151
0.0021242939
0.0020999938
0.0020747971
0.002048692
0.0020216721
0.0019937337
0.0019648755
0.0019350996
0.0019044136
0.0018728307
0.0018403612
0.0018070196
0.0017728253
0.0017377689
0.0017018262
0.0016649765
0.0016272047
0.0015884973
0.0015488393
0.0015082147
0.0014666078
0.0014240027
0.0013803832
0.0013357322
0.0012900322
0.0012432646
0.0011954096
0.0011464461
0.0010963514
0.0010451009
0.00099266735
0.00093902115
0.00088412925
0.00082795487
0.00077045667
0.00071158818
0.00065129627
0.00058952166
0.00052619207
0.00046123886
0.0003945318
0.00032608965
0.00025535484
0.00018370093
0.00010636147
4.3133988e-05
0.0024055857
0.0024035689
0.0024014652
0.0023992661
0.0023969712
0.0023945788
0.0023920841
0.0023894811
0.0023867644
0.0023839289
0.0023809687
0.0023778781
0.0023746505
0.0023712795
0.002367758
0.0023640788
0.0023602344
0.0023562166
0.0023520172
0.0023476274
0.0023430381
0.0023382398
0.0023332224
0.0023279756
0.0023224885
0.0023167498
0.0023107478
0.0023044701
0.002297904
0.0022910364
0.0022838536
0.0022763414
0.0022684852
0.0022602699
0.00225168
0.0022426993
0.0022333117
0.0022235002
0.0022132477
0.0022025368
0.0021913495
0.0021796681
0.0021674743
0.0021547498
0.0021414765
0.0021276361
0.0021132107
0.0020981827
0.0020825348
0.0020662505
0.002049314
0.0020317106
0.0020134266
0.0019944503
0.0019747711
0.0019543835
0.0019332848
0.0019114542
0.0018888573
0.0018654591
0.0018412271
0.0018161287
0.0017901248
0.0017631733
0.0017352628
0.0017064132
0.0016766481
0.0016459523
0.0016142932
0.0015816433
0.0015479828
0.0015132928
0.0014775528
0.0014407412
0.0014028368
0.0013638187
0.0013236659
0.0012823571
0.0012398707
0.0011961847
0.0011512765
0.0011051227
0.0010576993
0.001008981
0.00095894132
0.00090755244
0.00085478488
0.00080060745
0.00074498703
0.00068788873
0.0006292755
0.00056911
0.00050735007
0.00044396736
0.00037889015
0.00031220886
0.00024350464
0.00017423171
0.0001001497
4.0238962e-05
)
;

boundaryField
{
    inlet
    {
        type            zeroGradient;
    }
    top
    {
        type            zeroGradient;
    }
    outlet
    {
        type            fixedValue;
        value           uniform 0;
    }
    slipsurface
    {
        type            slip;
    }
    bottom
    {
        type            zeroGradient;
    }
    frontandback
    {
        type            empty;
    }
}


// ************************************************************************* //
