/*--------------------------------*- C++ -*----------------------------------*\
  =========                 |
  \\      /  F ield         | OpenFOAM: The Open Source CFD Toolbox
   \\    /   O peration     | Website:  https://openfoam.org
    \\  /    A nd           | Version:  12
     \\/     M anipulation  |
\*---------------------------------------------------------------------------*/
FoamFile
{
    format      ascii;
    class       volScalarField;
    location    "2000";
    object      p;
}
// * * * * * * * * * * * * * * * * * * * * * * * * * * * * * * * * * * * * * //

dimensions      [0 2 -2 0 0 0 0];

internalField   nonuniform List<scalar> 
7480
(
0.0087656157
0.0080271837
0.006906619
0.0063284413
0.0060137064
0.0057277937
0.0054587555
0.0052293049
0.0050295518
0.0048493659
0.0046821348
0.0045256693
0.0043802299
0.004240613
0.0041070467
0.0039779618
0.003853182
0.003735392
0.003625648
0.0035234146
0.0034294149
0.0033444531
0.0032693008
0.0032047578
0.003151222
0.003107631
0.0030738632
0.0030482613
0.0030264937
0.0030054459
0.002982562
0.0029567355
0.0029278813
0.0028978704
0.0028675756
0.0028359776
0.0028030788
0.0027686975
0.0027329963
0.0026969823
0.0026608442
0.0026241151
0.0025870161
0.00254982
0.002513053
0.0024765442
0.0024397991
0.0024028313
0.0023661874
0.0023298951
0.0022933821
0.0022566697
0.0022201274
0.002183753
0.0021471197
0.002110285
0.0020734844
0.0020366378
0.001999448
0.0019621041
0.001924646
0.0018868557
0.0018487761
0.0018104787
0.0017718317
0.0017328166
0.0016934992
0.0016537659
0.0016136203
0.0015730862
0.0015320691
0.0014905935
0.0014486298
0.0014061591
0.0013631772
0.0013196345
0.0012755369
0.0012308644
0.0011856053
0.0011397505
0.0010932925
0.0010462273
0.00099855547
0.00095028301
0.00090142475
0.00085200243
0.00080206004
0.00075164098
0.00070086425
0.00064977341
0.0005987485
0.00054759722
0.00049786303
0.00044753252
0.00040406889
0.00035438333
0.00033705633
0.00025386091
0.00056395881
-0.00047431846
0.0082866921
0.007624284
0.0067922549
0.0063280462
0.0060644818
0.0058105851
0.0055593616
0.0053354195
0.0051373695
0.0049537409
0.0047811358
0.004618394
0.0044667872
0.0043213698
0.0041825916
0.0040493932
0.0039213266
0.0037993976
0.0036849221
0.0035785647
0.0034807114
0.0033918574
0.0033127099
0.0032439361
0.0031855904
0.003136422
0.0030966707
0.0030654299
0.003038882
0.0030142298
0.0029891723
0.00296251
0.0029337655
0.0029044088
0.0028748655
0.002843747
0.0028109925
0.0027765202
0.0027406332
0.0027044319
0.0026681153
0.0026312072
0.0025939239
0.0025565245
0.0025195383
0.0024828002
0.0024458243
0.002408629
0.0023717612
0.0023352456
0.0022985104
0.0022615817
0.002224831
0.0021882552
0.0021514259
0.0021144029
0.002077422
0.0020404021
0.0020030458
0.0019655435
0.0019279336
0.0018899976
0.0018517791
0.0018133492
0.0017745756
0.0017354395
0.0016960066
0.001656163
0.0016159121
0.0015752776
0.0015341646
0.0014925975
0.0014505466
0.0014079927
0.0013649314
0.001321313
0.0012771431
0.0012324017
0.0011870768
0.0011411593
0.0010946414
0.001047519
0.00099979262
0.00095146808
0.00090256012
0.00085309036
0.00080310269
0.00075264042
0.00070182248
0.00065069232
0.00059963004
0.00054844305
0.00049867539
0.00044831252
0.00040482046
0.00035510639
0.00033774054
0.00025465065
0.00056479933
-0.00047366151
0.0080009801
0.0075320182
0.0068556865
0.0063768012
0.0060707906
0.0057899761
0.0055213181
0.0052850927
0.0050795718
0.0048924136
0.0047195455
0.0045593857
0.0044103843
0.0042699389
0.0041366608
0.0040096619
0.0038883809
0.0037731018
0.0036652939
0.0035660799
0.0034756625
0.0033943508
0.0033226265
0.0032609021
0.0032091327
0.0031662309
0.0031305693
0.0031004164
0.0030733023
0.0030464776
0.0030180205
0.002987159
0.0029536652
0.002919603
0.0028861435
0.002852228
0.0028177324
0.0027824226
0.0027463578
0.0027103739
0.0026743448
0.0026375656
0.0026002235
0.002562643
0.0025254359
0.0024884714
0.0024512787
0.002413883
0.0023768276
0.0023401265
0.002303207
0.0022661039
0.0022291883
0.0021924531
0.0021554661
0.0021182905
0.0020811631
0.0020440011
0.0020065055
0.00196887
0.0019311314
0.0018930706
0.0018547323
0.0018161872
0.0017773021
0.0017380589
0.0016985231
0.0016585801
0.0016182338
0.0015775076
0.0015363063
0.0014946545
0.0014525222
0.0014098902
0.0013667538
0.0013230634
0.0012788244
0.0012340167
0.0011886282
0.0011426496
0.0010960731
0.0010488946
0.0010011144
0.00095273819
0.00090378071
0.00085426345
0.00080423026
0.00075372436
0.00070286462
0.0006516944
0.0006005939
0.00054937014
0.00049956801
0.00044917118
0.00040564988
0.00035590268
0.00033851909
0.00025551158
0.00056568765
-0.00047301667
0.0077503152
0.00736439
0.0067736487
0.006319522
0.0060222602
0.005760938
0.0055121398
0.005291999
0.0050982686
0.0049199962
0.0047531914
0.0045973221
0.0044490963
0.0043094319
0.004175568
0.0040471442
0.0039238067
0.0038058504
0.0036948137
0.0035918267
0.0034971485
0.0034112082
0.0033346438
0.0032681509
0.0032121717
0.0031663341
0.0031284855
0.0030970837
0.0030707664
0.0030464718
0.0030217969
0.0029954388
0.002966989
0.0029365735
0.0029044276
0.0028706038
0.0028350035
0.0027975931
0.0027587941
0.0027201032
0.00268193
0.0026437537
0.0026056601
0.0025678293
0.0025306888
0.0024938575
0.002456697
0.0024192167
0.0023820188
0.0023451472
0.0023080451
0.0022707693
0.0022336901
0.0021967922
0.0021596422
0.0021223112
0.0020850365
0.0020477317
0.0020100953
0.0019723251
0.0019344566
0.0018962695
0.0018578098
0.0018191479
0.0017801494
0.0017407967
0.0017011557
0.0016611106
0.0016206661
0.0015798453
0.0015385525
0.0014968129
0.0014545959
0.0014118824
0.0013686678
0.0013249019
0.0012805905
0.0012357131
0.0011902578
0.0011442149
0.0010975768
0.001050339
0.0010025019
0.00095407115
0.00090506129
0.00085549378
0.00080541239
0.00075486025
0.00070395621
0.00065274348
0.00060160234
0.00055033949
0.00050050042
0.00045006732
0.00040651374
0.00035673021
0.00033933056
0.00025626702
0.00056656536
-0.00047243968
0.0075203083
0.0071874732
0.0066885281
0.0062858717
0.0060037809
0.0057526729
0.0055094343
0.005290751
0.005095408
0.0049149922
0.004746037
0.0045880592
0.0044386846
0.0042984457
0.0041646352
0.0040368533
0.0039147555
0.0037985338
0.0036894593
0.0035884853
0.0034959062
0.0034121476
0.0033377278
0.0032731508
0.0032186488
0.0031736233
0.0031358296
0.0031037635
0.0030759925
0.0030495319
0.0030223374
0.0029937148
0.0029640507
0.0029329773
0.0029009358
0.002868794
0.0028359764
0.0028020899
0.0027670091
0.0027307979
0.0026935572
0.0026554089
0.0026164299
0.0025770386
0.0025382232
0.0025000182
0.0024619457
0.0024239571
0.0023865994
0.0023497473
0.0023126536
0.0022753277
0.0022381581
0.0022011428
0.0021638589
0.0021263975
0.0020889956
0.0020515615
0.0020137938
0.0019758985
0.0019379083
0.0018996011
0.0018610252
0.0018222508
0.001783142
0.0017436824
0.001703938
0.0016637917
0.0016232494
0.0015823338
0.0015409488
0.0014991202
0.0014568168
0.0014140199
0.0013707246
0.0013268807
0.001282494
0.001237544
0.0011920186
0.0011459082
0.0010992049
0.0010519045
0.001004007
0.00095551812
0.00090645234
0.00085683104
0.00080669792
0.00075609605
0.00070514421
0.00065388555
0.00060270033
0.00055139503
0.00050151544
0.0004510428
0.00040745258
0.00035762907
0.0003402062
0.00025705079
0.00056747366
-0.00047175953
0.0073170622
0.0070310131
0.006608405
0.0062470691
0.005974495
0.0057295876
0.0054938228
0.005280293
0.0050884091
0.0049111875
0.0047452709
0.0045899906
0.0044432508
0.0043049434
0.0041729022
0.0040466389
0.0039258845
0.0038108157
0.0037025323
0.0036019227
0.003509379
0.0034254061
0.0033504871
0.0032850515
0.0032292689
0.0031826185
0.0031432339
0.0031096625
0.0030805005
0.0030530621
0.0030254121
0.0029968051
0.0029671738
0.002935888
0.0029033719
0.0028703172
0.0028361958
0.0028010962
0.002765317
0.0027287184
0.0026918437
0.0026552399
0.0026186527
0.0025819473
0.0025449974
0.0025076193
0.0024697425
0.0024312339
0.0023929308
0.0023551459
0.0023173201
0.0022795003
0.0022421033
0.0022050339
0.0021677252
0.0021302209
0.0020927557
0.00205524
0.0020173783
0.0019793911
0.0019413063
0.0019028998
0.0018642257
0.0018253549
0.0017861497
0.0017465953
0.0017067582
0.0016665201
0.001625888
0.0015848849
0.0015434137
0.0015015012
0.0014591158
0.001416239
0.001372866
0.0013289463
0.0012844861
0.0012394645
0.0011938697
0.0011476921
0.0011009237
0.0010535601
0.0010056016
0.00095705373
0.00090793092
0.00085825453
0.00080806823
0.00075741503
0.00070641369
0.00065510725
0.00060387598
0.00055252622
0.00050260376
0.00045208942
0.00040845912
0.00035859275
0.00034114092
0.00025789453
0.00056839066
-0.00047092538
0.0071354337
0.0068914476
0.006530741
0.0062035806
0.0059413749
0.0057042783
0.0054772549
0.0052697437
0.0050817517
0.0049074798
0.0047439912
0.0045905202
0.0044452624
0.0043079134
0.0041767998
0.0040513831
0.0039314698
0.0038172369
0.0037096461
0.0036095544
0.0035173908
0.0034336287
0.003358719
0.0032930656
0.0032367715
0.0031893932
0.0031492992
0.0031149614
0.003084942
0.0030567867
0.0030286073
0.0029995308
0.0029693985
0.0029377468
0.0029049919
0.002871746
0.0028376103
0.0028026541
0.0027669399
0.0027302427
0.0026930875
0.0026559225
0.0026186772
0.0025814653
0.002544099
0.0025068927
0.0024701144
0.0024334884
0.0023968308
0.0023599554
0.0023226832
0.0022848582
0.0022470335
0.0022094266
0.0021716288
0.0021337607
0.0020961084
0.0020585259
0.0020206271
0.0019826036
0.0019444705
0.0019060033
0.0018672658
0.0018283289
0.0017890523
0.0017494242
0.0017095131
0.0016691994
0.0016284922
0.0015874143
0.0015458682
0.0015038819
0.0014614235
0.0014184746
0.0013750308
0.0013310413
0.0012865128
0.0012414242
0.0011957639
0.0011495222
0.0011026913
0.0010552668
0.001007249
0.00095864346
0.00090946459
0.00085973378
0.00080949466
0.00075879025
0.00070773925
0.00065638472
0.0006051068
0.00055371185
0.00050374532
0.00045318823
0.00040951532
0.00035960407
0.00034211914
0.00025877805
0.00056927985
-0.00046992601
0.0069700713
0.0067622981
0.006454066
0.0061582551
0.0059079652
0.0056792496
0.0054604628
0.0052586162
0.0050742597
0.0049027582
0.0047415273
0.0045898084
0.0044460707
0.0043098996
0.004179931
0.0040556034
0.0039367622
0.0038235787
0.0037168918
0.0036175066
0.0035258627
0.0034424117
0.0033675903
0.0033017705
0.003245031
0.0031969433
0.0031560033
0.0031207139
0.0030896564
0.0030605897
0.0030317097
0.0030020882
0.0029715421
0.0029396624
0.0029067694
0.0028733987
0.0028391966
0.0028041651
0.0027683447
0.0027315997
0.0026944205
0.0026572254
0.0026199837
0.0025827175
0.0025452409
0.0025078588
0.0024707491
0.0024338386
0.0023967354
0.0023595751
0.0023228042
0.0022861858
0.0022495389
0.0022126848
0.0021754299
0.0021377105
0.0020998945
0.0020620141
0.0020238097
0.0019855591
0.001947309
0.0019087871
0.0018700189
0.0018310519
0.0017917376
0.0017520675
0.0017121116
0.0016717475
0.0016309867
0.001589853
0.0015482488
0.0015062036
0.0014636851
0.001420676
0.0013771718
0.0013331218
0.0012885332
0.0012433849
0.0011976655
0.0011513655
0.001104477
0.0010569959
0.0010089225
0.00096026242
0.00091103015
0.00086124712
0.00081095699
0.0007602028
0.00070910325
0.00065770142
0.00060637729
0.00055493741
0.00050492649
0.00045432642
0.00041060899
0.00036065148
0.0003431298
0.00025968608
0.00057011188
-0.00046874102
0.0068181744
0.006640924
0.0063775089
0.0061110396
0.0058738043
0.0056538861
0.0054430858
0.0052468577
0.0050662018
0.0048975429
0.0047386454
0.0045887864
0.004446664
0.0043117907
0.0041830333
0.0040598483
0.0039421084
0.0038299821
0.0037242042
0.0036255245
0.00353439
0.0034512408
0.0033764974
0.0033104994
0.003253303
0.0032044875
0.0031626775
0.0031264366
0.0030943865
0.003064441
0.0030348631
0.003004722
0.0029737889
0.0029416582
0.0029085784
0.0028750276
0.0028406833
0.0028055286
0.0027696251
0.0027328722
0.0026957011
0.0026585069
0.0026212648
0.002583979
0.0025465096
0.0025091141
0.0024719529
0.0024349323
0.0023977044
0.0023604665
0.0023235567
0.0022867847
0.002249785
0.0022126411
0.0021757034
0.0021388007
0.0021017789
0.0020644584
0.0020266783
0.001988576
0.0019502697
0.0019115745
0.0018726215
0.0018335286
0.0017941486
0.0017544467
0.001714469
0.0016740807
0.0016332935
0.00159213
0.0015504911
0.0015084077
0.0014658475
0.0014227943
0.0013792442
0.0013351465
0.0012905092
0.0012453114
0.0011995421
0.0011531918
0.0011062531
0.0010587218
0.0010105984
0.00096188875
0.00091260743
0.00086277595
0.00081243806
0.00076163687
0.00071049108
0.00065904385
0.00060767499
0.00055619137
0.00050613655
0.00045549405
0.00041173078
0.00036172625
0.00034416443
0.00026060978
0.00057085982
-0.00046734169
0.0066781376
0.0065261926
0.0063006772
0.0060613701
0.0058380319
0.0056275316
0.0054248568
0.0052344504
0.0050577127
0.0048920381
0.0047355642
0.0045876359
0.0044471605
0.004313625
0.0041860897
0.0040640524
0.0039474074
0.0038363222
0.0037314442
0.0036334693
0.0035428473
0.0034600066
0.0033853484
0.003319183
0.0032615452
0.0032120261
0.0031693719
0.0031322074
0.0030991915
0.0030683761
0.0030381
0.0030074334
0.0029760955
0.0029436945
0.0029104121
0.0028766648
0.0028421743
0.0028069116
0.0027709392
0.0027341704
0.0026969886
0.0026597662
0.0026224874
0.0025851645
0.002547684
0.0025102736
0.0024730898
0.0024360428
0.0023988271
0.0023616014
0.0023246428
0.0022877527
0.0022506336
0.0022134357
0.0021764333
0.0021394108
0.0021021029
0.0020646251
0.0020271958
0.0019896482
0.0019518373
0.0019135894
0.0018749343
0.0018359525
0.0017965248
0.0017567116
0.0017166332
0.0016761831
0.0016353664
0.0015941865
0.0015525323
0.0015104331
0.0014678537
0.0014247774
0.0013812002
0.0013370717
0.0012924008
0.0012471671
0.0012013598
0.00115497
0.0011079906
0.0010604178
0.0010122523
0.00096349994
0.0009141757
0.0008643012
0.00081392031
0.00076307628
0.00071188786
0.00066039836
0.00060898732
0.00055746213
0.00050736482
0.00045668128
0.00041287148
0.00036281977
0.00034521481
0.00026154091
0.00057149583
-0.00046569555
0.0065484224
0.0064173794
0.0062236743
0.0060091941
0.0058002349
0.0055997396
0.0054054407
0.0052211474
0.0050486175
0.0048861279
0.0047322081
0.004586306
0.0044475319
0.0043153898
0.0041891072
0.0040682359
0.003952691
0.0038426409
0.0037386602
0.0036413938
0.0035512895
0.0034687629
0.0033941961
0.0033278724
0.0032698089
0.00321961
0.0031761301
0.0031380568
0.003104088
0.0030724055
0.0030414257
0.003010221
0.0029784654
0.0029457799
0.0029122858
0.0028783401
0.0028437026
0.0028083311
0.0027722828
0.0027354857
0.0026982839
0.0026610273
0.0026237127
0.0025863563
0.00254886
0.0025114295
0.0024742133
0.0024371304
0.0023998963
0.0023626468
0.0023256491
0.0022887262
0.0022516187
0.0022144326
0.002177379
0.002140251
0.0021028544
0.0020653465
0.002027894
0.0019901721
0.001952126
0.0019139496
0.0018756244
0.0018370251
0.0017979717
0.0017584871
0.0017186014
0.001678188
0.0016373224
0.0015960767
0.0015543749
0.0015122526
0.0014696618
0.0014265775
0.0013829918
0.0013388518
0.0012941658
0.0012489128
0.0012030828
0.0011566673
0.0011096595
0.0010620562
0.0010138583
0.00096507222
0.00091571305
0.00086580267
0.00081538516
0.00076450396
0.00071327789
0.00066175048
0.00061030099
0.00055873749
0.00050860003
0.00045787771
0.00041402139
0.00036392299
0.00034627237
0.00026247035
0.00057199047
-0.00046376657
0.0064276889
0.0063139563
0.0061468529
0.0059548189
0.0057603204
0.0055702244
0.0053845209
0.0052066446
0.0050386512
0.0048796013
0.0047284203
0.004584688
0.0044477136
0.004317052
0.0041920787
0.0040724093
0.0039579826
0.0038489704
0.0037458881
0.0036493336
0.0035597495
0.0034775393
0.0034030661
0.0033365892
0.0032781114
0.0032272511
0.0031829595
0.0031439891
0.0031090804
0.0030765355
0.0030448475
0.0030130945
0.0029809119
0.002947929
0.0029142129
0.0028800645
0.0028452738
0.0028097878
0.0027736581
0.0027368268
0.0026996022
0.0026623111
0.0026249609
0.0025875692
0.0025500526
0.002512597
0.0024753408
0.0024382128
0.0024009532
0.0023636819
0.0023266488
0.0022896953
0.0022525748
0.0022153633
0.0021782649
0.0021411086
0.0021037235
0.0020662184
0.0020286979
0.0019908877
0.0019528037
0.0019146262
0.0018762053
0.001837412
0.0017983259
0.0017590187
0.0017193965
0.0016792906
0.001638732
0.001597699
0.0015560756
0.0015139431
0.0014713143
0.0014282005
0.0013846007
0.0013404551
0.0012957667
0.0012505104
0.0012046743
0.001158249
0.0011112277
0.0010636073
0.0010153894
0.00096658053
0.00091719634
0.00086725902
0.00081681292
0.00076590175
0.00071464444
0.00066308484
0.00061160184
0.00056000441
0.00050983017
0.00045907228
0.00041517018
0.00036502625
0.00034732802
0.00026338813
0.00057230452
-0.0004615149
0.0063148233
0.006215488
0.0060706007
0.0058986828
0.0057183894
0.0055388744
0.0053619045
0.0051907114
0.0050275797
0.0048722458
0.0047240214
0.0045826375
0.0044475961
0.0043185279
0.004194944
0.004076531
0.0039632554
0.0038552958
0.0037531206
0.0036572859
0.0035682276
0.0034863373
0.0034119608
0.0033453361
0.0032864549
0.0032349505
0.0031898619
0.0031500074
0.003114173
0.0030807722
0.0030483728
0.0030160628
0.0029834442
0.0029501507
0.0029162016
0.0028818444
0.0028468937
0.0028112882
0.002775073
0.0027382026
0.0027009519
0.0026636247
0.0026262372
0.0025888085
0.0025512691
0.0025137863
0.0024764887
0.0024393142
0.002402027
0.0023647317
0.0023276575
0.0022906612
0.0022535109
0.0022162734
0.0021791427
0.0021419631
0.0021045681
0.0020670385
0.002029474
0.0019916498
0.001953579
0.0019153759
0.001876887
0.001838046
0.0017989671
0.0017595898
0.0017198092
0.0016796647
0.0016391952
0.0015983364
0.0015569809
0.001515123
0.0014726887
0.0014296616
0.0013860723
0.0013419089
0.001297206
0.0012519443
0.0012061086
0.001159685
0.001112664
0.0010650411
0.001016817
0.00096799841
0.0009186011
0.00086864763
0.00081818268
0.00076725033
0.00071596967
0.00066438496
0.00061287468
0.00056124889
0.00051104233
0.00046025306
0.00041630676
0.00036611915
0.000348372
0.00026428387
0.00057239916
-0.00045889833
0.006208887
0.0061215806
0.0059952512
0.0058412409
0.005674652
0.0055057165
0.005337526
0.0051732164
0.0050152344
0.0048638843
0.0047188428
0.0045800024
0.0044470487
0.0043197061
0.0041976115
0.0040805272
0.0039684515
0.0038615734
0.003760325
0.0036652265
0.003576706
0.0034951444
0.0034208718
0.0033541075
0.003294836
0.0032427061
0.003196837
0.0031561132
0.0031193683
0.0030851191
0.0030520066
0.0030191319
0.0029860682
0.0029524516
0.0029182585
0.0028836862
0.0028485691
0.0028128391
0.0027765344
0.0027396192
0.0027023383
0.0026649727
0.0026275459
0.002590079
0.0025525144
0.002515003
0.0024776636
0.0024404423
0.0024031256
0.0023658037
0.0023286861
0.0022916438
0.0022544612
0.0022171969
0.0021800289
0.0021428132
0.0021053904
0.0020678333
0.0020302408
0.0019924043
0.001954323
0.0019160921
0.0018775774
0.0018387339
0.0017996483
0.0017602288
0.0017204082
0.0016802712
0.0016397253
0.0015987331
0.0015573491
0.0015155449
0.0014732542
0.0014304615
0.0013871105
0.0013431114
0.0012984837
0.0012532388
0.0012073994
0.0011609728
0.0011139537
0.0010663353
0.0010181158
0.00096929993
0.00091990221
0.0008699448
0.00081947237
0.00076852922
0.00071723462
0.00066563328
0.00061410326
0.00056245589
0.00051222258
0.00046140716
0.0004174191
0.00036719037
0.00034939374
0.00026514552
0.00057223602
-0.00045586796
0.0061090797
0.0060318677
0.0059210645
0.0057829163
0.0056293652
0.0054708604
0.0053114095
0.005154111
0.0050015151
0.00485439
0.0047127488
0.004576648
0.0044459464
0.0043204725
0.0041999807
0.0040843112
0.0039734982
0.0038677438
0.0037674533
0.0036731168
0.0035851541
0.0035039368
0.0034297809
0.0033628904
0.0033032449
0.0032505108
0.0032038804
0.0031623043
0.0031246654
0.0030895771
0.0030557514
0.0030223053
0.0029887883
0.0029548368
0.002920389
0.0028855952
0.0028503054
0.0028144457
0.0027780469
0.0027410813
0.0027037657
0.0026663592
0.0026288914
0.0025913848
0.0025537929
0.0025162511
0.0024788692
0.0024416005
0.0024042524
0.0023669019
0.0023297401
0.0022926512
0.0022554354
0.002218142
0.0021809335
0.0021436775
0.0021062241
0.0020686382
0.0020310119
0.0019931488
0.0019550422
0.0019167841
0.0018782531
0.0018394007
0.0018002997
0.001760864
0.0017210335
0.0016808838
0.0016403144
0.0015993051
0.0015579049
0.0015160152
0.0014736373
0.0014308116
0.0013875003
0.0013436531
0.0012992352
0.0012541844
0.0012084741
0.0011621081
0.0011151079
0.0010674945
0.0010192795
0.00097047028
0.00092107995
0.0008711288
0.00082066008
0.00076971733
0.00071841939
0.00066681123
0.00061527031
0.00056360936
0.00051335601
0.0004625207
0.00041849423
0.00036822761
0.0003503818
0.00026595951
0.00057177451
-0.00045236918
0.0060147169
0.005946011
0.0058482304
0.0057240813
0.005582795
0.0054344565
0.0052836326
0.0051334051
0.0049863773
0.0048436846
0.0047056423
0.0045724686
0.0044441832
0.0043207238
0.0042019555
0.004087796
0.0039783183
0.0038737405
0.0037744493
0.0036809092
0.0035935324
0.003512682
0.0034386621
0.0033716641
0.0033116658
0.0032583521
0.0032109829
0.0031685742
0.00313006
0.0030941439
0.0030596068
0.0030255845
0.0029916069
0.0029573096
0.0029225969
0.0028875753
0.0028521066
0.0028161121
0.0027796146
0.0027425928
0.002705238
0.002667788
0.0026302771
0.0025927293
0.0025551077
0.0025175338
0.0024801084
0.0024427918
0.0024054102
0.0023680296
0.0023308229
0.0022936867
0.0022564361
0.0022191117
0.0021818613
0.0021445642
0.0021070793
0.0020694626
0.0020317986
0.0019939045
0.0019557701
0.0019174818
0.0018789259
0.0018400515
0.0018009262
0.0017614733
0.001721633
0.0016814696
0.0016408964
0.0015998826
0.0015584636
0.0015165575
0.0014741817
0.0014313093
0.0013879061
0.0013439976
0.0012995636
0.0012545814
0.0012090196
0.001162834
0.0011159885
0.0010684728
0.0010203041
0.00097151328
0.00092213257
0.00087219038
0.00082173096
0.00077079676
0.00071950508
0.00066790009
0.00061635791
0.00056469241
0.00051442682
0.00046357888
0.00041951826
0.00036921762
0.00035132386
0.00026671172
0.00057096988
-0.000448346
0.0059252118
0.0058637
0.0057768789
0.0056650534
0.0055351988
0.0053966726
0.0052543021
0.0051111458
0.0049698162
0.0048317279
0.0046974606
0.0045673875
0.004441676
0.0043203744
0.0042034513
0.0040909012
0.0039828378
0.0038794971
0.0037812537
0.0036885518
0.0036017959
0.003521342
0.0034474839
0.0033804029
0.0033200778
0.0032662132
0.0032181316
0.0031749133
0.0031355448
0.0030988146
0.0030635701
0.0030289685
0.0029945244
0.0029598715
0.0029248845
0.002889629
0.0028539754
0.002817841
0.0027812403
0.0027441566
0.0027067581
0.0026692618
0.0026317059
0.0025941153
0.0025564616
0.0025188537
0.002481384
0.0024440186
0.0024066019
0.0023691893
0.002331937
0.0022947527
0.0022574657
0.0022201086
0.0021828155
0.0021454765
0.0021079584
0.0020703092
0.0020326061
0.0019946798
0.0019565166
0.0019181958
0.0018796106
0.0018407103
0.0018015577
0.0017620811
0.001722221
0.0016820368
0.0016414484
0.001600423
0.001558993
0.001517087
0.0014747118
0.0014318277
0.0013884119
0.0013444781
0.0012999872
0.0012549435
0.0012093398
0.001163166
0.0011164064
0.0010690335
0.0010210172
0.00097234505
0.00092303471
0.00087312666
0.00082268417
0.00077176177
0.00072048066
0.00066888531
0.00061734984
0.00056568847
0.00051541885
0.00046456623
0.00042047658
0.00037014626
0.00035220684
0.00026738654
0.00056976639
-0.00044373826
0.0058400598
0.0057846524
0.0057070911
0.0056060975
0.0054868172
0.0053576816
0.0052235399
0.0050874023
0.0049518529
0.0048185066
0.004688167
0.0045613516
0.0044383625
0.0043193558
0.0042043979
0.0040935574
0.0039869899
0.0038849515
0.0037878099
0.0036959932
0.0036098989
0.0035298766
0.0034562116
0.0033890778
0.0033284568
0.0032740741
0.0032253103
0.0031813089
0.00314111
0.0031035817
0.0030676363
0.0030324543
0.0029975389
0.0029625222
0.0029272522
0.0028917572
0.0028559133
0.0028196341
0.0027829256
0.0027457747
0.0027083281
0.0026707827
0.0026331797
0.0025955446
0.0025578565
0.0025202128
0.0024826978
0.0024452831
0.0024078295
0.0023703831
0.0023330844
0.0022958513
0.0022585264
0.002221135
0.0021837985
0.0021464164
0.0021088637
0.0020711805
0.0020334375
0.0019954777
0.0019572843
0.0019189294
0.0018803134
0.001841386
0.0018022045
0.001762701
0.0017228174
0.0016826084
0.0016419982
0.0016009539
0.0015595066
0.0015175881
0.0014752004
0.0014323096
0.001388895
0.0013449594
0.0013004626
0.0012554023
0.0012097632
0.0011635399
0.0011167326
0.0010693412
0.0010213639
0.00097279224
0.00092361494
0.00087383008
0.00082347369
0.00077259958
0.00072134318
0.00066976265
0.00061823773
0.00056658561
0.00051631817
0.00046546795
0.00042135451
0.00037099882
0.00035301713
0.00026796692
0.00056810944
-0.0004384827
0.0057588247
0.0057086127
0.0056389094
0.0055474308
0.0054378705
0.0053176553
0.0051914751
0.0050622575
0.0049325259
0.0048040258
0.0046777431
0.0045543258
0.0044341966
0.0043176146
0.0042047377
0.0040957056
0.0039907166
0.003890048
0.0037940654
0.0037031844
0.0036177964
0.0035382455
0.0034648099
0.003397658
0.0033367766
0.0032819123
0.0032325004
0.003187746
0.0031467431
0.0031084356
0.0030717982
0.0030360368
0.0030006473
0.0029652596
0.002929699
0.0028939594
0.0028579203
0.0028214916
0.0027846714
0.002747448
0.0027099489
0.0026723519
0.0026346999
0.0025970187
0.002559294
0.0025216126
0.0024840514
0.0024465867
0.0024090945
0.0023716127
0.0023342669
0.0022969842
0.0022596198
0.0022221928
0.0021848119
0.0021473857
0.002109797
0.0020720787
0.0020342947
0.0019963002
0.0019580751
0.001919685
0.001881037
0.0018420814
0.0018028695
0.0017633376
0.001723429
0.0016831935
0.0016425592
0.0016014932
0.001560024
0.001518086
0.0014756799
0.0014327749
0.0013893497
0.0013454056
0.0013009057
0.0012558442
0.0012102029
0.0011639715
0.0011171426
0.0010697145
0.0010216939
0.00097309173
0.00092392371
0.00087420322
0.00082395405
0.00077319585
0.00072203185
0.00067050931
0.00061901484
0.00056737956
0.00051711798
0.00046627396
0.00042213988
0.00037176145
0.00035374136
0.00026843474
0.000565945
-0.00043251565
0.0056811277
0.0056353502
0.0055723466
0.0054892279
0.0053885573
0.0052767601
0.0051582395
0.0050358031
0.0049118855
0.0047883033
0.0046661836
0.0045462875
0.0044291443
0.0043151087
0.0042044237
0.0040972964
0.0039939679
0.0038947377
0.003799973
0.0037100807
0.0036254466
0.0035464102
0.0034732439
0.0034061129
0.0033450101
0.0032897044
0.003239682
0.0031942078
0.0031524304
0.0031133651
0.0030760471
0.0030397094
0.0030038444
0.0029680804
0.0029322226
0.002896234
0.0028599952
0.0028234131
0.0027864771
0.0027491766
0.002711621
0.0026739698
0.0026362669
0.0025985381
0.0025607747
0.002523054
0.0024854457
0.0024479304
0.0024103981
0.0023728792
0.0023354856
0.0022981526
0.0022607475
0.0022232834
0.0021858572
0.002148386
0.00211076
0.0020730053
0.0020351795
0.0019971489
0.001958891
0.0019204647
0.0018817835
0.0018427983
0.0018035549
0.0017639935
0.0017240586
0.0016837952
0.0016431355
0.0016020462
0.0015605532
0.0015185936
0.0014761668
0.0014332431
0.0013898007
0.001345841
0.001301329
0.0012562585
0.001210612
0.0011643783
0.0011175482
0.0010701162
0.0010220829
0.0009734549
0.00092425091
0.00087449751
0.0008242409
0.0007735202
0.00072243805
0.00067101761
0.00061961321
0.00056803963
0.00051780747
0.00046697891
0.00042282675
0.00037242468
0.00035436902
0.00026877242
0.00056322143
-0.00042577686
0.0056066382
0.0055646577
0.0055073938
0.0054316268
0.0053390539
0.0052351549
0.0051239648
0.005008136
0.0048899908
0.0047713671
0.0046534929
0.0045372237
0.0044231803
0.0043118042
0.0042034165
0.0040982875
0.0039967003
0.0038989774
0.0038054908
0.0037166413
0.0036328106
0.0035543342
0.0034814804
0.0034144122
0.0033531304
0.0032974264
0.0032468342
0.0032006767
0.0031581565
0.0031183573
0.0030803727
0.0030434643
0.0030071243
0.00297098
0.0029348196
0.0028985782
0.002862136
0.0028253966
0.0027883415
0.0027509594
0.0027133435
0.002675636
0.0026378805
0.0026001029
0.0025622989
0.0025245374
0.0024868813
0.0024493149
0.0024117409
0.0023741835
0.0023367414
0.0022993575
0.0022619103
0.0022244076
0.0021869354
0.0021494184
0.0021117537
0.0020739614
0.002036093
0.0019980253
0.0019597333
0.0019212699
0.0018825544
0.0018435384
0.0018042624
0.0017646704
0.0017247081
0.0016844157
0.0016437293
0.0016026155
0.0015610974
0.0015191149
0.0014766659
0.0014337214
0.0013902597
0.0013462814
0.0013017527
0.001256667
0.0012110078
0.0011647641
0.0011179274
0.0010704922
0.0010224574
0.0009738271
0.00092461532
0.0008748439
0.00082455861
0.00077380664
0.00072270828
0.00067130644
0.00061996114
0.00056847256
0.00051831831
0.00046754731
0.00042340109
0.00037298111
0.00035489477
0.00026896612
0.00055989755
-0.00041821682
0.0055350664
0.0054963482
0.0054440257
0.0053747335
0.0052895149
0.0051929895
0.0050887808
0.0049793568
0.004866908
0.0047532529
0.0046396833
0.0045271287
0.0044162863
0.0043076736
0.0042016825
0.0040986419
0.0039988752
0.0039027283
0.0038105802
0.0037228288
0.0036398524
0.0035619837
0.0034894876
0.0034225269
0.0033611112
0.0033050544
0.003253936
0.0032071341
0.0031639057
0.0031233989
0.003084764
0.0030472926
0.0030104798
0.0029739529
0.0029374857
0.0029009886
0.0028643398
0.00282744
0.0027902626
0.002752795
0.0027151154
0.0026773494
0.00263954
0.0026017124
0.0025638662
0.0025260625
0.0024883581
0.0024507402
0.0024131234
0.002375526
0.0023380348
0.0023005994
0.0022631089
0.0022255664
0.0021880475
0.0021504837
0.0021127791
0.0020749482
0.0020370363
0.0019989303
0.0019606032
0.0019221017
0.0018833509
0.001844303
0.0018049936
0.0017653699
0.001725379
0.0016850566
0.0016443425
0.001603203
0.0015616587
0.0015196522
0.0014771797
0.0014342132
0.0013907308
0.0013467324
0.001302185
0.0012570816
0.0012114061
0.0011651476
0.0011182981
0.0010708524
0.0010228099
0.00097417509
0.00092496112
0.0008751878
0.00082489719
0.00077413201
0.00072301029
0.00067157946
0.0006202125
0.00056872831
0.00051860985
0.00046790288
0.00042379927
0.00037339292
0.00035530334
0.00026899885
0.00055596024
-0.00040981024
0.005466157
0.0054302535
0.0053822061
0.0053186276
0.0052400736
0.0051504028
0.0050528135
0.0049495674
0.0048427087
0.0047340037
0.0046247743
0.0045160035
0.0044084493
0.0043026942
0.0041991924
0.0040983263
0.0040004574
0.0039059547
0.003815206
0.0037286086
0.0036465385
0.0035693264
0.0034972353
0.003430429
0.0033689267
0.0033125651
0.0032609661
0.0032135615
0.0031696615
0.0031284758
0.0030892093
0.0030511847
0.0030139032
0.0029769929
0.002940216
0.002903461
0.0028666031
0.0028295401
0.0027922377
0.0027546811
0.0027169347
0.0026791084
0.0026412438
0.0026033653
0.0025654756
0.0025276287
0.0024898755
0.002452206
0.0024145452
0.0023769066
0.0023393659
0.0023018786
0.0022643437
0.0022267602
0.0021891938
0.0021515826
0.002113837
0.0020759663
0.0020380102
0.0019998649
0.0019615015
0.001922961
0.001884174
0.0018450932
0.0018057493
0.0017660929
0.0017260725
0.0016857192
0.0016449764
0.0016038102
0.0015622387
0.0015202071
0.0014777101
0.0014347204
0.0013912162
0.0013471965
0.0013026291
0.0012575067
0.0012118132
0.0011655378
0.0011186726
0.0010712124
0.0010231571
0.00097451147
0.00092528908
0.00087551002
0.00082521605
0.00077444837
0.00072332187
0.00067187975
0.00062049145
0.00056897841
0.00051882985
0.00046811192
0.00042400392
0.00037359983
0.00035554101
0.00026880982
0.00055143142
-0.00040057307
0.0053996849
0.0053662215
0.0053218909
0.0052633665
0.0051908441
0.0051075227
0.0050161839
0.0049188701
0.0048174686
0.004713668
0.0046087915
0.0045038549
0.0043996618
0.0042968478
0.0041959209
0.0040973107
0.0040014142
0.0039086229
0.0038193346
0.0037339476
0.0036528368
0.0035763318
0.0035046947
0.0034380914
0.0033765518
0.0033199351
0.0032679035
0.00321994
0.0031754071
0.0031335733
0.0030936964
0.0030551307
0.0030173862
0.0029800935
0.0029430051
0.0029059907
0.0028689218
0.0028316934
0.0027942637
0.0027566151
0.0027187991
0.0026809109
0.0026429902
0.0026050602
0.0025671259
0.0025292349
0.0024914327
0.0024537115
0.0024160058
0.002378325
0.0023407345
0.0023031951
0.0022656148
0.0022279891
0.0021903747
0.0021527153
0.0021149276
0.0020770162
0.0020390153
0.0020008295
0.0019624288
0.0019238487
0.0018850243
0.0018459096
0.0018065304
0.0017668405
0.0017267895
0.0016864045
0.0016456319
0.0016044381
0.0015628386
0.0015207809
0.0014782584
0.0014352447
0.0013917177
0.0013476755
0.0013030871
0.0012579444
0.0012122318
0.0011659382
0.0011190557
0.0010715793
0.0010235088
0.00097484899
0.00092561379
0.00087582352
0.00082552029
0.00077474556
0.00072361396
0.00067216743
0.00062077223
0.00056924609
0.00051907115
0.00046831753
0.00042415042
0.00037367454
0.00035561218
0.00026833351
0.00054628509
-0.00039055455
0.0053354508
0.0053041145
0.0052630316
0.0052089895
0.0051419221
0.005064465
0.0049790069
0.004887366
0.0047912662
0.0046922999
0.0045917665
0.0044906957
0.0043899215
0.0042901207
0.0041918458
0.0040955678
0.0040017154
0.0039107014
0.003822934
0.003738814
0.0036587164
0.00358297
0.0035118374
0.0034454878
0.0033839619
0.0033271416
0.0032747271
0.0032262507
0.0031811255
0.0031386766
0.0030982125
0.0030591199
0.0030209203
0.0029832475
0.0029458472
0.0029085728
0.0028712918
0.0028338963
0.0027963374
0.0027585939
0.0027207059
0.0026827546
0.0026447771
0.0026067951
0.0025688153
0.0025308795
0.0024930283
0.0024552556
0.0024175045
0.0023797806
0.0023421401
0.0023045483
0.0022669218
0.002229253
0.0021915901
0.0021538821
0.0021160513
0.0020780981
0.0020400517
0.0020018246
0.0019633857
0.001924765
0.0018859025
0.0018467528
0.0018073376
0.0017676132
0.0017275307
0.0016871131
0.00164631
0.0016050877
0.0015634593
0.0015213746
0.0014788258
0.001435787
0.0013922363
0.0013481708
0.0013035604
0.0012583966
0.0012126637
0.0011663508
0.0011194499
0.001071956
0.0010238688
0.00097519326
0.00092594312
0.00087613879
0.00082582249
0.00077503582
0.00072389356
0.0006724378
0.00062103396
0.00056949883
0.00051930845
0.00046853201
0.00042430971
0.00037373833
0.00035561285
0.00026793647
0.0005401451
-0.00037972672
0.005273278
0.0052438077
0.0052055769
0.0051555212
0.0050933867
0.0050213337
0.0049413905
0.004855154
0.0047641818
0.0046699573
0.0045737362
0.0044765439
0.004379231
0.0042825032
0.0041869488
0.0040930731
0.0040013328
0.0039121599
0.0038259733
0.003743177
0.0036641468
0.0035892118
0.0035186356
0.0034525916
0.0033911323
0.0033341615
0.0032814157
0.0032324742
0.0031867995
0.0031437704
0.0031027446
0.0030631416
0.0030244964
0.0029864477
0.0029487364
0.0029112023
0.0028737087
0.0028361448
0.0027984551
0.0027606146
0.0027226524
0.002684637
0.002646602
0.0026085676
0.0025705418
0.0025325609
0.0024946608
0.002456837
0.0024190399
0.0023812723
0.0023435818
0.0023059377
0.0022682645
0.0022305517
0.0021928399
0.0021550827
0.002117208
0.0020792123
0.0020411198
0.0020028505
0.0019643724
0.0019257105
0.001886809
0.0018476234
0.0018081713
0.0017684116
0.0017282967
0.0016878457
0.0016470112
0.0016057595
0.0015641013
0.0015219889
0.001479413
0.0014363484
0.0013927731
0.0013486835
0.0013040503
0.0012588643
0.0012131103
0.0011667772
0.0011198569
0.0010723444
0.0010242395
0.0009755469
0.00092628047
0.00087646051
0.00082612915
0.00077532794
0.00072417155
0.00067270201
0.0006212842
0.00056973501
0.00051952628
0.00046872872
0.00042445827
0.00037379944
0.00035552679
0.00026815427
0.00053273234
-0.00036806167
0.0052130099
0.0051851876
0.0051494743
0.0051029748
0.0050453029
0.0049782213
0.0049034353
0.0048223295
0.0047362961
0.0046467016
0.0045547418
0.0044614227
0.0043675977
0.0042739904
0.0041812153
0.0040898051
0.0040002403
0.00391297
0.0038284227
0.0037470065
0.0036690984
0.0035950283
0.0035250616
0.0034593768
0.0033980382
0.0033409716
0.003287948
0.0032385909
0.0031924112
0.0031488389
0.003107279
0.0030671843
0.003028105
0.0029896863
0.0029516664
0.0029138738
0.0028761677
0.0028384347
0.0028006133
0.0027626738
0.0027246357
0.0026865551
0.0026484623
0.0026103756
0.0025723033
0.0025342772
0.0024963285
0.002458454
0.0024206108
0.0023827991
0.0023450587
0.0023073624
0.0022696419
0.0022318845
0.0021941236
0.002156317
0.0021183975
0.0020803585
0.0020422194
0.0020039072
0.0019653891
0.0019266852
0.0018877439
0.0018485216
0.0018090319
0.001769236
0.0017290878
0.0016886028
0.001647736
0.0016064541
0.0015647654
0.0015226244
0.0014800206
0.0014369294
0.0013933288
0.0013492142
0.0013045573
0.0012593485
0.0012135726
0.0011672184
0.0011202778
0.0010727459
0.0010246222
0.00097591164
0.00092662782
0.00087679102
0.00082644325
0.00077562593
0.00072445342
0.00067296758
0.00062153232
0.00056996463
0.00051973185
0.00046890753
0.00042458364
0.00037383374
0.00035531395
0.00026903686
0.00052428471
-0.00035578909
0.0051545072
0.0051281509
0.0050946713
0.005051354
0.0049977224
0.0049352087
0.0048652342
0.0047889839
0.0047076896
0.0046225964
0.0045348289
0.00444536
0.0043550339
0.0042645816
0.0041746343
0.0040857455
0.0039984146
0.003913105
0.0038302538
0.0037502733
0.0036735419
0.0036003908
0.0035310878
0.003465817
0.0034046549
0.0033475485
0.0032943018
0.0032445808
0.0031979424
0.0031538658
0.0031118018
0.0030712361
0.0030317363
0.0029929554
0.0029546305
0.0029165817
0.0028786641
0.002840762
0.0028028081
0.0027647682
0.0027266527
0.0026885064
0.0026503556
0.0026122166
0.0025740977
0.0025360263
0.0024980295
0.002460105
0.0024222157
0.0023843596
0.0023465695
0.0023088214
0.0022710533
0.0022332508
0.0021954406
0.0021575843
0.0021196195
0.0020815364
0.0020433505
0.0020049946
0.0019664356
0.0019276893
0.0018887074
0.0018494476
0.0018099195
0.0017700867
0.0017299044
0.0016893845
0.0016484847
0.0016071718
0.0015654519
0.0015232816
0.001480649
0.0014375304
0.0013939038
0.0013497636
0.0013050823
0.0012598499
0.0012140512
0.0011676752
0.0011207136
0.0010731614
0.0010250182
0.00097628869
0.00092698652
0.00087713186
0.00082676656
0.00077593187
0.0007247418
0.00067323797
0.00062178304
0.00057019413
0.00051993316
0.00046907719
0.00042469193
0.0003738384
0.00035501904
0.00027025367
0.00051526604
-0.00034325899
0.0050976462
0.0050726035
0.0050411163
0.0050006555
0.0049506859
0.0048923664
0.0048268717
0.0047552039
0.0046784412
0.0045977068
0.004514046
0.0044283879
0.0043415567
0.0042542806
0.0041671991
0.0040808793
0.0039958348
0.00391254
0.0038314396
0.0037529492
0.0036774487
0.0036052711
0.0035366867
0.0034718858
0.0034109571
0.0033538684
0.0033004549
0.003250423
0.003203374
0.0031588342
0.0031162981
0.0030752845
0.0030353799
0.0029962462
0.0029576217
0.00291932
0.0028811929
0.0028431223
0.0028050356
0.0027668944
0.0027287003
0.0026904878
0.0026522791
0.002614088
0.0025759225
0.002537806
0.0024997618
0.0024617881
0.0024238528
0.0023859523
0.0023481131
0.0023103135
0.0022724977
0.0022346496
0.0021967902
0.0021588841
0.0021208734
0.0020827458
0.0020445127
0.0020061125
0.001967512
0.0019287226
0.0018896995
0.0018504013
0.0018108343
0.0017709639
0.0017307467
0.0016901913
0.0016492577
0.001607913
0.0015661612
0.0015239607
0.0014812988
0.0014381521
0.0013944985
0.001350332
0.0013056256
0.0012603689
0.0012145468
0.0011681482
0.0011211649
0.0010735916
0.0010254281
0.0009766789
0.00092735754
0.00087748411
0.0008271003
0.00077624716
0.00072503829
0.00067351506
0.00062203867
0.00057042653
0.00052013416
0.00046924326
0.00042478925
0.00037383131
0.00035466453
0.00027152538
0.00050606209
-0.00033069827
0.0050423167
0.0050184595
0.0049887588
0.0049508704
0.0049042247
0.0048497549
0.0047884246
0.0047210709
0.0046486277
0.0045720986
0.0044924445
0.0044105423
0.0043271871
0.0042430953
0.0041589066
0.004075195
0.0039924828
0.0039112528
0.0038319547
0.003755007
0.0036807911
0.0036096412
0.0035418308
0.0034775566
0.0034169192
0.0033599069
0.0033063844
0.0032560962
0.0032086865
0.0031637262
0.0031207522
0.0030793162
0.0030390244
0.0029995496
0.0029606325
0.0029220825
0.0028837486
0.0028455108
0.0028072919
0.0027690487
0.0027307754
0.0026924966
0.0026542301
0.0026159874
0.0025777756
0.0025396143
0.0025015235
0.0024635014
0.0024255206
0.0023875757
0.0023496879
0.0023118375
0.002273974
0.0022360801
0.0021981715
0.0021602156
0.0021221586
0.0020839861
0.0020457055
0.0020072606
0.0019686179
0.001929785
0.0018907201
0.0018513829
0.0018117763
0.0017718676
0.0017316147
0.0016910231
0.0016500551
0.0016086778
0.0015668934
0.001524662
0.00148197
0.0014387945
0.0013951134
0.0013509198
0.0013061877
0.0012609059
0.0012150597
0.0011686379
0.0011216321
0.0010740371
0.0010258526
0.00097708288
0.00092774157
0.00087784855
0.00082744532
0.00077657275
0.00072534394
0.00067380006
0.00062230058
0.00057066344
0.00052033675
0.00046940829
0.00042487809
0.00037383523
0.00035425291
0.00027279876
0.00049680306
-0.00031820623
0.0049884204
0.0049656404
0.00493755
0.0049019859
0.0048583618
0.0048074257
0.0047499618
0.0046866609
0.0046183233
0.0045458374
0.0044700776
0.0043918623
0.0043119504
0.0042310381
0.004149758
0.0040686845
0.0039883439
0.0039092233
0.0038317758
0.0037564213
0.0036835422
0.003613474
0.0035464932
0.0034828029
0.0034225157
0.0033656392
0.0033120666
0.0032615784
0.0032138593
0.0031685234
0.0031251479
0.0030833171
0.0030426582
0.0030028556
0.0029636547
0.0029248624
0.0028863256
0.0028479228
0.0028095727
0.0027712276
0.0027328747
0.0026945297
0.0026562058
0.0026179121
0.0025796544
0.002541449
0.0025033124
0.0024652431
0.0024272173
0.0023892284
0.0023512926
0.002313392
0.002275481
0.0022375412
0.0021995836
0.002161578
0.0021234745
0.0020852567
0.0020469285
0.0020084384
0.001969753
0.0019308762
0.001891769
0.0018523921
0.0018127453
0.0017727977
0.0017325085
0.0016918801
0.0016508768
0.0016094664
0.0015676486
0.0015253857
0.001482663
0.0014394579
0.0013957486
0.0013515273
0.0013067687
0.0012614612
0.0012155903
0.0011691446
0.0011221156
0.0010744983
0.0010262919
0.0009775011
0.00092813907
0.00087822569
0.0008278022
0.0007769093
0.00072565949
0.00067409378
0.00062256965
0.00057090588
0.00052054196
0.00046957359
0.00042495976
0.0003738418
0.0003538076
0.00027406629
0.00048747771
-0.00030576529
0.0049358695
0.0049140747
0.0048874431
0.0048539857
0.0048131134
0.0047654219
0.0047115445
0.0046520438
0.0045875986
0.0045189878
0.0044469995
0.0043723899
0.0042958752
0.0042181252
0.0041397584
0.0040613437
0.0039834064
0.0039064343
0.0038308814
0.003757168
0.0036856763
0.0036167429
0.0035506471
0.0034875983
0.0034277207
0.0033710405
0.0033174777
0.0032668468
0.0032188715
0.0031732063
0.0031294678
0.0030872721
0.0030462682
0.0030061536
0.0029666795
0.0029276522
0.0028889175
0.0028503528
0.0028118733
0.002773427
0.0027349947
0.0026965839
0.0026582034
0.0026198594
0.0025815565
0.0025433077
0.0025051265
0.0024670112
0.002428941
0.0023909085
0.0023529256
0.0023149756
0.0022770174
0.0022390319
0.0022010256
0.0021629705
0.0021248204
0.002086557
0.0020481811
0.0020096455
0.0019709169
0.0019319959
0.0018928459
0.0018534286
0.0018137413
0.0017737542
0.0017334279
0.0016927622
0.0016517231
0.0016102787
0.001568427
0.0015261319
0.0014833777
0.0014401425
0.0013964043
0.0013521546
0.0013073688
0.0012620351
0.0012161387
0.0011696684
0.0011226157
0.0010749753
0.0010267465
0.00097793385
0.00092855041
0.00087861591
0.00082817135
0.00077725724
0.00072598541
0.00067439675
0.00062284645
0.00057115447
0.00052075038
0.00046973989
0.00042503492
0.00037383142
0.00035335728
0.00027530927
0.00047805288
-0.00029332377
0.0048845852
0.0048636967
0.0048383933
0.0048068518
0.00476849
0.0047237792
0.0046732267
0.004617284
0.0045565205
0.0044916131
0.0044232653
0.0043521689
0.0042789934
0.0042043764
0.0041289167
0.004053172
0.003977662
0.0039028715
0.0038292529
0.003757225
0.0036871693
0.0036194225
0.0035542665
0.0034919166
0.0034325083
0.0033760855
0.0033225932
0.0032718782
0.003223701
0.0031777549
0.0031336939
0.0030911655
0.003049841
0.0030094321
0.0029696972
0.0029304438
0.0028915175
0.0028527951
0.0028141887
0.0027756426
0.0027371316
0.002698656
0.0026602198
0.0026218266
0.0025834794
0.0025451882
0.0025069635
0.0024688035
0.0024306899
0.0023926146
0.0023545854
0.0023165871
0.0022785821
0.0022405509
0.0022024963
0.0021643922
0.0021261953
0.0020878862
0.0020494627
0.0020108814
0.0019721092
0.0019331437
0.0018939504
0.0018544923
0.0018147639
0.0017747368
0.0017343729
0.0016936693
0.0016525937
0.0016111148
0.0015692286
0.0015269006
0.0014841144
0.0014408483
0.0013970806
0.0013528019
0.0013079883
0.0012626276
0.0012167052
0.0011702097
0.0011231325
0.0010754684
0.0010272166
0.00097838138
0.00092897582
0.00087901946
0.00082855304
0.00077761685
0.00072632201
0.00067470928
0.00062313128
0.00057140955
0.00052096228
0.00046990751
0.00042510334
0.00037380489
0.00035290858
0.00027651157
0.00046851579
-0.00028085345
0.0048344966
0.0048144462
0.0047903578
0.004760564
0.0047244973
0.004682527
0.0046350556
0.0045824399
0.0045251519
0.0044637742
0.0043989295
0.0043312447
0.0042613395
0.0041898152
0.0041172457
0.0040441727
0.0039711058
0.0038985235
0.0038268738
0.0037565724
0.0036879985
0.0036214884
0.0035573261
0.0034957324
0.003436853
0.0033807488
0.0033273884
0.0032766489
0.0032283254
0.0031821483
0.0031378071
0.0030949803
0.0030533619
0.0030126786
0.0029726974
0.0029332285
0.0028941182
0.0028552432
0.0028165134
0.0027778697
0.0027392815
0.0027007422
0.0026622518
0.0026238108
0.0025854204
0.002547088
0.0025088214
0.0024706181
0.0024324622
0.0023943448
0.0023562705
0.0023182248
0.0022801736
0.0022420972
0.0022039949
0.002165842
0.0021275984
0.0020892436
0.0020507726
0.0020121454
0.0019733293
0.0019343191
0.0018950822
0.0018555828
0.001815813
0.0017757454
0.0017353432
0.0016946013
0.0016534887
0.0016119745
0.0015700533
0.0015276918
0.001484873
0.0014415754
0.0013977775
0.0013534692
0.0013086272
0.0012632388
0.0012172898
0.0011707684
0.0011236662
0.0010759777
0.0010277022
0.00097884382
0.00092941545
0.00087943651
0.00082894744
0.00077798832
0.00072666944
0.00067503155
0.00062342431
0.00057167126
0.0005211777
0.00047007652
0.00042516457
0.0003737647
0.00035245787
0.00027766811
0.00045886502
-0.00026834319
0.0047855397
0.0047662681
0.0047432959
0.0047151016
0.004681137
0.0046416887
0.0045970723
0.0045475644
0.0044935513
0.00443553
0.0043740465
0.0043096638
0.0042429503
0.0041744679
0.0041047615
0.0040343525
0.0039637364
0.0038933822
0.0038237307
0.0037551923
0.0036881432
0.003622918
0.0035598018
0.0034990204
0.0034407294
0.0033850051
0.0033318384
0.0032811346
0.0032327216
0.0031863647
0.0031417877
0.0030986989
0.0030568154
0.0030158798
0.0029756687
0.0029359965
0.0028967113
0.0028576902
0.0028188416
0.0027801031
0.0027414397
0.0027028387
0.0026642958
0.0026258087
0.0025873767
0.0025490045
0.0025106975
0.0024724528
0.0024342559
0.0023960974
0.0023579792
0.0023198873
0.0022817907
0.0022436695
0.0022055201
0.0021673191
0.0021290289
0.0020906284
0.0020521101
0.0020134369
0.0019745766
0.0019355216
0.001896241
0.0018566998
0.0018168882
0.0017767797
0.0017363388
0.0016955579
0.0016544078
0.0016128579
0.001570901
0.0015285054
0.0014856534
0.0014423238
0.0013984951
0.0013541565
0.0013092855
0.0012638689
0.0012178926
0.0011713447
0.0011242168
0.0010765034
0.0010282035
0.00097932126
0.0009298694
0.00087986715
0.00082935464
0.00077837172
0.0007270278
0.00067536362
0.00062372556
0.0005719396
0.0005213965
0.00047024679
0.00042521801
0.00037371131
0.00035200017
0.00027877523
0.00044910028
-0.000255789
0.0047376562
0.0047191115
0.0046971692
0.0046704429
0.0046384077
0.0046012825
0.0045593117
0.0045127047
0.0044617729
0.0044069362
0.0043486691
0.0042874729
0.0042238642
0.0041583635
0.0040914834
0.0040237216
0.003955556
0.0038874426
0.0038198127
0.0037530698
0.0036875847
0.0036236897
0.0035616705
0.0035017566
0.0034441127
0.0033888294
0.0033359182
0.0032853109
0.003236866
0.0031903819
0.003145615
0.0031023027
0.0030601851
0.0030190214
0.0029785988
0.0029387373
0.0028992877
0.0028601283
0.0028211664
0.0027823372
0.0027436014
0.0027049412
0.0026663479
0.0026278168
0.0025893451
0.002550935
0.0025125895
0.0024743052
0.0024360687
0.0023978705
0.0023597098
0.002321573
0.0022834319
0.0022452665
0.0022070708
0.0021688223
0.0021304859
0.0020920398
0.0020534745
0.0020147553
0.0019758508
0.0019367508
0.0018974262
0.0018578429
0.0018179892
0.0017778394
0.0017373592
0.0016965391
0.0016553509
0.0016137647
0.0015717717
0.0015293414
0.0014864555
0.0014430933
0.0013992332
0.0013548638
0.0013099632
0.0012645178
0.0012185135
0.0011719386
0.0011247844
0.0010770454
0.0010287205
0.00097981375
0.00093033769
0.00088031141
0.00082977466
0.00077876708
0.00072739707
0.00067570546
0.00062403495
0.00057221447
0.00052161842
0.00047041803
0.0004252629
0.00037364367
0.00035154048
0.00027982851
0.00043922192
-0.00024319079
0.0046907931
0.0046729292
0.0046519408
0.004626566
0.004596305
0.0045613223
0.0045218038
0.0044779028
0.0044298664
0.0043780455
0.0043228489
0.0042647189
0.0042041211
0.0041415332
0.0040774338
0.0040122936
0.00394657
0.0038807032
0.0038151124
0.003750192
0.0036863065
0.0036237844
0.0035629105
0.0035039178
0.0034469785
0.0033921967
0.0033396027
0.0032891529
0.0032407346
0.003194177
0.0031492678
0.0031057723
0.0030634536
0.0030220881
0.0029814746
0.0029414397
0.0029018379
0.0028625492
0.0028234807
0.0027845656
0.0027457612
0.0027070447
0.002668404
0.0026298313
0.0025913221
0.0025528762
0.0025144945
0.0024761727
0.0024378985
0.002399662
0.0023614603
0.0023232803
0.0022850958
0.002246887
0.0022086458
0.0021703506
0.0021319685
0.0020934771
0.0020548651
0.0020161
0.0019771511
0.0019380062
0.0018986374
0.0018590117
0.0018191156
0.0017789242
0.0017384043
0.0016975445
0.0016563179
0.0016146948
0.0015726651
0.0015301996
0.0014872794
0.001443884
0.0013999919
0.0013555911
0.0013106602
0.0012651855
0.0012191527
0.0011725501
0.001125369
0.0010776037
0.0010292532
0.00098032127
0.00093082034
0.00088076928
0.00083020749
0.00077917436
0.0007277772
0.00067605699
0.00062435234
0.00057249564
0.00052184311
0.00047058985
0.00042529832
0.00037356038
0.00035108691
0.00028082107
0.00042923208
-0.00023055214
0.0046449018
0.0046276777
0.004607576
0.0045834487
0.0045548227
0.0045218183
0.0044845736
0.0044431958
0.0043978771
0.0043489073
0.0042966353
0.004241448
0.0041837613
0.0041240103
0.0040626377
0.0040000852
0.0039367871
0.0038731654
0.003809625
0.0037465493
0.0036842946
0.0036231844
0.0035635018
0.0035054819
0.0034493037
0.0033950829
0.0033428674
0.0032926362
0.0032443031
0.0031977268
0.0031527241
0.0031090874
0.0030666029
0.003025064
0.0029842821
0.0029440914
0.0029043511
0.0028649436
0.0028257765
0.0027867815
0.002747913
0.0027091441
0.0026704593
0.0026318482
0.0025933042
0.002554825
0.0025164095
0.0024780526
0.0024397427
0.0024014698
0.0023632289
0.0023250072
0.0022867807
0.0022485296
0.0022102439
0.0021719029
0.0021334755
0.0020949392
0.002056281
0.0020174702
0.0019784769
0.0019392872
0.0018998741
0.0018602058
0.0018202671
0.0017800339
0.0017394738
0.0016985741
0.0016573084
0.001615648
0.0015735812
0.00153108
0.0014881249
0.0014446957
0.001400771
0.0013563384
0.0013113766
0.0012658719
0.00121981
0.0011731791
0.0011259705
0.0010781784
0.0010298016
0.0009808438
0.00093131728
0.00088124071
0.00083065305
0.00077959346
0.00072816808
0.00067641805
0.00062467751
0.00057278286
0.00052207012
0.00047076177
0.00042532313
0.00037346412
0.00035063053
0.00028174072
0.00041913802
-0.00021787797
0.0045999374
0.0045833165
0.0045640416
0.004541069
0.0045139525
0.0044827769
0.0044476417
0.0044086163
0.0043658461
0.0043195676
0.0042700757
0.0042177056
0.0041628259
0.0041058293
0.0040471222
0.0039871157
0.0039262192
0.0038648341
0.0038033491
0.0037421345
0.0036815373
0.0036218745
0.0035634261
0.0035064284
0.0034510657
0.0033974643
0.0033456878
0.0032957359
0.0032475471
0.0032010074
0.0031559613
0.0031122273
0.0030696138
0.003027932
0.0029870061
0.0029466793
0.0029068159
0.0028673016
0.0028280451
0.0027889773
0.0027500502
0.0027112337
0.0026725087
0.0026338627
0.0025952871
0.0025567776
0.0025183311
0.0024799419
0.0024415987
0.0024032913
0.0023650133
0.0023267519
0.0022884848
0.0022501925
0.0022118636
0.0021734778
0.0021350059
0.0020964252
0.0020577213
0.0020188652
0.0019798277
0.0019405933
0.0019011359
0.0018614248
0.0018214434
0.001781168
0.0017405675
0.0016996274
0.0016583224
0.0016166241
0.0015745198
0.0015319823
0.0014889919
0.0014455284
0.0014015706
0.0013571054
0.0013121123
0.001266577
0.0012204854
0.0011738257
0.0011265889
0.0010787693
0.0010303656
0.00098138128
0.00093182846
0.00088172562
0.00083111124
0.00078002428
0.00072856954
0.00067678844
0.0006250102
0.00057307577
0.00052229893
0.00047093323
0.00042533605
0.00037335839
0.00035014165
0.00028258968
0.00040894834
-0.00020517092
0.0045558583
0.0045398076
0.0045213061
0.0044994049
0.0044736847
0.004444202
0.004411025
0.0043741924
0.0043338104
0.004290069
0.0042432148
0.0041935358
0.0041413555
0.0040870257
0.0040309164
0.0039734073
0.0039148811
0.0038557172
0.0037962861
0.0037369438
0.0036780259
0.0036198417
0.0035626672
0.0035067382
0.0034522435
0.0033993183
0.0033480402
0.0032984277
0.0032504422
0.003203995
0.0031589565
0.0031151704
0.0030724666
0.0030306742
0.002989631
0.0029491893
0.0029092199
0.0028696125
0.0028302772
0.0027911449
0.0027521658
0.0027133069
0.0026745466
0.0026358699
0.0025972665
0.00255873
0.0025202558
0.0024818372
0.0024434635
0.002405124
0.0023668111
0.0023285121
0.0022902062
0.0022518742
0.0022135034
0.0021750741
0.0021365586
0.0020979342
0.0020591852
0.0020202842
0.0019812026
0.0019419237
0.0019024222
0.0018626682
0.0018226439
0.0017823263
0.0017416849
0.0017007042
0.0016593595
0.001617623
0.0015754807
0.0015329065
0.0014898803
0.0014463819
0.0014023904
0.0013578922
0.0013128671
0.0012673007
0.0012211788
0.0011744896
0.0011272241
0.0010793764
0.0010309451
0.00098193362
0.00093235379
0.00088222389
0.00083158195
0.00078046665
0.0007289814
0.00067716793
0.00062535008
0.00057337398
0.00052252896
0.0004711036
0.00042533576
0.00037324616
0.00034959111
0.0002833788
0.0003986689
-0.00019243902
0.004512626
0.0044971156
0.0044793394
0.0044584346
0.0044340086
0.0044060949
0.0043747368
0.0043399482
0.0043018028
0.0042604505
0.004216095
0.0041689811
0.0041193907
0.0040676359
0.0040140511
0.0039589841
0.0039027902
0.0038458255
0.0037884407
0.0037309758
0.003673754
0.0036170754
0.0035612107
0.0035063941
0.0034528173
0.003400623
0.0033499013
0.0033006876
0.0032529641
0.0032066654
0.0031616865
0.0031178946
0.0030751408
0.0030332721
0.0029921398
0.0029516066
0.0029115501
0.0028718645
0.0028324625
0.0027932752
0.0027542517
0.002715357
0.0026765668
0.0026378642
0.0025992372
0.0025606777
0.0025221794
0.0024837351
0.0024453338
0.0024069648
0.0023686197
0.0023302856
0.0022919428
0.0022535728
0.0022151617
0.0021766902
0.0021381321
0.0020994648
0.0020606716
0.0020217263
0.001982601
0.0019432779
0.0019037323
0.0018639354
0.0018238684
0.0017835083
0.0017428259
0.0017018043
0.0016604196
0.0016186444
0.0015764638
0.0015338524
0.0014907898
0.0014472561
0.0014032304
0.0013586987
0.0013136411
0.0012680429
0.0012218902
0.0011751709
0.0011278761
0.0010799996
0.0010315401
0.00098250072
0.00093289314
0.00088273541
0.00083206501
0.0007809204
0.00072940342
0.00067755624
0.00062569681
0.00057367704
0.00052275958
0.00047127218
0.00042532083
0.00037312997
0.00034895999
0.00028410653
0.00038830786
-0.00017970033
0.0044702044
0.004455207
0.0044381127
0.0044181369
0.0043949123
0.0043684547
0.0043387872
0.0043059044
0.0042698527
0.0042307478
0.0041887557
0.0041440824
0.004096971
0.0040476964
0.003996558
0.0039438724
0.0038899667
0.0038351726
0.0037798203
0.0037242324
0.0036687183
0.0036135677
0.0035590447
0.0035053807
0.0034527689
0.0034013582
0.0033512491
0.0033024923
0.0032550888
0.0032089946
0.0031641277
0.0031203774
0.0030776155
0.0030357062
0.0029945151
0.0029539154
0.0029137924
0.0028740454
0.00283459
0.0027953585
0.0027562996
0.0027173763
0.0026785626
0.0026398397
0.002601194
0.0025626159
0.0025240977
0.0024856313
0.002447206
0.0024088107
0.0023704361
0.0023320695
0.0022936923
0.0022552861
0.0022168365
0.0021783245
0.0021397251
0.0021010159
0.0020621794
0.0020231905
0.001984022
0.0019446551
0.0019050658
0.001865226
0.0018251162
0.0017847136
0.00174399
0.0017029274
0.0016615023
0.0016196881
0.0015774688
0.0015348198
0.0014917204
0.0014481509
0.0014040905
0.0013595247
0.001314434
0.0012688036
0.0012226194
0.0011758695
0.0011285447
0.0010806388
0.0010321504
0.00098308247
0.00093344641
0.00088326002
0.00083256026
0.00078138531
0.00072983538
0.00067795306
0.00062604999
0.00057398448
0.0005229901
0.00047143821
0.00042528972
0.00037301573
0.0003482301
0.00028475975
0.00037787457
-0.00016697381
0.0044285595
0.0044140503
0.0043975986
0.0043784906
0.0043563833
0.0043312786
0.0043031839
0.0042720782
0.0042379859
0.0042009934
0.0041612338
0.0041188785
0.0040741351
0.0040272435
0.0039784699
0.0039280998
0.0038764326
0.0038237749
0.0037704353
0.0037167182
0.0036629181
0.0036093131
0.0035561594
0.0035036846
0.0034520818
0.0034015045
0.0033520623
0.003303819
0.0032567926
0.0032109588
0.0031662564
0.003122596
0.0030798689
0.0030379565
0.0029967385
0.0029560992
0.0029159319
0.0028761418
0.002836648
0.0027973846
0.0027583001
0.0027193567
0.0026805266
0.0026417897
0.0026031309
0.0025645392
0.0025260058
0.0024875217
0.0024490762
0.002410658
0.0023722573
0.0023338612
0.002295452
0.0022570119
0.0022185258
0.0021799751
0.0021413359
0.002102586
0.0020637074
0.0020246756
0.0019854645
0.0019460544
0.0019064217
0.0018665393
0.0018263868
0.0017859418
0.0017451768
0.001704073
0.0016626074
0.0016207538
0.0015784955
0.0015358085
0.0014926719
0.0014490661
0.0014049705
0.0013603701
0.0013152458
0.0012695826
0.0012233664
0.0011765852
0.0011292298
0.001081294
0.001032776
0.00098367876
0.00093401344
0.00088379757
0.00083306752
0.00078186118
0.00073027698
0.00067835807
0.0006264092
0.00057429576
0.0005232198
0.00047160085
0.00042524091
0.0003729043
0.00034740267
0.00028532293
0.00036737287
-0.0001542765
0.0043876594
0.0043736156
0.0043577707
0.0043394748
0.0043184084
0.0042945624
0.0042679318
0.0042384838
0.0042062247
0.0041712163
0.0041335633
0.0040934061
0.0040509203
0.0040063134
0.0039598199
0.0039116955
0.0038622119
0.0038116508
0.0037602986
0.0037084406
0.0036563554
0.0036043088
0.0035525477
0.0035012946
0.0034507414
0.0034010446
0.0033523211
0.0033046461
0.0032580527
0.0032125343
0.0031680492
0.0031245274
0.0030818792
0.0030400024
0.002998791
0.0029581405
0.0029179529
0.0028781397
0.002838624
0.0027993421
0.0027602434
0.0027212892
0.002682451
0.0026437072
0.0026050416
0.002566442
0.0025278985
0.0024894015
0.00245094
0.0024125029
0.0023740796
0.0023356573
0.0022972192
0.0022587477
0.0022202274
0.00218164
0.0021429626
0.0021041736
0.002065254
0.0020261805
0.0019869275
0.0019474749
0.0019077994
0.0018678746
0.0018276796
0.0017871923
0.0017463859
0.0017052409
0.0016637345
0.0016218413
0.0015795437
0.0015368183
0.0014936442
0.0014500016
0.0014058704
0.0013612349
0.0013160764
0.0012703798
0.0012241311
0.001177318
0.0011299314
0.0010819649
0.0010334167
0.00098428944
0.00093459408
0.00088434789
0.00083358657
0.00078234775
0.00073072795
0.0006787709
0.00062677399
0.00057461032
0.00052344792
0.00047175921
0.00042517291
0.00037279077
0.00034650565
0.00028577852
0.0003568069
-0.00014162603
0.0043474739
0.0043338744
0.0043186036
0.0043010692
0.004280974
0.0042583004
0.0042330339
0.0042051327
0.0041745886
0.0041414428
0.0041057754
0.0040676998
0.0040273625
0.0039849414
0.0039406414
0.0038946895
0.0038473304
0.003798821
0.0037494255
0.0036994097
0.0036490352
0.0035985546
0.0035482048
0.0034982018
0.003448735
0.0033999624
0.0033520068
0.0033049529
0.0032588469
0.0032136981
0.0031694825
0.0031261486
0.003083624
0.0030418229
0.003000653
0.0029600215
0.0029198391
0.0028800242
0.0028405046
0.0028012192
0.0027621186
0.0027231644
0.002684327
0.0026455843
0.002606919
0.0025683179
0.0025297701
0.0024912655
0.0024527929
0.0024143412
0.0023758992
0.0023374544
0.0022989905
0.0022604905
0.0022219386
0.0021833169
0.0021446034
0.0021057767
0.0020668178
0.0020277038
0.0019884099
0.0019489154
0.0019091978
0.001869231
0.001828994
0.0017884646
0.0017476167
0.0017064304
0.0016648833
0.0016229502
0.0015806131
0.0015378489
0.0014946369
0.0014509572
0.0014067898
0.0013621187
0.0013169257
0.0012711952
0.0012249133
0.0011780678
0.0011306493
0.0010826515
0.0010340723
0.00098491438
0.00093518818
0.00088491078
0.0008341172
0.00078284477
0.00073118796
0.00067919118
0.00062714389
0.00057492756
0.00052367365
0.00047191231
0.00042508413
0.00037267337
0.00034555886
0.00028610669
0.00034618053
-0.00012903861
0.0043079743
0.0042947997
0.0042800728
0.0042632537
0.004244066
0.0042224858
0.0041984913
0.0041720339
0.0041430942
0.004111696
0.0040778987
0.0040417918
0.0040034961
0.0039631622
0.0039209676
0.0038771123
0.0038318149
0.0037853082
0.0037378339
0.0036896379
0.0036409649
0.0035920531
0.0035431284
0.0034943995
0.0034460521
0.0033982442
0.0033511026
0.00330472
0.0032591539
0.0032144278
0.0031705336
0.0031274365
0.0030850809
0.0030433964
0.0030023044
0.0029617233
0.0029215733
0.0028817797
0.0028422755
0.002803003
0.0027639145
0.0027249719
0.0026861456
0.0026474129
0.0026087557
0.0025701601
0.0025316144
0.002493108
0.0024546297
0.0024161681
0.002377712
0.0023392488
0.0023007627
0.0022622374
0.0022236568
0.0021850033
0.0021462559
0.0021073935
0.0020683969
0.0020292438
0.0019899101
0.0019503749
0.0019106158
0.0018706077
0.001830329
0.0017897578
0.0017488687
0.0017076412
0.0016660532
0.0016240801
0.0015817033
0.0015389002
0.0014956499
0.0014519327
0.0014077287
0.0013630216
0.0013177934
0.0012720285
0.0012257129
0.0011788344
0.0011313834
0.0010833537
0.0010347429
0.00098555342
0.00093579557
0.00088548605
0.00083465919
0.00078335196
0.0007316567
0.00067961849
0.00062751838
0.00057524686
0.00052389615
0.00047205913
0.00042497292
0.00037255034
0.00034455732
0.00028627554
0.00033551914
-0.00011652784
0.0042691332
0.0042563655
0.0042421549
0.0042260086
0.0042076701
0.0041871108
0.0041643033
0.0041391944
0.0041117555
0.0040819967
0.0040499592
0.0040157121
0.0039793534
0.0039410091
0.0039008314
0.0038589949
0.0038156936
0.0037711364
0.0037255432
0.0036791401
0.0036321543
0.0035848091
0.0035373189
0.0034898837
0.0034426843
0.0033958776
0.003349593
0.0033039293
0.0032589536
0.0032147017
0.0031711797
0.0031283685
0.0030862275
0.0030447013
0.0030037244
0.0029632266
0.0029231375
0.0028833899
0.0028439221
0.0028046802
0.0027656187
0.0027267007
0.0026878968
0.0026491839
0.0026105436
0.0025719612
0.0025334248
0.002494923
0.0024564448
0.0024179787
0.0023795134
0.0023410361
0.002302532
0.0022639848
0.0022253788
0.0021866965
0.0021479177
0.0021090217
0.0020699893
0.0020307988
0.0019914267
0.0019518519
0.0019120523
0.0018720035
0.0018316837
0.0017910712
0.001750141
0.0017088726
0.0016672438
0.0016252306
0.0015828139
0.0015399716
0.0014966828
0.0014529278
0.0014086868
0.0013639433
0.0013186794
0.0012728796
0.0012265297
0.0011796176
0.0011321336
0.0010840713
0.0010354281
0.00098620639
0.00093641605
0.00088607349
0.00083521227
0.00078386904
0.00073213381
0.00068005243
0.00062789695
0.00057556754
0.00052411457
0.00047219856
0.00042483758
0.00037242046
0.00034344282
0.00028623322
0.00032491131
-0.00010409957
0.0042309244
0.0042185466
0.0042048266
0.0041893145
0.0041717718
0.0041521668
0.0041304678
0.0041066189
0.0040805843
0.0040523627
0.0040219803
0.0039894886
0.0039549652
0.0039185143
0.003880265
0.0038403684
0.0037989949
0.003756331
0.003712575
0.0036679334
0.0036226157
0.0035768303
0.0035307789
0.0034846524
0.0034386256
0.0033928529
0.0033474647
0.0033025644
0.0032582272
0.0032144991
0.0031713992
0.003128922
0.0030870414
0.0030457157
0.0030048921
0.0029645117
0.0029245134
0.0028848376
0.0028454286
0.0028062365
0.0027672185
0.0027283393
0.00268957
0.0026508877
0.0026122738
0.0025737134
0.0025351939
0.002496704
0.0024582323
0.0024197675
0.0023812983
0.002342812
0.0023042942
0.0022657292
0.0022271012
0.0021883934
0.002149586
0.0021106589
0.0020715929
0.0020323668
0.0019929578
0.0019533448
0.0019135059
0.0018734173
0.0018330571
0.0017924038
0.001751433
0.0017101238
0.0016684544
0.0016264011
0.0015839445
0.0015410629
0.0014977353
0.0014539422
0.0014096638
0.0013648835
0.0013195836
0.0012737483
0.0012273637
0.0011804174
0.0011328997
0.0010848041
0.0010361278
0.0009868731
0.00093704941
0.00088667286
0.0008357762
0.00078439569
0.00073261891
0.00068049252
0.00062827902
0.0005758889
0.00052432801
0.00047232942
0.00042467642
0.00037228383
0.00034212191
0.00028596685
0.00031444565
-9.176815e-05
0.0041933235
0.0041813196
0.0041680663
0.0041531524
0.0041363566
0.0041176445
0.0040969818
0.0040743107
0.0040495904
0.00402281
0.0039939834
0.0039631468
0.0039303604
0.0038957088
0.0038593001
0.0038212637
0.0037817482
0.0037409184
0.0036989523
0.0036560367
0.0036123638
0.0035681264
0.0035235137
0.0034787064
0.0034338722
0.0033891621
0.0033447061
0.0033006107
0.0032569572
0.0032138006
0.003171171
0.0031290753
0.0030875006
0.0030464178
0.0030057864
0.0029655584
0.002925682
0.0028861054
0.0028467788
0.002807657
0.0027687003
0.0027298752
0.002691154
0.0026525142
0.0026139372
0.0025754082
0.0025369142
0.0024984438
0.0024599857
0.0024215287
0.0023830614
0.0023445715
0.0023060449
0.0022674664
0.0022288205
0.0021900906
0.0021512578
0.0021123024
0.0020732053
0.0020339458
0.0019945017
0.001954852
0.0019149751
0.0018748477
0.0018344481
0.0017937546
0.0017527437
0.0017113941
0.0016696843
0.0016275911
0.0015850946
0.0015421735
0.001498807
0.0014549755
0.0014106595
0.001365842
0.0013205056
0.0012746344
0.0012282145
0.0011812334
0.0011336815
0.0010855519
0.0010368419
0.00098755337
0.00093769546
0.00088728394
0.00083635069
0.0007849316
0.00073311164
0.00068093832
0.00062866405
0.00057621025
0.00052453558
0.00047245049
0.00042448777
0.0003721418
0.00034059789
0.0002854462
0.00030413817
-7.9566882e-05
0.0041563037
0.0041446591
0.0041318504
0.0041175022
0.0041014083
0.0040835326
0.0040638393
0.0040422698
0.0040187797
0.0039933505
0.0039659858
0.0039367089
0.0039055647
0.0038726208
0.0038379661
0.0038017105
0.0037639822
0.0037249256
0.0036846989
0.0036434704
0.003601415
0.0035587099
0.0035155313
0.003472049
0.0034284233
0.0033848003
0.0033413084
0.0032980559
0.0032551286
0.0032125888
0.0031704761
0.0031288082
0.0030875841
0.0030467867
0.0030063869
0.002966347
0.0029266246
0.0028871755
0.0028479563
0.0028089266
0.0027700502
0.0027312959
0.0026926373
0.0026540527
0.0026155242
0.0025770367
0.0025385776
0.0025001352
0.0024616984
0.0024232562
0.0023847973
0.0023463095
0.0023077794
0.0022691923
0.0022305329
0.0021917849
0.0021529301
0.0021139494
0.0020748239
0.0020355334
0.0019960563
0.0019563716
0.0019164582
0.0018762933
0.0018358552
0.0017951225
0.0017540721
0.0017126827
0.0016709328
0.0016287998
0.0015862636
0.001543303
0.0014998975
0.0014560274
0.0014116734
0.0013668185
0.0013214452
0.0012755377
0.001229082
0.0011820656
0.0011344788
0.0010863146
0.0010375701
0.00098824699
0.00093835398
0.00088790649
0.00083693549
0.00078547646
0.00073361162
0.00068138938
0.00062905146
0.00057653091
0.00052473632
0.00047256074
0.00042426952
0.00037199159
0.00033890612
0.00028461137
0.00029396127
-6.749629e-05
0.003832047
0.0039795365
0.0041916858
0.0044404808
0.0047360419
0.0050989941
0.0054915106
0.0060502575
0.006605645
0.008268423
0.0038320382
0.0039795152
0.0041916472
0.0044403991
0.0047358667
0.0050985204
0.0054904894
0.0060452749
0.0065956957
0.0079529486
0.003832021
0.003979477
0.0041915764
0.0044402493
0.0047355359
0.005097687
0.0054885179
0.0060373565
0.0065780021
0.0077083395
0.0038319936
0.0039794168
0.0041914646
0.004440013
0.0047350125
0.0050963818
0.0054854987
0.0060257925
0.0065526944
0.0075172832
0.0038319551
0.0039793323
0.0041913077
0.0044396814
0.0047342794
0.0050945621
0.00548131
0.0060108883
0.0065188974
0.0073458738
0.0038319045
0.0039792214
0.0041911016
0.0044392463
0.0047333196
0.0050921962
0.0054757964
0.0059930032
0.0064770601
0.0071872251
0.0038318407
0.0039790816
0.0041908419
0.0044386985
0.0047321139
0.005089245
0.0054689611
0.0059722344
0.0064284684
0.0070414526
0.0038317624
0.0039789101
0.0041905234
0.0044380276
0.0047306421
0.0050856693
0.0054607988
0.0059486274
0.0063757185
0.0069051711
0.0038316683
0.0039787041
0.004190141
0.0044372231
0.0047288833
0.0050814311
0.0054512795
0.0059222977
0.0063207114
0.0067755859
0.003831557
0.0039784606
0.0041896887
0.0044362735
0.0047268158
0.005076494
0.005440377
0.0058934351
0.0062636974
0.0066523482
0.0038314268
0.003978176
0.0041891607
0.0044351669
0.0047244173
0.0050708224
0.005428073
0.0058622241
0.006204948
0.0065352677
0.0038312762
0.003977847
0.0041885504
0.0044338907
0.004721665
0.0050643828
0.0054143554
0.0058288456
0.0061448116
0.0064240253
0.0038311034
0.0039774697
0.004187851
0.0044324318
0.0047185355
0.0050571433
0.0053992184
0.0057934809
0.0060836159
0.0063182656
0.0038309064
0.00397704
0.0041870551
0.0044307763
0.004715005
0.0050490743
0.0053826624
0.0057563108
0.0060216533
0.0062176339
0.0038306832
0.0039765536
0.0041861551
0.0044289098
0.0047110494
0.0050401485
0.0053646945
0.0057175131
0.0059591878
0.0061217802
0.0038304316
0.003976006
0.0041851426
0.0044268173
0.0047066443
0.0050303412
0.0053453282
0.0056772618
0.005896458
0.0060303615
0.0038301492
0.0039753921
0.0041840091
0.0044244833
0.0047017654
0.0050196307
0.0053245835
0.0056357256
0.0058336778
0.0059430457
0.0038298335
0.0039747068
0.0041827453
0.0044218915
0.0046963881
0.0050079982
0.0053024868
0.0055930674
0.0057710374
0.0058595152
0.0038294818
0.0039739445
0.0041813416
0.0044190254
0.0046904884
0.0049954282
0.0052790707
0.0055494432
0.0057087039
0.0057794703
0.0038290911
0.0039730993
0.0041797878
0.0044158677
0.0046840423
0.0049819085
0.0052543737
0.0055050014
0.0056468225
0.0057026308
0.0038286584
0.003972165
0.0041780732
0.0044124009
0.0046770264
0.0049674307
0.0052284399
0.0054598826
0.0055855178
0.0056287375
0.0038281803
0.0039711349
0.0041761866
0.0044086071
0.0046694181
0.0049519898
0.0052013187
0.0054142188
0.0055248946
0.0055575528
0.0038276532
0.003970002
0.0041741162
0.004404468
0.0046611954
0.0049355846
0.0051730642
0.0053681332
0.0054650396
0.0054888609
0.0038270735
0.0039687589
0.0041718497
0.0043999649
0.0046523375
0.0049182177
0.0051437347
0.0053217401
0.0054060228
0.0054224667
0.0038264369
0.0039673978
0.0041693743
0.0043950792
0.0046428248
0.0048998956
0.0051133924
0.005275145
0.0053478986
0.0053581953
0.0038257391
0.0039659105
0.0041666768
0.0043897921
0.004632639
0.0048806284
0.0050821025
0.0052284444
0.0052907079
0.0052958901
0.0038249755
0.0039642882
0.0041637433
0.0043840847
0.0046217634
0.0048604302
0.0050499328
0.0051817259
0.005234479
0.0052354115
0.0038241413
0.0039625219
0.0041605593
0.0043779381
0.004610183
0.0048393185
0.0050169531
0.0051350688
0.00517923
0.0051766354
0.003823231
0.003960602
0.0041571103
0.0043713339
0.0045978848
0.0048173146
0.0049832344
0.0050885441
0.0051249695
0.0051194507
0.0038222391
0.0039585185
0.0041533808
0.0043642537
0.0045848578
0.004794443
0.0049488482
0.0050422148
0.0050716982
0.0050637588
0.0038211597
0.003956261
0.0041493552
0.0043566797
0.0045710932
0.0047707315
0.0049138662
0.0049961367
0.0050194107
0.0050094711
0.0038199864
0.0039538185
0.0041450175
0.0043485945
0.0045565846
0.0047462109
0.0048783594
0.0049503584
0.004968096
0.0049565079
0.0038187124
0.0039511796
0.0041403513
0.0043399813
0.0045413281
0.0047209147
0.0048423979
0.0049049223
0.0049177391
0.0049047974
0.0038173306
0.0039483325
0.0041353398
0.0043308242
0.0045253223
0.0046948789
0.0048060499
0.0048598643
0.0048683216
0.0048542744
0.0038158335
0.003945265
0.0041299661
0.0043211082
0.0045085685
0.0046681418
0.0047693814
0.0048152153
0.0048198229
0.0048048793
0.0038142129
0.0039419643
0.0041242132
0.0043108193
0.0044910707
0.0046407435
0.0047324561
0.0047710009
0.0047722202
0.0047565573
0.0038124604
0.0039384173
0.0041180638
0.0042999445
0.0044728355
0.0046127257
0.0046953347
0.0047272423
0.00472549
0.0047092583
0.003810567
0.0039346106
0.0041115006
0.0042884724
0.0044538723
0.0045841313
0.0046580744
0.0046839566
0.0046796078
0.0046629354
0.003808523
0.0039305301
0.0041045064
0.0042763926
0.0044341933
0.0045550041
0.0046207294
0.0046411572
0.0046345487
0.0046175452
0.0038063185
0.0039261618
0.0040970641
0.0042636966
0.0044138132
0.0045253885
0.0045833499
0.0045988544
0.004590288
0.0045730472
0.0038039429
0.003921491
0.0040891568
0.0042503773
0.0043927493
0.004495329
0.0045459826
0.0045570557
0.0045468008
0.0045294034
0.0038013849
0.003916503
0.0040807679
0.0042364292
0.0043710212
0.0044648701
0.0045086703
0.0045157659
0.0045040628
0.0044865782
0.0037986329
0.0039111826
0.0040718813
0.0042218489
0.0043486511
0.0044340559
0.0044714519
0.0044749876
0.0044620501
0.0044445377
0.0037956744
0.0039055148
0.0040624812
0.0042066347
0.0043256631
0.0044029298
0.0044343628
0.0044347214
0.0044207392
0.0044032502
0.0037924966
0.0038994843
0.0040525526
0.0041907867
0.0043020832
0.0043715341
0.0043974346
0.0043949664
0.0043801073
0.0043626854
0.0037890858
0.0038930755
0.0040420813
0.0041743074
0.0042779393
0.0043399099
0.0043606955
0.0043557198
0.0043401321
0.0043228148
0.0037854277
0.0038862733
0.0040310536
0.0041572008
0.0042532608
0.004308097
0.0043241704
0.0043169778
0.0043007918
0.0042836108
0.0037815076
0.0038790625
0.004019457
0.0041394732
0.0042280782
0.0042761336
0.0042878813
0.0042787355
0.0042620655
0.0042450473
0.0037773111
0.0038714287
0.0040072804
0.004121133
0.0042024222
0.0042440548
0.004251846
0.0042409859
0.0042239322
0.0042070995
0.0037728237
0.0038633591
0.0039945137
0.0041021905
0.0041763229
0.0042118915
0.0042160771
0.0042037184
0.0041863679
0.0041697397
0.0037678267
0.0038544857
0.0039805881
0.0040818472
0.0041487153
0.0041783437
0.0041791218
0.004165404
0.00414782
0.0041314179
0.0037616856
0.0038437597
0.0039638921
0.004057869
0.0041167072
0.0041400096
0.004137295
0.0041222488
0.0041044824
0.0040883549
0.0037537024
0.0038301466
0.0039428884
0.0040282891
0.0040779917
0.004094393
0.0040880356
0.0040716978
0.0040538315
0.0040380591
0.0037432177
0.0038128829
0.0039165124
0.0039919551
0.0040315353
0.0040406378
0.0040306285
0.0040131231
0.0039952777
0.0039799456
0.0037292804
0.0037910266
0.0038835483
0.0039476039
0.0039763239
0.0039779968
0.0039645026
0.003946047
0.0039283884
0.0039136068
0.0037105817
0.0037633796
0.003842697
0.0038939657
0.0039114665
0.003905932
0.0038893157
0.0038701903
0.0038528667
0.0038386992
0.0036854977
0.0037284628
0.0037925071
0.0038298195
0.0038362675
0.0038241758
0.0038050243
0.0037856376
0.0037689105
0.0037555119
0.0036520328
0.0036844659
0.0037315275
0.003754204
0.0037503662
0.0037327617
0.0037117127
0.0036922785
0.003676156
0.0036634991
0.0036077842
0.0036293064
0.003658465
0.0036665827
0.0036538229
0.0036322075
0.0036103442
0.0035915561
0.0035764454
0.0035647258
0.0035500638
0.0035608208
0.0035723589
0.0035669679
0.0035469669
0.0035224512
0.0034999482
0.0034815256
0.003467163
0.003456263
0.0034761978
0.0034770601
0.0034727047
0.0034560315
0.0034314561
0.003406585
0.0033853734
0.0033684828
0.003355411
0.003345503
0.003384043
0.0033767524
0.0033595702
0.003333933
0.0033053468
0.0032791948
0.003257945
0.0032416592
0.0032294702
0.0032204498
0.0032726996
0.003259739
0.0032345684
0.0032056682
0.003178852
0.0031562298
0.0031380034
0.0031237739
0.0031129621
0.003104917
0.0031433624
0.0031270516
0.0030957643
0.0030614354
0.0030313793
0.0030076382
0.002989729
0.0029764801
0.0029667673
0.0029596899
0.0029999226
0.0029856575
0.0029605137
0.0029356549
0.002914875
0.0028977905
0.0028838178
0.0028727884
0.0028644223
0.0028582246
0.0028469736
0.002826653
0.0027922566
0.002759587
0.0027353889
0.002718201
0.0027055159
0.0026960476
0.0026891037
0.0026840838
0.0027041213
0.0027071746
0.0027012225
0.0026893316
0.0026759245
0.0026632917
0.0026526204
0.0026442184
0.0026378351
0.0026330673
0.0025297127
0.0024891127
0.0024456917
0.0024148179
0.0023936846
0.002378361
0.0023671245
0.0023590291
0.0023532451
0.0023490979
0.0041183284
0.0041070446
0.0040946786
0.0040808888
0.0040654832
0.0040484245
0.0040296763
0.0040091805
0.0039868898
0.0039627796
0.0039368447
0.0039090972
0.0038795684
0.0038483098
0.0038153932
0.0037809096
0.0037449677
0.0037076923
0.003669222
0.0036297064
0.0035893028
0.0035481726
0.0035064779
0.0034643773
0.003422022
0.0033795522
0.0033370936
0.0032947549
0.0032526248
0.003210772
0.0031692441
0.0031280688
0.003087256
0.0030467999
0.0030066825
0.0029668765
0.0029273489
0.0028880635
0.0028489835
0.0028100739
0.0027713022
0.0027326401
0.0026940632
0.0026555508
0.0026170856
0.0025786532
0.0025402408
0.0025018372
0.0024634314
0.0024250125
0.0023865696
0.0023480909
0.0023095633
0.0022709726
0.002232304
0.0021935417
0.0021546681
0.0021156647
0.0020765129
0.0020371929
0.0019976837
0.0019579649
0.0019180153
0.0018778128
0.001837336
0.0017965635
0.0017554727
0.0017140424
0.0016722514
0.0016300772
0.0015874998
0.0015444983
0.0015010521
0.0014571418
0.001412748
0.0013678538
0.0013224416
0.0012764959
0.0012300024
0.0011829488
0.001135325
0.0010871242
0.001038343
0.000988983
0.00093905249
0.00088856646
0.00083755488
0.00078605279
0.00073413936
0.00068186403
0.00062945661
0.00057686332
0.00052493683
0.00047266319
0.00042400838
0.00037180051
0.00033698929
0.00028339754
0.00028342318
-5.4977737e-05
0.0040756522
0.0040647649
0.0040528805
0.0040396924
0.0040250235
0.0040088357
0.003991093
0.0039717384
0.0039507229
0.0039280166
0.0039036062
0.0038774933
0.0038496961
0.0038202506
0.0037892113
0.0037566499
0.003722655
0.0036873309
0.0036507953
0.0036131775
0.0035746154
0.0035352526
0.0034952354
0.0034547088
0.0034138131
0.0033726809
0.0033314334
0.0032901778
0.003249005
0.0032079884
0.0031671832
0.0031266266
0.0030863392
0.0030463269
0.0030065833
0.0029670923
0.0029278309
0.0028887719
0.0028498863
0.0028111452
0.002772521
0.0027339889
0.002695527
0.0026571165
0.0026187411
0.0025803871
0.0025420424
0.0025036959
0.0024653373
0.0024269559
0.0023885412
0.0023500818
0.0023115652
0.0022729779
0.0022343057
0.0021955332
0.0021566437
0.0021176192
0.0020784416
0.0020390918
0.0019995495
0.0019597945
0.0019198062
0.0018795631
0.0018390438
0.0017982274
0.0017570918
0.0017156159
0.0016737786
0.001631558
0.001588934
0.0015458859
0.0015023933
0.001458437
0.0014139977
0.0013690582
0.0013236014
0.0012776116
0.0012310744
0.0011839775
0.0011363109
0.0010880673
0.0010392433
0.00098984014
0.00093986562
0.00088933421
0.0008382747
0.00078672154
0.00073475024
0.00068241146
0.00062992061
0.00057723987
0.00052515418
0.00047276228
0.00042366906
0.00037148211
0.00033470505
0.00028158208
0.00027145646
-4.0815542e-05
0.0040258067
0.0040153694
0.0040040252
0.0039915045
0.0039776473
0.0039624155
0.0039457737
0.003927667
0.0039080455
0.0038868754
0.003864136
0.0038398193
0.003813931
0.0037864919
0.0037575389
0.0037271242
0.0036953156
0.003662195
0.0036278579
0.003592411
0.0035559706
0.0035186599
0.0034806064
0.0034419388
0.003402784
0.003363264
0.0033234929
0.0032835744
0.0032435996
0.0032036451
0.0031637724
0.0031240275
0.0030844417
0.0030450326
0.0030058059
0.0029667575
0.0029278758
0.002889144
0.0028505419
0.0028120481
0.0027736412
0.0027353011
0.0026970094
0.0026587498
0.002620508
0.0025822716
0.0025440292
0.0025057708
0.0024674864
0.0024291662
0.0023908002
0.0023523777
0.002313887
0.0022753155
0.0022366495
0.0021978745
0.0021589745
0.0021199327
0.0020807314
0.0020413524
0.002001776
0.0019619828
0.0019219525
0.0018816644
0.0018410977
0.0018002317
0.0017590448
0.0017175163
0.0016756254
0.0016333506
0.0015906719
0.0015475688
0.0015040214
0.0014600103
0.0014155166
0.0013705231
0.0013250127
0.0012789697
0.0012323798
0.0011852306
0.0011375119
0.0010892162
0.00104034
0.00099088401
0.00094085538
0.00089026797
0.00083914904
0.00078753228
0.00073548864
0.00068306999
0.00063047418
0.00057768195
0.00052539617
0.00047284945
0.00042321103
0.00037095984
0.00033189756
0.00027881162
0.00025747717
-2.4607791e-05
0.0039681979
0.0039582583
0.0039475071
0.0039357109
0.0039227282
0.0039085221
0.0038930582
0.0038762845
0.0038581517
0.003838623
0.0038176723
0.0037952831
0.0037714499
0.0037461796
0.0037194922
0.0036914211
0.0036620131
0.0036313277
0.0035994371
0.0035664243
0.003532382
0.003497411
0.0034616174
0.0034251108
0.0033880016
0.0033503983
0.0033124049
0.0032741186
0.0032356276
0.0031970095
0.0031583297
0.0031196416
0.0030809855
0.0030423902
0.0030038733
0.002965443
0.0029270997
0.0028888378
0.0028506472
0.0028125153
0.0027744282
0.0027363718
0.0026983324
0.0026602974
0.0026222552
0.0025841954
0.0025461084
0.0025079854
0.0024698175
0.0024315961
0.0023933119
0.0023549553
0.0023165157
0.0022779813
0.0022393397
0.0022005771
0.002161679
0.0021226293
0.0020834114
0.0020440079
0.0020044003
0.0019645698
0.0019244971
0.001884162
0.0018435445
0.0018026243
0.0017613808
0.0017197934
0.0016778417
0.001635505
0.0015927633
0.0015495966
0.0015059851
0.0014619099
0.0014173522
0.0013722947
0.0013267207
0.0012806143
0.0012339613
0.0011867492
0.0011389676
0.001090609
0.0010416693
0.00099214874
0.00094205377
0.00089139735
0.00084020486
0.00078850882
0.00073637473
0.0006838552
0.00063112745
0.00057819191
0.00052565607
0.00047290175
0.00042259482
0.00037017157
0.00032844783
0.00027478328
0.00024148999
-6.9487253e-06
0.0039024333
0.0038930413
0.0038829326
0.003871911
0.0038598539
0.0038467264
0.0038324957
0.0038171136
0.0038005329
0.0037827155
0.0037636317
0.0037432583
0.0037215808
0.0036985941
0.0036743034
0.0036487248
0.0036218855
0.0035938236
0.0035645883
0.0035342387
0.0035028435
0.0034704793
0.0034372295
0.0034031822
0.0033684284
0.00333306
0.0032971676
0.0032608383
0.003224154
0.0031871895
0.0031500113
0.0031126765
0.0030752327
0.0030377175
0.0030001592
0.0029625775
0.0029249846
0.0028873862
0.0028497833
0.0028121731
0.00277455
0.0027369074
0.0026992376
0.0026615328
0.0026237854
0.0025859881
0.0025481339
0.0025102159
0.002472227
0.0024341602
0.0023960078
0.0023577613
0.0023194115
0.0022809483
0.0022423605
0.0022036357
0.0021647605
0.0021257204
0.0020865002
0.0020470834
0.0020074529
0.0019675908
0.0019274789
0.0018870982
0.0018464293
0.0018054528
0.0017641488
0.0017224975
0.0016804789
0.0016380731
0.0015952604
0.0015520213
0.0015083364
0.0014641871
0.001419555
0.0013744227
0.0013287738
0.0012825925
0.0012358647
0.0011885776
0.0011407208
0.0010922864
0.0010432699
0.00099367091
0.00094349485
0.00089275356
0.00084147008
0.00078967522
0.00073742799
0.00068478073
0.00063188713
0.00057876627
0.00052591951
0.00047288261
0.00042176911
0.00036900329
0.0003242525
0.00026926762
0.00022367893
1.1131401e-05
0.003828132
0.0038193225
0.0038098926
0.003799676
0.0037885703
0.0037765446
0.0037635685
0.003749598
0.0037345892
0.0037185047
0.0037013128
0.0036829865
0.0036635044
0.0036428522
0.0036210232
0.0035980189
0.0035738494
0.0035485337
0.0035220998
0.0034945845
0.0034660329
0.0034364979
0.0034060393
0.0033747225
0.0033426172
0.0033097961
0.003276333
0.0032423014
0.0032077728
0.0031728151
0.0031374914
0.003101859
0.0030659683
0.0030298626
0.0029935781
0.0029571436
0.0029205818
0.0028839089
0.0028471365
0.0028102717
0.0027733183
0.0027362777
0.0026991495
0.0026619319
0.0026246225
0.0025872182
0.0025497155
0.0025121105
0.002474399
0.002436576
0.0023986358
0.0023605723
0.0023223779
0.0022840444
0.0022455624
0.0022069213
0.0021681095
0.0021291143
0.0020899218
0.0020505174
0.0020108854
0.0019710095
0.0019308726
0.0018904571
0.0018497448
0.0018087174
0.0017673559
0.0017256414
0.0016835549
0.0016410771
0.0015981891
0.0015548719
0.0015111068
0.0014668755
0.00142216
0.0013769434
0.0013312093
0.001284942
0.0012381275
0.0011907531
0.0011428079
0.0010942839
0.0010451759
0.00099548271
0.00094520855
0.00089436369
0.00084296836
0.00079105078
0.00073866242
0.00068585349
0.00063275183
0.00057939078
0.00052615951
0.00047273666
0.00042066523
0.00036730047
0.00031919503
0.00026220627
0.00020462054
2.8127033e-05
0.003745626
0.0037374301
0.0037287035
0.0037193127
0.0037091711
0.0036982508
0.0036865245
0.0036739536
0.0036604984
0.0036461237
0.0036307979
0.0036144922
0.0035971814
0.003578845
0.0035594677
0.0035390399
0.0035175584
0.0034950264
0.003471454
0.0034468586
0.0034212643
0.003394702
0.0033672089
0.0033388281
0.0033096074
0.003279599
0.0032488577
0.0032174404
0.0031854045
0.0031528067
0.0031197021
0.0030861432
0.0030521785
0.0030178525
0.0029832047
0.0029482697
0.0029130772
0.0028776519
0.0028420139
0.0028061795
0.0027701613
0.0027339689
0.0026976096
0.0026610886
0.0026244093
0.0025875741
0.0025505842
0.0025134396
0.0024761396
0.0024386826
0.0024010658
0.0023632856
0.0023253372
0.0022872148
0.0022489113
0.0022104185
0.0021717271
0.0021328265
0.002093705
0.0020543501
0.002014748
0.0019748843
0.0019347436
0.0018943101
0.0018535672
0.0018124978
0.0017710846
0.0017293097
0.0016871554
0.0016446034
0.0016016357
0.0015582342
0.0015143809
0.0014700582
0.0014252489
0.0013799361
0.0013341038
0.0012877367
0.0012408208
0.0011933434
0.0011452933
0.0010966621
0.0010474438
0.00099763629
0.00094724214
0.0008962696
0.0008447354
0.00079266406
0.00074009833
0.0006870835
0.00063371976
0.00058004675
0.00052634089
0.00047239476
0.0004191997
0.00036490113
0.00031314513
0.00025366026
0.0001856307
4.2348428e-05
0.0036542891
0.0036467261
0.0036387138
0.003630142
0.0036209443
0.0036110982
0.0036005793
0.003589354
0.0035773877
0.0035646485
0.0035511065
0.0035367333
0.0035215026
0.0035053906
0.0034883769
0.0034704448
0.0034515815
0.0034317789
0.0034110336
0.0033893474
0.0033667273
0.0033431856
0.00331874
0.0032934133
0.0032672328
0.0032402304
0.0032124415
0.0031839048
0.0031546609
0.0031247523
0.0030942219
0.0030631125
0.0030314657
0.0029993218
0.0029667187
0.0029336914
0.0029002721
0.0028664897
0.00283237
0.0027979353
0.0027632051
0.002728196
0.0026929222
0.0026573954
0.0026216254
0.0025856203
0.0025493864
0.0025129287
0.0024762508
0.0024393551
0.0024022425
0.0023649129
0.0023273647
0.0022895953
0.0022516007
0.0022133755
0.0021749133
0.0021362063
0.0020972455
0.0020580208
0.0020185212
0.0019787345
0.0019386478
0.0018982472
0.0018575183
0.0018164459
0.0017750145
0.0017332081
0.0016910101
0.0016484041
0.0016053731
0.0015619003
0.0015179688
0.0014735619
0.001428663
0.001383256
0.0013373254
0.0012908563
0.0012438347
0.0011962479
0.0011480847
0.0010993358
0.0010499947
0.0010000577
0.0009495255
0.00089840363
0.00084670456
0.00079444766
0.0007416656
0.00068839514
0.00063470743
0.00058063723
0.0005263532
0.00047171728
0.00041722792
0.00036160743
0.00030609958
0.00024367663
0.00016788378
5.2163522e-05
0.0035562508
0.0035493137
0.0035420036
0.0035342352
0.0035259513
0.0035171317
0.0035077566
0.0034977979
0.003487226
0.0034760131
0.0034641322
0.0034515568
0.0034382614
0.0034242217
0.0034094153
0.0033938216
0.0033774226
0.0033602029
0.0033421501
0.0033232553
0.003303513
0.0032829215
0.0032614832
0.0032392041
0.0032160944
0.003192168
0.0031674425
0.0031419386
0.0031156802
0.0030886936
0.0030610071
0.0030326505
0.0030036545
0.0029740502
0.0029438686
0.0029131401
0.002881894
0.0028501583
0.0028179594
0.0027853216
0.0027522677
0.0027188183
0.0026849918
0.0026508051
0.0026162729
0.0025814083
0.0025462226
0.0025107255
0.0024749252
0.0024388285
0.0024024406
0.0023657653
0.002328805
0.0022915607
0.0022540321
0.0022162176
0.0021781139
0.0021397169
0.0021010208
0.0020620189
0.0020227032
0.0019830646
0.0019430932
0.0019027779
0.001862107
0.001821068
0.0017796476
0.0017378321
0.0016956073
0.0016529585
0.0016098706
0.0015663284
0.0015223166
0.0014778196
0.0014328221
0.001387309
0.0013412653
0.0012946767
0.0012475296
0.0011998113
0.0011515103
0.0011026168
0.001053123
0.0010030239
0.00095231734
0.00090100557
0.00084909576
0.00079660041
0.00074354052
0.00068994016
0.0006358402
0.00058125778
0.00052626279
0.0004707359
0.00041477277
0.00035745188
0.00029830626
0.00023296197
0.00015237361
5.7225145e-05
0.0034484979
0.0034422032
0.003435592
0.0034285974
0.0034211811
0.0034133279
0.00340502
0.003396234
0.0033869454
0.0033771307
0.0033667665
0.0033558293
0.0033442959
0.0033321432
0.0033193492
0.0033058926
0.0032917531
0.0032769122
0.0032613525
0.0032450589
0.0032280181
0.0032102195
0.0031916545
0.0031723177
0.0031522061
0.0031313197
0.0031096615
0.0030872372
0.0030640552
0.0030401267
0.0030154652
0.0029900863
0.0029640077
0.0029372485
0.0029098289
0.0028817703
0.0028530944
0.0028238232
0.0027939786
0.0027635821
0.0027326547
0.0027012164
0.0026692865
0.0026368831
0.002604023
0.0025707221
0.0025369946
0.0025028537
0.002468311
0.0024333769
0.0023980605
0.0023623693
0.0023263096
0.0022898863
0.0022531029
0.0022159615
0.0021784629
0.0021406067
0.0021023909
0.0020638125
0.0020248673
0.0019855498
0.0019458536
0.0019057711
0.0018652939
0.0018244127
0.0017831175
0.0017413972
0.0016992406
0.0016566353
0.001613569
0.0015700285
0.0015260004
0.001481471
0.0014364266
0.0013908533
0.0013447374
0.0012980651
0.0012508235
0.0012029999
0.0011545827
0.0011055613
0.0010559268
0.0010056718
0.0009547914
0.00090328329
0.0008511483
0.00079839023
0.00074501653
0.00069103448
0.00063645354
0.00058126176
0.0005254419
0.00046885126
0.00041129104
0.00035203767
0.00028963962
0.00022203923
0.00013906057
5.7966857e-05
0.0033384542
0.0033327406
0.0033267693
0.0033204908
0.0033138691
0.0033068905
0.0032995416
0.0032918039
0.0032836571
0.0032750805
0.0032660544
0.0032565588
0.0032465734
0.0032360777
0.0032250514
0.0032134743
0.0032013266
0.0031885888
0.0031752423
0.0031612692
0.0031466525
0.0031313766
0.0031154271
0.003098791
0.0030814573
0.0030634164
0.0030446611
0.0030251857
0.0030049869
0.0029840634
0.002962416
0.0029400475
0.0029169627
0.0028931683
0.0028686727
0.0028434857
0.0028176188
0.0027910844
0.002763896
0.0027360678
0.0027076145
0.0026785513
0.0026488934
0.0026186559
0.0025878539
0.0025565018
0.0025246137
0.0024922032
0.0024592829
0.0024258647
0.0023919595
0.0023575774
0.0023227272
0.0022874169
0.0022516533
0.0022154418
0.0021787872
0.0021416925
0.0021041601
0.0020661908
0.0020277846
0.0019889402
0.0019496552
0.0019099263
0.0018697491
0.0018291183
0.0017880276
0.0017464699
0.0017044373
0.0016619209
0.0016189112
0.001575398
0.0015313707
0.0014868178
0.0014417277
0.0013960882
0.0013498871
0.0013031119
0.0012557502
0.0012077897
0.0011592186
0.0011100256
0.0010602001
0.0010097326
0.00095861428
0.00090683768
0.00085439611
0.00080128298
0.00074749065
0.00069300644
0.00063780818
0.00058184809
0.00052503676
0.00046718796
0.00040792543
0.00034664703
0.0002815716
0.00021231242
0.00012888353
5.652827e-05
0.0032141254
0.003209049
0.0032037502
0.0031981905
0.0031923502
0.0031862196
0.0031797863
0.0031730348
0.0031659492
0.0031585135
0.0031507113
0.003142526
0.0031339402
0.0031249365
0.0031154971
0.0031056039
0.0030952388
0.0030843837
0.0030730203
0.0030611308
0.0030486974
0.0030357028
0.0030221302
0.0030079633
0.0029931867
0.002977786
0.0029617476
0.0029450591
0.0029277094
0.0029096885
0.002890988
0.002871601
0.0028515219
0.0028307469
0.0028092736
0.0027871011
0.0027642299
0.0027406622
0.0027164012
0.0026914516
0.0026658192
0.0026395106
0.0026125336
0.0025848965
0.0025566083
0.0025276785
0.0024981167
0.0024679329
0.0024371372
0.0024057394
0.0023737492
0.002341176
0.0023080288
0.0022743163
0.0022400464
0.0022052264
0.002169863
0.0021339621
0.0020975287
0.0020605669
0.0020230804
0.0019850716
0.0019465421
0.001907493
0.001867924
0.0018278344
0.0017872222
0.0017460847
0.0017044182
0.0016622181
0.0016194787
0.0015761935
0.0015323552
0.0014879556
0.0014429857
0.0013974358
0.0013512955
0.0013045541
0.0012572
0.0012092216
0.001160607
0.0011113443
0.0010614211
0.0010108251
0.0009595434
0.00090756234
0.00085486685
0.00080143883
0.00074725467
0.00069228067
0.00063646516
0.00057972542
0.00052192001
0.00046282676
0.00040200177
0.00033895722
0.00027200877
0.00020182
0.00011943213
5.2622437e-05
0.0030992681
0.0030947122
0.0030899711
0.0030850209
0.0030798396
0.0030744166
0.0030687429
0.0030628066
0.0030565952
0.0030500963
0.0030432968
0.0030361828
0.0030287401
0.0030209538
0.003012809
0.0030042901
0.0029953813
0.0029860666
0.0029763295
0.0029661534
0.0029555215
0.002944416
0.0029328193
0.0029207141
0.0029080839
0.0028949125
0.0028811847
0.0028668851
0.0028519983
0.0028365096
0.002820405
0.0028036715
0.0027862965
0.0027682688
0.0027495779
0.0027302145
0.0027101704
0.0026894384
0.0026680126
0.0026458882
0.0026230615
0.00259953
0.0025752924
0.0025503482
0.0025246979
0.0024983433
0.0024712865
0.0024435308
0.0024150799
0.0023859382
0.0023561105
0.0023256023
0.0022944193
0.0022625677
0.0022300539
0.0021968852
0.0021630684
0.0021286103
0.0020935172
0.0020577953
0.0020214506
0.0019844886
0.0019469143
0.0019087321
0.0018699459
0.0018305587
0.0017905727
0.0017499891
0.001708808
0.0016670287
0.0016246493
0.0015816669
0.0015380777
0.0014938767
0.0014490578
0.0014036139
0.0013575368
0.0013108173
0.0012634453
0.0012154097
0.0011666986
0.0011172996
0.0010671989
0.0010163813
0.00096482987
0.00091252501
0.00085944339
0.00080555593
0.00075082457
0.00069519738
0.00063859995
0.00058092494
0.0005220051
0.00046161101
0.00039931742
0.00033477373
0.00026657115
0.00019598813
0.00011496936
5.0907265e-05
0.0029547862
0.0029508809
0.0029468173
0.0029425718
0.0029381362
0.0029335049
0.0029286689
0.002923618
0.0029183421
0.0029128306
0.0029070727
0.002901057
0.0028947717
0.0028882045
0.0028813429
0.0028741736
0.0028666831
0.0028588575
0.0028506825
0.0028421433
0.0028332248
0.0028239116
0.0028141877
0.0028040365
0.0027934412
0.0027823854
0.0027708526
0.0027588264
0.0027462899
0.0027332265
0.0027196199
0.0027054544
0.0026907146
0.0026753848
0.0026594495
0.0026428941
0.0026257041
0.0026078659
0.0025893665
0.0025701936
0.0025503356
0.0025297818
0.0025085221
0.0024865476
0.0024638499
0.0024404216
0.0024162565
0.0023913487
0.0023656936
0.0023392873
0.0023121269
0.0022842104
0.0022555369
0.0022261067
0.0021959212
0.0021649823
0.0021332922
0.0021008541
0.0020676725
0.0020337529
0.0019991013
0.0019637243
0.0019276294
0.0018908244
0.0018533172
0.001815116
0.0017762282
0.0017366601
0.0016964165
0.0016555009
0.0016139153
0.0015716606
0.0015287367
0.0014851418
0.0014408726
0.0013959244
0.0013502911
0.0013039649
0.0012569367
0.0012091959
0.0011607312
0.0011115292
0.0010615741
0.0010108475
0.00095932829
0.00090699136
0.00085380622
0.00079973483
0.00074472849
0.00068872343
0.00063163347
0.00057334308
0.00051368656
0.00045245877
0.00038930523
0.00032401714
0.00025550329
0.00018537237
0.00010677574
4.6141893e-05
0.0028538786
0.0028503687
0.0028467248
0.0028429352
0.0028389822
0.0028348577
0.002830556
0.0028260694
0.0028213893
0.0028165066
0.0028114123
0.002806097
0.0028005506
0.0027947629
0.0027887232
0.0027824202
0.0027758424
0.0027689778
0.002761814
0.0027543381
0.0027465371
0.0027383978
0.0027299064
0.0027210483
0.0027118084
0.0027021711
0.00269212
0.002681639
0.0026707119
0.0026593221
0.0026474529
0.0026350875
0.0026222088
0.0026088001
0.0025948448
0.0025803259
0.0025652261
0.0025495283
0.0025332155
0.0025162711
0.0024986786
0.0024804218
0.0024614849
0.0024418522
0.0024215088
0.0024004396
0.0023786304
0.0023560668
0.0023327347
0.0023086202
0.002283709
0.0022579863
0.0022314337
0.0022040486
0.0021758608
0.0021468822
0.0021171042
0.0020865196
0.0020551285
0.0020229332
0.0019899366
0.0019561422
0.0019215545
0.0018861795
0.0018500234
0.0018130922
0.001775391
0.001736924
0.0016976954
0.0016577098
0.0016169714
0.0015754834
0.0015332477
0.0014902638
0.0014465303
0.0014020442
0.0013568015
0.0013107954
0.0012640151
0.0012164486
0.0011680873
0.0011189208
0.0010689329
0.0010181034
0.00096640863
0.00091382089
0.00086030633
0.00080582321
0.0007503194
0.00069372917
0.000635968
0.00057692913
0.00051646871
0.00045442446
0.00039051794
0.00032465246
0.0002558957
0.00018594214
0.00010790206
4.719039e-05
0.0026806254
0.0026778765
0.0026750123
0.0026720186
0.0026688921
0.0026656289
0.0026622224
0.0026586653
0.0026549507
0.0026510713
0.0026470195
0.0026427872
0.002638366
0.0026337472
0.0026289217
0.00262388
0.0026186122
0.0026131078
0.0026073561
0.0026013456
0.0025950638
0.0025884988
0.0025816387
0.0025744708
0.0025669822
0.0025591588
0.002550986
0.002542449
0.0025335324
0.0025242203
0.0025144962
0.0025043425
0.0024937417
0.002482676
0.0024711273
0.0024590771
0.0024465062
0.0024333951
0.002419724
0.0024054726
0.0023906204
0.0023751466
0.0023590297
0.0023422482
0.0023247802
0.0023066032
0.0022876944
0.0022680304
0.002247587
0.0022263392
0.0022042609
0.0021813244
0.0021574993
0.0021327545
0.0021070717
0.0020804521
0.0020528991
0.0020244149
0.0019950043
0.0019646773
0.0019334483
0.0019013367
0.0018683664
0.0018345654
0.0017999724
0.0017646342
0.0017285687
0.0016917617
0.0016541987
0.001615869
0.0015767636
0.0015368804
0.0014962186
0.001454771
0.0014125278
0.0013694791
0.0013256149
0.0012809244
0.0012353954
0.0011890147
0.0011417678
0.0010936382
0.001044607
0.00099465261
0.00094375038
0.0008918716
0.00083898261
0.0007850434
0.00073000613
0.00067381333
0.00061639512
0.00055766902
0.00049753081
0.00043587814
0.00037253106
0.00030751773
0.00024017306
0.00017233337
9.8254035e-05
4.1923282e-05
0.0026297012
0.0026269702
0.0026241427
0.0026212111
0.0026181578
0.0026149757
0.0026116614
0.0026082094
0.002604613
0.0026008654
0.0025969596
0.0025928883
0.002588644
0.0025842185
0.0025796035
0.0025747903
0.0025697696
0.0025645319
0.0025590671
0.0025533649
0.0025474142
0.0025412037
0.0025347217
0.0025279563
0.0025208948
0.0025135238
0.0025058294
0.0024977973
0.0024894127
0.0024806602
0.0024715237
0.0024619869
0.0024520329
0.0024416438
0.0024308009
0.0024194858
0.0024076794
0.0023953623
0.0023825149
0.0023691169
0.0023551478
0.0023405871
0.0023254137
0.0023096067
0.0022931449
0.0022760071
0.0022581725
0.002239621
0.0022203327
0.0022002887
0.0021794712
0.0021578641
0.0021354561
0.0021122211
0.0020881085
0.0020630906
0.0020371615
0.0020103165
0.0019825478
0.0019538491
0.0019242179
0.0018936556
0.0018621665
0.0018297586
0.0017964463
0.0017622501
0.0017271881
0.0016912752
0.0016545292
0.0016169807
0.0015786566
0.0015395414
0.0014996108
0.001458849
0.0014172447
0.0013747852
0.0013314564
0.0012872435
0.0012421319
0.0011961061
0.0011491498
0.0011012454
0.0010523741
0.001002515
0.00095164469
0.00089973685
0.00084676137
0.00079268356
0.00073746299
0.00068105234
0.00062339514
0.00056442588
0.00050406024
0.0004422165
0.00037872763
0.00031361663
0.00024613985
0.00017799536
0.00010282511
4.4570935e-05
0.0023462461
0.0023439871
0.0023416395
0.0023391915
0.0023366413
0.002333986
0.0023312208
0.00232834
0.0023253383
0.0023222102
0.0023189499
0.0023155512
0.0023120078
0.0023083129
0.0023044596
0.0023004404
0.0022962478
0.0022918736
0.0022873097
0.0022825472
0.0022775771
0.0022723898
0.0022669756
0.0022613242
0.0022554249
0.0022492667
0.0022428381
0.0022361273
0.0022291218
0.0022218091
0.002214176
0.0022062089
0.0021978941
0.0021892173
0.0021801637
0.0021707186
0.0021608666
0.0021505924
0.0021398801
0.0021287141
0.0021170782
0.0021049567
0.0020923334
0.0020791925
0.0020655182
0.0020512949
0.0020365079
0.0020211429
0.0020051868
0.0019886272
0.0019714531
0.0019536551
0.0019352257
0.0019161607
0.0018964505
0.0018760679
0.0018549821
0.0018331644
0.0018105865
0.0017872183
0.0017630277
0.0017379814
0.0017120453
0.0016851859
0.0016573655
0.0016285457
0.0015987172
0.0015679029
0.0015361275
0.001503418
0.001469796
0.0014352436
0.0013997348
0.0013632518
0.0013257815
0.0012873095
0.0012478202
0.0012072982
0.0011657285
0.0011230963
0.0010793865
0.0010345838
0.00098867268
0.0009416372
0.00089346104
0.00084412741
0.00079361903
0.00074191826
0.00068900723
0.00063486842
0.00057948476
0.0005228426
0.00046492707
0.0004057461
0.00034526154
0.00028364019
0.00022043824
0.00015742265
8.9479344e-05
3.8022299e-05
)
;

boundaryField
{
    inlet
    {
        type            zeroGradient;
    }
    top
    {
        type            zeroGradient;
    }
    outlet
    {
        type            fixedValue;
        value           uniform 0;
    }
    slipsurface
    {
        type            slip;
    }
    bottom
    {
        type            zeroGradient;
    }
    frontandback
    {
        type            empty;
    }
}


// ************************************************************************* //
