/*--------------------------------*- C++ -*----------------------------------*\
  =========                 |
  \\      /  F ield         | OpenFOAM: The Open Source CFD Toolbox
   \\    /   O peration     | Website:  https://openfoam.org
    \\  /    A nd           | Version:  12
     \\/     M anipulation  |
\*---------------------------------------------------------------------------*/
FoamFile
{
    format      ascii;
    class       volScalarField;
    location    "200";
    object      omega;
}
// * * * * * * * * * * * * * * * * * * * * * * * * * * * * * * * * * * * * * //

dimensions      [0 0 -1 0 0 0 0];

internalField   nonuniform List<scalar> 
7480
(
99.668428
99.668428
99.668428
99.668428
467.26601
658.56897
782.37275
862.96424
913.97009
944.61467
961.55343
969.16809
970.41367
967.31399
961.28256
953.31151
944.11005
934.24706
924.35393
914.49545
904.80271
895.31514
886.18634
877.56208
869.54819
862.21706
855.60639
849.71796
844.52495
839.97992
836.02074
832.5799
829.59816
827.02591
824.80148
822.85137
821.09719
819.47308
817.93095
816.43664
814.95941
813.47121
811.95031
810.38034
808.75306
807.06517
805.3133
803.4866
801.57449
799.5776
797.50529
795.36657
793.16883
790.92446
788.65283
786.36986
784.08087
781.78671
779.492
777.20411
774.92644
772.66107
770.41392
768.19111
765.9932
763.81985
761.67157
759.54535
757.43582
755.3424
753.26849
751.21385
749.17871
747.16806
745.18002
743.20928
741.25624
739.31981
737.39822
735.49518
733.61208
731.74683
729.89976
728.06842
726.25055
724.44827
722.66267
720.89387
719.14026
717.39994
715.6735
713.96047
712.26166
710.57477
708.90161
707.22357
705.59944
703.86251
702.32907
699.99476
53.580886
53.535108
53.495828
53.440049
60.466145
74.604734
96.919289
126.88681
163.0462
203.17294
244.36991
284.24516
318.84635
346.78867
369.57784
388.70994
404.52241
415.61465
423.14697
426.11031
427.71152
430.61727
434.65947
439.16224
443.56886
447.34389
450.10496
451.63456
451.83799
450.72314
448.38461
444.99169
440.77681
436.04272
430.91012
425.36808
419.35794
413.11679
406.8072
400.54628
394.43279
388.54249
382.92709
377.60443
372.57515
367.83571
363.38064
359.25157
355.43619
351.91106
348.65341
345.63884
342.83879
340.22236
337.76559
335.44608
333.23796
331.12624
329.10041
327.15561
325.28976
323.49622
321.76677
320.09551
318.47847
316.90891
315.37668
313.87948
312.41726
310.98967
309.59822
308.24476
306.92552
305.63904
304.38421
303.1552
301.94979
300.77089
299.61764
298.48902
297.3869
296.30788
295.24878
294.21027
293.19111
292.19119
291.21139
290.25014
289.30629
288.37813
287.46559
286.56926
285.68846
284.82184
283.97037
283.12532
282.30391
281.48218
280.74508
279.43472
52.974301
52.262223
51.558486
50.863026
50.289418
50.016672
50.328659
51.531219
53.894239
57.794737
63.497728
71.147021
80.695863
91.942072
104.62233
118.44029
133.06772
147.69229
160.98577
172.87658
183.71972
194.30152
205.13716
216.59835
228.9653
240.39143
249.98587
257.91329
264.26127
269.05371
272.25421
273.76905
273.51632
271.63229
268.57435
265.10533
261.95872
258.98312
256.06797
253.12166
250.15556
247.20865
244.1907
240.96065
237.60875
234.20938
230.82604
227.53053
224.39095
221.41352
218.59148
215.91564
213.37868
210.9774
208.70815
206.57346
204.57414
202.69302
200.91517
199.23106
197.6337
196.11389
194.66128
193.26727
191.92664
190.63372
189.38002
188.16564
186.99144
185.85659
184.76012
183.70112
182.67585
181.68188
180.71542
179.77285
178.85384
177.96045
177.09233
176.24828
175.42856
174.62959
173.84842
173.08561
172.34116
171.61503
170.90747
170.21658
169.54081
168.87923
168.23195
167.59949
166.98121
166.37572
165.78282
165.1996
164.63023
164.07448
163.56256
162.79179
52.965542
52.234466
51.502514
50.770198
50.039564
49.315335
48.607082
47.930752
47.309134
46.780376
46.392972
46.204426
46.277336
46.674888
47.459839
48.697119
50.459345
52.803968
55.761091
59.359088
63.631095
68.638777
74.466935
81.220966
89.02489
97.347691
106.06173
115.07605
124.344
133.86326
143.66844
153.79939
162.76177
170.00339
175.63598
179.91978
183.16312
185.40825
186.67196
186.93599
186.22537
184.69697
182.8159
181.0012
179.15871
177.22638
175.21574
173.17667
171.12029
168.90276
166.59621
164.25831
161.93723
159.6784
157.4952
155.38648
153.36153
151.42704
149.58647
147.84161
146.18657
144.61052
143.10264
141.65664
140.27068
138.94351
137.68046
136.47428
135.32008
134.21387
133.15222
132.13171
131.14796
130.19808
129.27859
128.38824
127.52722
126.69597
125.89332
125.11738
124.36721
123.63882
122.93003
122.24168
121.57391
120.92635
120.29863
119.68834
119.09376
118.51451
117.95082
117.40291
116.86996
116.35022
115.8433
115.34801
114.86578
114.39787
113.96898
113.37258
52.965591
52.2341
51.501396
50.767812
50.033679
49.299383
48.56542
47.832589
47.102015
46.37545
45.655505
44.945918
44.251813
43.579795
42.938084
42.336961
41.789075
41.310129
40.917806
40.632181
40.475679
40.475188
40.66422
41.085059
41.795269
42.849412
44.310233
46.253391
48.773382
51.988998
56.048455
61.138389
67.352289
74.201672
81.5976
89.490427
97.88696
106.82546
115.66934
123.1647
129.20236
133.76103
137.05067
139.39698
140.88564
141.55903
141.47817
140.74172
139.61402
138.43096
137.12616
135.69014
134.16215
132.62118
131.00538
129.2715
127.47208
125.65933
123.88063
122.15624
120.47866
118.8444
117.25555
115.72028
114.24435
112.82575
111.467
110.1675
108.92615
107.73997
106.60412
105.5133
104.46378
103.45317
102.48713
101.56321
100.67722
99.826724
99.009152
98.221784
97.462719
96.729103
96.02017
95.33627
94.67662
94.040021
93.425421
92.830114
92.252772
91.693387
91.151916
90.628046
90.120594
89.627604
89.148835
88.683697
88.232749
87.796082
87.397025
86.873944
52.965841
52.234381
51.501677
50.768044
50.03378
49.299201
48.564623
47.830362
47.096759
46.364172
45.632996
44.903684
44.176769
43.452888
42.732812
42.017486
41.308081
40.606057
39.91323
39.231843
38.564594
37.914745
37.286207
36.684025
36.114938
35.587623
35.113522
34.706861
34.386529
34.177992
34.115852
34.248662
34.641263
35.362135
36.500594
38.179435
40.570984
43.914812
48.50171
54.362095
61.062015
68.465869
76.460724
84.813981
92.495746
98.958511
104.10843
107.90071
110.481
112.2351
113.24531
113.59109
113.36375
112.69841
111.87473
110.94571
109.88819
108.7242
107.51808
106.2635
104.89688
103.46688
102.01533
100.57877
99.165702
97.768718
96.388092
95.03896
93.734561
92.476122
91.260418
90.085252
88.952046
87.860728
86.814863
85.814051
84.855859
83.938175
83.057927
82.211798
81.397316
80.617908
79.872276
79.157444
78.47089
77.810595
77.174799
76.561581
75.970443
75.401017
74.852404
74.323589
73.813048
73.319017
72.841492
72.379896
71.934143
71.503178
71.109131
70.617072
52.966133
52.234714
51.502022
50.768384
50.034109
49.299513
48.564909
47.830605
47.096914
46.364151
45.632632
44.902674
44.174607
43.448758
42.725457
42.005039
41.287852
40.574256
39.864632
39.159394
38.458985
37.763889
37.074645
36.391868
35.716288
35.048796
34.390489
33.742746
33.107354
32.486716
31.884105
31.303911
30.752653
30.239146
29.776179
29.382523
29.085864
28.928332
28.974905
29.313296
30.047973
31.326255
33.363044
36.456164
40.95381
46.674447
53.271378
60.543978
68.154129
75.118753
80.978492
85.666688
89.162959
91.506363
93.007197
93.88499
94.222456
94.101121
93.628233
92.997918
92.268099
91.43063
90.5125
89.56068
88.543995
87.430365
86.255452
85.059294
83.865279
82.669188
81.476093
80.298237
79.147653
78.027211
76.934486
75.872907
74.848108
73.861983
72.912649
71.998094
71.117477
70.273898
69.467331
68.695281
67.955282
67.245157
66.562461
65.909013
65.284334
64.685682
64.110889
63.558298
63.026396
62.514371
62.021978
61.548086
61.091844
60.651585
60.248301
59.764526
52.966456
52.235086
51.502419
50.768794
50.034523
49.299922
48.565305
47.830983
47.097269
46.364479
45.632929
44.902936
44.174814
43.448881
42.725445
42.004814
41.287291
40.573174
39.862758
39.156332
38.454185
37.756599
37.063852
36.376219
35.693976
35.017405
34.346792
33.682435
33.024653
32.373794
31.730255
31.094511
30.467165
29.849
29.241069
28.644859
28.062558
27.497509
26.955065
26.443249
25.974212
25.567296
25.25453
25.087549
25.149421
25.548968
26.431786
28.014373
30.613794
34.615559
39.835144
45.932609
52.67331
59.360871
65.220914
70.029009
73.773367
76.490338
78.244292
79.280489
79.834142
79.981779
79.79908
79.387204
78.874054
78.26845
77.572975
76.820342
76.029998
75.130072
74.16107
73.161155
72.150229
71.127597
70.093826
69.061294
68.043857
67.046334
66.070401
65.119679
64.198314
63.306097
62.444345
61.614914
60.818136
60.052716
59.316609
58.611583
57.938107
57.293779
56.676246
56.08366
55.515403
54.972881
54.45364
53.955563
53.477005
53.016422
52.594171
52.103329
52.966799
52.23548
51.502845
50.769236
50.03497
49.300366
48.565739
47.831404
47.097675
46.36487
45.633306
44.903297
44.175161
43.44921
42.725755
42.005102
41.287551
40.573398
39.862932
39.156439
38.454196
37.756474
37.063535
36.375632
35.693012
35.015913
34.344571
33.67921
33.020047
32.367294
31.721157
31.081838
30.449539
29.824465
29.206831
28.596868
27.99484
27.401069
26.815989
26.240213
25.67464
25.120645
24.580473
24.057918
23.559644
23.096172
22.684534
22.354879
22.15966
22.187176
22.556312
23.432941
25.072305
27.843143
32.025048
37.17299
43.065282
49.141238
54.684911
59.249553
62.817291
65.451213
67.236176
68.291028
68.856122
69.086349
69.037933
68.768382
68.384227
67.916264
67.361943
66.747685
66.090787
65.349647
64.538466
63.689037
62.817502
61.923461
61.015791
60.108288
59.211083
58.324078
57.450833
56.598497
55.771071
54.969328
54.194039
53.445853
52.725967
52.034571
51.37113
50.734496
50.123932
49.540825
48.983625
48.450196
47.938234
47.447622
46.998888
46.487338
52.967156
52.23589
51.503288
50.769697
50.03544
49.300834
48.566201
47.831856
47.098116
46.365297
45.633718
44.903694
44.175541
43.449574
42.726102
42.005431
41.287862
40.57369
39.863206
39.156694
38.454431
37.756687
37.063723
36.375792
35.693139
35.016
34.344606
33.679178
33.019927
32.367056
31.720759
31.081219
30.448615
29.823115
29.20488
28.594062
27.990806
27.395249
26.807526
26.227776
25.656147
25.092802
24.537948
23.991871
23.455012
22.928081
22.412245
21.909532
21.423634
20.961454
20.534723
20.162944
19.882908
19.761536
19.908048
20.466111
21.659717
23.829387
27.383402
31.926602
37.234718
42.704733
47.696565
51.831266
55.006245
57.323288
58.893727
59.826882
60.29855
60.502277
60.479916
60.271781
59.961955
59.575763
59.114255
58.595032
58.030911
57.382781
56.675535
55.933587
55.168601
54.378951
53.575422
52.77
51.968555
51.175429
50.396878
49.635795
48.893659
48.173374
47.477568
46.806698
46.160178
45.5384
44.942293
44.371099
43.822949
43.297077
42.815842
42.266835
52.967525
52.23631
51.503744
50.770173
50.035926
49.301322
48.566684
47.83233
47.098578
46.365747
45.634153
44.904114
44.175947
43.449964
42.726476
42.005789
41.288204
40.574016
39.863515
39.156986
38.454706
37.756946
37.063965
36.376017
35.693347
35.016192
34.344782
33.679338
33.02007
32.367181
31.720864
31.081303
30.448673
29.823141
29.204864
28.593989
27.990654
27.394986
26.807102
26.227112
25.65512
25.091218
24.535491
23.988019
23.448884
22.918175
22.396
21.882507
21.377934
20.882696
20.397535
19.923766
19.46386
19.022655
18.609551
18.240318
17.944438
17.779825
17.85082
18.29784
19.343738
21.334194
24.627087
28.890947
33.869863
38.788489
43.139334
46.681827
49.319764
51.186748
52.416823
53.125194
53.467518
53.588054
53.536081
53.343415
53.069572
52.725898
52.31688
51.854154
51.34414
50.758589
50.127783
49.465684
48.775337
48.065367
47.347501
46.627492
45.908479
45.197034
44.499041
43.817089
43.153084
42.50851
41.88532
41.284752
40.706806
40.149048
39.636501
39.045662
52.967903
52.23674
51.504209
50.77066
50.036424
49.301824
48.567182
47.832821
47.099059
46.366215
45.634608
44.904555
44.176372
43.450374
42.72687
42.006167
41.288564
40.57436
39.863842
39.157296
38.454999
37.757221
37.064224
36.376259
35.693574
35.016404
34.344979
33.679521
33.02024
32.367339
31.72101
31.081438
30.448797
29.823255
29.204968
28.594083
27.990736
27.395056
26.807157
26.227149
25.655131
25.091192
24.535411
23.987856
23.448588
22.917661
22.395121
21.881008
21.375357
20.878205
20.389605
19.909633
19.438428
18.97626
18.52367
18.081685
17.652296
17.239585
16.852009
16.504772
16.22649
16.076278
16.161471
16.636372
17.753708
19.905147
23.240625
27.471404
32.096432
36.429013
40.080436
42.930552
44.964216
46.334722
47.192229
47.655539
47.84759
47.880203
47.778809
47.582307
47.319747
46.995304
46.615649
46.190212
45.701564
45.160403
44.583354
43.977445
43.347466
42.703516
42.053277
41.401491
40.754291
40.115822
39.488964
38.877383
38.283775
37.7058
37.171402
36.549819
52.96829
52.237176
51.504681
50.771156
50.036932
49.302337
48.567693
47.833325
47.099554
46.366698
45.635078
44.905011
44.176814
43.4508
42.72728
42.00656
41.288941
40.574719
39.864185
39.157622
38.455308
37.757513
37.064498
36.376517
35.693816
35.016631
34.345192
33.679719
33.020425
32.367511
31.721171
31.081588
30.448938
29.823386
29.205091
28.594198
27.990844
27.395156
26.807251
26.227236
25.655211
25.091265
24.535476
23.987912
23.448633
22.91769
22.395127
21.880975
21.375261
20.878001
20.389206
19.908882
19.437029
18.973647
18.518748
18.072366
17.634588
17.205617
16.785919
16.376452
15.979163
15.598245
15.242695
14.929357
14.692172
14.60332
14.785053
15.429666
16.853649
19.470904
23.04411
27.305793
31.461136
35.043528
37.889854
39.983244
41.389441
42.284859
42.799594
43.047796
43.109375
43.060136
42.914537
42.705733
42.440449
42.122288
41.756003
41.340594
40.869606
40.359645
39.820001
39.255373
38.675437
38.086818
37.493758
36.902677
36.318949
35.741768
35.202568
34.568148
52.968684
52.237618
51.50516
50.771658
50.037448
49.302858
48.568214
47.833841
47.100061
46.367194
45.635561
44.905481
44.177269
43.45124
42.727704
42.006967
41.289331
40.575092
39.864541
39.157961
38.455629
37.757817
37.064785
36.376787
35.694069
35.016868
34.345414
33.679928
33.02062
32.367694
31.721342
31.081748
30.449087
29.823527
29.205222
28.594321
27.99096
27.395265
26.807353
26.227333
25.655303
25.091351
24.535557
23.987988
23.448704
22.917756
22.395187
21.88103
21.375309
20.87804
20.389231
19.908884
19.436993
18.973542
18.518513
18.07188
17.633617
17.203697
16.782101
16.368839
15.963976
15.567706
15.180518
14.803487
14.438937
14.092172
13.774672
13.508232
13.34245
13.378276
13.771673
14.795965
16.895068
20.003047
23.890388
27.799726
31.231528
33.966476
35.986946
37.35673
38.218069
38.724644
38.977508
39.056299
39.02469
38.907138
38.733319
38.508262
38.234274
37.912752
37.548386
37.129154
36.671712
36.185732
35.674902
35.147786
34.611775
34.067905
33.550758
32.929368
52.969086
52.238066
51.505643
50.772166
50.037971
49.303388
48.568744
47.834367
47.100579
46.367702
45.636057
44.905962
44.177736
43.451691
42.728139
42.007386
41.289733
40.575477
39.864908
39.15831
38.455961
37.758131
37.065082
36.377067
35.694332
35.017116
34.345647
33.680146
33.020824
32.367885
31.721521
31.081916
30.449245
29.823675
29.205362
28.594452
27.991083
27.395381
26.807463
26.227437
25.655401
25.091444
24.535644
23.98807
23.448781
22.917829
22.395256
21.881095
21.37537
20.878096
20.389283
19.908932
19.437036
18.973579
18.518539
18.071891
17.633599
17.203623
16.781919
16.368439
15.963132
15.565952
15.176862
14.795863
14.423026
14.058602
13.703244
13.358417
13.027583
12.718939
12.449372
12.255758
12.223292
12.492042
13.309547
15.097164
17.916478
21.522284
25.173311
28.387168
30.927772
32.785346
34.04088
34.819963
35.273902
35.498409
35.573807
35.542333
35.439282
35.287162
35.088603
34.843911
34.554567
34.22579
33.845267
33.428411
32.985143
32.515721
32.056065
31.484013
52.969495
52.238518
51.50613
50.772678
50.038498
49.303923
48.569282
47.834901
47.101106
46.368219
45.636562
44.906455
44.178214
43.452154
42.728586
42.007816
41.290146
40.575873
39.865286
39.15867
38.456303
37.758455
37.065388
36.377356
35.694605
35.017372
34.345887
33.680372
33.021036
32.368083
31.721707
31.082091
30.449409
29.823829
29.205507
28.594589
27.991212
27.395503
26.807578
26.227545
25.655503
25.091541
24.535736
23.988157
23.448863
22.917907
22.395329
21.881164
21.375435
20.878157
20.389341
19.908986
19.437086
18.973626
18.518583
18.07193
17.633634
17.203653
16.781941
16.368447
15.963114
15.56588
15.17668
14.795449
14.422119
14.05663
13.698943
13.349069
13.007139
12.673578
12.349455
12.037331
11.743678
11.482879
11.286155
11.230011
11.450452
12.190366
13.875156
16.554127
19.952288
23.348823
26.285785
28.564919
30.196155
31.281133
31.941995
32.31739
32.497164
32.552639
32.513026
32.415737
32.274987
32.092697
31.866683
31.600251
31.295774
30.941345
30.57698
30.099128
52.96991
52.238975
51.506621
50.773194
50.039031
49.304465
48.569826
47.835443
47.101641
46.368746
45.637078
44.906957
44.178702
43.452627
42.729043
42.008256
41.290569
40.576278
39.865673
39.15904
38.456655
37.758788
37.065703
36.377654
35.694885
35.017636
34.346136
33.680605
33.021255
32.368289
31.7219
31.082271
30.449579
29.823989
29.205658
28.594731
27.991346
27.395629
26.807698
26.227658
25.65561
25.091642
24.535831
23.988247
23.448949
22.917988
22.395406
21.881236
21.375503
20.878222
20.389401
19.909043
19.43714
18.973676
18.51863
18.071974
17.633675
17.203691
16.781976
16.368479
15.963142
15.565903
15.176696
14.79545
14.42209
14.056538
13.698715
13.348539
13.005936
12.670842
12.343237
12.023191
11.711014
11.407579
11.115055
10.83916
10.593417
10.407976
10.359834
10.589173
11.353505
13.104615
15.765379
18.984657
22.101904
24.716862
26.684817
28.050474
28.935815
29.462259
29.750267
29.880508
29.908226
29.855687
29.758706
29.622763
29.450023
29.233502
29.000259
28.663926
52.970331
52.239436
51.507116
50.773713
50.039567
49.30501
48.570375
47.835991
47.102184
46.36928
45.637601
44.907468
44.179199
43.453109
42.729509
42.008705
41.291001
40.576692
39.866069
39.159418
38.457014
37.75913
37.066027
36.377959
35.695173
35.017907
34.346391
33.680844
33.02148
32.3685
31.722098
31.082458
30.449755
29.824155
29.205813
28.594878
27.991484
27.39576
26.807821
26.227775
25.655721
25.091746
24.53593
23.988341
23.449037
22.918071
22.395485
21.881311
21.375573
20.878288
20.389464
19.909102
19.437195
18.973728
18.518679
18.07202
17.633718
17.203732
16.782014
16.368514
15.963174
15.565933
15.176723
14.795474
14.422111
14.056555
13.698722
13.348527
13.005884
12.6707
12.342886
12.022356
11.709034
11.402879
11.103935
10.812463
10.529271
10.25646
9.9998219
9.7734614
9.6104812
9.5976083
9.8898688
10.782284
12.671108
15.417133
18.464606
21.261076
23.504921
25.127796
26.213259
26.895376
27.289048
27.491797
27.573982
27.571629
27.505034
27.404431
27.281522
27.095613
52.970758
52.239902
51.507614
50.774236
50.040106
49.30556
48.57093
47.836545
47.102734
46.369822
45.638133
44.907987
44.179705
43.4536
42.729983
42.009163
41.291442
40.577115
39.866474
39.159804
38.457382
37.759479
37.066358
36.378272
35.695469
35.018186
34.346653
33.681091
33.021711
32.368717
31.722302
31.08265
30.449935
29.824324
29.205973
28.595029
27.991627
27.395894
26.807948
26.227895
25.655834
25.091854
24.536032
23.988437
23.449128
22.918158
22.395566
21.881388
21.375646
20.878357
20.389529
19.909163
19.437253
18.973782
18.518729
18.072068
17.633763
17.203773
16.782053
16.36855
15.963208
15.565964
15.176752
14.795501
14.422136
14.056577
13.698742
13.348546
13.005898
12.670708
12.342881
12.022321
11.708931
11.402613
11.103273
10.81083
10.525233
10.24652
9.9749561
9.7114004
9.4581853
9.2220296
9.0193174
8.8915936
8.9413933
9.3603912
10.516233
12.631618
15.441742
18.265821
20.672691
22.504261
23.77008
24.585948
25.080391
25.353572
25.479644
25.517415
25.495071
25.424714
52.971191
52.240371
51.508115
50.774761
50.040649
49.306114
48.571488
47.837104
47.103289
46.37037
45.638671
44.908514
44.180218
43.454098
42.730466
42.00963
41.291891
40.577546
39.866887
39.160198
38.457758
37.759836
37.066696
36.378592
35.695771
35.018471
34.346921
33.681343
33.021949
32.36894
31.722512
31.082847
30.45012
29.824499
29.206138
28.595183
27.991773
27.396032
26.808078
26.228018
25.655951
25.091964
24.536136
23.988535
23.449222
22.918246
22.39565
21.881467
21.37572
20.878427
20.389595
19.909226
19.437311
18.973837
18.518781
18.072116
17.633808
17.203816
16.782092
16.368587
15.963243
15.565997
15.176782
14.795529
14.422162
14.056601
13.698764
13.348566
13.005917
12.670725
12.342896
12.022333
11.708938
11.402609
11.103246
10.810743
10.525001
10.245921
9.9734174
9.7074433
9.4480481
9.1955599
8.9510232
8.71743
8.5034199
8.3303015
8.2579518
8.4161429
9.0603593
10.60928
12.991826
15.699799
18.189778
20.167216
21.584422
22.517644
23.097688
23.431423
23.611303
23.690037
52.97163
52.240845
51.508618
50.775289
50.041194
49.30667
48.572051
47.837667
47.103849
46.370924
45.639216
44.909048
44.180739
43.454604
42.730957
42.010104
41.292347
40.577985
39.867308
39.1606
38.458141
37.7602
37.067042
36.378919
35.69608
35.018762
34.347196
33.681601
33.022191
32.369168
31.722726
31.083048
30.45031
29.824677
29.206306
28.595342
27.991922
27.396173
26.808211
26.228144
25.65607
25.092077
24.536243
23.988636
23.449317
22.918336
22.395735
21.881547
21.375796
20.878499
20.389663
19.90929
19.437371
18.973893
18.518834
18.072166
17.633855
17.203859
16.782133
16.368625
15.963278
15.56603
15.176813
14.795558
14.422188
14.056626
13.698787
13.348587
13.005936
12.670742
12.342912
12.022348
11.708951
11.402621
11.103255
10.810748
10.524996
10.245894
9.9733333
9.7072107
9.4474272
9.1938998
8.9465924
8.7055978
8.4713813
8.2453832
8.032049
7.8438566
7.7133297
7.7312422
8.0771817
9.1151392
11.049295
13.570334
16.057002
18.119422
19.646326
20.673213
21.32978
21.730491
52.972075
52.241323
51.509125
50.775819
50.041742
49.30723
48.572617
47.838235
47.104414
46.371483
45.639767
44.909588
44.181266
43.455118
42.731455
42.010585
41.292811
40.578431
39.867735
39.161009
38.458531
37.760572
37.067394
36.379253
35.696395
35.01906
34.347476
33.681865
33.02244
32.369402
31.722945
31.083254
30.450504
29.82486
29.206478
28.595504
27.992075
27.396317
26.808347
26.228273
25.656192
25.092192
24.536351
23.988739
23.449414
22.918428
22.395822
21.881629
21.375874
20.878572
20.389732
19.909354
19.437432
18.97395
18.518888
18.072216
17.633902
17.203903
16.782174
16.368663
15.963314
15.566063
15.176844
14.795586
14.422215
14.05665
13.69881
13.348608
13.005955
12.67076
12.342928
12.022363
11.708965
11.402633
11.103266
10.810758
10.525005
10.2459
9.9733355
9.7072035
9.4473962
9.1938052
8.9463255
8.7048602
8.4693349
8.239741
8.0162654
7.79966
7.59225
7.4014202
7.2467832
7.1870517
7.3554343
8.0267462
9.5729036
11.862421
14.268486
16.3573
17.956384
19.079916
52.972525
52.241805
51.509635
50.776351
50.042292
49.307791
48.573185
47.838806
47.104984
46.372048
45.640323
44.910134
44.1818
43.455637
42.731959
42.011073
41.293282
40.578884
39.86817
39.161425
38.458928
37.760949
37.067752
36.379592
35.696716
35.019363
34.347762
33.682135
33.022693
32.36964
31.723169
31.083465
30.450702
29.825046
29.206653
28.595669
27.992231
27.396464
26.808486
26.228404
25.656316
25.092309
24.536462
23.988844
23.449513
22.918521
22.39591
21.881712
21.375952
20.878646
20.389802
19.90942
19.437494
18.974008
18.518942
18.072267
17.633949
17.203948
16.782216
16.368702
15.96335
15.566096
15.176875
14.795615
14.422242
14.056675
13.698832
13.348629
13.005975
12.670778
12.342944
12.022378
11.708978
11.402645
11.103277
10.810768
10.525014
10.245908
9.9733425
9.7072092
9.4473998
9.1938044
8.9463139
8.7048196
8.4692134
8.2393919
8.0152643
7.7967759
7.5839791
7.3772611
7.1779472
6.9904499
6.8278193
6.7271954
6.7915748
7.2362722
8.4688188
10.472689
12.784457
14.908624
52.97298
52.242291
51.510147
50.776886
50.042843
49.308356
48.573757
47.83938
47.105557
46.372616
45.640885
44.910685
44.182339
43.456163
42.73247
42.011568
41.29376
40.579344
39.868611
39.161848
38.459331
37.761333
37.068117
36.379938
35.697044
35.019672
34.348053
33.682409
33.022951
32.369883
31.723398
31.08368
30.450904
29.825236
29.206832
28.595838
27.99239
27.396614
26.808628
26.228538
25.656442
25.092428
24.536575
23.98895
23.449614
22.918616
22.396
21.881797
21.376032
20.878721
20.389872
19.909486
19.437556
18.974067
18.518997
18.072318
17.633997
17.203992
16.782257
16.368741
15.963386
15.56613
15.176906
14.795644
14.422268
14.0567
13.698855
13.34865
13.005994
12.670795
12.342961
12.022392
11.708992
11.402658
11.103288
10.810778
10.525023
10.245916
9.9733495
9.7072154
9.4474051
9.1938088
8.9463171
8.7048205
8.469209
8.2393733
8.0152053
7.7965989
7.5834556
7.3756984
7.173314
6.9764936
6.786051
6.6047064
6.4414963
6.3219666
6.3274998
6.6253459
7.6792803
9.4408402
52.973441
52.24278
51.510663
50.777423
50.043397
49.308921
48.57433
47.839957
47.106133
46.373189
45.64145
44.911242
44.182884
43.456695
42.732987
42.012068
41.294243
40.579809
39.869059
39.162276
38.459741
37.761724
37.068488
36.38029
35.697377
35.019987
34.34835
33.682689
33.023215
32.370131
31.723631
31.083899
30.45111
29.82543
29.207015
28.59601
27.992552
27.396767
26.808772
26.228674
25.65657
25.092549
24.536689
23.989058
23.449716
22.918713
22.396091
21.881883
21.376113
20.878797
20.389944
19.909554
19.437619
18.974126
18.519052
18.07237
17.634045
17.204037
16.782299
16.36878
15.963422
15.566163
15.176937
14.795673
14.422295
14.056724
13.698878
13.34867
13.006013
12.670813
12.342976
12.022407
11.709005
11.402669
11.103298
10.810788
10.525031
10.245923
9.9733561
9.7072212
9.4474101
9.1938131
8.9463207
8.7048234
8.469211
8.2393741
8.0152032
7.7965893
7.5834245
7.3756023
7.1730211
6.9755931
6.7832716
6.5961405
6.4147186
6.2408188
6.0811091
5.9536848
5.9469477
6.1468047
52.973907
52.243274
51.51118
50.777962
50.043953
49.309489
48.574906
47.840536
47.106712
46.373764
45.642019
44.911802
44.183433
43.457231
42.733509
42.012575
41.294733
40.580281
39.869512
39.162711
38.460156
37.762119
37.068865
36.380647
35.697715
35.020306
34.348652
33.682973
33.023482
32.370383
31.723868
31.084122
30.45132
29.825628
29.2072
28.596185
27.992716
27.396922
26.808918
26.228812
25.6567
25.092672
24.536805
23.989167
23.449819
22.91881
22.396182
21.881969
21.376194
20.878874
20.390016
19.909621
19.437683
18.974185
18.519108
18.072422
17.634094
17.204082
16.782341
16.368819
15.963458
15.566197
15.176968
14.795701
14.422321
14.056748
13.6989
13.34869
13.006031
12.67083
12.342992
12.022421
11.709017
11.402681
11.103308
10.810796
10.525039
10.24593
9.9733622
9.7072264
9.4474146
9.1938169
8.9463238
8.7048259
8.4692129
8.2393754
8.015204
7.7965892
7.5834228
7.3755963
7.1730028
6.9755367
6.7830955
6.5955862
6.4129444
6.2351958
6.062697
5.8966853
5.7452338
5.614933
52.974378
52.243771
51.511701
50.778502
50.04451
49.310058
48.575483
47.841117
47.107294
46.374343
45.642592
44.912366
44.183987
43.457772
42.734035
42.013086
41.295227
40.580758
39.869971
39.163151
38.460577
37.762521
37.069247
36.38101
35.698058
35.020631
34.348959
33.683262
33.023755
32.370639
31.724109
31.084348
30.451533
29.825828
29.207389
28.596362
27.992883
27.397079
26.809066
26.228952
25.656832
25.092797
24.536922
23.989278
23.449923
22.918908
22.396275
21.882056
21.376276
20.878951
20.390088
19.909689
19.437746
18.974245
18.519163
18.072474
17.634142
17.204127
16.782383
16.368857
15.963494
15.56623
15.176999
14.795729
14.422347
14.056772
13.698921
13.34871
13.006049
12.670846
12.343006
12.022434
11.709029
11.402691
11.103318
10.810805
10.525046
10.245937
9.9733677
9.7072311
9.4474184
9.1938201
8.9463263
8.7048278
8.4692143
8.2393763
8.0152043
7.7965891
7.5834222
7.3755952
7.1730006
6.975532
6.7830833
6.5955501
6.4128307
6.2348299
6.0614749
5.8927573
5.729176
5.5710591
52.974854
52.244271
51.512224
50.779045
50.045068
49.310628
48.576061
47.8417
47.107877
46.374924
45.643168
44.912934
44.184544
43.458317
42.734567
42.013602
41.295727
40.58124
39.870435
39.163596
38.461003
37.762927
37.069634
36.381378
35.698407
35.020961
34.34927
33.683556
33.024032
32.370899
31.724354
31.084579
30.45175
29.826032
29.207581
28.596542
27.993053
27.397239
26.809217
26.229093
25.656966
25.092923
24.537041
23.98939
23.450029
22.919008
22.396368
21.882144
21.376359
20.879028
20.390161
19.909757
19.43781
18.974304
18.519219
18.072526
17.63419
17.204172
16.782424
16.368896
15.963529
15.566263
15.177029
14.795757
14.422372
14.056795
13.698942
13.348729
13.006066
12.670862
12.34302
12.022446
11.70904
11.402701
11.103327
10.810812
10.525053
10.245942
9.9733724
9.707235
9.4474216
9.1938225
8.9463281
8.704829
8.4692149
8.2393764
8.015204
7.7965884
7.583421
7.3755937
7.1729988
6.9755297
6.7830803
6.5955455
6.4128212
6.2348047
6.0613941
5.8924978
5.7280388
5.568009
52.975334
52.244775
51.512749
50.779589
50.045627
49.3112
48.57664
47.842284
47.108462
46.375507
45.643746
44.913504
44.185105
43.458866
42.735102
42.014122
41.296231
40.581727
39.870903
39.164046
38.461434
37.763339
37.070026
36.38175
35.69876
35.021295
34.349586
33.683854
33.024312
32.371164
31.724602
31.084813
30.45197
29.826239
29.207775
28.596725
27.993225
27.397401
26.809369
26.229237
25.657101
25.09305
24.537161
23.989503
23.450135
22.919108
22.396462
21.882232
21.376442
20.879106
20.390234
19.909826
19.437874
18.974364
18.519274
18.072577
17.634238
17.204216
16.782465
16.368934
15.963564
15.566295
15.177058
14.795784
14.422397
14.056817
13.698963
13.348748
13.006083
12.670876
12.343034
12.022458
11.709051
11.40271
11.103335
10.810819
10.525059
10.245947
9.9733763
9.7072381
9.4474239
9.1938241
8.9463291
8.7048294
8.4692148
8.2393758
8.0152029
7.7965869
7.5834192
7.3755914
7.1729962
6.9755269
6.7830772
6.5955422
6.4128173
6.2347996
6.0613865
5.8924796
5.7279616
5.5678019
52.975818
52.245282
51.513277
50.780134
50.046187
49.311771
48.57722
47.842869
47.109049
46.376091
45.644325
44.914077
44.185668
43.459418
42.73564
42.014646
41.296739
40.582218
39.871376
39.1645
38.461869
37.763755
37.070422
36.382127
35.699118
35.021634
34.349906
33.684156
33.024597
32.371432
31.724854
31.08505
30.452193
29.826448
29.207972
28.596911
27.993399
27.397565
26.809523
26.229382
25.657238
25.093178
24.537282
23.989617
23.450242
22.919208
22.396557
21.882321
21.376525
20.879184
20.390307
19.909894
19.437937
18.974423
18.519329
18.072628
17.634285
17.20426
16.782506
16.368971
15.963599
15.566326
15.177087
14.79581
14.422421
14.056839
13.698982
13.348765
13.006099
12.67089
12.343046
12.022469
11.70906
11.402719
11.103342
10.810825
10.525064
10.245951
9.9733793
9.7072403
9.4474254
9.1938249
8.9463292
8.7048289
8.4692138
8.2393742
8.0152009
7.7965845
7.5834164
7.3755884
7.1729929
6.9755233
6.7830734
6.5955381
6.4128131
6.2347953
6.0613811
5.8924722
5.7279518
5.5677825
52.976306
52.245792
51.513806
50.780681
50.046749
49.312344
48.577801
47.843454
47.109635
46.376677
45.644907
44.914651
44.186233
43.459972
42.736182
42.015173
41.29725
40.582712
39.871853
39.164959
38.462308
37.764175
37.070823
36.382508
35.699479
35.021976
34.35023
33.684462
33.024885
32.371703
31.72511
31.08529
30.452418
29.82666
29.208172
28.597098
27.993576
27.39773
26.809679
26.229529
25.657376
25.093308
24.537404
23.989731
23.450349
22.919309
22.396652
21.88241
21.376608
20.879262
20.39038
19.909962
19.438001
18.974482
18.519384
18.072679
17.634332
17.204303
16.782546
16.369008
15.963632
15.566357
15.177115
14.795836
14.422444
14.05686
13.699001
13.348782
13.006113
12.670903
12.343058
12.022479
11.709069
11.402726
11.103348
10.81083
10.525068
10.245954
9.9733813
9.7072415
9.4474257
9.1938246
8.9463283
8.7048274
8.4692118
8.2393718
8.015198
7.7965812
7.5834127
7.3755844
7.1729886
6.9755188
6.7830687
6.5955332
6.4128081
6.23479
6.0613765
5.8924685
5.7279489
5.5677766
52.976799
52.246305
51.514338
50.781229
50.04731
49.312916
48.578381
47.844039
47.110222
46.377263
45.645489
44.915227
44.186801
43.460528
42.736726
42.015703
41.297764
40.58321
39.872333
39.16542
38.462751
37.764599
37.071227
36.382893
35.699845
35.022323
34.350557
33.684771
33.025177
32.371978
31.725368
31.085533
30.452647
29.826875
29.208373
28.597287
27.993753
27.397898
26.809836
26.229676
25.657514
25.093438
24.537526
23.989846
23.450457
22.91941
22.396747
21.882499
21.376691
20.87934
20.390452
19.910029
19.438064
18.97454
18.519438
18.072729
17.634379
17.204346
16.782585
16.369044
15.963665
15.566386
15.177142
14.79586
14.422465
14.056879
13.699018
13.348797
13.006127
12.670915
12.343068
12.022488
11.709076
11.402732
11.103352
10.810834
10.52507
10.245956
9.9733821
9.7072415
9.447425
9.1938232
8.9463263
8.7048248
8.4692087
8.2393682
8.015194
7.7965768
7.5834081
7.3755794
7.1729834
6.9755133
6.783063
6.5955274
6.4128021
6.234784
6.0613698
5.8924605
5.7279421
5.5677682
52.977294
52.24682
51.514871
50.781777
50.047872
49.313488
48.578961
47.844624
47.110809
46.377849
45.646071
44.915804
44.187369
43.461086
42.737271
42.016235
41.298281
40.583711
39.872816
39.165885
38.463198
37.765026
37.071635
36.383281
35.700214
35.022672
34.350888
33.685084
33.025472
32.372255
31.72563
31.085779
30.452878
29.827092
29.208577
28.597479
27.993933
27.398066
26.809995
26.229825
25.657654
25.093569
24.537649
23.989961
23.450566
22.919512
22.396842
21.882588
21.376774
20.879417
20.390524
19.910096
19.438126
18.974598
18.519492
18.072778
17.634424
17.204388
16.782623
16.369078
15.963696
15.566415
15.177168
14.795883
14.422486
14.056898
13.699035
13.348812
13.006139
12.670926
12.343077
12.022495
11.709082
11.402737
11.103356
10.810836
10.525072
10.245956
9.9733817
9.7072403
9.4474231
9.1938206
8.9463231
8.704821
8.4692044
8.2393635
8.0151889
7.7965713
7.5834022
7.3755733
7.1729771
6.9755068
6.7830563
6.5955205
6.4127951
6.2347768
6.0613634
5.8924552
5.7279379
5.567762
52.977793
52.247337
51.515405
50.782326
50.048433
49.31406
48.579541
47.845208
47.111395
46.378434
45.646654
44.91638
44.187937
43.461645
42.737818
42.016768
41.2988
40.584213
39.873302
39.166353
38.463647
37.765456
37.072045
36.383672
35.700586
35.023025
34.351222
33.685399
33.025769
32.372536
31.725893
31.086027
30.453111
29.827311
29.208782
28.597672
27.994114
27.398236
26.810154
26.229974
25.657794
25.093701
24.537772
23.990077
23.450674
22.919613
22.396936
21.882676
21.376857
20.879494
20.390596
19.910163
19.438187
18.974655
18.519544
18.072827
17.634468
17.204428
16.78266
16.369112
15.963727
15.566442
15.177192
14.795905
14.422506
14.056915
13.69905
13.348825
13.00615
12.670935
12.343084
12.022501
11.709087
11.40274
11.103358
10.810837
10.525072
10.245955
9.9733799
9.7072377
9.4474197
9.1938166
8.9463185
8.7048159
8.4691988
8.2393575
8.0151825
7.7965646
7.5833952
7.3755661
7.1729696
6.9754991
6.7830484
6.5955125
6.412787
6.2347688
6.0613546
5.8924452
5.7279291
5.5677518
52.978294
52.247856
51.515939
50.782875
50.048995
49.314631
48.580119
47.845791
47.111981
46.379019
45.647235
44.916956
44.188506
43.462204
42.738366
42.017303
41.29932
40.584717
39.873789
39.166823
38.464098
37.765888
37.072458
36.384066
35.70096
35.02338
34.351559
33.685717
33.026069
32.372818
31.726159
31.086277
30.453346
29.827531
29.208989
28.597866
27.994296
27.398407
26.810314
26.230125
25.657935
25.093833
24.537896
23.990192
23.450782
22.919714
22.397031
21.882764
21.376939
20.87957
20.390667
19.910228
19.438248
18.974711
18.519595
18.072874
17.634511
17.204467
16.782695
16.369144
15.963756
15.566468
15.177215
14.795925
14.422523
14.05693
13.699063
13.348836
13.00616
12.670943
12.34309
12.022506
11.70909
11.402742
11.103359
10.810837
10.52507
10.245953
9.9733766
9.7072336
9.447415
9.1938112
8.9463125
8.7048094
8.4691918
8.2393501
8.0151747
7.7965566
7.5833869
7.3755575
7.1729608
6.9754901
6.7830394
6.5955034
6.4127778
6.2347594
6.0613461
5.8924382
5.7279234
5.5677441
52.978798
52.248376
51.516475
50.783424
50.049555
49.315201
48.580696
47.846372
47.112564
46.379602
45.647816
44.917532
44.189074
43.462763
42.738914
42.017837
41.29984
40.585222
39.874278
39.167294
38.464551
37.766322
37.072874
36.384462
35.701337
35.023738
34.351897
33.686037
33.026371
32.373103
31.726427
31.086528
30.453582
29.827753
29.209198
28.598061
27.994479
27.398578
26.810475
26.230275
25.658076
25.093965
24.538019
23.990308
23.450889
22.919814
22.397124
21.882851
21.37702
20.879645
20.390736
19.910293
19.438307
18.974765
18.519645
18.072919
17.634553
17.204505
16.78273
16.369175
15.963783
15.566493
15.177237
14.795944
14.42254
14.056944
13.699075
13.348846
13.006168
12.670949
12.343095
12.022509
11.709091
11.402742
11.103358
10.810834
10.525067
10.245949
9.9733716
9.7072279
9.4474086
9.1938042
8.946305
8.7048013
8.4691833
8.2393412
8.0151655
7.7965471
7.5833771
7.3755475
7.1729507
6.9754799
6.783029
6.5954929
6.4127673
6.234749
6.0613355
5.8924259
5.7279142
5.5677372
52.979303
52.248897
51.51701
50.783972
50.050114
49.315769
48.581271
47.846952
47.113146
46.380183
45.648394
44.918106
44.189641
43.463321
42.739461
42.018372
41.300361
40.585728
39.874767
39.167766
38.465005
37.766758
37.07329
36.38486
35.701715
35.024097
34.352238
33.686359
33.026675
32.373389
31.726697
31.086782
30.45382
29.827976
29.209407
28.598257
27.994663
27.39875
26.810636
26.230426
25.658217
25.094096
24.538142
23.990422
23.450996
22.919914
22.397217
21.882937
21.3771
20.879719
20.390805
19.910356
19.438365
18.974818
18.519694
18.072963
17.634593
17.204541
16.782762
16.369204
15.963809
15.566515
15.177257
14.795961
14.422554
14.056956
13.699085
13.348853
13.006173
12.670953
12.343097
12.02251
11.709091
11.40274
11.103355
10.81083
10.525062
10.245943
9.9733649
9.7072205
9.4474005
9.1937955
8.9462958
8.7047916
8.4691732
8.2393307
8.0151547
7.796536
7.5833658
7.375536
7.172939
6.9754681
6.7830172
6.595481
6.4127554
6.2347372
6.061323
5.8924129
5.7279045
5.5677304
52.97981
52.249419
51.517546
50.78452
50.050672
49.316336
48.581844
47.847529
47.113725
46.380762
45.648971
44.918677
44.190206
43.463877
42.740006
42.018906
41.300881
40.586233
39.875256
39.168238
38.46546
37.767194
37.073708
36.385258
35.702095
35.024458
34.352579
33.686682
33.02698
32.373677
31.726967
31.087036
30.454059
29.8282
29.209617
28.598454
27.994847
27.398923
26.810797
26.230576
25.658357
25.094227
24.538264
23.990536
23.451103
22.920013
22.397309
21.883022
21.377178
20.879792
20.390872
19.910417
19.438421
18.97487
18.519741
18.073006
17.634631
17.204575
16.782793
16.369231
15.963832
15.566536
15.177274
14.795976
14.422567
14.056966
13.699092
13.348859
13.006177
12.670955
12.343098
12.022508
11.709088
11.402736
11.10335
10.810824
10.525055
10.245935
9.9733563
9.7072112
9.4473905
9.1937849
8.9462847
8.7047802
8.4691613
8.2393185
8.0151422
7.7965232
7.5833529
7.3755229
7.1729258
6.9754548
6.7830038
6.5954677
6.4127421
6.2347239
6.0613098
5.8923996
5.7278896
5.5677142
52.980318
52.249941
51.51808
50.785066
50.051228
49.3169
48.582413
47.848103
47.114301
46.381338
45.649544
44.919246
44.190768
43.464431
42.74055
42.019438
41.3014
40.586738
39.875745
39.16871
38.465914
37.767631
37.074126
36.385658
35.702475
35.024819
34.352922
33.687006
33.027286
32.373965
31.727239
31.087291
30.454298
29.828425
29.209827
28.598651
27.995031
27.399095
26.810957
26.230726
25.658497
25.094358
24.538386
23.990649
23.451208
22.92011
22.397399
21.883106
21.377255
20.879863
20.390937
19.910477
19.438476
18.974919
18.519785
18.073046
17.634667
17.204608
16.782821
16.369256
15.963854
15.566554
15.17729
14.795989
14.422577
14.056974
13.699098
13.348863
13.006179
12.670955
12.343096
12.022505
11.709084
11.40273
11.103343
10.810816
10.525046
10.245925
9.9733457
9.7071998
9.4473785
9.1937724
8.9462717
8.7047667
8.4691476
8.2393044
8.0151279
7.7965087
7.5833382
7.3755081
7.1729109
6.9754399
6.7829888
6.5954527
6.4127272
6.2347091
6.0612952
5.8923851
5.7278761
5.5676999
52.980826
52.250462
51.518614
50.78561
50.051781
49.31746
48.58298
47.848674
47.114873
46.38191
45.650114
44.919812
44.191328
43.464982
42.741092
42.019968
41.301917
40.587241
39.876233
39.169181
38.466368
37.768067
37.074544
36.386057
35.702856
35.025181
34.353265
33.687331
33.027593
32.374254
31.727511
31.087547
30.454538
29.82865
29.210037
28.598847
27.995215
27.399266
26.811118
26.230875
25.658636
25.094487
24.538506
23.990761
23.451311
22.920206
22.397488
21.883188
21.377331
20.879932
20.391
19.910535
19.438528
18.974967
18.519828
18.073084
17.634701
17.204637
16.782847
16.369278
15.963873
15.56657
15.177303
14.795999
14.422585
14.056979
13.699101
13.348864
13.006178
12.670952
12.343092
12.0225
11.709077
11.402722
11.103333
10.810806
10.525035
10.245913
9.9733328
9.7071863
9.4473644
9.1937578
8.9462567
8.7047513
8.4691318
8.2392884
8.0151116
7.7964923
7.5833216
7.3754914
7.1728942
6.9754231
6.7829721
6.5954361
6.4127106
6.2346926
6.0612789
5.8923689
5.7278605
5.5676839
52.981334
52.250982
51.519145
50.786151
50.052332
49.318018
48.583543
47.84924
47.115441
46.382478
45.65068
44.920373
44.191883
43.46553
42.74163
42.020495
41.302432
40.587741
39.876718
39.169651
38.466821
37.768502
37.074961
36.386456
35.703236
35.025542
34.353608
33.687655
33.027899
32.374543
31.727782
31.087802
30.454777
29.828874
29.210247
28.599043
27.995398
27.399437
26.811277
26.231024
25.658774
25.094615
24.538625
23.990871
23.451413
22.920301
22.397575
21.883268
21.377404
20.879999
20.391061
19.91059
19.438579
18.975012
18.519868
18.07312
17.634733
17.204665
16.782871
16.369298
15.96389
15.566584
15.177313
14.796007
14.42259
14.056982
13.699102
13.348862
13.006175
12.670947
12.343085
12.022491
11.709067
11.402712
11.103322
10.810793
10.525021
10.245898
9.9733176
9.7071705
9.447348
9.1937409
8.9462394
8.7047336
8.4691138
8.2392702
8.0150933
7.7964737
7.583303
7.3754728
7.1728755
6.9754045
6.7829535
6.5954176
6.4126922
6.2346744
6.061261
5.8923512
5.7278437
5.5676666
52.981841
52.251501
51.519674
50.78669
50.052879
49.318571
48.584102
47.849802
47.116005
46.383041
45.651241
44.92093
44.192435
43.466074
42.742165
42.021019
41.302943
40.588239
39.877201
39.170118
38.467272
37.768936
37.075377
36.386853
35.703615
35.025903
34.35395
33.687979
33.028205
32.374832
31.728054
31.088057
30.455016
29.829098
29.210456
28.599239
27.99558
27.399607
26.811435
26.231171
25.658911
25.094742
24.538742
23.99098
23.451513
22.920393
22.397659
21.883345
21.377475
20.880064
20.39112
19.910643
19.438626
18.975054
18.519906
18.073153
17.634761
17.204689
16.782891
16.369315
15.963904
15.566595
15.177321
14.796012
14.422592
14.056982
13.6991
13.348858
13.006169
12.670939
12.343076
12.022481
11.709055
11.402698
11.103307
10.810778
10.525005
10.245881
9.9732999
9.7071521
9.4473292
9.1937216
8.9462197
8.7047136
8.4690936
8.2392498
8.0150727
7.7964531
7.5832822
7.375452
7.1728548
6.9753838
6.782933
6.5953971
6.412672
6.2346543
6.0612412
5.8923317
5.727825
5.567648
52.982346
52.252017
51.520201
50.787225
50.053421
49.31912
48.584655
47.850359
47.116563
46.383599
45.651796
44.921482
44.192981
43.466612
42.742694
42.021538
41.30345
40.588733
39.877681
39.170583
38.46772
37.769367
37.07579
36.387249
35.703992
35.026262
34.354291
33.688302
33.02851
32.375119
31.728324
31.088311
30.455254
29.82932
29.210664
28.599433
27.995761
27.399775
26.811591
26.231316
25.659045
25.094867
24.538857
23.991086
23.451611
22.920482
22.397741
21.88342
21.377543
20.880126
20.391176
19.910693
19.438671
18.975094
18.519941
18.073183
17.634787
17.204711
16.782909
16.369329
15.963914
15.566602
15.177326
14.796014
14.422591
14.056979
13.699094
13.348851
13.00616
12.670929
12.343063
12.022467
11.70904
11.402682
11.10329
10.81076
10.524986
10.245861
9.9732794
9.7071311
9.4473077
9.1936997
8.9461975
8.7046911
8.4690709
8.2392269
8.0150497
7.79643
7.5832592
7.375429
7.1728319
6.975361
6.7829103
6.5953746
6.4126497
6.2346323
6.0612195
5.8923103
5.7278045
5.5676278
52.98285
52.252531
51.520723
50.787756
50.053959
49.319664
48.585203
47.85091
47.117115
46.384151
45.652346
44.922028
44.193521
43.467145
42.743219
42.022052
41.303953
40.589223
39.878156
39.171043
38.468165
37.769795
37.076201
36.387642
35.704367
35.026619
34.35463
33.688623
33.028813
32.375405
31.728593
31.088563
30.45549
29.829541
29.210871
28.599625
27.99594
27.399941
26.811746
26.231459
25.659177
25.094989
24.53897
23.99119
23.451706
22.920569
22.397821
21.883493
21.377609
20.880185
20.391229
19.91074
19.438712
18.97513
18.519972
18.07321
17.634809
17.204729
16.782924
16.36934
15.963922
15.566606
15.177327
14.796012
14.422587
14.056973
13.699086
13.34884
13.006147
12.670915
12.343048
12.02245
11.709022
11.402663
11.103269
10.810738
10.524964
10.245839
9.9732561
9.7071073
9.4472834
9.1936751
8.9461725
8.704666
8.4690456
8.2392015
8.0150242
7.7964045
7.5832338
7.3754036
7.1728066
6.9753359
6.7828854
6.5953499
6.4126253
6.2346081
6.0611958
5.892287
5.727782
5.5676049
52.98335
52.25304
51.521242
50.788282
50.054492
49.320202
48.585745
47.851454
47.11766
46.384695
45.652888
44.922566
44.194054
43.467672
42.743736
42.02256
41.30445
40.589707
39.878627
39.171499
38.468605
37.770219
37.076608
36.388032
35.704739
35.026973
34.354966
33.688941
33.029114
32.375688
31.728859
31.088813
30.455724
29.82976
29.211075
28.599815
27.996117
27.400105
26.811898
26.231599
25.659307
25.095108
24.53908
23.99129
23.451798
22.920653
22.397897
21.883562
21.377671
20.88024
20.391278
19.910784
19.43875
18.975163
18.52
18.073233
17.634828
17.204744
16.782935
16.369348
15.963926
15.566607
15.177325
14.796007
14.42258
14.056963
13.699074
13.348826
13.006131
12.670897
12.343029
12.02243
11.709
11.40264
11.103246
10.810714
10.524939
10.245813
9.9732297
9.7070805
9.4472562
9.1936475
8.9461447
8.704638
8.4690175
8.2391733
8.014996
7.7963764
7.5832057
7.3753757
7.1727789
6.9753084
6.7828581
6.5953229
6.4125986
6.2345818
6.0611699
5.8922617
5.727758
5.5675803
52.983846
52.253546
51.521755
50.788803
50.055018
49.320733
48.58628
47.851991
47.118198
46.385232
45.653423
44.923098
44.19458
43.468191
42.744248
42.023062
41.30494
40.590185
39.879092
39.17195
38.46904
37.770638
37.077011
36.388417
35.705108
35.027324
34.355299
33.689257
33.029412
32.375969
31.729123
31.08906
30.455956
29.829976
29.211276
28.600003
27.996291
27.400267
26.812047
26.231737
25.659434
25.095225
24.539187
23.991388
23.451887
22.920734
22.39797
21.883627
21.377729
20.880292
20.391324
19.910824
19.438785
18.975192
18.520024
18.073253
17.634843
17.204755
16.782942
16.369351
15.963926
15.566604
15.177319
14.795999
14.422569
14.056949
13.699058
13.348809
13.006112
12.670876
12.343006
12.022406
11.708975
11.402614
11.103219
10.810686
10.52491
10.245784
9.9732001
9.7070504
9.4472258
9.1936169
8.9461139
8.7046071
8.4689865
8.2391423
8.0149651
7.7963455
7.583175
7.3753452
7.1727485
6.9752783
6.7828283
6.5952935
6.4125695
6.2345531
6.0611417
5.8922341
5.7277312
5.5675528
52.984338
52.254045
51.522262
50.789316
50.055537
49.321256
48.586806
47.852519
47.118727
46.385761
45.653949
44.92362
44.195098
43.468702
42.74475
42.023555
41.305423
40.590656
39.87955
39.172394
38.469469
37.771052
37.077408
36.388798
35.705471
35.02767
34.355628
33.689568
33.029706
32.376246
31.729383
31.089304
30.456184
29.830189
29.211475
28.600187
27.996461
27.400425
26.812192
26.231871
25.659557
25.095337
24.539289
23.991481
23.451972
22.920811
22.398039
21.883688
21.377784
20.88034
20.391365
19.910859
19.438815
18.975217
18.520044
18.073268
17.634854
17.204762
16.782945
16.36935
15.963922
15.566597
15.177309
14.795986
14.422553
14.056932
13.699038
13.348787
13.006089
12.670851
12.34298
12.022378
11.708947
11.402584
11.103188
10.810655
10.524878
10.245751
9.9731671
9.707017
9.4471922
9.193583
8.9460799
8.704573
8.4689524
8.2391083
8.0149311
7.7963118
7.5831414
7.3753118
7.1727155
6.9752455
6.7827959
6.5952615
6.4125379
6.234522
6.0611112
5.8922043
5.7277027
5.5675238
52.984824
52.254539
51.522763
50.789823
50.056049
49.321772
48.587325
47.85304
47.119248
46.38628
45.654467
44.924134
44.195606
43.469204
42.745245
42.02404
41.305898
40.591119
39.880001
39.172831
38.469892
37.771459
37.0778
36.389173
35.705829
35.028011
34.355952
33.689875
33.029996
32.376519
31.72964
31.089544
30.456409
29.830398
29.211669
28.600367
27.996628
27.400578
26.812334
26.232001
25.659676
25.095446
24.539388
23.991571
23.452052
22.920883
22.398103
21.883745
21.377833
20.880383
20.391402
19.91089
19.43884
18.975237
18.520059
18.073278
17.63486
17.204764
16.782943
16.369345
15.963913
15.566585
15.177294
14.795968
14.422533
14.05691
13.699014
13.348761
13.006061
12.670822
12.342949
12.022346
11.708914
11.40255
11.103154
10.810619
10.524842
10.245715
9.9731301
9.7069798
9.4471546
9.1935454
8.9460422
8.7045353
8.4689147
8.2390707
8.0148938
7.7962746
7.5831045
7.3752753
7.1726793
6.9752097
6.7827605
6.5952265
6.4125034
6.2344881
6.0610778
5.8921717
5.7276709
5.5674916
52.985338
52.255061
51.523291
50.790357
50.056589
49.322316
48.587872
47.853589
47.119798
46.38683
45.655015
44.924679
44.196146
43.469738
42.745771
42.024558
41.306405
40.591616
39.880485
39.173301
38.470348
37.7719
37.078225
36.389581
35.706221
35.028386
34.356309
33.690214
33.030318
32.376823
31.729927
31.089815
30.456663
29.830637
29.211892
28.600575
27.996822
27.400759
26.812502
26.232156
25.659819
25.095578
24.53951
23.991682
23.452154
22.920975
22.398187
21.883821
21.377902
20.880444
20.391456
19.910938
19.438881
18.975272
18.520089
18.073303
17.634879
17.204778
16.782953
16.369351
15.963915
15.566583
15.177289
14.79596
14.422522
14.056896
13.698998
13.348742
13.00604
12.670799
12.342925
12.02232
11.708886
11.402521
11.103123
10.810588
10.52481
10.245682
9.9730964
9.7069454
9.4471198
9.1935101
8.9460066
8.7044994
8.4688787
8.2390345
8.0148575
7.7962384
7.5830683
7.3752392
7.1726434
6.975174
6.7827251
6.5951914
6.4124687
6.2344537
6.061044
5.8921386
5.727639
5.5674595
52.986056
52.255785
51.524022
50.791093
50.057328
49.323058
48.588616
47.854334
47.120542
46.387572
45.655754
44.925413
44.196874
43.470459
42.746483
42.02526
41.307096
40.592294
39.881149
39.173951
38.470982
37.772517
37.078825
36.390163
35.706785
35.02893
34.356834
33.690721
33.030805
32.377291
31.730376
31.090245
30.457075
29.83103
29.212268
28.600935
27.997165
27.401086
26.812813
26.232453
25.660101
25.095846
24.539765
23.991925
23.452384
22.921194
22.398395
21.884018
21.378088
20.880621
20.391623
19.911095
19.43903
18.975413
18.520221
18.073427
17.634997
17.204888
16.783056
16.369447
15.964005
15.566667
15.177367
14.796033
14.42259
14.056958
13.699056
13.348796
13.006089
12.670844
12.342966
12.022357
11.70892
11.402552
11.103151
10.810613
10.524831
10.245701
9.9731129
9.7069595
9.4471316
9.1935198
8.9460143
8.7045052
8.4688827
8.239037
8.0148584
7.7962378
7.5830663
7.3752359
7.1726389
6.9751684
6.7827184
6.5951838
6.4124602
6.2344444
6.061034
5.8921282
5.7276281
5.5674475
248.7019
138.01695
98.003834
79.245342
69.03661
62.949837
59.101956
56.573403
54.867222
53.700838
248.7019
138.0168
98.003776
79.245323
69.036613
62.949835
59.101989
56.573356
54.867394
53.695011
248.7019
138.01679
98.003768
79.245318
69.036611
62.949835
59.101992
56.573354
54.867274
53.695427
248.7019
138.01678
98.003763
79.245316
69.036613
62.949838
59.102002
56.573366
54.867341
53.695303
248.7019
138.01677
98.003758
79.245315
69.036616
62.949846
59.102017
56.573389
54.867427
53.695485
248.7019
138.01676
98.003755
79.245315
69.036621
62.949856
59.102037
56.573427
54.867513
53.695685
248.7019
138.01675
98.003753
79.245317
69.036628
62.949871
59.102065
56.573483
54.867624
53.695911
248.7019
138.01675
98.003752
79.245321
69.036638
62.94989
59.102101
56.573554
54.867766
53.696165
248.7019
138.01674
98.003752
79.245326
69.036651
62.949914
59.102146
56.573642
54.867932
53.696438
248.7019
138.01674
98.003754
79.245333
69.036666
62.949944
59.1022
56.573746
54.868118
53.696729
248.7019
138.01674
98.003757
79.245342
69.036685
62.949978
59.102264
56.573865
54.868322
53.697033
248.7019
138.01674
98.003761
79.245353
69.036707
62.950019
59.102339
56.574
54.868545
53.697351
248.7019
138.01674
98.003767
79.245366
69.036733
62.950067
59.102425
56.57415
54.868783
53.69768
248.7019
138.01675
98.003775
79.245381
69.036763
62.950121
59.102521
56.574316
54.869036
53.698019
248.7019
138.01675
98.003784
79.2454
69.036797
62.950184
59.10263
56.574496
54.869304
53.698369
248.7019
138.01676
98.003796
79.245421
69.036836
62.950253
59.10275
56.57469
54.869585
53.698728
248.7019
138.01677
98.003809
79.245445
69.036881
62.950332
59.102883
56.574899
54.869879
53.699097
248.7019
138.01679
98.003825
79.245472
69.03693
62.950419
59.103027
56.575121
54.870185
53.699473
248.7019
138.0168
98.003843
79.245503
69.036985
62.950515
59.103184
56.575357
54.870503
53.699859
248.7019
138.01682
98.003863
79.245537
69.037047
62.95062
59.103354
56.575607
54.870832
53.700252
248.7019
138.01684
98.003886
79.245575
69.037115
62.950736
59.103536
56.575869
54.871171
53.700653
248.7019
138.01686
98.003912
79.245618
69.03719
62.950861
59.103731
56.576144
54.871522
53.701062
248.7019
138.01689
98.003941
79.245665
69.037272
62.950997
59.103938
56.576431
54.871882
53.701478
248.7019
138.01692
98.003974
79.245717
69.037361
62.951143
59.104158
56.576731
54.872252
53.701901
248.7019
138.01695
98.00401
79.245775
69.037459
62.9513
59.10439
56.577042
54.872631
53.70233
248.7019
138.01699
98.00405
79.245837
69.037564
62.951468
59.104635
56.577364
54.873019
53.702767
248.7019
138.01703
98.004093
79.245905
69.037679
62.951648
59.104891
56.577697
54.873415
53.70321
248.7019
138.01708
98.004141
79.24598
69.037802
62.951838
59.10516
56.57804
54.87382
53.703659
248.7019
138.01713
98.004194
79.24606
69.037934
62.95204
59.10544
56.578394
54.874233
53.704113
248.7019
138.01718
98.004251
79.246148
69.038075
62.952253
59.105732
56.578758
54.874653
53.704574
248.7019
138.01724
98.004313
79.246242
69.038226
62.952477
59.106034
56.579131
54.87508
53.705039
248.7019
138.01731
98.004381
79.246343
69.038386
62.952712
59.106348
56.579513
54.875514
53.70551
248.7019
138.01738
98.004454
79.246452
69.038556
62.952959
59.106671
56.579903
54.875955
53.705984
248.7019
138.01746
98.004534
79.246568
69.038736
62.953216
59.107005
56.580301
54.876401
53.706463
248.7019
138.01755
98.004619
79.246692
69.038926
62.953483
59.107348
56.580706
54.876852
53.706946
248.7019
138.01765
98.004711
79.246825
69.039126
62.953761
59.1077
56.581119
54.877308
53.707432
248.7019
138.01775
98.004809
79.246965
69.039336
62.954049
59.108061
56.581538
54.877769
53.707921
248.7019
138.01786
98.004914
79.247114
69.039555
62.954347
59.10843
56.581963
54.878233
53.708412
248.7019
138.01798
98.005027
79.247272
69.039784
62.954654
59.108806
56.582392
54.878701
53.708905
248.7019
138.01812
98.005146
79.247438
69.040022
62.954969
59.109189
56.582827
54.879171
53.709399
248.7019
138.01826
98.005273
79.247612
69.04027
62.955293
59.109578
56.583265
54.879643
53.709893
248.7019
138.01841
98.005407
79.247795
69.040526
62.955624
59.109972
56.583706
54.880116
53.710388
248.7019
138.01858
98.005548
79.247986
69.040791
62.955962
59.110371
56.58415
54.88059
53.710882
248.7019
138.01876
98.005696
79.248185
69.041063
62.956306
59.110774
56.584595
54.881064
53.711374
248.7019
138.01896
98.00585
79.248392
69.041342
62.956655
59.11118
56.58504
54.881537
53.711864
248.7019
138.01917
98.006011
79.248606
69.041628
62.957009
59.111587
56.585486
54.882007
53.712351
248.7019
138.01939
98.006176
79.248828
69.041919
62.957366
59.111995
56.58593
54.882474
53.712833
248.7019
138.01963
98.006343
79.249053
69.042214
62.957725
59.112404
56.586372
54.882939
53.713312
248.7019
138.01987
98.006525
79.249303
69.042538
62.958114
59.11284
56.586842
54.88343
53.713817
248.7019
138.02008
98.00681
79.249728
69.043063
62.958711
59.113487
56.587521
54.884129
53.714529
248.7019
138.02024
98.007062
79.25009
69.043519
62.959236
59.11406
56.588125
54.884753
53.715165
248.7019
138.02031
98.007244
79.250345
69.043863
62.959651
59.114525
56.588623
54.885271
53.715696
248.7019
138.02032
98.007478
79.250643
69.044254
62.96012
59.115048
56.589181
54.885852
53.71629
248.7019
138.02032
98.007775
79.25103
69.044746
62.960696
59.115682
56.589851
54.886544
53.716996
248.7019
138.02034
98.008115
79.251508
69.045345
62.961386
59.116432
56.590637
54.887352
53.717817
248.7019
138.02036
98.008465
79.252063
69.046048
62.962192
59.117304
56.591549
54.888288
53.718767
248.7019
138.0204
98.008887
79.252786
69.046957
62.963218
59.1184
56.592686
54.889448
53.71994
248.7019
138.0205
98.00939
79.253606
69.047967
62.96434
59.119585
56.593907
54.890689
53.721192
248.7019
138.02069
98.009973
79.254488
69.049024
62.965494
59.120791
56.59514
54.891936
53.722446
248.7019
138.02094
98.010598
79.255377
69.050066
62.966617
59.121957
56.596327
54.893132
53.723647
248.7019
138.0212
98.011186
79.256187
69.050998
62.967609
59.122975
56.597355
54.894164
53.72468
248.7019
138.02147
98.0117
79.256859
69.051752
62.968401
59.123782
56.598167
54.894976
53.72549
248.7019
138.02166
98.012067
79.257319
69.052248
62.968905
59.124282
56.59866
54.895462
53.72597
248.7019
138.02177
98.012266
79.257564
69.052513
62.969175
59.124551
56.598925
54.895722
53.726226
248.7019
138.0218
98.012275
79.257529
69.052431
62.969054
59.1244
56.598752
54.895534
53.726028
248.7019
138.02182
98.012265
79.257501
69.05239
62.969002
59.124342
56.598692
54.895476
53.725975
248.7019
138.02165
98.01193
79.257047
69.05186
62.968426
59.123739
56.598074
54.894851
53.725348
248.7019
138.02193
98.012168
79.257153
69.051831
62.968284
59.123506
56.597771
54.894492
53.724946
52.986699
52.256435
51.524677
50.791753
50.057992
49.323725
48.589285
47.855003
47.121212
46.38824
45.656419
44.926074
44.19753
43.471108
42.747125
42.025892
41.307718
40.592904
39.881746
39.174535
38.471551
37.773071
37.079362
36.390684
35.707288
35.029416
34.357302
33.691171
33.031237
32.377705
31.730772
31.090624
30.457436
29.831375
29.212596
28.601247
27.997462
27.401368
26.81308
26.232707
25.660342
25.096075
24.539981
23.99213
23.452579
22.921378
22.398568
21.884182
21.378243
20.880767
20.391761
19.911226
19.439153
18.975528
18.52033
18.07353
17.635093
17.204978
16.78314
16.369526
15.964079
15.566737
15.177432
14.796093
14.422646
14.057011
13.699104
13.348841
13.006131
12.670883
12.343002
12.02239
11.70895
11.40258
11.103177
10.810636
10.524853
10.24572
9.9731308
9.7069758
9.4471464
9.1935331
8.9460262
8.7045159
8.4688922
8.2390453
8.0148656
7.796244
7.5830717
7.3752403
7.1726425
6.9751712
6.7827205
6.5951852
6.412461
6.2344447
6.0610339
5.8921279
5.7276279
5.5674462
52.987238
52.25698
51.525228
50.792308
50.058552
49.324289
48.589851
47.85557
47.121778
46.388806
45.656982
44.926634
44.198085
43.471656
42.747665
42.026424
41.308239
40.593414
39.882244
39.175019
38.472021
37.773525
37.0798
36.391105
35.707692
35.029802
34.35767
33.69152
33.031568
32.378018
31.731067
31.090901
30.457696
29.831618
29.212823
28.601457
27.997657
27.401548
26.813247
26.23286
25.660483
25.096203
24.540098
23.992236
23.452674
22.921464
22.398645
21.88425
21.378303
20.880819
20.391806
19.911264
19.439185
18.975554
18.52035
18.073544
17.635102
17.204983
16.783141
16.369523
15.964072
15.566726
15.177418
14.796077
14.422627
14.056989
13.69908
13.348815
13.006103
12.670853
12.342971
12.022359
11.708917
11.402546
11.103142
10.810601
10.524818
10.245685
9.9730949
9.7069398
9.4471103
9.1934971
8.9459904
8.7044803
8.4688569
8.2390103
8.0148311
7.79621
7.5830382
7.3752074
7.1726102
6.9751396
6.7826896
6.595155
6.4124315
6.234416
6.0610061
5.8921011
5.7276023
5.5674208
52.98784
52.257589
51.525844
50.79293
50.059178
49.324919
48.590483
47.856204
47.122412
46.389438
45.657612
44.927259
44.198704
43.472269
42.748269
42.027017
41.308821
40.593983
39.882798
39.175557
38.472542
37.774029
37.080285
36.39157
35.708136
35.030226
34.358073
33.691901
33.031927
32.378356
31.731384
31.091196
30.45797
29.831872
29.213057
28.601673
27.997854
27.401727
26.813409
26.233006
25.660614
25.096319
24.5402
23.992325
23.452751
22.921529
22.398699
21.884293
21.378336
20.880843
20.391821
19.911271
19.439184
18.975545
18.520335
18.073522
17.635075
17.20495
16.783102
16.36948
15.964024
15.566674
15.177362
14.796018
14.422565
14.056924
13.699013
13.348745
13.006032
12.67078
12.342896
12.022283
11.708841
11.402469
11.103064
10.810523
10.524739
10.245606
9.973016
9.7068611
9.4470319
9.1934191
8.9459129
8.7044034
8.4687807
8.238935
8.0147566
7.7961364
7.5829656
7.375136
7.1725398
6.9750704
6.7826216
6.5950883
6.4123662
6.2343521
6.0609437
5.8920405
5.7275437
5.567363
52.988554
52.25831
51.52657
50.793661
50.059913
49.325656
48.591223
47.856943
47.12315
46.390174
45.658343
44.927985
44.199423
43.472978
42.748968
42.027704
41.309494
40.59464
39.883439
39.17618
38.473145
37.774612
37.080846
36.392109
35.708652
35.030717
34.35854
33.692344
33.032345
32.378748
31.731751
31.091539
30.458289
29.832167
29.21333
28.601922
27.998082
27.401935
26.813597
26.233174
25.660763
25.096451
24.540316
23.992424
23.452835
22.921599
22.398756
21.884338
21.378369
20.880864
20.391832
19.911271
19.439175
18.975528
18.520309
18.073489
17.635034
17.204902
16.783048
16.36942
15.963959
15.566604
15.177288
14.795939
14.422482
14.056838
13.698924
13.348654
13.005938
12.670684
12.342799
12.022183
11.70874
11.402367
11.102961
10.810419
10.524635
10.245502
9.9729121
9.7067573
9.4469284
9.193316
8.9458104
8.7043015
8.4686796
8.2388347
8.0146573
7.7960381
7.5828684
7.3750399
7.1724451
6.9749769
6.7825296
6.5949977
6.4122771
6.2342646
6.060858
5.8919567
5.7274621
5.5672825
52.989381
52.259143
51.527408
50.794503
50.060758
49.326503
48.592069
47.857789
47.123994
46.391014
45.659178
44.928813
44.200243
43.473788
42.749766
42.028489
41.310264
40.595394
39.884174
39.176895
38.47384
37.775283
37.081494
36.392732
35.70925
35.031289
34.359084
33.69286
33.032834
32.379209
31.732184
31.091945
30.458667
29.832518
29.213654
28.602221
27.998356
27.402184
26.813823
26.233378
25.660946
25.096613
24.540458
23.992548
23.452941
22.921688
22.398829
21.884395
21.378412
20.880894
20.391849
19.911276
19.439168
18.975511
18.520281
18.073452
17.634988
17.204849
16.782987
16.369351
15.963884
15.566523
15.177201
14.795847
14.422386
14.056738
13.69882
13.348546
13.005827
12.670571
12.342683
12.022066
11.708621
11.402246
11.10284
10.810297
10.524512
10.245379
9.9727886
9.7066338
9.4468051
9.1931931
8.945688
8.7041798
8.4685586
8.2387147
8.0145383
7.7959203
7.5827518
7.3749247
7.1723312
6.9748646
6.7824188
6.5948885
6.4121697
6.234159
6.0607544
5.8918554
5.7273633
5.5671852
52.990339
52.260107
51.528377
50.795477
50.061734
49.327481
48.593047
47.858766
47.124968
46.391983
45.660141
44.929768
44.201188
43.474722
42.750687
42.029395
41.311153
40.596264
39.885025
39.177724
38.474645
37.776064
37.082249
36.393459
35.709948
35.031958
34.359723
33.693469
33.033411
32.379756
31.732699
31.092428
30.45912
29.83294
29.214046
28.602584
27.99869
27.40249
26.814102
26.233631
25.661173
25.096817
24.540639
23.992706
23.453079
22.921806
22.398928
21.884476
21.378476
20.880942
20.391881
19.911294
19.439173
18.975502
18.520261
18.073421
17.634946
17.204797
16.782926
16.369282
15.963806
15.566438
15.177109
14.795749
14.422282
14.056628
13.698706
13.348428
13.005705
12.670446
12.342555
12.021935
11.708488
11.402112
11.102703
10.810159
10.524374
10.245239
9.9726489
9.7064939
9.4466653
9.1930535
8.9455488
8.7040413
8.4684209
8.2385778
8.0144025
7.7957857
7.5826185
7.3747928
7.1722008
6.9747358
6.7822917
6.5947633
6.4120464
6.2340378
6.0606354
5.8917389
5.7272495
5.5670732
52.991518
52.261293
51.529567
50.79667
50.06293
49.328677
48.594244
47.85996
47.126158
46.393168
45.661319
44.930937
44.202347
43.475868
42.751819
42.03051
41.312251
40.597342
39.886081
39.178756
38.475652
37.777044
37.083201
36.394382
35.710839
35.032817
34.360549
33.694261
33.034169
32.380479
31.733388
31.093082
30.459738
29.833524
29.214595
28.603099
27.999171
27.402939
26.814519
26.234017
25.66153
25.097145
24.540939
23.99298
23.453327
22.92203
22.399128
21.884655
21.378633
20.881078
20.391999
19.911393
19.439255
18.975568
18.520311
18.073455
17.634967
17.204804
16.782921
16.369265
15.963779
15.566401
15.177063
14.795694
14.422218
14.056557
13.698628
13.348344
13.005615
12.67035
12.342455
12.021831
11.70838
11.402
11.102589
10.810042
10.524254
10.245118
9.9725257
9.7063694
9.4465398
9.1929272
8.945422
8.7039141
8.4682936
8.2384507
8.0142757
7.7956593
7.5824928
7.3746678
7.1720768
6.9746128
6.7821699
6.5946428
6.4119274
6.2339204
6.06052
5.8916257
5.7271387
5.5669638
52.992776
52.262555
51.530834
50.797939
50.0642
49.329948
48.595512
47.861226
47.127419
46.394423
45.662566
44.932175
44.203573
43.477081
42.753017
42.031691
41.313413
40.598483
39.887199
39.179851
38.476721
37.778085
37.084212
36.395363
35.711788
35.033733
34.361431
33.695107
33.034979
32.381252
31.734124
31.093781
30.4604
29.834148
29.215182
28.603649
27.999686
27.403418
26.814964
26.234428
25.661908
25.097491
24.541254
23.993265
23.453584
22.922259
22.399331
21.884832
21.378787
20.881209
20.392108
19.911481
19.439323
18.975617
18.520343
18.073471
17.634967
17.204789
16.782892
16.369223
15.963725
15.566335
15.176986
14.795608
14.422123
14.056454
13.698517
13.348226
13.005491
12.67022
12.34232
12.021691
11.708236
11.401852
11.102438
10.809889
10.524099
10.244961
9.972367
9.7062096
9.4463791
9.192766
8.9452606
8.7037528
8.4681326
8.2382902
8.0141159
7.7955005
7.5823351
7.3745114
7.1719219
6.9744595
6.7820184
6.5944933
6.4117799
6.2337753
6.0603775
5.891486
5.7270019
5.5668294
52.994034
52.263815
51.532095
50.7992
50.065461
49.331206
48.596767
47.862475
47.128663
46.395659
45.663793
44.933391
44.204776
43.478271
42.75419
42.032847
41.31455
40.5996
39.888293
39.180921
38.477765
37.779102
37.0852
36.39632
35.712714
35.034626
34.362289
33.695931
33.035767
32.382004
31.734838
31.094458
30.461039
29.834749
29.215746
28.604176
28.000175
27.403871
26.81538
26.234809
25.662255
25.097804
24.541535
23.993515
23.453803
22.922448
22.399492
21.884967
21.378895
20.881293
20.392168
19.91152
19.43934
18.975614
18.520321
18.073431
17.63491
17.204717
16.782805
16.369122
15.96361
15.566208
15.176849
14.79546
14.421966
14.056288
13.698343
13.348044
13.005303
12.670027
12.342121
12.021488
11.708029
11.401642
11.102225
10.809673
10.523881
10.244742
9.9721472
9.7059892
9.4461585
9.1925456
8.9450406
8.7035336
8.4679144
8.2380733
8.0139006
7.7952869
7.5821235
7.374302
7.1717148
6.974255
6.7818166
6.5942944
6.4115841
6.2335828
6.0601885
5.8913008
5.7268207
5.5666515
52.995237
52.26502
51.5333
50.800404
50.066662
49.332404
48.597961
47.863664
47.129844
46.396832
45.664957
44.934543
44.205917
43.479397
42.755301
42.033941
41.315625
40.600654
39.889326
39.18193
38.478749
37.78006
37.08613
36.397221
35.713585
35.035465
34.363096
33.696704
33.036505
32.382707
31.735505
31.095088
30.461632
29.835306
29.216265
28.604657
28.000619
27.404279
26.815751
26.235144
25.662555
25.09807
24.541767
23.993714
23.453971
22.922586
22.3996
21.885046
21.378948
20.881319
20.392169
19.911497
19.439295
18.975548
18.520234
18.073325
17.634786
17.204576
16.782648
16.36895
15.963425
15.566011
15.176639
14.795239
14.421735
14.056048
13.698095
13.347789
13.005042
12.669759
12.341848
12.021211
11.707748
11.401358
11.101939
10.809385
10.523592
10.244451
9.9718566
9.7056986
9.4458683
9.1922562
8.9447525
8.7032469
8.4676296
8.2377906
8.0136203
7.7950093
7.5818487
7.3740303
7.1714465
6.9739902
6.7815555
6.5940372
6.4113311
6.2333342
6.0599445
5.8910616
5.7265862
5.5664215
52.996269
52.266049
51.534327
50.801429
50.067683
49.33342
48.59897
47.864666
47.130839
46.397818
45.665931
44.935507
44.206867
43.480333
42.756222
42.034846
41.316512
40.601523
39.890174
39.182757
38.479553
37.78084
37.086885
36.397949
35.714285
35.036137
34.363738
33.697316
33.037085
32.383254
31.73602
31.095569
30.462079
29.835718
29.216643
28.605001
28.000929
27.404553
26.815992
26.235351
25.662728
25.09821
24.541875
23.993791
23.454017
22.922602
22.399588
21.885006
21.378881
20.881227
20.392052
19.911357
19.439132
18.975364
18.52003
18.073102
17.634546
17.204319
16.782376
16.368663
15.963125
15.565698
15.176315
14.794905
14.421392
14.055696
13.697735
13.347423
13.004669
12.669382
12.341467
12.020826
11.707361
11.400969
11.101548
10.808994
10.5232
10.24406
9.9714659
9.7053092
9.4454807
9.1918708
8.9443696
8.702867
8.4672529
8.2374176
8.0132511
7.7946442
7.5814881
7.3736743
7.1710953
6.9736442
6.7812148
6.593702
6.4110016
6.2330106
6.0596271
5.8907504
5.7262814
5.5661227
52.997078
52.266857
51.535132
50.80223
50.06848
49.334212
48.599757
47.865447
47.131612
46.398582
45.666687
44.936252
44.207601
43.481055
42.756931
42.03554
41.317191
40.602186
39.89082
39.183383
38.48016
37.781426
37.08745
36.398492
35.714804
35.036631
34.364206
33.697757
33.0375
32.383641
31.736378
31.095898
30.462379
29.835988
29.216882
28.605209
28.001106
27.4047
26.816107
26.235436
25.662783
25.098235
24.54187
23.993757
23.453954
22.922512
22.399471
21.884863
21.378712
20.881034
20.391836
19.911117
19.438871
18.975083
18.519729
18.072783
17.634209
17.203966
16.782008
16.368281
15.96273
15.565291
15.175897
14.794476
14.420954
14.055251
13.697283
13.346964
13.004205
12.668913
12.340994
12.02035
11.706883
11.400489
11.101068
10.808513
10.52272
10.243581
9.9709881
9.7048334
9.4450075
9.1914006
8.9439028
8.702404
8.4667942
8.2369633
8.0128018
7.7942001
7.5810494
7.3732413
7.1706683
6.9732234
6.7808004
6.5932942
6.4106008
6.2326169
6.0592407
5.8903714
5.7259098
5.5657582
52.997554
52.267328
51.535599
50.802692
50.068937
49.334662
48.600201
47.865883
47.13204
46.399003
45.667098
44.936653
44.207992
43.481435
42.757299
42.035895
41.317533
40.602513
39.891132
39.18368
38.48044
37.781688
37.087694
36.398717
35.715009
35.036816
34.36437
33.6979
33.03762
32.383738
31.736452
31.095948
30.462404
29.835988
29.216858
28.605159
28.001031
27.404599
26.815982
26.235285
25.662606
25.098033
24.541644
23.993506
23.45368
22.922214
22.39915
21.884519
21.378347
20.880648
20.39143
19.910693
19.438428
18.974622
18.519253
18.072291
17.633702
17.203445
16.781474
16.367736
15.962174
15.564725
15.175322
14.793894
14.420365
14.054656
13.696683
13.34636
13.003597
12.668303
12.340382
12.019737
11.706269
11.399876
11.100455
10.807902
10.522111
10.242975
9.9703857
9.704235
9.4444134
9.1908114
8.9433189
8.7018258
8.466222
8.2363976
8.0122428
7.7936481
7.5805048
7.3727044
7.1701393
6.9727025
6.7802879
6.5927904
6.4101057
6.2321309
6.0587638
5.8899038
5.7254513
5.5653088
52.997807
52.267579
51.535847
50.802936
50.069177
49.334898
48.600432
47.866109
47.132261
46.399217
45.667305
44.936853
44.208184
43.481619
42.757474
42.036061
41.317688
40.602657
39.891264
39.1838
38.480548
37.781783
37.087774
36.398783
35.71506
35.036851
34.36439
33.697902
33.037605
32.383706
31.736401
31.095879
30.462317
29.835882
29.216731
28.605014
28.000865
27.404413
26.815776
26.235059
25.66236
25.097767
24.541357
23.9932
23.453353
22.921868
22.398785
21.884136
21.377945
20.880228
20.390993
19.910239
19.437959
18.974137
18.518753
18.071777
17.633175
17.202906
16.780923
16.367174
15.961602
15.564144
15.174733
14.793297
14.419761
14.054045
13.696067
13.34574
13.002974
12.667676
12.339753
12.019107
11.705638
11.399245
11.099825
10.807273
10.521483
10.24235
9.9697634
9.703616
9.4437983
9.1902006
8.9427128
8.7012248
8.4656266
8.2358081
8.0116595
7.7930715
7.579935
7.3721418
7.1695842
6.9721551
6.7797485
6.5922592
6.409583
6.2316167
6.0582585
5.8894073
5.7249637
5.5648298
52.997604
52.267371
51.535633
50.802718
50.068954
49.33467
48.600199
47.865872
47.132019
46.398969
45.667053
44.936596
44.207921
43.481349
42.757198
42.035778
41.317398
40.60236
39.890959
39.183487
38.480225
37.781451
37.087433
36.398432
35.714699
35.036479
34.364007
33.697508
33.0372
32.383288
31.735972
31.095437
30.461863
29.835415
29.216252
28.604522
28.000361
27.403897
26.815246
26.234517
25.661806
25.097201
24.540779
23.99261
23.452751
22.921254
22.398159
21.883499
21.377297
20.87957
20.390324
19.90956
19.43727
18.973439
18.518046
18.071062
17.632452
17.202176
16.780187
16.366432
15.960854
15.563391
15.173976
14.792536
14.418997
14.05328
13.695299
13.344971
13.002204
12.666907
12.338985
12.01834
11.704873
11.398482
11.099065
10.806517
10.520732
10.241603
9.9690216
9.7028799
9.4430682
9.1894769
8.941996
8.7005153
8.4649247
8.2351142
8.0109739
7.7923945
7.5792671
7.3714831
7.168935
6.9715157
6.7791192
6.5916402
6.4089744
6.2310188
6.0576713
5.8888309
5.7243982
5.5642753
52.99756
52.267335
51.535605
50.802697
50.068939
49.334662
48.600197
47.865874
47.132024
46.398977
45.667061
44.936604
44.207928
43.481354
42.757199
42.035775
41.317389
40.602344
39.890936
39.183455
38.480184
37.7814
37.087371
36.398358
35.714614
35.036381
34.363896
33.697384
33.037062
32.383137
31.735806
31.095257
30.461667
29.835204
29.216026
28.60428
28.000104
27.403623
26.814957
26.234212
25.661486
25.096866
24.54043
23.992246
23.452375
22.920865
22.397757
21.883085
21.376871
20.879132
20.389876
19.909101
19.4368
18.972959
18.517556
18.070562
17.631942
17.201656
16.779657
16.365892
15.960304
15.562831
15.173406
14.791956
14.418408
14.052681
13.694692
13.344354
13.00158
12.666275
12.338345
12.017693
11.70422
11.397823
11.098401
10.805848
10.520058
10.240925
9.968341
9.7021965
9.4423826
9.1887897
8.9413077
8.6998265
8.464236
8.2344261
8.0102871
7.7917095
7.5785844
7.3708034
7.1682587
6.9708434
6.7784514
6.5909774
6.4083171
6.2303674
6.0570262
5.8881925
5.7237666
5.5636507
52.996934
52.26671
51.534979
50.802069
50.068309
49.334027
48.599556
47.865226
47.131368
46.398312
45.666387
44.935919
44.207232
43.480646
42.756478
42.03504
41.316641
40.601582
39.89016
39.182665
38.47938
37.780582
37.086539
36.397512
35.713754
35.035508
34.36301
33.696485
33.036149
32.382211
31.734867
31.094305
30.460702
29.834226
29.215034
28.603274
27.999083
27.402588
26.813906
26.233144
25.660399
25.09576
24.539303
23.991098
23.451204
22.919671
22.396539
21.881843
21.375604
20.87784
20.388558
19.907758
19.435432
18.971567
18.51614
18.069123
17.630481
17.200175
16.778157
16.364376
15.958774
15.561289
15.171853
14.790394
14.416838
14.051105
13.693112
13.342771
12.999994
12.664688
12.336759
12.016108
11.702637
11.396244
11.096826
10.804278
10.518496
10.23937
9.9667949
9.7006605
9.4408579
9.1872774
8.9398089
8.6983423
8.4627673
8.232974
8.0088525
7.7902932
7.5771873
7.3694261
7.1669019
6.9695077
6.7771372
6.5896852
6.4070473
6.2291202
6.0558017
5.886991
5.7225884
5.562496
52.996499
52.266243
51.534481
50.80154
50.06775
49.333439
48.598939
47.864581
47.130696
46.397614
45.665663
44.93517
44.206458
43.479849
42.755658
42.034198
41.315777
40.600696
39.889253
39.181737
38.478431
37.779612
37.085547
36.396499
35.712719
35.034451
34.361931
33.695383
33.035025
32.381064
31.733697
31.093111
30.459485
29.832986
29.213772
28.601989
27.997775
27.401258
26.812554
26.231771
25.659006
25.094346
24.53787
23.989645
23.449732
22.91818
22.39503
21.880315
21.374058
20.876275
20.386974
19.906156
19.433811
18.969926
18.51448
18.067443
17.628781
17.198454
16.776414
16.36261
15.956984
15.559475
15.170016
14.788535
14.414957
14.049203
13.69119
13.340831
12.998037
12.662717
12.334775
12.014113
11.700633
11.394234
11.094811
10.80226
10.516477
10.237352
9.9647792
9.6986489
9.4388519
9.1852785
8.9378185
8.6963617
8.4607978
8.2310167
8.0069085
7.7883637
7.5752732
7.3675284
7.1650215
6.9676454
6.7752938
6.5878613
6.4052434
6.2273369
6.0540394
5.8852498
5.7208682
5.5607966
)
;

boundaryField
{
    inlet
    {
        type            fixedValue;
        value           uniform 750;
    }
    top
    {
        type            zeroGradient;
    }
    outlet
    {
        type            zeroGradient;
    }
    slipsurface
    {
        type            slip;
    }
    bottom
    {
        beta1           0.075;
        blended         false;
        type            omegaWallFunction;
        value           nonuniform List<scalar> 
100
(
99.668428
99.668428
99.668428
99.668428
467.26601
658.56897
782.37275
862.96424
913.97009
944.61467
961.55343
969.16809
970.41367
967.31399
961.28256
953.31151
944.11005
934.24706
924.35393
914.49545
904.80271
895.31514
886.18634
877.56208
869.54819
862.21706
855.60639
849.71796
844.52495
839.97992
836.02074
832.5799
829.59816
827.02591
824.80148
822.85137
821.09719
819.47308
817.93095
816.43664
814.95941
813.47121
811.95031
810.38034
808.75306
807.06517
805.3133
803.4866
801.57449
799.5776
797.50529
795.36657
793.16883
790.92446
788.65283
786.36986
784.08087
781.78671
779.492
777.20411
774.92644
772.66107
770.41392
768.19111
765.9932
763.81985
761.67157
759.54535
757.43582
755.3424
753.26849
751.21385
749.17871
747.16806
745.18002
743.20928
741.25624
739.31981
737.39822
735.49518
733.61208
731.74683
729.89976
728.06842
726.25055
724.44827
722.66267
720.89387
719.14026
717.39994
715.6735
713.96047
712.26166
710.57477
708.90161
707.22357
705.59944
703.86251
702.32907
699.99476
)
;
    }
    frontandback
    {
        type            empty;
    }
}


// ************************************************************************* //
