/*--------------------------------*- C++ -*----------------------------------*\
  =========                 |
  \\      /  F ield         | OpenFOAM: The Open Source CFD Toolbox
   \\    /   O peration     | Website:  https://openfoam.org
    \\  /    A nd           | Version:  12
     \\/     M anipulation  |
\*---------------------------------------------------------------------------*/
FoamFile
{
    format      ascii;
    class       volScalarField;
    location    "600";
    object      p;
}
// * * * * * * * * * * * * * * * * * * * * * * * * * * * * * * * * * * * * * //

dimensions      [0 2 -2 0 0 0 0];

internalField   nonuniform List<scalar> 
7480
(
0.0087574932
0.0080198195
0.0068941206
0.0063211587
0.006016153
0.0057379617
0.005473782
0.0052475201
0.005050955
0.0048736338
0.0047087891
0.0045542253
0.0044105896
0.0042724905
0.0041403286
0.0040125522
0.0038890501
0.0037725078
0.0036639626
0.0035628809
0.0034699767
0.0033860787
0.0033119607
0.0032483969
0.0031957281
0.0031529087
0.0031198154
0.0030947502
0.0030733786
0.0030526052
0.0030299338
0.0030042701
0.0029755635
0.0029456874
0.0029155081
0.0028840221
0.002851216
0.002816909
0.0027812845
0.0027453511
0.002709286
0.0026726331
0.002635608
0.0025984841
0.002561784
0.0025253301
0.0024886327
0.0024517001
0.0024150804
0.0023788037
0.0023422954
0.0023055733
0.0022690041
0.0022325905
0.0021959077
0.0021590025
0.0021221164
0.0020851742
0.0020478675
0.0020103798
0.0019727618
0.0019348015
0.0018965154
0.001857988
0.0018190975
0.0017797988
0.0017401687
0.0017000997
0.0016595694
0.0016186186
0.0015771456
0.0015351654
0.0014926625
0.001449584
0.001405936
0.0013616739
0.0013167917
0.0012712687
0.0012250767
0.001178205
0.00113064
0.0010823705
0.0010333893
0.00098369431
0.00093329068
0.00088219157
0.00083042652
0.00077803378
0.00072510089
0.00067169099
0.00061808185
0.00056422447
0.00051127063
0.00045784446
0.00041006469
0.00035651681
0.0003338919
0.00025955865
0.0005289163
-0.00042275536
0.008276374
0.0076126133
0.0067782419
0.0063199029
0.0060665731
0.0058205615
0.0055742257
0.0053535157
0.0051585259
0.0049777799
0.0048075946
0.0046467546
0.0044969718
0.0043530934
0.0042157289
0.0040838599
0.0039570735
0.0038363841
0.0037231192
0.0036179227
0.0035211733
0.0034333933
0.0033552896
0.0032875017
0.0032300237
0.0031816279
0.0031425641
0.0031118762
0.0030857371
0.0030613744
0.0030365445
0.0030100552
0.002981465
0.0029522437
0.0029228107
0.0028917974
0.0028591299
0.002824728
0.0027889163
0.0027527953
0.0027165517
0.0026797197
0.0026425098
0.0026051819
0.0025682624
0.0025315794
0.0024946514
0.0024574917
0.0024206483
0.0023841486
0.0023474184
0.0023104804
0.0022737033
0.0022370886
0.0022002102
0.002163117
0.002126051
0.0020889358
0.0020514628
0.0020138169
0.0019760474
0.0019379416
0.0018995169
0.0018608572
0.0018218401
0.0017824206
0.0017426752
0.0017024959
0.0016618605
0.0016208094
0.0015792406
0.0015371691
0.001494579
0.0014514173
0.0014076901
0.0013633522
0.0013183978
0.0012728058
0.0012265482
0.0011796136
0.0011319888
0.0010836621
0.0010346264
0.00098487932
0.00093442597
0.00088327941
0.00083146905
0.00077903307
0.00072605895
0.00067260969
0.00061896313
0.00056507
0.00051208262
0.00045862392
0.00041081581
0.00035723814
0.00033457503
0.00026033992
0.00052975755
-0.00042209295
0.0079991135
0.0075239728
0.0068433086
0.006369142
0.0060735317
0.005800593
0.0055368318
0.00530375
0.0051012343
0.0049169285
0.0047464479
0.0045881988
0.0044409104
0.0043020074
0.0041701174
0.0040444141
0.0039243824
0.00381032
0.0037037134
0.0036056461
0.003516315
0.0034360629
0.0033653722
0.0033046226
0.0032537143
0.0032115433
0.0031765217
0.0031469048
0.0031201715
0.003093614
0.0030653707
0.0030346688
0.0030013201
0.0029673941
0.0029340478
0.0029002428
0.0028658437
0.0028306159
0.0027946375
0.0027587412
0.0027227872
0.0026860829
0.0026488116
0.0026113003
0.0025741584
0.0025372482
0.0025001032
0.0024627426
0.0024257111
0.0023890255
0.002352111
0.0023149985
0.0022780566
0.0022412826
0.0022042467
0.0021670011
0.0021297887
0.0020925316
0.0020549196
0.0020171406
0.0019792426
0.0019410123
0.0019024678
0.0018636931
0.0018245648
0.0017850382
0.0017451901
0.0017049116
0.0016641809
0.0016230383
0.0015813812
0.0015392251
0.0014965538
0.001453314
0.0014095118
0.0013651019
0.0013200786
0.0012744203
0.0012280991
0.0011811035
0.0011334201
0.0010850373
0.0010359477
0.00098614906
0.00093564619
0.00088445214
0.00083259625
0.00078011662
0.00072710068
0.00067361134
0.0006199265
0.0005659966
0.00051297463
0.00045948192
0.00041164449
0.00035803297
0.0003353509
0.00026120192
0.00053064183
-0.00042142707
0.0077643483
0.0073694011
0.0067656243
0.0063126352
0.0060250667
0.0057716422
0.0055271672
0.0053100772
0.0051194054
0.0049439889
0.0047795739
0.0046256846
0.0044791442
0.0043410974
0.0042086877
0.0040816028
0.0039595317
0.0038428151
0.0037330054
0.0036311899
0.003537617
0.00345275
0.0033772363
0.0033117469
0.0032566629
0.0032115799
0.0031744039
0.0031435838
0.0031176772
0.0030936737
0.0030692307
0.0030430472
0.003014726
0.0029844198
0.0029523783
0.0029186476
0.002883125
0.0028457766
0.0028070475
0.0027684354
0.0027303346
0.0026922365
0.0026542226
0.0026164722
0.0025794058
0.0025426333
0.0025055219
0.0024680759
0.0024309008
0.0023940441
0.0023569466
0.0023196613
0.0022825554
0.0022456185
0.0022084193
0.0021710182
0.0021336586
0.0020962589
0.0020585062
0.0020205926
0.0019825649
0.0019442085
0.0019055428
0.0018666514
0.0018274098
0.0017877739
0.0017478206
0.0017074403
0.0016666114
0.0016253743
0.0015836259
0.0015413821
0.0014986262
0.001455305
0.0014114246
0.0013669394
0.0013218437
0.0012761159
0.0012297278
0.0011826681
0.001134923
0.001086481
0.0010373346
0.00098748139
0.00093692617
0.00088568188
0.0008337778
0.00078125194
0.00072819168
0.00067465983
0.00062093431
0.00056696533
0.00051390632
0.00046037742
0.00041250748
0.00035885993
0.00033615895
0.00026196164
0.00053151112
-0.00042082046
0.0075481843
0.0072124068
0.006693857
0.0062864289
0.0060110383
0.005766599
0.0055262299
0.0053100348
0.0051174926
0.0049397288
0.0047729605
0.0046168313
0.0044690927
0.0043304026
0.0041979942
0.0040714994
0.0039506145
0.0038355949
0.0037277044
0.0036278787
0.0035364146
0.0034537338
0.0033803481
0.0033167551
0.0032631366
0.00321885
0.0031817173
0.0031502218
0.003122846
0.003096666
0.0030697022
0.0030412639
0.0030117332
0.0029807873
0.0029488894
0.0029168699
0.002884153
0.0028503501
0.0028153385
0.002779195
0.0027420213
0.0027039331
0.0026650106
0.0026256766
0.0025869177
0.0025487621
0.0025107384
0.0024727912
0.0024354653
0.0023986358
0.0023615511
0.0023242171
0.0022870207
0.0022499663
0.0022126334
0.0021751017
0.0021376147
0.0021000856
0.0020622014
0.0020241626
0.0019860134
0.001947537
0.0019087551
0.0018697514
0.0018303998
0.0017906569
0.0017506005
0.0017101192
0.0016691925
0.0016278609
0.0015860203
0.0015436875
0.0015008455
0.0014574409
0.0014134799
0.0013689168
0.001323746
0.0012779456
0.0012314875
0.0011843603
0.0011365502
0.0010880456
0.0010388388
0.00098892753
0.00093831642
0.00088701837
0.00083506258
0.000782487
0.00072937896
0.00067580118
0.00062203156
0.00056802015
0.00051492055
0.00046135228
0.00041344533
0.00035975912
0.00033703073
0.00026274271
0.00053240711
-0.00042010372
0.007352625
0.0070707439
0.0066285961
0.0062579969
0.0059882845
0.0057477456
0.0055135787
0.0053016537
0.0051120234
0.0049371166
0.0047730969
0.0046194985
0.0044742996
0.0043374337
0.0042067193
0.0040816791
0.0039620898
0.0038481827
0.0037410305
0.0036415326
0.0035500966
0.0034671851
0.0033932619
0.0033287559
0.0032738308
0.00322792
0.0031891728
0.0031561425
0.0031273638
0.003100202
0.0030727858
0.0030443651
0.0030148686
0.0029837063
0.0029513173
0.0029183624
0.0028843238
0.0028493016
0.002813588
0.0027770708
0.0027402937
0.0027037761
0.0026672706
0.0026306376
0.0025937503
0.0025564217
0.002518579
0.0024800897
0.0024417951
0.0024040144
0.0023661897
0.0023283637
0.0022909464
0.0022538451
0.0022164927
0.0021789204
0.0021413711
0.0021037609
0.002065783
0.0020276523
0.0019894084
0.0019508328
0.0019119524
0.0018728523
0.0018334046
0.0017935668
0.0017534178
0.0017128449
0.0016718285
0.0016304095
0.0015884829
0.0015460664
0.0015031426
0.0014596581
0.0014156195
0.0013709807
0.0013257364
0.0012798647
0.0012333373
0.0011861429
0.0011382677
0.0010897001
0.0010404324
0.0009904621
0.00093979401
0.00088844091
0.00083643197
0.0007838051
0.00073064756
0.00067702204
0.00062320637
0.00056915056
0.00051600801
0.00046239832
0.00041445082
0.00036072414
0.00033796097
0.00026358101
0.00053330855
-0.00041922575
0.0071749067
0.0069377474
0.0065609039
0.0062238585
0.0059624813
0.0057283023
0.0055019405
0.005294941
0.0051083077
0.0049356696
0.0047735514
0.0046213373
0.0044773038
0.0043411314
0.0042111516
0.0040868102
0.00396795
0.003854789
0.0037482632
0.0036492353
0.0035581386
0.0034754044
0.0034014714
0.0033367298
0.0032813007
0.0032346957
0.0031952413
0.0031614242
0.0031317997
0.0031039368
0.0030759769
0.0030470742
0.003017072
0.0029855386
0.0029529055
0.0029197633
0.0028857214
0.0028508523
0.0028152109
0.0027785956
0.0027415245
0.0027044264
0.0026672483
0.0026301004
0.0025928048
0.0025556691
0.002518947
0.0024823633
0.0024457369
0.0024088775
0.0023716008
0.0023337534
0.0022958859
0.0022582271
0.0022203746
0.0021824374
0.0021447055
0.0021070348
0.0020690241
0.0020308592
0.0019925682
0.0019539327
0.001914989
0.0018758231
0.0018363041
0.0017963925
0.0017561697
0.0017155213
0.0016744297
0.0016329361
0.0015909347
0.0015484446
0.0015054479
0.0014618914
0.0014177822
0.0013730738
0.0013277612
0.0012818226
0.0012352298
0.0011879714
0.0011400339
0.0010914054
0.0010420784
0.00099205057
0.00094132649
0.00088991902
0.00083785732
0.00078517927
0.00073197212
0.00067829854
0.00062443623
0.00057033531
0.00051714866
0.00046349661
0.0004155059
0.00036173792
0.00033893402
0.0002644574
0.00053417879
-0.00041817498
0.0070119075
0.0068110313
0.0064897537
0.0061851138
0.0059349173
0.005708403
0.0054898288
0.005287768
0.0051040725
0.0049336438
0.0047733415
0.004622495
0.0044796835
0.0043444366
0.0042154008
0.0040919833
0.003974054
0.0038618179
0.0037560893
0.0036576724
0.0035670085
0.0034845129
0.0034106083
0.0033456522
0.0032897329
0.0032423737
0.0032020385
0.0031672369
0.0031365719
0.0031078035
0.0030791199
0.0030496573
0.0030192357
0.0029874787
0.0029547062
0.0029214286
0.0028873151
0.0028523636
0.0028166094
0.0027799401
0.0027428409
0.0027057146
0.0026685466
0.0026313506
0.002593944
0.0025566202
0.0025195502
0.0024826669
0.0024455939
0.0024084607
0.0023716997
0.0023350797
0.0022984178
0.00226153
0.0022242186
0.0021864167
0.0021485002
0.0021105147
0.0020721898
0.0020337961
0.0019953913
0.0019567061
0.0019177346
0.0018785404
0.001838985
0.0017990318
0.0017587646
0.0017180661
0.0016769209
0.0016353718
0.0015933123
0.0015507633
0.0015077069
0.0014640901
0.0014199206
0.0013751519
0.0013297794
0.0012837813
0.0012371294
0.0011898128
0.0011418178
0.0010931328
0.0010437504
0.00099366805
0.00094289065
0.00089143103
0.00083931839
0.00078659063
0.00073333497
0.00067961415
0.00062570569
0.00057155993
0.00051832888
0.00046463436
0.0004165984
0.00036278905
0.00033993875
0.00026535633
0.00053498808
-0.00041693062
0.0068620888
0.0066905503
0.0064162217
0.0061421417
0.0059046864
0.0056866053
0.005476019
0.0052793634
0.0050990172
0.0049310978
0.0047728335
0.0046235542
0.0044820984
0.0043479098
0.0042198725
0.0040974103
0.0039804133
0.00386908
0.0037641221
0.003666286
0.0035760209
0.003493733
0.0034198264
0.0033546259
0.0032981894
0.0032500525
0.0032088162
0.0031730446
0.0031413707
0.0031117109
0.0030823257
0.0030523425
0.0030215305
0.0029895264
0.002956563
0.0029230897
0.0028888266
0.0028537473
0.0028179069
0.0027812272
0.002744133
0.0027070056
0.0026698332
0.0026326109
0.0025952047
0.0025578636
0.0025207437
0.0024837553
0.0024465591
0.0024093401
0.002372427
0.0023356392
0.002298623
0.0022614519
0.0022244652
0.0021875034
0.0021504078
0.0021129941
0.0020750921
0.0020368338
0.0019983556
0.0019594839
0.0019203218
0.0018810018
0.0018413841
0.0018014022
0.0017611154
0.0017203942
0.0016792232
0.001637645
0.001595551
0.001552964
0.0015098662
0.0014662054
0.0014219901
0.0013771737
0.0013317527
0.0012857053
0.0012390037
0.001191637
0.0011435918
0.0010948567
0.0010454244
0.00099529267
0.00094446631
0.00089295834
0.00084079801
0.00078802333
0.0007347215
0.00068095537
0.00062700225
0.00057281287
0.00051953795
0.00046580165
0.000417719
0.00036386891
0.00034096661
0.00026626865
0.00053570907
-0.00041546351
0.0067237875
0.0065760856
0.0063411992
0.0060953376
0.0058715275
0.0056625454
0.0054602356
0.0052694697
0.0050929177
0.0049278269
0.0047718386
0.0046243187
0.0044843346
0.0043513102
0.0042243281
0.0041028587
0.0039868091
0.003876375
0.0037721839
0.003674928
0.003585061
0.0035029801
0.0034290697
0.0033636249
0.0033066792
0.0032577842
0.003215666
0.003178944
0.0031462805
0.0031157366
0.0030856489
0.0030551344
0.0030239119
0.0029916302
0.0029584564
0.0029247819
0.00289037
0.0028551795
0.0028192664
0.0027825664
0.0027454556
0.0027082954
0.0026710814
0.0026338154
0.0025963922
0.0025590317
0.0025218856
0.0024848679
0.0024476794
0.0024104677
0.0023735045
0.0023366011
0.0022994653
0.0022622322
0.0022251695
0.0021880817
0.0021506993
0.0021131281
0.002075584
0.0020379069
0.0019999488
0.0019615274
0.0019226574
0.0018834357
0.0018437577
0.0018036563
0.0017632664
0.0017224851
0.0016812869
0.0016396943
0.0015975865
0.0015549846
0.0015118684
0.0014681847
0.0014239427
0.0013790957
0.0013336414
0.0012875581
0.0012408187
0.0011934127
0.001145327
0.0010965505
0.0010470762
0.00099690188
0.00094603272
0.00089448184
0.00084227862
0.00078946119
0.00073611683
0.00068230852
0.00062831332
0.00057408254
0.00052076519
0.00046698863
0.00041885847
0.00036496903
0.00034200927
0.00026718595
0.00053631538
-0.00041374053
0.0065954829
0.006467307
0.0062654467
0.0060453139
0.0058356276
0.0056362571
0.0054424152
0.0052579079
0.0050855446
0.0049235855
0.0047701121
0.0046245553
0.0044861875
0.0043544633
0.0042286319
0.0041082258
0.0039931697
0.0038836594
0.0037802542
0.0036835968
0.0035941408
0.0035122753
0.0034383662
0.0033726827
0.0033152393
0.003265605
0.0032226168
0.0031849534
0.0031513111
0.0031198847
0.0030890865
0.0030580266
0.0030263804
0.002993807
0.0029604149
0.0029265377
0.002891974
0.0028566698
0.0028206759
0.0027839425
0.0027468058
0.0027096059
0.0026723507
0.0026350461
0.0025976026
0.0025602166
0.0025230324
0.0024859734
0.0024487618
0.002411522
0.0023745159
0.0023375768
0.002300448
0.0022632228
0.0022261087
0.0021889154
0.00215144
0.0021138304
0.0020762535
0.0020384034
0.0020002119
0.0019618584
0.0019233383
0.0018845222
0.0018452249
0.0018054508
0.0017652456
0.0017244907
0.0016832357
0.0016415735
0.0015994184
0.0015567953
0.0015136695
0.0014699789
0.0014257294
0.0013808715
0.0013354025
0.0012893005
0.0012425385
0.0011951069
0.0011469931
0.0010981862
0.0010486798
0.00099847186
0.00094756792
0.0008959813
0.00084374159
0.00079088711
0.00073750522
0.00068365912
0.00062962561
0.00057535671
0.00052199931
0.00046818491
0.00042000711
0.00036608047
0.00034305806
0.00026809875
0.00053678367
-0.00041172418
0.0064759074
0.0063638607
0.0061896084
0.0059927038
0.00579725
0.0056078316
0.0054225633
0.0052445963
0.0050767746
0.0049182334
0.0047675076
0.0046241199
0.0044875275
0.0043572501
0.0042326807
0.0041134219
0.0039994199
0.0038908725
0.0037882843
0.0036922529
0.0036032288
0.0035215938
0.0034476969
0.0033817852
0.0033238584
0.0032735039
0.0032296591
0.0031910652
0.0031564574
0.0031241531
0.003092639
0.0030610239
0.0030289452
0.0029960679
0.0029624474
0.0029283621
0.0028936396
0.0028582158
0.0028221355
0.0027853628
0.0027481974
0.0027109572
0.002673661
0.002636316
0.002598847
0.0025614303
0.0025242009
0.0024870918
0.0024498498
0.0024125835
0.0023755369
0.0023385618
0.0023014143
0.0022641602
0.002226999
0.002189774
0.0021523062
0.0021146957
0.0020770508
0.0020391109
0.0020008736
0.0019625106
0.0019238982
0.0018848879
0.0018455506
0.0018059702
0.0017660483
0.001725606
0.0016846588
0.001643205
0.0016011198
0.0015584802
0.0015153137
0.0014715926
0.0014273299
0.001382468
0.0013369977
0.0012908932
0.0012441258
0.0011966849
0.0011485579
0.0010997343
0.0010502079
0.00099997749
0.00094904871
0.00089743532
0.00084516718
0.00079228288
0.00073886991
0.00068499176
0.00063092492
0.00057662232
0.00052322829
0.00046937942
0.00042115458
0.00036719374
0.00034410377
0.00026899656
0.00053706513
-0.00040937242
0.0063639987
0.0062653756
0.0061141941
0.0059380853
0.0057566671
0.0055773891
0.0054007405
0.005229526
0.0050665567
0.0049116991
0.0047639402
0.0046229196
0.0044882625
0.0043595769
0.004236384
0.0041183615
0.0040054807
0.0038979435
0.0037962112
0.0037008406
0.0036122769
0.0035308951
0.0034570286
0.0033909054
0.0033325146
0.0032814634
0.0032367801
0.0031972711
0.0031617141
0.0031285388
0.0030963064
0.0030641283
0.0030316087
0.0029984149
0.0029645555
0.0029302563
0.0028953687
0.0028598205
0.00282365
0.0027868329
0.0027496355
0.0027123532
0.002675014
0.0026376267
0.0026001294
0.0025626801
0.0025254045
0.0024882441
0.0024509699
0.0024136749
0.0023765824
0.0023395598
0.0023023781
0.0022650937
0.0022278953
0.0021906418
0.0021531592
0.0021155198
0.0020778286
0.0020398722
0.0020016441
0.0019632535
0.0019245704
0.001885507
0.001846169
0.0018065245
0.0017664444
0.0017259537
0.0016851098
0.0016438482
0.0016020318
0.0015596668
0.0015166951
0.0014730555
0.0014287969
0.0013839139
0.0013384285
0.0012923196
0.0012455535
0.0011981154
0.0011499895
0.001101164
0.001051632
0.0010013921
0.00095045051
0.00089882118
0.00084653439
0.0007936291
0.00074019298
0.0006862899
0.00063219602
0.00057786534
0.00052443919
0.00047056023
0.00042228976
0.00036829857
0.00034513648
0.00026986975
0.00053711413
-0.0004066456
0.0062588552
0.0061714784
0.006039593
0.0058819757
0.0057141579
0.0055450707
0.005377035
0.0052127214
0.0050548711
0.0049039415
0.0047593558
0.004620891
0.0044883267
0.0043613742
0.0042396727
0.0041229772
0.0040112877
0.0039048129
0.00380398
0.0037093098
0.0036212403
0.0035401397
0.0034663275
0.0034000153
0.0033411853
0.0032894651
0.0032439657
0.0032035606
0.0031670729
0.0031330363
0.003100085
0.0030673376
0.0030343696
0.0030008478
0.0029667394
0.0029322211
0.0028971626
0.0028614857
0.0028252214
0.0027883547
0.0027511213
0.0027137948
0.0026764109
0.0026389799
0.0026014523
0.0025639689
0.0025266466
0.0024894346
0.0024521264
0.0024148004
0.0023776599
0.0023405874
0.0023033695
0.0022660541
0.002228814
0.0021915199
0.0021540054
0.0021163344
0.0020786106
0.002040637
0.0020023941
0.0019639711
0.0019252584
0.0018861911
0.0018468451
0.0018071534
0.0017670262
0.0017265381
0.0016856269
0.0016442317
0.0016023865
0.0015600818
0.0015172563
0.0014738572
0.0014298402
0.0013851203
0.0013397064
0.0012936099
0.0012468372
0.0011993955
0.0011512721
0.0011024522
0.0010529258
0.0010026893
0.00095174783
0.00090011498
0.00084782103
0.0007949052
0.00074145539
0.00068753592
0.00063342258
0.00057907067
0.00052561803
0.00047171444
0.0004234006
0.00036938379
0.00034614549
0.00027070604
0.00053689211
-0.00040349342
0.0061597075
0.0060818094
0.0059660929
0.0058248311
0.0056700018
0.0055110294
0.0053515482
0.0051942247
0.0050417144
0.0048949354
0.0047537164
0.0046179878
0.0044876713
0.0043625899
0.0042424943
0.0041272169
0.0040167907
0.003911433
0.0038115455
0.0037176181
0.0036300796
0.0035492921
0.0034755625
0.0034090881
0.0033498474
0.0032974891
0.0032512003
0.0032099212
0.0031725237
0.0031376378
0.0031039692
0.0030706479
0.0030372247
0.0030033648
0.0029689982
0.0029342558
0.002899021
0.0028632112
0.0028268494
0.002789928
0.0027526549
0.0027152823
0.0026778521
0.0026403765
0.0026028164
0.0025652976
0.002527928
0.0024906641
0.0024533201
0.0024159612
0.0023787723
0.0023416494
0.0023043946
0.0022670463
0.0022297618
0.0021924237
0.0021548751
0.0021171719
0.0020794101
0.0020414056
0.0020031333
0.0019646792
0.0019259456
0.0018868653
0.0018475003
0.0018077855
0.0017676452
0.0017271457
0.0016862074
0.0016447848
0.0016029293
0.0015605447
0.0015176195
0.0014741957
0.0014302269
0.0013856562
0.0013404564
0.0012945596
0.0012479159
0.0012005303
0.0011524216
0.0011036045
0.0010540824
0.0010038533
0.00095292007
0.0009012943
0.00084900471
0.00079608978
0.00074263706
0.00068871112
0.00063458723
0.00058022218
0.00052674983
0.00047282809
0.00042447406
0.00037043726
0.0003471192
0.00027149059
0.00053636321
-0.00039985555
0.0060658972
0.00599603
0.0058938985
0.0057670469
0.0056244716
0.0054754251
0.0053243905
0.005174092
0.0050270962
0.0048846662
0.0047469941
0.0046141724
0.0044862557
0.0043631809
0.0042448052
0.0041310378
0.0040219479
0.0039177643
0.0038188703
0.0037257293
0.003638761
0.0035583209
0.0034847048
0.0034180985
0.0033584788
0.0033055164
0.0032584677
0.0032163399
0.0031780557
0.0031423347
0.0031079527
0.0030740543
0.0030401705
0.0030059631
0.0029713298
0.0029363585
0.0029009426
0.0028649958
0.0028285331
0.0027915521
0.0027542358
0.0027168152
0.0026793375
0.0026418163
0.0026042218
0.0025666661
0.0025292487
0.0024919327
0.0024545512
0.002417158
0.0023799204
0.0023427467
0.0023054535
0.0022680707
0.0022307409
0.0021933584
0.0021557751
0.0021180379
0.002080235
0.0020421959
0.0020038926
0.0019654051
0.0019266423
0.001887536
0.0018481429
0.0018084063
0.0017682526
0.0017277362
0.0016867881
0.0016453553
0.0016034787
0.0015610759
0.0015181452
0.0014746828
0.0014306269
0.0013859925
0.001340775
0.0012949445
0.0012484551
0.0012012572
0.001153306
0.0011045846
0.0010551046
0.0010048908
0.00095396601
0.00090234936
0.00085006982
0.00079716427
0.00074371856
0.00068979642
0.00063567184
0.00058130284
0.00052781866
0.00047388633
0.00042549617
0.00037144585
0.00034804509
0.00027220936
0.00053549095
-0.00039567519
0.0059768582
0.0059138272
0.0058231473
0.0057089587
0.0055778289
0.0054384225
0.0052956794
0.005152391
0.0050110379
0.0048731279
0.0047391678
0.0046094137
0.004484044
0.0043631084
0.0042465659
0.0041344011
0.0040267222
0.0039237718
0.0038259211
0.0037336119
0.0036472542
0.003567198
0.003493729
0.0034270233
0.0033670588
0.0033135284
0.0032657523
0.0032228036
0.0031836577
0.003147118
0.0031120283
0.0030775514
0.0030432026
0.0030086396
0.0029737315
0.0029385269
0.0029029253
0.0028668378
0.0028302708
0.0027932256
0.0027558626
0.0027183924
0.0026808659
0.0026432983
0.0026056678
0.002568074
0.0025306085
0.00249324
0.0024558197
0.002418391
0.0023811043
0.0023438792
0.0023065464
0.0022691278
0.0022317524
0.0021943247
0.0021567054
0.0021189331
0.002081088
0.0020430136
0.0020046787
0.0019661559
0.0019273603
0.001888225
0.0018488016
0.0018090376
0.0017688606
0.0017283192
0.0016873512
0.0016459036
0.0016040119
0.0015616049
0.0015186693
0.0014751891
0.0014311203
0.0013864698
0.0013411974
0.0012952953
0.0012487604
0.0012015738
0.0011537124
0.0011051411
0.001055819
0.0010057247
0.00095486751
0.0009032816
0.00085101704
0.00079812291
0.00074468829
0.00069077662
0.00063665965
0.0005822957
0.00052880813
0.00047487356
0.00042645217
0.00037239555
0.00034890985
0.0002728467
0.0005342118
-0.00039089034
0.0058921011
0.0058349147
0.0057539242
0.0056508473
0.005530319
0.0054001883
0.005265537
0.005129199
0.0049935711
0.004860323
0.0047302228
0.004603685
0.0044810037
0.0043623363
0.0042477392
0.0041372703
0.0040310782
0.0039294222
0.0038326666
0.003741236
0.0036555314
0.0035758972
0.0035026109
0.003435841
0.003375568
0.0033215076
0.003273039
0.0032292996
0.0031893188
0.0031519788
0.0031161891
0.0030811339
0.0030463167
0.003011391
0.0029762008
0.0029407585
0.002904967
0.002868735
0.0028320605
0.0027949469
0.0027575339
0.0027200126
0.0026824362
0.0026448214
0.0026071533
0.0025695204
0.0025320064
0.0024945855
0.0024571251
0.0024196596
0.0023823236
0.0023450468
0.0023076732
0.0022702178
0.0022327961
0.0021953226
0.0021576663
0.0021198578
0.00208197
0.0020438595
0.0020054919
0.0019669327
0.0019281034
0.0018889384
0.0018494835
0.0018096895
0.0017694861
0.0017289168
0.0016879234
0.0016464538
0.0016045407
0.0015621167
0.0015191654
0.0014756739
0.0014316029
0.0013869478
0.0013416667
0.0012957465
0.0012491762
0.0012019377
0.0011540257
0.0011054335
0.0010561515
0.0010061635
0.00095544575
0.00090398624
0.00085180676
0.00079895798
0.00074554574
0.00069164808
0.00063754197
0.00058318827
0.00052970374
0.0004757746
0.00042732709
0.0003732717
0.00034969958
0.00027338527
0.00053246776
-0.00038543451
0.0058112005
0.0057590323
0.0056862737
0.0055929428
0.0054821688
0.0053608884
0.0052340891
0.0051046013
0.0049747374
0.0048462623
0.0047201509
0.004596965
0.0044771056
0.004360831
0.0042482895
0.0041396094
0.0040349813
0.0039346829
0.0038390762
0.0037485727
0.0036635653
0.0035843933
0.0035113273
0.0034445304
0.0033839874
0.0033294369
0.0032803127
0.003235815
0.0031950281
0.003156908
0.0031204281
0.0030847963
0.0030495087
0.0030142141
0.0029787351
0.0029430511
0.0029070657
0.0028706855
0.0028339005
0.0027967143
0.0027592482
0.0027216741
0.0026840469
0.0026463842
0.0026086771
0.0025710042
0.0025334416
0.0024959683
0.0024584667
0.0024209633
0.0023835777
0.002346249
0.0023088337
0.0022713403
0.0022338721
0.0021963521
0.0021586577
0.0021208121
0.0020828813
0.0020447336
0.0020063324
0.0019677361
0.0019288722
0.0018896768
0.0018501895
0.0018103645
0.0017701337
0.0017295354
0.0016885149
0.0016470209
0.0016050827
0.0015626358
0.0015196633
0.0014761536
0.0014320677
0.0013873992
0.0013421106
0.0012961868
0.0012496119
0.0012023638
0.0011544295
0.0011057985
0.0010564705
0.0010064486
0.00095573929
0.00090434795
0.00085228193
0.00079955376
0.00074623474
0.00069239309
0.00063831517
0.00058397743
0.00053049873
0.00047657897
0.00042810825
0.00037406031
0.00035040049
0.00027380664
0.00053020278
-0.00037923992
0.0057337859
0.0056859449
0.00562021
0.0055354307
0.0054335836
0.0053206855
0.0052014627
0.005078689
0.0049545876
0.0048309645
0.0047089505
0.0045892376
0.0044723242
0.0043585611
0.0042481824
0.0041413836
0.0040383973
0.0039395214
0.0038451192
0.0037555929
0.0036713286
0.0035926609
0.0035198552
0.0034530707
0.003392298
0.0033372991
0.0032875586
0.0032423372
0.0032007746
0.0031618965
0.0031247381
0.0030885333
0.0030527741
0.0030171057
0.0029813319
0.0029454024
0.0029092194
0.0028726876
0.0028357889
0.0027985263
0.0027610038
0.0027233754
0.0026856965
0.0026479854
0.0026102381
0.0025725242
0.002534913
0.0024973874
0.0024598437
0.0024223013
0.0023848662
0.0023474852
0.0023100272
0.0022724949
0.0022349798
0.0021974129
0.0021596794
0.0021217959
0.0020838216
0.0020456358
0.0020072002
0.0019685663
0.0019296671
0.0018904402
0.0018509199
0.0018110631
0.0017708041
0.0017301762
0.0016891277
0.0016476083
0.0016056436
0.0015631725
0.0015201769
0.001476645
0.0014325385
0.0013878507
0.0013425462
0.0012966095
0.0012500251
0.0012027713
0.0011548327
0.0011061961
0.0010568542
0.0010068045
0.00095605674
0.00090462924
0.00085255388
0.00079986524
0.00074663341
0.00069289926
0.0006389137
0.0005846371
0.00053118565
0.00047728295
0.00042878992
0.00037475182
0.00035100144
0.0002740929
0.00052736223
-0.00037224124
0.0056595326
0.0056154401
0.0055557249
0.0054784576
0.005384747
0.0052797364
0.0051677852
0.0050515579
0.0049331799
0.0048144566
0.0046966265
0.0045804918
0.0044666378
0.0043554981
0.0042473855
0.0041425589
0.0040412923
0.0039439048
0.0038507645
0.0037622673
0.0036787935
0.0036006743
0.0035281708
0.0034614403
0.0034004805
0.0033450767
0.003294761
0.0032488527
0.0032065466
0.0031669348
0.0031291117
0.003092339
0.0030561088
0.0030200627
0.0029839888
0.0029478104
0.0029114263
0.0028747397
0.0028377243
0.0028003814
0.0027627995
0.0027251154
0.0026873838
0.0026496236
0.002611835
0.0025740795
0.0025364196
0.0024988419
0.0024612552
0.002423673
0.0023861881
0.002348755
0.0023112535
0.0022736813
0.0022361189
0.0021985047
0.0021607311
0.002122809
0.0020847907
0.0020465662
0.0020080952
0.0019694231
0.0019304879
0.0018912289
0.0018516749
0.0018117857
0.0017714977
0.0017308394
0.0016897622
0.0016482166
0.0016062247
0.0015637286
0.001520709
0.0014771536
0.0014330251
0.0013883159
0.0013429916
0.0012970364
0.0012504354
0.0012031677
0.0011552184
0.0011065747
0.001057228
0.0010071739
0.00095641694
0.0009049695
0.00085286296
0.00080013996
0.00074688965
0.00069317493
0.00063925277
0.00058506707
0.00053169652
0.00047785476
0.00042936139
0.00037534088
0.00035149736
0.00027423037
0.00052390076
-0.00036438256
0.0055881559
0.0055473263
0.0054927945
0.0054221369
0.00533582
0.0052381903
0.0051331822
0.0050233066
0.0049105795
0.0047967727
0.0046831904
0.0045707225
0.0044600291
0.0043516165
0.0042458684
0.0041431026
0.0040436329
0.0039478008
0.0038559808
0.0037685659
0.0036859319
0.0036084072
0.0035362501
0.0034696172
0.0034085149
0.0033527515
0.0033019039
0.0032553476
0.0032123322
0.0031720127
0.0031335407
0.0030962075
0.003059508
0.0030230818
0.0029867035
0.002950273
0.0029136848
0.0028768401
0.0028397053
0.0028022784
0.0027646341
0.0027268927
0.0026891075
0.0026512979
0.0026134669
0.002575669
0.0025379605
0.0025003309
0.0024627004
0.0024250775
0.002387543
0.0023500576
0.0023125118
0.0022748989
0.002237289
0.002199627
0.0021618126
0.0021238511
0.0020857884
0.0020475243
0.0020090173
0.0019703064
0.0019313346
0.0018920426
0.0018524543
0.0018125321
0.0017722145
0.0017315251
0.0016904186
0.0016488462
0.0016068265
0.0015643047
0.0015212603
0.0014776807
0.0014335294
0.0013887978
0.0013434525
0.0012974771
0.0012508568
0.0012035711
0.0011556053
0.0011069474
0.001057589
0.0010075266
0.00095676391
0.00090531188
0.00085319815
0.00080046012
0.00074718415
0.00069343764
0.00063949126
0.00058531041
0.00053197866
0.00047820999
0.00042975762
0.00037579247
0.00035187591
0.00027420377
0.00051980218
-0.00035563073
0.0055194054
0.0054814306
0.0054313836
0.0053665543
0.0052869421
0.0051961867
0.0050977769
0.0049940352
0.0048868566
0.0047779538
0.0046686603
0.0045599301
0.0044524852
0.0043468943
0.0042436032
0.0041429834
0.0040453867
0.0039511768
0.0038607368
0.0037744585
0.0036927151
0.0036158327
0.003544068
0.0034775787
0.0034163804
0.0033603045
0.0033089703
0.0032618071
0.0032181184
0.0031771194
0.0031380166
0.0031001321
0.0030629667
0.0030261592
0.0029894732
0.0029527881
0.0029159932
0.0028789875
0.0028417303
0.0028042162
0.0027665065
0.0027287063
0.0026908667
0.002653007
0.0026151327
0.0025772918
0.0025395347
0.0025018536
0.0024641787
0.0024265143
0.0023889303
0.0023513926
0.0023138017
0.0022761473
0.0022384897
0.0022007795
0.0021629235
0.0021249219
0.0020868145
0.00204851
0.0020099662
0.0019712161
0.001932207
0.0018928813
0.0018532582
0.0018133022
0.0017729543
0.0017322334
0.0016910969
0.001649497
0.0016074489
0.0015649008
0.0015218311
0.0014782267
0.001434052
0.0013892974
0.0013439302
0.0012979339
0.0012512933
0.0012039882
0.001156004
0.0011073285
0.0010579539
0.0010078771
0.00095710203
0.00090564045
0.00085351979
0.00080077623
0.00074749311
0.00069373353
0.00063976366
0.00058555196
0.00053218703
0.00047841107
0.00042995076
0.00037603763
0.00035208164
0.00027395125
0.00051509016
-0.00034599041
0.0054530604
0.005417597
0.0053714498
0.0053117723
0.0052382323
0.0051538546
0.005061688
0.0049638442
0.0048620859
0.0047580472
0.0046530603
0.0045481205
0.0044439982
0.0043413132
0.0042405646
0.004142172
0.0040465225
0.0039540012
0.003865001
0.0037799148
0.0036991139
0.0036229233
0.003551599
0.0034853011
0.0034240553
0.003367716
0.0033159426
0.0032682156
0.0032238916
0.0031822432
0.0031425299
0.0031041054
0.0030664793
0.0030292909
0.0029922949
0.0029553533
0.0029183494
0.0028811802
0.0028437982
0.0028061935
0.0027684156
0.0027305553
0.0026926604
0.0026547501
0.0026168316
0.0025789471
0.0025411416
0.0025034092
0.0024656894
0.0024279829
0.0023903493
0.0023527594
0.002315123
0.0022774263
0.0022397207
0.0022019621
0.0021640636
0.0021260212
0.0020878687
0.0020495233
0.0020109419
0.0019721519
0.0019331049
0.0018937448
0.0018540863
0.001814096
0.001773717
0.0017329641
0.0016917971
0.001650169
0.0016080921
0.0015655171
0.0015224215
0.0014787917
0.001434593
0.0013898148
0.0013444253
0.0012984074
0.0012517459
0.0012044207
0.0011564171
0.001107723
0.0010583306
0.0010082367
0.00095744562
0.00090596931
0.0008538356
0.00080108113
0.00074778917
0.0006940221
0.00064004272
0.0005858167
0.00053242268
0.00047861333
0.00043008433
0.00037614675
0.00035211148
0.00027339897
0.00050972802
-0.00033549256
0.0053889265
0.0053556847
0.0053129457
0.0052578349
0.005189791
0.0051113118
0.0050250292
0.004932833
0.0048363447
0.0047371051
0.0046364202
0.0045353053
0.0044345649
0.0043348587
0.0042367306
0.0041406414
0.0040470103
0.0039562431
0.0038687427
0.0037849044
0.0037050992
0.0036296512
0.0035588171
0.0034927603
0.0034315174
0.0033749656
0.003322802
0.0032745564
0.0032296371
0.0031873716
0.0031470702
0.0031081192
0.0030700394
0.0030324719
0.0029951651
0.0029579658
0.0029207514
0.0028834165
0.0028459073
0.0028082091
0.0027703605
0.0027324385
0.0026944876
0.0026565262
0.0026185628
0.0025806343
0.0025427804
0.0025049971
0.0024672319
0.0024294826
0.0023917996
0.0023541577
0.0023164751
0.0022787354
0.0022409818
0.0022031743
0.0021652328
0.0021271489
0.002088951
0.0020505638
0.0020119442
0.0019731139
0.0019340282
0.0018946331
0.0018549386
0.0018149134
0.0017745026
0.0017337171
0.0016925189
0.0016508621
0.0016087559
0.0015661533
0.0015230313
0.0014793757
0.0014351525
0.0013903502
0.0013449378
0.0012988978
0.0012522148
0.001204869
0.0011568454
0.0011081321
0.001058721
0.0010086091
0.00095780062
0.00090630748
0.00085415758
0.00080138777
0.00074808142
0.00069430138
0.00064030949
0.00058607199
0.00053265899
0.00047883002
0.00043023577
0.0003762526
0.00035205492
0.00027297564
0.00050325141
-0.00032408499
0.0053268318
0.0052955661
0.0052558217
0.0052047708
0.0051417013
0.0050686642
0.0049879078
0.004901099
0.0048097121
0.0047151842
0.0046187754
0.0045215014
0.0044241869
0.0043275209
0.0042320823
0.0041383668
0.004046822
0.0039578725
0.0038719313
0.0037893973
0.0037106414
0.0036359882
0.0035656957
0.0034999315
0.0034387437
0.0033820317
0.003329529
0.0032808121
0.0032353394
0.003192491
0.0031516264
0.0031121646
0.0030736399
0.0030356971
0.0029980797
0.0029606225
0.0029231965
0.0028856943
0.002848056
0.0028102617
0.0027723398
0.0027343549
0.0026963473
0.0026583344
0.0026203254
0.0025823524
0.0025444504
0.0025066166
0.0024688057
0.0024310131
0.0023932809
0.002355587
0.0023178578
0.0022800745
0.0022422726
0.0022044162
0.0021664308
0.0021283047
0.0020900612
0.0020516317
0.002012973
0.001974102
0.0019349771
0.0018955461
0.001855815
0.0018157543
0.0017753111
0.0017344924
0.0016932625
0.0016515764
0.0016094401
0.0015668096
0.0015236606
0.0014799785
0.0014357304
0.0013909034
0.0013454676
0.0012994051
0.0012527002
0.0012053332
0.0011572892
0.0011085561
0.0010591258
0.0010089953
0.00095816863
0.00090665773
0.00085449039
0.00080170338
0.00074837986
0.00069458286
0.00064057319
0.00058631869
0.00053288248
0.00047903468
0.00043038028
0.00037636433
0.00035189773
0.00027325852
0.00049535276
-0.00031174719
0.0052666241
0.0052371262
0.0052000266
0.0051525967
0.0050940313
0.0050260062
0.0049504244
0.0048687367
0.004782268
0.0046923446
0.0046001658
0.0045067307
0.0044128709
0.0043192939
0.0042266045
0.0041353266
0.0040459315
0.0039588609
0.0038745374
0.0037933635
0.0037157114
0.0036419061
0.0035722078
0.0035067892
0.0034457103
0.0033888924
0.0033361033
0.0032869642
0.0032409819
0.0031975871
0.0031561863
0.0031162316
0.0030772729
0.0030389601
0.0030010341
0.0029633195
0.0029256818
0.0028880112
0.0028502421
0.0028123495
0.0027743523
0.0027363033
0.0026982384
0.0026601737
0.0026221186
0.0025841008
0.0025461509
0.002508267
0.0024704102
0.0024325739
0.0023947926
0.0023570471
0.0023192708
0.0022814433
0.002243593
0.0022056874
0.0021676576
0.0021294888
0.0020911992
0.0020527268
0.0020140284
0.0019751161
0.0019359514
0.0018964838
0.0018567157
0.0018166189
0.0017761425
0.0017352901
0.0016940278
0.0016523116
0.0016101449
0.0015674857
0.0015243092
0.0014806002
0.0014363265
0.0013914744
0.0013460148
0.0012999292
0.0012532019
0.0012058133
0.0011577484
0.001108995
0.0010595451
0.0010093954
0.00095855006
0.0009070208
0.00085483527
0.00080203016
0.0007486882
0.00069487245
0.00064084221
0.00058656684
0.00053310173
0.00047922939
0.00043050732
0.00037645788
0.00035161645
0.00027422332
0.00048636997
-0.00029873488
0.0052081688
0.0051802607
0.0051455097
0.0051013198
0.0050468359
0.0049834206
0.0049126721
0.0048358367
0.0047540918
0.004668649
0.0045806355
0.0044910199
0.0044006282
0.0043101761
0.0042202857
0.0041315018
0.0040443152
0.0039591816
0.0038765325
0.0037967741
0.0037202801
0.0036473766
0.0035783263
0.0035133077
0.003452393
0.0033955248
0.0033425038
0.0032929934
0.0032465472
0.0032026444
0.0031607367
0.0031203094
0.0030809297
0.0030422542
0.0030040228
0.0029660526
0.0029282039
0.0028903643
0.0028524634
0.0028144707
0.0027763963
0.0027382823
0.0027001596
0.002662043
0.0026239413
0.0025858786
0.0025478811
0.0025099477
0.0024720448
0.0024341645
0.0023963344
0.0023585375
0.0023207139
0.0022828417
0.002244943
0.002206988
0.0021689132
0.0021307011
0.0020923652
0.0020538492
0.0020151104
0.0019761564
0.0019369513
0.0018974464
0.0018576407
0.0018175071
0.0017769969
0.0017361102
0.0016948148
0.001653068
0.0016108703
0.0015681818
0.0015249771
0.0014812407
0.0014369409
0.0013920632
0.0013465792
0.00130047
0.0012537199
0.0012063092
0.0011582229
0.0011094489
0.0010599788
0.0010098096
0.00095894498
0.00090739683
0.00085519254
0.00080236864
0.00074900742
0.00069517188
0.00064111958
0.00058682135
0.00053332379
0.00047942284
0.00043062421
0.00037653442
0.00035125627
0.00027550047
0.00047684195
-0.00028543325
0.0051513462
0.0051248751
0.0050922207
0.0050509396
0.0050001586
0.00494098
0.0048747362
0.0048024854
0.0047252619
0.0046441614
0.0045602319
0.0044743999
0.0043874747
0.0043001706
0.0042131183
0.004126877
0.0040419517
0.0039588097
0.0038778894
0.0037996009
0.003724319
0.0036523715
0.0035840238
0.0035194609
0.0034587669
0.0034019054
0.0033487085
0.0032988795
0.003252017
0.0032076467
0.0031652636
0.0031243863
0.0030846006
0.0030455716
0.0030070399
0.002968817
0.0029307587
0.0028927503
0.0028547171
0.0028166229
0.00277847
0.0027402902
0.0027021094
0.0026639408
0.0026257925
0.0025876847
0.0025496401
0.0025116578
0.0024737089
0.0024357844
0.0023979058
0.0023600579
0.0023221867
0.0022842694
0.0022463222
0.0022083178
0.0021701974
0.0021319415
0.0020935591
0.002054999
0.0020162192
0.001977223
0.0019379768
0.001898434
0.00185859
0.0018184191
0.0017778744
0.0017369528
0.0016956238
0.0016538457
0.0016116164
0.001568898
0.0015256646
0.0014819001
0.0014375736
0.0013926698
0.0013471608
0.0013010276
0.0012542541
0.0012068209
0.0011587127
0.0011099175
0.0010604269
0.0010102376
0.0009593533
0.00090778577
0.00085556218
0.0008027189
0.00074933771
0.00069548154
0.00064140602
0.00058708357
0.00053355103
0.0004796191
0.00043073602
0.00037661586
0.00035084324
0.00027682639
0.0004671579
-0.00027211242
0.0050960495
0.0050708838
0.0050401107
0.0050014501
0.004954033
0.0048987466
0.0048366942
0.004768764
0.0046958544
0.0046189468
0.0045390053
0.0044569055
0.0043734306
0.0042892845
0.0042050989
0.0041214401
0.0040388228
0.0039577224
0.0038785828
0.0038018167
0.0037278004
0.0036568631
0.0035892733
0.0035252224
0.0034648068
0.0034080104
0.0033546947
0.0033046016
0.0032573721
0.0032125765
0.0031697519
0.0031284495
0.0030882752
0.0030489037
0.0030100784
0.0029716069
0.0029333416
0.0028951656
0.0028570001
0.0028188037
0.0027805712
0.002742325
0.0027040862
0.0026658658
0.0026276707
0.0025895181
0.002551427
0.0025133965
0.0024754018
0.002437433
0.0023995063
0.0023616078
0.0023236889
0.0022857262
0.0022477305
0.0022096767
0.0021715103
0.00213321
0.002094781
0.0020561763
0.0020173547
0.0019783159
0.0019390282
0.0018994467
0.001859564
0.0018193551
0.0017787751
0.0017378181
0.0016964549
0.0016546447
0.0016123833
0.0015696343
0.0015263716
0.0014825785
0.0014382247
0.0013932942
0.0013477597
0.0013016019
0.0012548045
0.0012073482
0.0011592177
0.0011104008
0.0010608892
0.0010106793
0.00095977489
0.00090818748
0.00085594406
0.00080308083
0.00074967898
0.00069580141
0.00064170158
0.00058735373
0.0005337839
0.00047981917
0.00043084436
0.00037670462
0.00035040502
0.00027813405
0.00045744556
-0.00025887785
0.0050421833
0.0050182089
0.0049891326
0.0049528406
0.0049084844
0.0048567735
0.004798616
0.0047347487
0.0046659431
0.0045930701
0.0045170079
0.0044385748
0.00435852
0.0042775293
0.0041962276
0.0041151825
0.0040349131
0.0039558995
0.003878589
0.0038033959
0.0037306974
0.0036608241
0.0035940475
0.0035305658
0.0034704872
0.0034138151
0.0033604393
0.0033101377
0.0032625923
0.0032174158
0.0031741856
0.0031324853
0.0030919418
0.0030522412
0.0030131307
0.0029744163
0.0029359476
0.0028976058
0.0028593087
0.0028210099
0.0027826972
0.0027443846
0.002706088
0.002667816
0.0026295745
0.0025913774
0.0025532404
0.0025151626
0.0024771224
0.0024391094
0.0024011352
0.0023631867
0.0023252201
0.0022872117
0.0022491677
0.0022110644
0.0021728517
0.0021345066
0.0020960307
0.002057381
0.0020185171
0.0019794353
0.0019401055
0.0019004847
0.0018605627
0.0018203152
0.0017796993
0.0017387064
0.0016973082
0.0016554654
0.0016131712
0.0015703911
0.0015270984
0.001483276
0.0014388944
0.0013939366
0.001348376
0.0013021931
0.0012553712
0.0012078913
0.001159738
0.0011108989
0.0010613657
0.0010111347
0.00096020964
0.00090860182
0.00085633801
0.00080345422
0.00075003103
0.00069613128
0.00064200608
0.00058763165
0.00053402226
0.00048002301
0.00043094973
0.00037678258
0.00034997397
0.00027940191
0.000447694
-0.00024571511
0.0049896623
0.0049667794
0.004939241
0.0049050973
0.0048635309
0.0048151056
0.0047605639
0.0047005097
0.0046355985
0.0045665955
0.0044942932
0.0044194487
0.0043427707
0.0042649202
0.0041865089
0.0041080995
0.0040302105
0.0039533234
0.0038778864
0.0038043142
0.0037329843
0.003664228
0.0035983201
0.0035354649
0.0034757823
0.0034192948
0.0033659185
0.0033154655
0.0032676567
0.0032221454
0.0031785476
0.0031364791
0.0030955882
0.0030555736
0.0030161883
0.002977238
0.0029385706
0.0029000661
0.0028616388
0.0028232382
0.0027848453
0.0027464665
0.0027081126
0.0026697896
0.0026315021
0.0025932611
0.002555079
0.0025169549
0.0024788698
0.0024408129
0.0024027917
0.0023647938
0.0023267798
0.0022887256
0.0022506334
0.0022124808
0.0021742214
0.0021358312
0.0020973083
0.0020586132
0.0020197064
0.0019805812
0.0019412089
0.0019015481
0.0018615863
0.0018212998
0.0017806473
0.0017396177
0.0016981841
0.0016563079
0.0016139804
0.0015711684
0.0015278452
0.0014839929
0.0014395828
0.0013945971
0.0013490099
0.0013028012
0.0012559543
0.0012084502
0.0011602735
0.0011114117
0.0010618563
0.0010116038
0.0009606575
0.00090902871
0.00085674392
0.00080383894
0.00075039367
0.00069647091
0.00064231922
0.00058791701
0.00053426573
0.00048023021
0.00043105138
0.00037684888
0.00034955761
0.00028061407
0.00043787896
-0.00023259264
0.0049384092
0.0049165309
0.0048903927
0.0048582039
0.0048191849
0.0047737803
0.004722593
0.0046661118
0.0046048873
0.0045395856
0.0044709154
0.0043995702
0.0043262137
0.0042514764
0.004175951
0.0041001897
0.0040247061
0.0039499793
0.0038764558
0.0038045495
0.0037346367
0.0036670494
0.0036020648
0.0035398935
0.0034806666
0.0034244242
0.0033711079
0.0033205618
0.0032725437
0.0032267454
0.0031828202
0.0031404151
0.0030992008
0.0030588898
0.0030192418
0.0029800643
0.0029412043
0.0029025408
0.0028639859
0.0028254845
0.0027870121
0.0027485677
0.0027101573
0.0026717843
0.0026334516
0.0025951674
0.0025569413
0.002518772
0.0024806427
0.0024425424
0.002404475
0.0023664285
0.0023283673
0.0022902674
0.0022521272
0.0022139256
0.0021756193
0.0021371837
0.0020986138
0.0020598729
0.0020209228
0.0019817538
0.0019423385
0.0019026371
0.001862635
0.0018223089
0.0017816191
0.0017405524
0.0016990826
0.0016571724
0.001614811
0.0015719666
0.0015286122
0.0014847294
0.0014402901
0.001395276
0.0013496615
0.0013034264
0.0012565539
0.0012090251
0.0011608244
0.0011119393
0.0010623613
0.0010120865
0.00096111847
0.0009094681
0.0008571617
0.00080423484
0.00075076672
0.00069682008
0.00064264071
0.00058820945
0.00053451384
0.00048044022
0.00043114848
0.00037690434
0.00034915057
0.00028176389
0.00042799968
-0.00021950359
0.0048883545
0.0048674039
0.0048425464
0.0048121422
0.0047754537
0.0047328281
0.0046847516
0.0046316141
0.0045738725
0.0045121013
0.0044469286
0.004378984
0.0043088826
0.0042372202
0.0041645657
0.0040914557
0.0040183946
0.0039458554
0.0038742807
0.0038040814
0.0037356319
0.0036692638
0.0036052564
0.003543826
0.0034851144
0.0034291782
0.0033759831
0.0033254031
0.0032772308
0.0032311951
0.0031869845
0.0031442768
0.0031027654
0.0030621775
0.0030222811
0.0029828865
0.0029438413
0.002905024
0.0028663446
0.0028277445
0.0027891938
0.002750685
0.0027122193
0.0026737975
0.0026354206
0.0025970942
0.0025588255
0.0025206123
0.0024824398
0.0024442968
0.002406184
0.0023680898
0.0023299819
0.0022918364
0.0022536487
0.0022153983
0.0021770452
0.0021385639
0.0020999469
0.00206116
0.0020221662
0.0019829531
0.0019434944
0.0019037519
0.001863709
0.0018233427
0.001782615
0.0017415107
0.0017000042
0.0016580593
0.0016156633
0.0015727858
0.0015293996
0.0014854858
0.0014410167
0.0013959735
0.0013503311
0.0013040691
0.0012571704
0.0012096162
0.0011613909
0.0011124819
0.0010628806
0.0010125831
0.0009615926
0.00090992002
0.00085759132
0.00080464186
0.00075115005
0.0006971786
0.0006429703
0.00058850862
0.00053476611
0.00048065245
0.00043124018
0.0003769473
0.00034875082
0.00028284646
0.00041806419
-0.00020645752
0.0048394347
0.0048193442
0.0047956628
0.0047668929
0.0047323407
0.004692274
0.0046470816
0.0045970699
0.0045426127
0.0044842011
0.0044223867
0.0043577357
0.0042908134
0.0042221774
0.0041523684
0.0040819036
0.0040112739
0.003940943
0.0038713471
0.003802892
0.0037359489
0.0036708482
0.0036078706
0.0035472375
0.0034891003
0.0034335316
0.003380519
0.0033299651
0.0032816952
0.0032354729
0.0031910209
0.0031480466
0.0031062665
0.0030654235
0.0030252948
0.0029856952
0.0029464736
0.0029075088
0.0028687093
0.0028300133
0.0027913861
0.0027528146
0.0027142952
0.0026758262
0.0026374065
0.0025990394
0.0025607295
0.002522474
0.0024842595
0.0024460745
0.0024079175
0.0023697767
0.0023316227
0.002293432
0.0022551971
0.0022168984
0.0021784984
0.0021399715
0.0021013075
0.0020624744
0.0020234364
0.001984179
0.0019446766
0.0019048925
0.0018648084
0.0018244014
0.0017836352
0.0017424927
0.0017009489
0.0016589687
0.0016165377
0.0015736264
0.0015302077
0.0014862622
0.0014417627
0.0013966898
0.0013510189
0.0013047293
0.0012578037
0.0012102236
0.0011619731
0.0011130396
0.0010634144
0.0010130935
0.00096207997
0.00091038451
0.00085803281
0.00080505997
0.00075154359
0.00069754632
0.00064330776
0.00058881421
0.00053502209
0.00048086629
0.00043132566
0.00037697547
0.00034835938
0.00028385375
0.00040808271
-0.00019346965
0.0047915922
0.0047723015
0.0047497046
0.0047224357
0.0046898456
0.0046521374
0.0046096193
0.0045625271
0.0045111625
0.0044559406
0.0043973421
0.0043358716
0.0042720439
0.0042063761
0.0041393778
0.0040715429
0.0040033454
0.0039352368
0.0038676438
0.0038009656
0.0037355688
0.0036717813
0.0036098843
0.0035501035
0.0034925994
0.0034374592
0.0033846909
0.0033342236
0.0032859134
0.0032395567
0.0031949089
0.0031517062
0.0031096881
0.0030686138
0.0030282711
0.0029884801
0.0029490924
0.0029099876
0.0028710734
0.0028322853
0.0027935844
0.0027549524
0.0027163816
0.0026778673
0.0026394065
0.0026010003
0.002562651
0.002524355
0.0024860998
0.0024478742
0.0024096741
0.002371488
0.0023332887
0.0022950532
0.0022567719
0.0022184253
0.0021799787
0.0021414061
0.0021026952
0.0020638159
0.0020247336
0.0019854316
0.0019458852
0.001906059
0.0018659332
0.0018254852
0.0017846798
0.0017434986
0.001701917
0.0016599008
0.0016174342
0.0015744886
0.0015310368
0.0014870589
0.0014425284
0.0013974252
0.0013517251
0.0013054073
0.0012584543
0.0012108476
0.0011625712
0.0011136126
0.0010639629
0.001013618
0.0009625807
0.00091086167
0.00085848621
0.00080548918
0.00075194729
0.00069792313
0.0006436529
0.00058912592
0.00053528134
0.00048108116
0.00043140394
0.00037699141
0.00034796845
0.00028477061
0.00039806897
-0.0001805549
0.0047447739
0.0047262296
0.0047046361
0.00467875
0.0046479654
0.0046124334
0.0045723955
0.0045280286
0.0044795718
0.0044273727
0.0043718461
0.004313438
0.0042526132
0.004189847
0.0041256154
0.0040603865
0.0039946141
0.0039287344
0.0038631628
0.0037982894
0.0037344748
0.0036720433
0.0036112757
0.003552401
0.0034955877
0.0034409361
0.0033884737
0.0033381538
0.0032898614
0.0032434239
0.0031986273
0.0031552362
0.0031130128
0.0030717333
0.0030311967
0.00299123
0.0029516881
0.0029124523
0.0028734298
0.0028345543
0.0027957833
0.0027570938
0.0027184742
0.002679917
0.0026414174
0.0026029742
0.0025645874
0.0025262529
0.0024879589
0.0024496939
0.0024114523
0.0023732221
0.0023349786
0.002296699
0.002258372
0.0022199783
0.0021814854
0.0021428673
0.0021041097
0.0020651842
0.0020260573
0.0019867107
0.00194712
0.0019072513
0.0018670836
0.0018265941
0.001785749
0.0017445287
0.0017029087
0.0016608559
0.0016183531
0.0015753725
0.001531887
0.0014878763
0.001443314
0.00139818
0.00135245
0.0013061034
0.0012591223
0.0012114884
0.0011631855
0.0011142011
0.0010645262
0.0010141566
0.00096309492
0.00091135159
0.0008589516
0.00080592952
0.00075236112
0.00069830896
0.00064400557
0.00058944348
0.00053554345
0.0004812965
0.000431474
0.00037699967
0.00034755865
0.00028559055
0.00038803718
-0.00016773067
0.0046989312
0.0046810855
0.0046604236
0.0046358147
0.0046066949
0.0045731731
0.0045354362
0.004493612
0.0044478863
0.0043985467
0.0043459479
0.0042904807
0.0042325611
0.0041726223
0.0041111056
0.0040484503
0.0039850879
0.003921437
0.0038578988
0.0037948531
0.0037326525
0.0036716164
0.0036120244
0.0035541076
0.0034980415
0.0034439382
0.0033918428
0.0033417312
0.0032935151
0.003247051
0.0032021544
0.0031586166
0.0031162227
0.003074766
0.0030340579
0.0029939328
0.0029542503
0.0029148936
0.0028757707
0.0028368137
0.0027979769
0.0027592336
0.0027205685
0.0026819714
0.0026434356
0.0026049577
0.002566536
0.0025281652
0.0024898343
0.0024515317
0.0024132501
0.0023749776
0.002336691
0.0022983683
0.0022599965
0.0022215565
0.0021830178
0.0021443544
0.0021055505
0.002066579
0.0020274073
0.0019880161
0.001948381
0.0019084695
0.0018682595
0.0018277281
0.0017868429
0.001745583
0.0017039241
0.0016618342
0.0016192947
0.0015762785
0.0015327587
0.0014887144
0.0014441199
0.0013989543
0.0013531939
0.0013068177
0.001259808
0.0012121462
0.0011638162
0.0011148054
0.0010651047
0.0010147096
0.0009636228
0.00091185441
0.00085942906
0.00080638104
0.0007527851
0.00069870375
0.00064436561
0.00058976666
0.000535808
0.00048151176
0.00043153481
0.00037700514
0.00034709575
0.00028632153
0.00037800165
-0.00015502316
0.0046540188
0.0046368289
0.0046170348
0.0045936086
0.0045660268
0.0045343642
0.0044987629
0.0044593105
0.0044161476
0.0043695088
0.0043196947
0.0042670448
0.0042119281
0.0041547363
0.0040958747
0.0040357531
0.0039747781
0.0039133486
0.0038518499
0.0037906492
0.0037300898
0.0036704852
0.003612112
0.0035552027
0.0034999383
0.0034464418
0.0033947737
0.003344931
0.00329685
0.0032504145
0.0032054676
0.0031618266
0.0031192988
0.0030776951
0.0030368397
0.0029965756
0.0029567675
0.0029173019
0.0028780876
0.0028390559
0.0028001589
0.0027613663
0.0027226595
0.002684026
0.002645457
0.0026069473
0.0025684933
0.0025300891
0.0024917236
0.0024533852
0.0024150657
0.0023767526
0.0023384244
0.0023000597
0.0022616442
0.0022231589
0.0021845749
0.0021458667
0.002107017
0.0020679996
0.0020287834
0.0019893474
0.0019496679
0.0019097133
0.0018694607
0.0018288873
0.0017879615
0.0017466615
0.0017049634
0.0016628357
0.001620259
0.0015772067
0.001533652
0.0014895736
0.0014449461
0.0013997484
0.0013539569
0.0013075507
0.0012605116
0.0012128212
0.0011644635
0.0011154256
0.0010656983
0.0010152772
0.00096416447
0.00091237024
0.00085991869
0.00080684379
0.00075321923
0.00069910743
0.00064473289
0.00059009522
0.00053607462
0.00048172637
0.00043158532
0.00037701086
0.00034655534
0.00028696719
0.00036797372
-0.00014246203
0.0046099951
0.0045934225
0.004574439
0.0045521108
0.0045259523
0.0044960113
0.0044623933
0.0044251531
0.0043843929
0.0043403017
0.0042931314
0.0042431741
0.0041907545
0.0041362237
0.0040799514
0.0040223162
0.0039636989
0.0039044765
0.0038450169
0.0037856731
0.0037267776
0.0036686363
0.0036115219
0.003555667
0.003501257
0.0034484239
0.0033972426
0.0033477288
0.0032998417
0.0032534905
0.0032085441
0.0031648448
0.0031222215
0.0030805029
0.0030395263
0.0029991443
0.0029592275
0.0029196663
0.0028803711
0.0028412729
0.002802322
0.0027634854
0.0027247416
0.0026860757
0.0026474773
0.0026089391
0.0025704561
0.0025320212
0.0024936237
0.002455252
0.0024168966
0.002378545
0.002340177
0.0023017717
0.0022633137
0.0022247842
0.0021861559
0.0021474034
0.0021085084
0.0020694456
0.0020301849
0.0019907044
0.0019509805
0.0019109826
0.0018706873
0.0018300715
0.0017891048
0.0017477644
0.0017060265
0.0016638606
0.0016212462
0.0015781573
0.0015345671
0.001490454
0.001445793
0.0014005625
0.0013547393
0.0013083023
0.0012612332
0.0012135137
0.0011651276
0.0011160619
0.0010663074
0.0010158594
0.00096472009
0.00091289922
0.00086042059
0.00080731784
0.00075366352
0.00069951997
0.00064510728
0.00059042889
0.00053634288
0.00048193976
0.00043162455
0.0003770152
0.00034593728
0.00028752389
0.0003579614
-0.00013007327
0.004566821
0.0045508309
0.0045326067
0.0045113002
0.0044864614
0.0044581166
0.0044263414
0.0043911644
0.0043526558
0.0043109647
0.0042663001
0.004218911
0.0041690803
0.0041171205
0.0040633656
0.0040081632
0.003951867
0.003894831
0.003837404
0.0037799232
0.003722709
0.0036660586
0.0036102395
0.0035554829
0.0035019774
0.0034498628
0.0033992262
0.0033501006
0.003302466
0.0032562548
0.0032113606
0.0031676491
0.0031249704
0.0030831707
0.0030421012
0.0030016242
0.0029616174
0.0029219755
0.0028826112
0.0028434558
0.0028044586
0.0027655843
0.0027268088
0.0026881153
0.0026494915
0.0026109287
0.0025724202
0.002533958
0.0024955316
0.0024571291
0.0024187404
0.0023803527
0.0023419467
0.0023035024
0.0022650034
0.0022264311
0.0021877594
0.0021489634
0.0021100239
0.0020709163
0.0020316112
0.0019920865
0.0019523182
0.0019122771
0.001871939
0.0018312806
0.0017902726
0.0017488915
0.0017071136
0.001664909
0.0016222564
0.0015791303
0.0015355041
0.0014913558
0.0014466606
0.0014013968
0.0013555413
0.0013090729
0.0012619732
0.0012142239
0.0011658087
0.0011167145
0.0010669321
0.0010164565
0.00096528981
0.00091344146
0.00086093484
0.00080780324
0.00075411797
0.00069994128
0.00064548864
0.00059076743
0.00053661239
0.00048215131
0.00043165157
0.00037701463
0.00034524338
0.00028798824
0.00034797448
-0.00011788016
0.00452446
0.0045090209
0.0044915098
0.004471156
0.004447543
0.0044206799
0.0043906183
0.0043573658
0.0043209658
0.0042815338
0.0042392406
0.0041942961
0.0041469449
0.0040974626
0.0040461487
0.0039933197
0.0039393018
0.0038844251
0.0038290179
0.0037734006
0.0037178802
0.0036627437
0.0036082523
0.0035546347
0.0035020811
0.0034507376
0.0034007022
0.0033520229
0.0033046987
0.0032586835
0.0032138936
0.0031702171
0.0031275245
0.0030856794
0.0030445468
0.0030039996
0.0029639232
0.0029242171
0.0028847969
0.002845595
0.0028065602
0.0027676553
0.0027288544
0.0026901388
0.0026514945
0.0026129114
0.0025743814
0.0025358957
0.0024974437
0.0024590135
0.0024205943
0.002382173
0.0023437314
0.0023052498
0.0022667116
0.002228098
0.0021893842
0.0021505456
0.0021115625
0.0020724106
0.0020330618
0.001993493
0.0019536808
0.0019135963
0.0018732153
0.0018325144
0.0017914649
0.0017500429
0.0017082245
0.0016659807
0.0016232896
0.0015801258
0.0015364631
0.0014922791
0.0014475491
0.0014022514
0.001356363
0.0013098627
0.0012627317
0.0012149519
0.0011665069
0.0011173836
0.0010675725
0.0010170687
0.00096587375
0.00091399708
0.00086146154
0.00080830001
0.00075458258
0.00070037131
0.00064587681
0.00059111056
0.0005368827
0.00048236035
0.00043166533
0.00037700716
0.00034448623
0.00028834263
0.0003380193
-0.00010590743
0.004482878
0.0044679613
0.0044511213
0.0044316577
0.0044091851
0.004383699
0.0043552321
0.0043237749
0.0042893493
0.0042520416
0.0042119895
0.0041693681
0.0041243866
0.004077286
0.0040283329
0.0039778129
0.0039260248
0.0038732743
0.0038198683
0.0037661095
0.00371229
0.0036586857
0.0036055503
0.0035531087
0.0035015514
0.0034510292
0.0034016492
0.0033534729
0.0033065161
0.0032607526
0.0032161195
0.003172526
0.0031298623
0.0030880088
0.0030468448
0.0030062542
0.0029661301
0.0029263778
0.0028869165
0.0028476802
0.0028086175
0.0027696903
0.0027308711
0.0026921395
0.0026534803
0.0026148818
0.0025763349
0.00253783
0.0024993562
0.0024609017
0.002422455
0.0023840031
0.0023455284
0.0023070118
0.0022684363
0.0022297832
0.0021910287
0.0021521487
0.002113123
0.0020739277
0.0020345357
0.0019949234
0.0019550674
0.0019149399
0.0018745161
0.0018337726
0.0017926813
0.0017512181
0.0017093591
0.0016670759
0.0016243458
0.001581144
0.0015374442
0.0014932239
0.0014484587
0.0014031266
0.0013572046
0.0013106716
0.0012635088
0.0012156979
0.0011672225
0.0011180693
0.0010682289
0.0010176959
0.00096647203
0.00091456615
0.00086200072
0.0008088082
0.00075505731
0.00070080996
0.00064627159
0.00059145797
0.00053715334
0.00048256619
0.0004316648
0.00037699053
0.00034368913
0.00028855676
0.00032810706
-9.4183592e-05
0.0044420426
0.0044276223
0.0044114153
0.004392785
0.004371375
0.0043471704
0.0043201884
0.0042904065
0.0042578289
0.0042225175
0.0041845811
0.0041441637
0.0041014426
0.0040566266
0.0040099507
0.0039616713
0.0039120596
0.0038613966
0.0038099677
0.0037580565
0.0037059399
0.0036538814
0.0036021258
0.0035508932
0.0035003731
0.0034507196
0.0034020471
0.0033544286
0.0033078952
0.0032624383
0.0032180146
0.0031745527
0.0031319616
0.0030901385
0.0030489763
0.0030083704
0.0029682224
0.0029284438
0.0028889576
0.0028497002
0.0028106208
0.0027716806
0.0027328511
0.0026941105
0.0026554425
0.0026168343
0.0025782756
0.0025397561
0.0025012648
0.0024627898
0.0024243192
0.0023858399
0.0023473349
0.0023087858
0.0022701752
0.0022314846
0.0021926911
0.0021537712
0.002114704
0.0020754664
0.0020360318
0.0019963767
0.0019564775
0.0019163071
0.0018758407
0.0018350546
0.0017939216
0.0017524172
0.0017105173
0.0016681942
0.0016254249
0.0015821846
0.0015384473
0.0014941903
0.0014493894
0.0014040222
0.0013580662
0.0013115
0.0012643047
0.001216462
0.0011679555
0.0011187718
0.0010689012
0.0010183385
0.00096708474
0.00091514876
0.00086255244
0.00080932779
0.00075554211
0.0007012571
0.0006466728
0.00059180933
0.00053742384
0.00048276809
0.0004316489
0.00037696303
0.0003428487
0.00028856799
0.00031829492
-8.2727617e-05
0.0044019233
0.0043879754
0.0043723666
0.0043545179
0.0043340995
0.0043110889
0.0042854908
0.0042572727
0.0042264247
0.004192988
0.0041570467
0.0041187174
0.0040781486
0.0040355193
0.0039910353
0.0039449243
0.0038974311
0.0038488122
0.0037993307
0.0037492512
0.0036988341
0.0036483298
0.0035979735
0.003547979
0.0034985334
0.0034497925
0.0034018769
0.0033548692
0.0033088135
0.0032637175
0.0032195553
0.0031762741
0.0031338003
0.0030920472
0.0030509217
0.0030103303
0.0029701838
0.0029304
0.0028909068
0.0028516431
0.0028125593
0.0027736166
0.0027347858
0.0026960441
0.0026573743
0.0026187626
0.0025801977
0.0025416689
0.0025031649
0.0024646736
0.0024261831
0.00238768
0.002349148
0.0023105691
0.002271926
0.0022332002
0.0021943696
0.0021554112
0.0021163041
0.0020770253
0.0020375491
0.0019978519
0.0019579101
0.0019176972
0.0018771885
0.0018363601
0.0017951854
0.0017536396
0.0017116987
0.0016693356
0.0016265268
0.0015832476
0.0015394725
0.0014951783
0.0014503411
0.0014049385
0.0013589478
0.0013123478
0.0012651194
0.0012172443
0.0011687061
0.0011194911
0.0010695897
0.0010189963
0.00096771193
0.00091574493
0.0008631167
0.00080985876
0.00075603691
0.0007017126
0.00064708019
0.00059216427
0.00053769367
0.00048296523
0.00043161646
0.00037692472
0.00034186925
0.00028833531
0.00030867001
-7.1529111e-05
0.0043624913
0.0043489938
0.0043339512
0.0043168366
0.0042973451
0.004275448
0.0042511406
0.0042243829
0.0041951535
0.0041634766
0.004129415
0.0040930615
0.0040545387
0.0040139984
0.0039716193
0.0039276021
0.0038821658
0.0038355428
0.0037879743
0.0037397054
0.0036909794
0.0036420331
0.0035930906
0.0035443587
0.0034960211
0.0034482337
0.0034011215
0.0033547749
0.0033092497
0.0032645675
0.0032207187
0.0031776671
0.0031353558
0.0030937135
0.0030526607
0.0030121152
0.002971997
0.002932231
0.0028927501
0.0028534962
0.0028144216
0.0027754881
0.002736666
0.002697932
0.0026592682
0.00262066
0.0025820953
0.0025435629
0.0025050513
0.0024665486
0.0024280424
0.0023895195
0.0023509641
0.0023123586
0.0022736858
0.0022349273
0.0021960618
0.0021570669
0.0021179214
0.0020786029
0.0020390863
0.0019993478
0.0019593642
0.0019191094
0.0018785588
0.0018376884
0.001796472
0.0017548849
0.0017129031
0.0016704997
0.0016276512
0.0015843329
0.0015405196
0.0014961878
0.0014513139
0.0014058753
0.0013598494
0.0013132151
0.001265953
0.0012180449
0.0011694742
0.0011202274
0.0010702944
0.0010196696
0.00096835365
0.00091635469
0.0008636935
0.00081040105
0.0007565416
0.00070217626
0.0006474935
0.00059252239
0.00053796225
0.00048315675
0.00043156634
0.00037687689
0.00034071486
0.00028783063
0.00029924476
-6.0578534e-05
0.0043237189
0.0043106516
0.0042961458
0.0042797219
0.0042610979
0.0042402406
0.004217138
0.0041917444
0.0041640297
0.0041340042
0.0041017123
0.004067226
0.0040306452
0.0039920972
0.0039517353
0.0039097352
0.0038662911
0.0038216121
0.0037759177
0.0037294334
0.0036823852
0.0036349955
0.0035874769
0.0035400279
0.0034928274
0.0034460307
0.003399765
0.0033541274
0.0033091832
0.0032649664
0.0032214819
0.0031787088
0.0031366056
0.0030951156
0.0030541726
0.0030137058
0.0029736443
0.0029339204
0.0028944724
0.002855246
0.0028161957
0.0027772841
0.0027384818
0.0026997653
0.002661116
0.0026225189
0.0025839614
0.0025454319
0.0025069186
0.0024684096
0.0024298926
0.0023913544
0.0023527795
0.0023141509
0.0022754515
0.0022366633
0.0021977654
0.002158736
0.0021195541
0.0020801975
0.0020406417
0.0020008632
0.0019608387
0.0019205427
0.0018799507
0.0018390387
0.0017977809
0.0017561527
0.0017141299
0.0016716862
0.0016287978
0.0015854402
0.0015415883
0.0014972187
0.0014523076
0.0014068325
0.0013607711
0.0013141018
0.0012668055
0.0012188637
0.00117026
0.0011209805
0.0010710152
0.0010203582
0.00096900988
0.00091697801
0.00086428277
0.00081095458
0.00075705603
0.00070264788
0.0006479124
0.00059288323
0.000538229
0.00048334171
0.00043149726
0.00037682208
0.00033943294
0.00028700004
0.00028999355
-4.9891905e-05
0.0042855795
0.0042729235
0.0042589276
0.0042431545
0.0042253434
0.0042054582
0.004183481
0.0041593623
0.0041330654
0.0041045889
0.0040739619
0.0040412387
0.0040064987
0.0039698475
0.0039314153
0.0038913541
0.0038498351
0.0038070448
0.0037631816
0.0037184514
0.0036730631
0.0036272239
0.0035811344
0.0035349839
0.0034889458
0.0034431728
0.0033977935
0.0033529098
0.0033085949
0.0032648934
0.0032218229
0.0031793765
0.003137527
0.0030962315
0.0030554364
0.0030150821
0.002975107
0.0029354511
0.0028960582
0.0028568783
0.0028178685
0.0027789929
0.0027402226
0.0027015342
0.002662909
0.0026243317
0.0025857891
0.0025472693
0.0025087608
0.0024702514
0.0024317288
0.0023931801
0.00235459
0.0023159423
0.0022772199
0.002238405
0.0021994776
0.0021604162
0.0021212
0.0020818071
0.0020422137
0.0020023965
0.0019623321
0.0019219959
0.0018813631
0.0018404101
0.0017991113
0.0017574422
0.0017153785
0.0016728946
0.0016299662
0.0015865692
0.0015426785
0.0014982706
0.0014533221
0.0014078102
0.0013617126
0.0013150079
0.0012676768
0.0012197008
0.0011710633
0.0011217506
0.0010717522
0.0010210622
0.0009696806
0.00091761483
0.00086488442
0.00081151921
0.00075758003
0.0007031272
0.00064833656
0.00059324631
0.00053849325
0.00048351909
0.00043140792
0.00037675687
0.00033803294
0.00028583135
0.00028090843
-3.9482685e-05
0.0042480489
0.0042357863
0.0042222749
0.0042071159
0.0041900678
0.0041710921
0.004150167
0.0041272405
0.0041022707
0.0040752469
0.0040461855
0.0040151253
0.0039821283
0.0039472802
0.0039106904
0.0038724895
0.0038328266
0.0037918669
0.0037497885
0.003706778
0.0036630269
0.0036187275
0.0035740677
0.003529227
0.0034843719
0.0034396518
0.0033951952
0.003351107
0.0033074669
0.0032643286
0.0032217205
0.0031796483
0.0031380979
0.0030970392
0.0030564308
0.0030162239
0.0029763662
0.0029368053
0.0028974911
0.0028583782
0.0028194264
0.0027806021
0.0027418771
0.0027032286
0.002664638
0.0026260896
0.0025875704
0.0025490681
0.0025105712
0.0024720678
0.0024335456
0.0023949916
0.0023563913
0.0023177288
0.0022789873
0.0022401493
0.0022011953
0.0021621047
0.0021228566
0.0020834295
0.0020438004
0.0020039459
0.0019638431
0.0019234676
0.001882795
0.0018418016
0.0018004623
0.0017587526
0.0017166484
0.0016741243
0.001631156
0.0015877194
0.0015437897
0.0014993434
0.0014543571
0.0014088079
0.0013626738
0.0013159332
0.0012685668
0.001220556
0.0011718842
0.0011225375
0.0010725053
0.0010217814
0.00097036571
0.00091826505
0.00086549834
0.00081209477
0.00075811337
0.00070361391
0.00064876558
0.00059361107
0.00053875435
0.00048368774
0.00043129778
0.0003766583
0.00033655096
0.00028435936
0.0002719511
-2.9357696e-05
0.0042111011
0.0041992159
0.0041861658
0.0041715869
0.0041552556
0.004137132
0.0041171911
0.0040953798
0.0040716525
0.004045991
0.0040184011
0.0039889085
0.0039575598
0.0039244237
0.0038895904
0.0038531709
0.003815294
0.0037761048
0.0037357616
0.0036944327
0.0036522924
0.0036095178
0.0035662837
0.0035227595
0.0034791038
0.0034354616
0.00339196
0.0033487057
0.0033057832
0.0032632534
0.0032211544
0.0031795028
0.0031382964
0.003097517
0.0030571345
0.0030171107
0.0029774023
0.0029379648
0.0028987542
0.0028597299
0.0028208551
0.0027820985
0.0027434333
0.0027048375
0.0026662928
0.0026277837
0.002589297
0.0025508207
0.0025123432
0.0024738526
0.0024353371
0.0023967837
0.0023581785
0.0023195059
0.0022807496
0.0022418924
0.0022029154
0.0021637985
0.0021245213
0.0020850625
0.0020453996
0.0020055096
0.0019653698
0.0019249563
0.0018842449
0.001843212
0.0018018329
0.0017600831
0.0017179387
0.0016753746
0.0016323664
0.0015888903
0.0015449215
0.0015004367
0.0014554122
0.0014098256
0.0013636545
0.0013168776
0.0012694753
0.0012214292
0.0011727224
0.0011233411
0.0010732744
0.0010225159
0.00097106509
0.00091892853
0.00086612435
0.00081268106
0.00075865578
0.0007041077
0.00064919904
0.00059397698
0.00053901156
0.00048384658
0.00043116561
0.00037651075
0.0003350092
0.0002826195
0.00026307467
-1.9525089e-05
0.0038940238
0.0040387489
0.004253678
0.0045021915
0.0048016892
0.0051603309
0.0055704262
0.0061154829
0.0067451381
0.0082464045
0.0038940149
0.0040387276
0.0042536387
0.0045021108
0.0048015081
0.005159876
0.0055693201
0.0061105984
0.0067327809
0.0079553576
0.0038939976
0.0040386891
0.0042535669
0.004501961
0.0048011689
0.0051590479
0.0055672188
0.0061024611
0.0067108529
0.00772305
0.0038939701
0.0040386286
0.0042534538
0.0045017244
0.0048006336
0.0051577465
0.0055639625
0.0060906845
0.006678685
0.0075377616
0.0038939314
0.0040385436
0.004253295
0.0045013925
0.0047998844
0.0051559308
0.0055594463
0.0060755411
0.0066365724
0.0073715045
0.0038938806
0.0040384321
0.0042530865
0.0045009569
0.0047989039
0.0051535655
0.005553584
0.0060572757
0.0065862619
0.0072185135
0.0038938165
0.0040382916
0.0042528236
0.0045004083
0.0047976726
0.0051506104
0.0055463698
0.0060359689
0.0065311229
0.0070763674
0.0038937378
0.0040381193
0.0042525013
0.0044997363
0.0047961697
0.0051470263
0.0055377725
0.0060117698
0.0064736372
0.0069417214
0.0038936432
0.0040379124
0.0042521141
0.0044989301
0.0047943739
0.005142775
0.0055277602
0.0059848912
0.0064140132
0.0068139616
0.0038935313
0.0040376677
0.0042516563
0.0044979783
0.004792263
0.0051378193
0.0055163091
0.005955517
0.0063525558
0.0066928018
0.0038934004
0.0040373819
0.0042511216
0.0044968689
0.0047898143
0.0051321236
0.005503403
0.0059238278
0.0062896719
0.0065778458
0.003893249
0.0040370515
0.0042505036
0.0044955892
0.0047870042
0.005125654
0.0054890324
0.0058900077
0.006225735
0.0064686627
0.0038930752
0.0040366726
0.0042497953
0.0044941259
0.0047838089
0.0051183783
0.0054731954
0.0058542401
0.0061610736
0.0063648354
0.003892877
0.0040362412
0.0042489892
0.004492465
0.004780204
0.0051102665
0.0054558972
0.0058167059
0.0060959807
0.0062659653
0.0038926525
0.004035753
0.0042480774
0.0044905921
0.0047761649
0.0051012912
0.0054371505
0.005777582
0.0060307167
0.0061716729
0.0038923993
0.0040352034
0.0042470517
0.0044884921
0.0047716667
0.0050914275
0.0054169755
0.0057370403
0.0059655108
0.0060815999
0.0038921152
0.0040345874
0.0042459033
0.0044861491
0.0047666845
0.0050806533
0.0053953989
0.0056952474
0.0059005623
0.0059954117
0.0038917974
0.0040338999
0.0042446227
0.0044835469
0.0047611936
0.0050689499
0.0053724546
0.0056523631
0.005836043
0.005912798
0.0038914434
0.0040331353
0.0042432003
0.0044806686
0.0047551693
0.0050563016
0.0053481826
0.0056085402
0.0057720984
0.0058334738
0.0038910501
0.0040322877
0.0042416256
0.0044774971
0.0047485877
0.0050426964
0.005322629
0.0055639238
0.0057088499
0.005757179
0.0038906145
0.004031351
0.0042398878
0.0044740144
0.0047414252
0.0050281257
0.0052958452
0.0055186509
0.0056463969
0.0056836775
0.0038901331
0.0040303184
0.0042379755
0.0044702026
0.0047336591
0.005012585
0.0052678877
0.0054728499
0.0055848189
0.0056127562
0.0038896023
0.0040291831
0.0042358768
0.0044660429
0.0047252675
0.0049960734
0.0052388171
0.0054266411
0.0055241776
0.0055442234
0.0038890184
0.0040279376
0.0042335792
0.0044615168
0.0047162299
0.0049785937
0.005208698
0.0053801356
0.0054645186
0.0054779068
0.0038883771
0.0040265741
0.0042310698
0.0044566053
0.0047065269
0.004960153
0.0051775977
0.0053334361
0.0054058742
0.0054136518
0.0038876742
0.0040250846
0.004228335
0.0044512893
0.0046961409
0.0049407621
0.005145586
0.0052866368
0.0053482645
0.0053513197
0.003886905
0.0040234603
0.0042253607
0.0044455497
0.0046850557
0.0049204357
0.0051127346
0.0052398234
0.0052916997
0.0052907857
0.0038860643
0.0040216922
0.0042221326
0.0044393677
0.0046732572
0.0048991921
0.0050791161
0.0051930733
0.0052361816
0.0052319375
0.003885147
0.0040197708
0.0042186355
0.0044327243
0.0046607331
0.0048770533
0.0050448033
0.0051464564
0.0051817051
0.0051746735
0.0038841474
0.0040176862
0.004214854
0.0044256012
0.0046474737
0.0048540449
0.0050098691
0.0051000348
0.0051282595
0.0051189016
0.0038830594
0.0040154281
0.0042107724
0.0044179803
0.0046334713
0.0048301956
0.0049743855
0.0050538637
0.0050758298
0.0050645382
0.0038818766
0.0040129855
0.0042063743
0.004409844
0.0046187207
0.0048055371
0.0049384231
0.0050079915
0.0050243975
0.0050115067
0.0038805922
0.0040103472
0.0042016431
0.0044011756
0.0046032194
0.0047801039
0.0049020508
0.0049624605
0.0049739416
0.0049597371
0.003879199
0.0040075014
0.0041965622
0.004391959
0.0045869676
0.0047539331
0.0048653351
0.0049173071
0.0049244394
0.004909165
0.0038776893
0.0040044361
0.0041911143
0.0043821791
0.0045699679
0.0047270637
0.00482834
0.0048725626
0.0048758665
0.004859731
0.0038760549
0.0040011386
0.0041852823
0.0043718219
0.004552226
0.0046995368
0.0047911264
0.0048282533
0.0048281983
0.0048113802
0.0038742873
0.003997596
0.0041790489
0.0043608746
0.00453375
0.0046713949
0.0047537521
0.0047844009
0.0047814092
0.0047640616
0.0038723773
0.003993795
0.0041723967
0.0043493257
0.004514551
0.0046426816
0.0047162713
0.0047410235
0.0047354738
0.0047177279
0.0038703152
0.0039897217
0.0041653086
0.0043371651
0.0044946426
0.0046134413
0.004678735
0.0046981352
0.0046903667
0.0046723348
0.0038680909
0.0039853621
0.0041577674
0.0043243843
0.0044740411
0.004583719
0.0046411901
0.004655747
0.0046460628
0.004627841
0.0038656937
0.003980702
0.0041497563
0.0043109765
0.0044527651
0.0045535597
0.0046036801
0.004613867
0.0046025372
0.0045842079
0.0038631122
0.0039757266
0.004141259
0.0042969367
0.0044308357
0.004523008
0.0045662449
0.0045725006
0.0045597658
0.004541399
0.0038603345
0.0039704211
0.0041322593
0.0042822617
0.0044082761
0.0044921083
0.0045289206
0.0045316508
0.0045177245
0.0044993802
0.0038573482
0.0039647706
0.004122742
0.0042669501
0.0043851115
0.0044609039
0.0044917398
0.0044913187
0.0044763902
0.0044581191
0.0038541401
0.0039587599
0.0041126923
0.0042510027
0.0043613688
0.0044294373
0.004454732
0.0044515032
0.0044357399
0.004417585
0.0038506964
0.0039523739
0.0041020963
0.0042344223
0.0043370767
0.0043977493
0.0044179231
0.0044122018
0.0043957516
0.0043777488
0.0038470029
0.0039455972
0.0040909411
0.0042172136
0.004312265
0.0043658795
0.0043813362
0.0043734105
0.0043564033
0.0043385828
0.0038430444
0.0039384147
0.0040792146
0.0041993836
0.0042869647
0.0043338658
0.0043449914
0.0043351239
0.0043176738
0.0043000603
0.0038388063
0.0039308119
0.0040669063
0.0041809411
0.0042612068
0.0043017438
0.0043089061
0.0042973357
0.0042795425
0.0042621565
0.0038342732
0.0039227756
0.0040540067
0.0041618976
0.0042350228
0.0042695457
0.0042730932
0.0042600358
0.0042419862
0.0042248445
0.0038292229
0.0039139402
0.0040399433
0.0041414509
0.0042073442
0.0042359673
0.0042360927
0.0042216891
0.0042034489
0.0041865735
0.0038230142
0.003903263
0.0040230947
0.0041173562
0.0041752713
0.0041975993
0.0041942117
0.0041784999
0.0041601293
0.0041435735
0.003814941
0.0038897134
0.0040019195
0.0040876385
0.0041364977
0.0041519474
0.0041448966
0.0041279256
0.0041095167
0.004093363
0.0038043418
0.0038725256
0.0039753641
0.0040511414
0.004089987
0.0040981583
0.0040874424
0.0040693491
0.0040510294
0.004035364
0.0037902759
0.0038507446
0.0039422395
0.0040066033
0.0040347133
0.0040354829
0.0040212812
0.0040022901
0.0039842248
0.0039691555
0.0037714499
0.0038231434
0.003901275
0.0039527748
0.0039697887
0.0039634035
0.0039461032
0.0039265031
0.0039088402
0.0038944299
0.0037462554
0.0037882383
0.0038510351
0.0038884415
0.0038944963
0.0038816352
0.0038618465
0.0038420407
0.0038250289
0.0038114252
0.0037126955
0.0037442214
0.0037900719
0.0038126742
0.0038085018
0.0037902437
0.0037686427
0.0037488583
0.0037325073
0.0037196849
0.0036683686
0.0036890326
0.0037170897
0.0037249698
0.0037118894
0.0036897274
0.0036673886
0.0036482936
0.0036329854
0.0036211234
0.0036105951
0.003620542
0.0036311228
0.0036253692
0.0036050518
0.0035801205
0.0035572648
0.0035386117
0.0035241001
0.0035130935
0.0035367198
0.003536836
0.00353166
0.0035145232
0.0034895689
0.0034643028
0.0034427651
0.0034256525
0.0034124341
0.0034024247
0.0034446262
0.0034366929
0.0034188071
0.0033927133
0.003363827
0.0033374318
0.0033159863
0.0032995584
0.0032872708
0.0032781812
0.0033334816
0.0033199648
0.0032940842
0.0032645512
0.0032372425
0.00321426
0.0031957803
0.0031813748
0.0031704377
0.0031623003
0.0032045821
0.003187852
0.0031560545
0.0031213333
0.003091023
0.0030671077
0.0030490659
0.0030357141
0.0030259241
0.0030187911
0.0030619355
0.0030470582
0.0030208721
0.0029950219
0.0029735126
0.0029559553
0.0029416986
0.0029304812
0.00292198
0.0029156861
0.0029107781
0.0028904668
0.0028555359
0.0028221408
0.0027972884
0.0027797311
0.0027668551
0.0027572555
0.0027502082
0.0027451149
0.0027702933
0.0027719623
0.0027642284
0.0027512446
0.0027373055
0.0027244014
0.0027135419
0.002705007
0.0026985382
0.0026937145
0.0026047928
0.0025657649
0.0025236401
0.0024938219
0.0024734863
0.0024585844
0.0024475385
0.0024395474
0.0024338364
0.0024297416
0.0041731994
0.004161693
0.0041491017
0.0041350952
0.0041194664
0.004102175
0.0040831939
0.0040624697
0.0040399542
0.004015623
0.0039894729
0.0039615182
0.0039317916
0.0039003459
0.003867254
0.003832608
0.0037965173
0.0037591076
0.0037205176
0.0036808969
0.0036404027
0.0035991961
0.0035574385
0.0035152876
0.0034728937
0.0034303958
0.0033879186
0.0033455692
0.0033034353
0.0032615841
0.0032200619
0.0031788955
0.0031380933
0.0030976487
0.0030575427
0.0030177474
0.0029782289
0.0029389505
0.002899875
0.0028609668
0.0028221932
0.0027835256
0.0027449389
0.0027064124
0.0026679283
0.0026294716
0.0025910293
0.0025525895
0.0025141408
0.0024756716
0.0024371702
0.0023986241
0.0023600197
0.0023213421
0.0022825753
0.0022437026
0.0022047057
0.002165565
0.0021262605
0.0020867714
0.0020470757
0.0020071509
0.0019669744
0.0019265228
0.0018857723
0.0018446992
0.0018032795
0.0017614887
0.0017193029
0.0016766974
0.001633648
0.0015901308
0.0015461213
0.0015015961
0.0014565318
0.0014109058
0.0013646959
0.0013178807
0.0012704406
0.0012223571
0.0011736134
0.0011241953
0.0010740919
0.0010232965
0.00097180822
0.00091963318
0.00086678874
0.00081330261
0.00075922986
0.00070462895
0.00064965458
0.00059435858
0.00053927446
0.00048400058
0.00043100376
0.0003762895
0.00033335264
0.00028057066
0.00025386924
-9.6187427e-06
0.0041306108
0.0041195188
0.0041074258
0.0040940352
0.0040791579
0.0040627532
0.004044793
0.0040252242
0.0040039971
0.0039810819
0.0039564672
0.0039301565
0.0039021692
0.0038725427
0.0038413322
0.0038086108
0.003774468
0.0037390084
0.0037023504
0.0036646234
0.0036259652
0.0035865195
0.0035464317
0.0035058464
0.0034649032
0.0034237337
0.003382458
0.0033411822
0.0032999962
0.003258972
0.0032181638
0.0031776076
0.003137323
0.0030973149
0.0030575759
0.0030180892
0.0029788311
0.0029397739
0.0029008879
0.0028621437
0.0028235135
0.0027849719
0.0027464967
0.0027080687
0.0026696712
0.00263129
0.0025929126
0.0025545273
0.0025161232
0.0024776891
0.0024392137
0.002400685
0.0023620898
0.0023234138
0.0022846418
0.0022457575
0.0022067434
0.0021675804
0.0021282492
0.0020887294
0.0020489997
0.0020090381
0.0019688223
0.0019283294
0.001887536
0.0018464188
0.0018049539
0.0017631172
0.001720885
0.0016782329
0.0016351368
0.0015915729
0.0015475171
0.0015029458
0.0014578358
0.0014121645
0.0013659099
0.0013190506
0.0012715668
0.00122344
0.0011746533
0.0011251923
0.0010750461
0.0010242075
0.00097267525
0.00092045491
0.0008675629
0.00081402598
0.00075989672
0.00070523264
0.00065017956
0.0005947944
0.00053956795
0.00048416054
0.00043078844
0.00037595796
0.00033140253
0.00027797806
0.00024343731
1.1389467e-06
0.0040808742
0.0040702499
0.0040587144
0.0040460071
0.0040319579
0.0040165265
0.0039996841
0.0039813791
0.003961561
0.003940196
0.0039172651
0.0038927618
0.0038666929
0.0038390805
0.0038099623
0.0037793916
0.0037474369
0.0037141811
0.0036797198
0.0036441603
0.0036076189
0.0035702189
0.0035320874
0.0034933527
0.0034541411
0.0034145739
0.0033747645
0.0033348156
0.0032948171
0.0032548449
0.0032149593
0.0031752053
0.0031356132
0.0030961997
0.0030569697
0.0030179181
0.0029790328
0.0029402962
0.0029016877
0.0028631853
0.0028247672
0.0027864127
0.0027481031
0.0027098217
0.0026715538
0.0026332862
0.0025950075
0.0025567068
0.0025183737
0.0024799977
0.0024415682
0.0024030738
0.002364502
0.0023258394
0.0022870715
0.0022481827
0.0022091564
0.0021699744
0.0021306181
0.0020910677
0.0020513028
0.0020113018
0.0019710432
0.0019305046
0.0018896631
0.0018484956
0.0018069789
0.0017650893
0.0017228032
0.0016800965
0.0016369455
0.0015933265
0.0015492156
0.0015045894
0.0014594249
0.0014136995
0.0013673911
0.0013204786
0.001272942
0.0012247626
0.0011759237
0.0011264106
0.001076212
0.0010253204
0.0009737341
0.00092145781
0.00086850681
0.00081490662
0.00076070671
0.00070596318
0.00065081109
0.00059531241
0.00053990736
0.00048432544
0.00043048998
0.00037546251
0.00032899611
0.00027458077
0.00023129448
1.2871504e-05
0.0040234039
0.0040132948
0.0040023701
0.0039904043
0.0039772469
0.0039628594
0.0039472126
0.0039302574
0.0039119439
0.0038922354
0.0038711069
0.0038485434
0.0038245404
0.0037991055
0.0037722599
0.0037440377
0.0037144866
0.0036836668
0.003651651
0.0036185226
0.0035843748
0.003549308
0.0035134287
0.0034768461
0.0034396703
0.0034020092
0.0033639662
0.0033256378
0.0032871115
0.0032484639
0.0032097597
0.0031710512
0.0031323781
0.0030937681
0.0030552381
0.0030167954
0.0029784399
0.0029401652
0.0029019607
0.0028638132
0.0028257084
0.0027876316
0.0027495686
0.0027115064
0.002673433
0.0026353375
0.0025972098
0.0025590404
0.00252082
0.0024825392
0.0024441882
0.0024057566
0.002367233
0.002328605
0.0022898591
0.0022509808
0.0022119544
0.0021727629
0.0021333886
0.0020938126
0.0020540153
0.0020139763
0.0019736745
0.0019330883
0.0018921955
0.0018509737
0.0018094001
0.0017674514
0.0017251046
0.001682336
0.0016391221
0.0015954396
0.0015512649
0.0015065748
0.0014613464
0.0014155572
0.0013691853
0.0013222095
0.0012746099
0.0012263678
0.0011774661
0.0011278901
0.001077628
0.0010266721
0.00097501963
0.0009226746
0.00086965074
0.00081597191
0.0007616838
0.00070684027
0.00065156363
0.00059591992
0.00054029126
0.00048447897
0.00043007728
0.00037472527
0.00032603914
0.00027022443
0.00021756062
2.4963326e-05
0.0039577934
0.0039482506
0.0039379881
0.0039268155
0.0039146028
0.0039013134
0.0038869194
0.0038713744
0.0038546309
0.0038366509
0.0038174053
0.0037968723
0.0037750382
0.0037518985
0.0037274594
0.0037017376
0.0036747611
0.0036465687
0.00361721
0.0035867448
0.0035552419
0.0035227783
0.0034894374
0.0034553072
0.0034204787
0.0033850434
0.0033490915
0.0033127095
0.0032759789
0.0032389737
0.0032017597
0.0031643935
0.0031269216
0.0030893811
0.0030517994
0.0030141956
0.0029765812
0.0029389613
0.0029013362
0.0028637025
0.0028260544
0.0027883844
0.0027506844
0.0027129463
0.0026751618
0.0026373232
0.0025994229
0.0025614535
0.0025234074
0.0024852767
0.0024470532
0.0024087277
0.0023702903
0.00233173
0.0022930346
0.002254191
0.0022151849
0.0021760005
0.0021366214
0.00209703
0.0020572078
0.0020171355
0.0019767931
0.0019361598
0.0018952144
0.0018539353
0.0018123002
0.0017702868
0.0017278724
0.0016850339
0.0016417485
0.0015979931
0.0015537444
0.0015089798
0.0014636763
0.0014178119
0.0013713647
0.0013243136
0.0012766386
0.001228321
0.0011793435
0.0011296911
0.0010793517
0.0010283168
0.00097658295
0.00092415284
0.00087103834
0.00081726108
0.0007628621
0.00070789185
0.00065245779
0.00059662762
0.00054071882
0.00048460037
0.00042951202
0.00037364979
0.00032242401
0.00026476724
0.00020271075
3.6552577e-05
0.0038836982
0.0038747559
0.0038651914
0.0038548427
0.0038436003
0.003831432
0.0038183117
0.0038041969
0.0037890432
0.0037728131
0.0037554756
0.0037370046
0.0037173794
0.0036965862
0.0036746189
0.0036514798
0.0036271795
0.0036017377
0.0035751827
0.003547552
0.003518891
0.0034892529
0.0034586976
0.0034272907
0.0033951019
0.0033622037
0.0033286699
0.0032945735
0.0032599857
0.003224974
0.0031896009
0.0031539232
0.0031179906
0.003081846
0.0030455248
0.0030090553
0.0029724594
0.0029357531
0.002898947
0.0028620478
0.0028250589
0.002787981
0.0027508132
0.0027135533
0.0026761984
0.0026387447
0.0026011884
0.0025635249
0.0025257494
0.0024878562
0.0024498392
0.0024116912
0.0023734042
0.002334969
0.0022963753
0.0022576117
0.0022186655
0.0021795229
0.002140169
0.0021005878
0.0020607623
0.0020206746
0.001980306
0.001939637
0.0018986476
0.0018573171
0.0018156243
0.0017735479
0.0017310657
0.0016881558
0.0016447956
0.0016009628
0.0015566346
0.0015117887
0.0014664028
0.0014204548
0.0013739232
0.001326787
0.0012790262
0.001230622
0.0011815569
0.0011318157
0.0010813855
0.0010302573
0.00097842638
0.00092589391
0.00087266935
0.00081877137
0.00076423532
0.0007091066
0.00065347557
0.00059740746
0.00054115019
0.00048462734
0.00042871453
0.00037209621
0.00031802262
0.00025805618
0.00018756674
4.6582857e-05
0.0038013969
0.0037930862
0.0037842439
0.0037747399
0.0037644809
0.0037534378
0.003741587
0.0037288911
0.00371531
0.0037008082
0.0036853547
0.0036689212
0.0036514833
0.0036330206
0.0036135185
0.0035929678
0.0035713658
0.0035487163
0.0035250298
0.003500324
0.0034746234
0.0034479592
0.0034203691
0.0033918961
0.0033625883
0.0033324977
0.0033016793
0.0032701897
0.0032380862
0.0032054252
0.0031722615
0.0031386472
0.0031046303
0.0030702549
0.0030355601
0.0030005799
0.0029653435
0.0029298749
0.002894194
0.0028583163
0.0028222541
0.0027860164
0.0027496099
0.0027130393
0.0026763077
0.0026394167
0.0026023671
0.0025651583
0.0025277889
0.0024902568
0.0024525585
0.0024146896
0.0023766446
0.0023384169
0.0022999985
0.0022613803
0.0022225518
0.0021835016
0.0021442167
0.0021046832
0.0020648861
0.0020248093
0.001984436
0.0019437482
0.0019027275
0.0018613546
0.0018196098
0.0017774728
0.0017349227
0.0016919384
0.0016484984
0.0016045812
0.0015601648
0.0015152273
0.0014697471
0.0014237025
0.0013770723
0.0013298357
0.0012819728
0.0012334647
0.0011842937
0.0011344442
0.0010839028
0.0010326592
0.00098070738
0.00092804657
0.00087468315
0.00082063187
0.00076592114
0.00071058903
0.00065470654
0.0005983303
0.00054163581
0.00048457867
0.00042768185
0.00036999808
0.0003128677
0.00025004759
0.00017296169
5.4122341e-05
0.0037103577
0.0037026991
0.0036945905
0.003685924
0.0036766274
0.0036666777
0.0036560535
0.003644722
0.0036326481
0.0036197996
0.0036061472
0.0035916628
0.0035763204
0.0035600966
0.0035429712
0.003524928
0.0035059544
0.0034860428
0.00346519
0.0034433983
0.003420675
0.0033970327
0.0033724893
0.0033470677
0.0033207956
0.0032937049
0.0032658311
0.0032372127
0.0032078907
0.0031779071
0.0031473048
0.0031161263
0.0030844131
0.003052205
0.0030195397
0.0029864517
0.002952973
0.002919132
0.0028849539
0.0028504608
0.0028156716
0.0027806026
0.0027452673
0.0027096771
0.0026738412
0.0026377673
0.0026014611
0.0025649271
0.0025281682
0.0024911862
0.0024539815
0.0024165531
0.0023788988
0.0023410152
0.0023028973
0.0022645389
0.0022259325
0.0021870693
0.002147939
0.0021085304
0.0020688309
0.0020288268
0.0019885036
0.0019478455
0.0019068361
0.001865458
0.0018236932
0.0017815232
0.0017389285
0.0016958894
0.0016523858
0.0016083971
0.0015639025
0.001518881
0.0014733116
0.0014271733
0.0013804453
0.0013331072
0.0012851393
0.0012365226
0.0011872392
0.001137273
0.0010866097
0.0010352379
0.00098314965
0.00093034164
0.00087681642
0.00082258357
0.00076766304
0.00071208285
0.00065589208
0.00059913109
0.00054190213
0.0004841634
0.00042611743
0.00036704854
0.00030678357
0.00024095379
0.00015933138
5.8463294e-05
0.0036125461
0.0036055263
0.0035981342
0.0035902858
0.0035819185
0.0035730112
0.0035635466
0.0035534976
0.003542834
0.0035315277
0.003519552
0.0035068808
0.0034934886
0.0034793515
0.0034644471
0.0034487553
0.0034322581
0.0034149404
0.0033967902
0.0033777987
0.0033579607
0.0033372748
0.0033157435
0.0032933731
0.003270174
0.0032461602
0.0032213493
0.0031957624
0.0031694231
0.0031423579
0.0031145949
0.0030861639
0.0030570955
0.0030274206
0.00299717
0.0029663738
0.0029350611
0.0029032595
0.0028709951
0.002838292
0.0028051725
0.0027716566
0.0027377627
0.0027035069
0.0026689036
0.0026339654
0.002598703
0.0025631258
0.0025272413
0.0024910556
0.0024545734
0.0024177976
0.0023807301
0.0023433711
0.0023057193
0.0022677721
0.0022295254
0.0021909738
0.0021521104
0.0021129272
0.0020734147
0.0020335623
0.0019933583
0.0019527898
0.001911843
0.0018705031
0.0018287544
0.0017865806
0.0017439643
0.0017008877
0.0016573325
0.0016132796
0.0015687096
0.0015236028
0.0014779393
0.0014316989
0.0013848616
0.0013374075
0.0012893171
0.0012405715
0.0011911527
0.0011410438
0.0010902296
0.0010386972
0.00098643636
0.00093344037
0.00087970708
0.00082523943
0.00077004718
0.0007141451
0.00065755778
0.00060030101
0.00054240494
0.00048380087
0.00042442084
0.00036367277
0.00030033793
0.00023194764
0.00014744343
5.9959216e-05
0.0035052521
0.003498894
0.0034922184
0.0034851598
0.0034776763
0.0034697526
0.0034613726
0.0034525132
0.0034431497
0.0034332581
0.0034228155
0.0034117983
0.0034001835
0.0033879482
0.0033750703
0.0033615287
0.0033473033
0.0033323757
0.0033167287
0.0033003473
0.0032832185
0.0032653315
0.0032466783
0.0032272534
0.0032070539
0.0031860802
0.0031643351
0.0031418245
0.003118557
0.0030945438
0.0030697983
0.0030443362
0.0030181751
0.002991334
0.0029638332
0.0029356937
0.0029069373
0.0028775856
0.0028476603
0.0028171827
0.0027861736
0.0027546526
0.0027226387
0.0026901497
0.002657202
0.0026238109
0.0025899904
0.0025557532
0.0025211103
0.0024860717
0.0024506457
0.0024148393
0.0023786581
0.0023421062
0.0023051863
0.0022678995
0.0022302458
0.0021922235
0.0021538296
0.0021150598
0.0020759083
0.0020363682
0.0019964312
0.001956088
0.001915328
0.0018741397
0.0018325103
0.0017904264
0.0017478734
0.0017048361
0.0016612982
0.001617243
0.001572653
0.0015275102
0.0014817963
0.0014354922
0.0013885792
0.001341038
0.0012928496
0.0012439954
0.001194457
0.001144217
0.0010932591
0.0010415683
0.00098913161
0.00093593828
0.00088198024
0.00082725224
0.00077175192
0.00071547763
0.00065842707
0.00060058431
0.00054191138
0.00048229144
0.00042145477
0.00035886873
0.00029279495
0.00022233452
0.00013655417
5.8415618e-05
0.0033953065
0.0033895383
0.0033835122
0.0033771796
0.0033705008
0.0033634611
0.0033560488
0.003348246
0.003340032
0.0033313867
0.0033222904
0.0033127233
0.003302665
0.0032920951
0.0032809934
0.0032693397
0.0032571143
0.0032442978
0.0032308716
0.003216818
0.0032021201
0.0031867623
0.0031707303
0.0031540115
0.0031365946
0.0031184705
0.0030996317
0.0030800729
0.0030597907
0.003038784
0.0030170535
0.002994602
0.0029714345
0.0029475575
0.0029229795
0.0028977102
0.002871761
0.0028451442
0.0028178732
0.002789962
0.0027614252
0.0027322777
0.0027025345
0.0026722104
0.0026413201
0.002609878
0.0025778976
0.002545392
0.0025123735
0.0024788535
0.0024448424
0.0024103497
0.0023753835
0.0023399511
0.0023040585
0.0022677102
0.00223091
0.0021936599
0.0021559609
0.0021178128
0.0020792138
0.0020401612
0.0020006508
0.0019606773
0.0019202342
0.0018793137
0.001837907
0.001796004
0.0017535936
0.0017106636
0.001667201
0.0016231917
0.0015786207
0.0015334722
0.0014877298
0.0014413764
0.0013943944
0.0013467657
0.0012984721
0.0012494951
0.0011998163
0.0011494177
0.0010982814
0.0010463902
0.00099372785
0.00094027857
0.00088602738
0.00083095937
0.00077505841
0.00071830403
0.0006606659
0.00060209282
0.00054248742
0.00048168089
0.0004192813
0.0003548111
0.00028643329
0.00021442652
0.00012864876
5.6436949e-05
0.0032718086
0.0032666913
0.0032613495
0.0032557459
0.0032498594
0.0032436803
0.003237197
0.0032303941
0.0032232555
0.003215765
0.0032079066
0.0031996633
0.0031910181
0.0031819534
0.0031724513
0.003162494
0.0031520632
0.0031411408
0.0031297088
0.0031177491
0.003105244
0.0030921764
0.0030785295
0.003064287
0.0030494336
0.0030339549
0.0030178374
0.0030010687
0.0029836377
0.0029655345
0.0029467508
0.0029272796
0.0029071154
0.0028862544
0.0028646941
0.0028424335
0.0028194734
0.0027958157
0.0027714635
0.0027464216
0.0027206955
0.0026942918
0.002667218
0.0026394824
0.0026110936
0.0025820609
0.0025523938
0.0025221019
0.0024911949
0.0024596821
0.002427573
0.0023948764
0.0023616006
0.0023277537
0.0022933429
0.0022583746
0.0022228545
0.0021867875
0.0021501776
0.0021130276
0.0020753397
0.0020371147
0.0019983526
0.0019590524
0.0019192117
0.0018788271
0.0018378942
0.001796407
0.0017543587
0.001711741
0.0016685446
0.0016247588
0.0015803719
0.0015353713
0.0014897429
0.0014434722
0.0013965434
0.0013489401
0.001300645
0.0012516404
0.0012019077
0.0011514282
0.0011001826
0.0010481513
0.00099531386
0.00094164919
0.00088713443
0.00083174403
0.00077544728
0.00071820432
0.00065995838
0.00060062567
0.00054006484
0.00047807074
0.00041421013
0.0003480882
0.00027804147
0.00020512486
0.0001203804
5.2328979e-05
0.0031565858
0.003151979
0.0031471884
0.0031421902
0.0031369595
0.0031314853
0.0031257596
0.003119771
0.0031135065
0.0031069531
0.0031000975
0.003092926
0.0030854241
0.0030775773
0.0030693704
0.0030607878
0.0030518137
0.0030424321
0.0030326263
0.00302238
0.0030116762
0.0030004979
0.002988828
0.0029766495
0.0029639457
0.0029507003
0.0029368972
0.002922521
0.0029075564
0.0028919889
0.0028758044
0.0028589898
0.0028415327
0.0028234219
0.002804647
0.0027851985
0.0027650683
0.0027442492
0.0027227353
0.0027005217
0.0026776049
0.0026539821
0.0026296521
0.0026046142
0.002578869
0.0025524179
0.0025252632
0.0024974079
0.0024688555
0.0024396102
0.0024096767
0.0023790599
0.002347765
0.0023157977
0.0022831638
0.0022498693
0.0022159202
0.002181322
0.00214608
0.002110199
0.0020736836
0.0020365376
0.0019987641
0.0019603655
0.0019213431
0.0018816973
0.0018414272
0.0018005308
0.0017590048
0.0017168449
0.0016740451
0.0016305984
0.0015864962
0.0015417288
0.0014962851
0.0014501529
0.0014033187
0.0013557678
0.0013074844
0.0012584513
0.0012086504
0.0011580623
0.0011066662
0.00105444
0.0010013595
0.00094739799
0.000892525
0.00083670518
0.00077989455
0.00072203592
0.00066305173
0.00060283593
0.00054122532
0.0004780081
0.00041277541
0.00034525274
0.00027404293
0.00020070324
0.00011704821
5.1078317e-05
0.0030138487
0.0030099099
0.00300581
0.0030015265
0.0029970512
0.0029923789
0.0029875008
0.0029824066
0.0029770858
0.0029715279
0.0029657222
0.0029596572
0.002953321
0.0029467014
0.0029397857
0.0029325607
0.0029250128
0.0029171281
0.0029088921
0.0029002902
0.0028913072
0.0028819276
0.0028721357
0.0028619154
0.0028512504
0.0028401241
0.0028285199
0.0028164212
0.0028038115
0.0027906741
0.0027769926
0.0027627507
0.0027479327
0.002732523
0.0027165064
0.0026998681
0.0026825937
0.0026646696
0.0026460829
0.0026268211
0.0026068727
0.0025862271
0.0025648741
0.0025428048
0.0025200109
0.002496485
0.0024722207
0.0024472122
0.0024214548
0.0023949445
0.0023676782
0.0023396536
0.0023108693
0.002281325
0.0022510215
0.0022199597
0.0021881413
0.0021555688
0.0021222461
0.0020881776
0.0020533681
0.002017823
0.001981548
0.0019445489
0.0019068312
0.0018683994
0.0018292565
0.0017894045
0.0017488437
0.0017075734
0.0016655914
0.0016228937
0.001579475
0.0015353283
0.0014904456
0.0014448168
0.0013984303
0.0013512728
0.0013033295
0.0012545839
0.0012050177
0.001154611
0.0011033413
0.0010511841
0.00099811185
0.00094409231
0.0008890875
0.00083305364
0.000775938
0.00071767315
0.00065817072
0.00059731664
0.00053494952
0.00047087975
0.00040476422
0.00033645325
0.00026483489
0.00019174532
0.00011005505
4.6941768e-05
0.0029112761
0.0029077181
0.002904027
0.0029001914
0.0028961915
0.0028920184
0.0028876669
0.0028831301
0.0028783989
0.0028734645
0.0028683175
0.0028629485
0.0028573477
0.0028515047
0.0028454087
0.0028390485
0.0028324127
0.0028254891
0.0028182654
0.0028107287
0.0028028656
0.0027946628
0.0027861061
0.0027771811
0.0027678728
0.0027581659
0.0027480447
0.002737493
0.0027264945
0.002715033
0.0027030915
0.0026906532
0.0026777011
0.0026642179
0.0026501866
0.0026355902
0.0026204116
0.0026046337
0.0025882398
0.002571213
0.0025535372
0.0025351962
0.0025161745
0.0024964568
0.0024760283
0.0024548746
0.0024329821
0.0024103371
0.0023869268
0.0023627386
0.0023377595
0.0023119782
0.0022853768
0.0022579492
0.0022297182
0.0022006856
0.0021708426
0.0021401842
0.0021087109
0.0020764244
0.0020433267
0.0020094201
0.0019747079
0.0019391935
0.0019028795
0.0018657674
0.001827859
0.0017891561
0.0017496601
0.0017093713
0.0016682882
0.0016264078
0.0015837244
0.001540232
0.0014959251
0.0014507965
0.0014048359
0.0013580312
0.0013103685
0.0012618322
0.0012124045
0.0011620653
0.0011107918
0.001058558
0.0010053342
0.00095108619
0.00089577385
0.00083934992
0.00078175747
0.00072292687
0.00066277102
0.00060118361
0.00053802282
0.0004731378
0.00040625342
0.00033732278
0.00026537078
0.00019233269
0.00011099835
4.785213e-05
0.0027416112
0.0027388271
0.0027359243
0.0027328894
0.0027297205
0.0027264145
0.0027229644
0.0027193627
0.0027156024
0.0027116762
0.0027075767
0.0027032956
0.0026988245
0.0026941549
0.0026892774
0.0026841826
0.0026788605
0.0026733008
0.0026674927
0.002661425
0.0026550859
0.0026484633
0.0026415447
0.0026343171
0.0026267668
0.0026188801
0.0026106425
0.0026020389
0.002593054
0.0025836717
0.0025738756
0.0025636488
0.0025529739
0.002541833
0.0025302078
0.0025180796
0.0025054296
0.0024922383
0.0024784857
0.002464152
0.0024492165
0.0024336586
0.0024174572
0.0024005909
0.0023830382
0.002364777
0.0023457851
0.0023260397
0.0023055176
0.0022841949
0.0022620469
0.0022390476
0.0022151693
0.0021903806
0.0021646589
0.002138004
0.0021104217
0.0020819168
0.0020524961
0.0020221715
0.0019909601
0.0019588848
0.0019259738
0.0018922677
0.0018577956
0.0018225437
0.0017864908
0.0017496279
0.0017119517
0.0016734544
0.0016341254
0.0015939538
0.0015529291
0.00151104
0.0014682745
0.0014246194
0.0013800603
0.0013345818
0.001288167
0.0012407975
0.0011924531
0.0011431114
0.0010927475
0.0010413339
0.00098883946
0.0009352288
0.00088046157
0.00082449122
0.00076726354
0.00070871527
0.00064877118
0.00058734498
0.000524328
0.00045961976
0.00039302811
0.0003246103
0.00025361094
0.00018208086
0.0001037066
4.3876385e-05
0.0026903105
0.0026875509
0.0026846969
0.0026817409
0.0026786625
0.0026754533
0.0026721107
0.00266863
0.0026650043
0.0026612264
0.0026572893
0.0026531859
0.0026489085
0.0026444489
0.0026397989
0.0026349495
0.0026298915
0.0026246155
0.0026191112
0.0026133682
0.0026073755
0.0026011218
0.002594595
0.002587783
0.0025806729
0.0025732512
0.0025655041
0.002557417
0.0025489751
0.0025401627
0.0025309638
0.0025213619
0.0025113397
0.0025008798
0.0024899637
0.0024785729
0.002466688
0.0024542896
0.0024413577
0.0024278719
0.0024138117
0.0023991559
0.0023838836
0.0023679731
0.0023514032
0.0023341525
0.0023161998
0.0022975243
0.0022781054
0.0022579233
0.0022369592
0.0022151944
0.0021926167
0.0021692047
0.0021449154
0.0021197312
0.0020936477
0.0020666591
0.0020387582
0.0020099406
0.0019802059
0.0019495574
0.0019180027
0.001885555
0.0018522292
0.0018180353
0.0017829874
0.0017471078
0.0017104044
0.0016728561
0.0016344393
0.0015951377
0.001554937
0.0015138215
0.0014717743
0.0014287782
0.0013848158
0.0013398689
0.0012939184
0.0012469441
0.0011989243
0.0011498361
0.0010996543
0.0010483515
0.00099589755
0.00094225905
0.00088739851
0.00083127375
0.00077383679
0.00071503304
0.000654799
0.00059306366
0.00052973696
0.00046473935
0.00039789509
0.00032926831
0.00025805215
0.00018621793
0.0001069796
4.5779437e-05
0.0024269235
0.0024246873
0.0024223604
0.0024199325
0.002417402
0.0024147666
0.0024120211
0.0024091597
0.002406177
0.0024030675
0.0023998253
0.0023964443
0.002392918
0.0023892395
0.0023854019
0.0023813977
0.0023772191
0.0023728581
0.0023683062
0.0023635546
0.0023585942
0.0023534153
0.0023480079
0.0023423617
0.0023364658
0.0023303092
0.00232388
0.0023171663
0.0023101556
0.0023028349
0.002295191
0.00228721
0.002278878
0.0022701803
0.002261102
0.0022516279
0.0022417424
0.0022314297
0.0022206738
0.0022094583
0.0021977668
0.0021855828
0.0021728897
0.0021596711
0.0021459105
0.0021315921
0.0021167002
0.0021012199
0.0020851367
0.0020684372
0.0020511091
0.0020331417
0.0020145252
0.001995255
0.0019753242
0.0019547052
0.001933365
0.0019112733
0.0018884007
0.0018647159
0.0018401854
0.0018147741
0.0017884459
0.0017611593
0.0017328875
0.0017036426
0.0016734469
0.0016423198
0.0016102619
0.0015772466
0.0015432465
0.001508241
0.0014722118
0.0014351389
0.0013970017
0.0013577794
0.0013174512
0.0012759963
0.0012333932
0.0011896202
0.0011446546
0.0010984732
0.001051052
0.0010023658
0.00095238831
0.00090109176
0.00084844707
0.00079442358
0.00073898908
0.00068211017
0.00062375175
0.00056388044
0.00050245671
0.00043946582
0.00037482533
0.00030870065
0.00024049925
0.00017223175
9.7979791e-05
4.1421272e-05
)
;

boundaryField
{
    inlet
    {
        type            zeroGradient;
    }
    top
    {
        type            zeroGradient;
    }
    outlet
    {
        type            fixedValue;
        value           uniform 0;
    }
    slipsurface
    {
        type            slip;
    }
    bottom
    {
        type            zeroGradient;
    }
    frontandback
    {
        type            empty;
    }
}


// ************************************************************************* //
