#             x             U_x             U_y             U_z               k             nut           omega
   -0.046805254       5.4000302   0.00047045294               0     0.047574591    0.0020010586       23.774705
   -0.040820451       5.4001291    0.0014018983               0      0.04746378    0.0020004253       23.726837
   -0.035593767       5.4002977    0.0022243738               0     0.047365528    0.0019998496       23.684541
   -0.031029167       5.4005147    0.0029324303               0     0.047280037     0.001999339        23.64783
   -0.027042782       5.4007541    0.0035399469               0     0.047205616    0.0019988881       23.615934
   -0.023561368       5.4009991    0.0040602812               0     0.047140806    0.0019984911       23.588197
   -0.020520958         5.40124    0.0045055862               0     0.047084346    0.0019981423       23.564058
   -0.017865688       5.4014709     0.004886634               0     0.047035145    0.0019978365       23.543039
   -0.015546772       5.4016879    0.0052128349               0     0.046992259    0.0019975685       23.524728
   -0.013521602       5.4018887    0.0054923135               0     0.046954867    0.0019973341       23.508769
   -0.011752967       5.4020725    0.0057320219               0      0.04692226     0.001997129       23.494856
   -0.010208373       5.4022393    0.0059378748               0      0.04689382    0.0019969498       23.482724
  -0.0088594378       5.4023897    0.0061148873               0      0.04686901    0.0019967931       23.472141
  -0.0076813777       5.4025246    0.0062673047               0     0.046847364    0.0019966563       23.462909
   -0.006652547        5.402645    0.0063987186               0     0.046828476    0.0019965367       23.454854
  -0.0057540422       5.4027521     0.006512169               0     0.046811993    0.0019964323       23.447824
  -0.0049693545       5.4028472    0.0066102312               0     0.046797607    0.0019963411       23.441689
  -0.0042840662       5.4029313    0.0066950902               0     0.046785051    0.0019962614       23.436335
   -0.003685586       5.4030056     0.006768603               0     0.046774091    0.0019961919       23.431661
  -0.0031629175       5.4030712    0.0068323496               0     0.046764523    0.0019961312        23.42758
  -0.0027064575       5.4031289    0.0068876761               0      0.04675617    0.0019960781       23.424018
  -0.0023078191       5.4031796    0.0069357287               0     0.046748879    0.0019960318       23.420908
  -0.0019596776       5.4032242    0.0069774826               0     0.046742512    0.0019959914       23.418193
  -0.0016556366       5.4032634    0.0070137652               0     0.046736954    0.0019959561       23.415823
  -0.0013901097       5.4032977    0.0070452763               0       0.0467321    0.0019959252       23.413753
   -0.001158218       5.4033278    0.0070726083               0     0.046727862    0.0019958983       23.411946
   -0.000955701       5.4033542    0.0070962673               0     0.046724162    0.0019958748       23.410367
 -0.00077883757       5.4033773     0.007116692               0     0.046720931    0.0019958543       23.408989
 -0.00062437811       5.4033976    0.0071342691               0     0.046718109    0.0019958363       23.407786
 -0.00048948463       5.4034153    0.0071493467               0     0.046715645    0.0019958207       23.406735
 -0.00037167862       5.4034307    0.0071622425               0     0.046713493     0.001995807       23.405817
 -0.00026879555       5.4034443    0.0071732487               0     0.046711614     0.001995795       23.405016
 -0.00017894507       5.4034562    0.0071826343               0     0.046709973    0.0019957846       23.404316
  -0.0001004763       5.4034665    0.0071906445               0      0.04670854    0.0019957755       23.403705
 -3.1947465e-05       5.4034756    0.0071975489               0     0.046707279    0.0019957675       23.403167
  2.9991242e-05       5.4034839    0.0072037275               0     0.046706131    0.0019957602       23.402677
  9.0286504e-05        5.403492    0.0072095959               0     0.046705024    0.0019957531       23.402206
  0.00015121058          5.4035    0.0072154008               0     0.046703917    0.0019957461       23.401733
  0.00021277004       5.4035081    0.0072212024               0     0.046702798     0.001995739       23.401256
   0.0002749715       5.4035163     0.007227003               0     0.046701667    0.0019957318       23.400774
  0.00033782165       5.4035246     0.007232805               0     0.046700525    0.0019957245       23.400287
  0.00040132727        5.403533    0.0072386106               0     0.046699371    0.0019957172       23.399794
  0.00046549519       5.4035415    0.0072444221               0     0.046698205    0.0019957098       23.399297
  0.00053033231         5.40355    0.0072502419               0     0.046697026    0.0019957023       23.398794
  0.00059584562       5.4035587    0.0072560722               0     0.046695836    0.0019956947       23.398286
  0.00066204216       5.4035674    0.0072619154               0     0.046694633    0.0019956871       23.397773
  0.00072892907       5.4035763    0.0072677737               0     0.046693418    0.0019956794       23.397255
  0.00079651354       5.4035853    0.0072736495               0      0.04669219    0.0019956715       23.396731
  0.00086480285       5.4035944    0.0072795451               0     0.046690949    0.0019956636       23.396202
  0.00093380434       5.4036035    0.0072854627               0     0.046689696    0.0019956557       23.395667
   0.0010035254       5.4036128    0.0072914047               0     0.046688429    0.0019956476       23.395127
   0.0010739737       5.4036222    0.0072973732               0     0.046687149    0.0019956395       23.394581
   0.0011451566       5.4036316    0.0073033705               0     0.046685856    0.0019956313        23.39403
   0.0012170819       5.4036412    0.0073093989               0      0.04668455     0.001995623       23.393472
   0.0012897573       5.4036509    0.0073154606               0      0.04668323    0.0019956146       23.392909
   0.0013631906       5.4036607    0.0073215578               0     0.046681896    0.0019956061        23.39234
   0.0014373898       5.4036706    0.0073276926               0     0.046680549    0.0019955975       23.391765
   0.0015123628       5.4036807    0.0073338674               0     0.046679188    0.0019955889       23.391185
   0.0015881177       5.4036908    0.0073400841               0     0.046677812    0.0019955801       23.390598
   0.0016646626       5.4037011    0.0073463451               0     0.046676422    0.0019955713       23.390005
   0.0017420058       5.4037114    0.0073526523               0     0.046675018    0.0019955624       23.389406
   0.0018201557       5.4037219    0.0073590079               0     0.046673599    0.0019955533       23.388801
   0.0018991205       5.4037325     0.007365414               0     0.046672166    0.0019955442       23.388189
   0.0019789089       5.4037433    0.0073718726               0     0.046670717     0.001995535       23.387572
   0.0020595294       5.4037541    0.0073783857               0     0.046669254    0.0019955257       23.386947
   0.0021409906       5.4037651    0.0073849553               0     0.046667776    0.0019955163       23.386317
   0.0022233015       5.4037762    0.0073915835               0     0.046666282    0.0019955068       23.385679
   0.0023064707       5.4037874    0.0073982722               0     0.046664772    0.0019954972       23.385036
   0.0023905073       5.4037988    0.0074050234               0     0.046663247    0.0019954875       23.384385
   0.0024754204       5.4038103     0.007411839               0     0.046661706    0.0019954777       23.383728
   0.0025612189       5.4038219    0.0074187208               0      0.04666015    0.0019954678       23.383064
   0.0026479123       5.4038336    0.0074256708               0     0.046658577    0.0019954578       23.382393
   0.0027355098       5.4038455    0.0074326907               0     0.046656988    0.0019954477       23.381715
   0.0028240209       5.4038575    0.0074397825               0     0.046655382    0.0019954375        23.38103
    0.002913455       5.4038697    0.0074469478               0      0.04665376    0.0019954271       23.380338
   0.0030038219        5.403882    0.0074541886               0      0.04665212    0.0019954167       23.379638
   0.0030951311       5.4038944    0.0074615065               0     0.046650464    0.0019954062       23.378932
   0.0031873927       5.4039069    0.0074689033               0     0.046648791    0.0019953955       23.378218
   0.0032806164       5.4039197    0.0074763805               0     0.046647101    0.0019953848       23.377497
   0.0033748124       5.4039325      0.00748394               0     0.046645393    0.0019953739       23.376768
   0.0034699907       5.4039456    0.0074915834               0     0.046643667    0.0019953629       23.376032
   0.0035661616       5.4039587    0.0074993122               0     0.046641924    0.0019953518       23.375288
   0.0036633356        5.403972    0.0075071281               0     0.046640162    0.0019953406       23.374537
   0.0037615229       5.4039855    0.0075150326               0     0.046638382    0.0019953293       23.373777
   0.0038607342       5.4039991    0.0075230272               0     0.046636584    0.0019953179        23.37301
   0.0039609802       5.4040129    0.0075311135               0     0.046634767    0.0019953063       23.372235
   0.0040622717       5.4040268    0.0075392929               0     0.046632932    0.0019952946       23.371452
   0.0041646195       5.4040409     0.007547567               0     0.046631077    0.0019952828       23.370661
   0.0042680347       5.4040552    0.0075559371               0     0.046629203    0.0019952709       23.369862
   0.0043725284       5.4040696    0.0075644046               0      0.04662731    0.0019952588       23.369054
   0.0044781119       5.4040842    0.0075729709               0     0.046625397    0.0019952467       23.368237
   0.0045847965        5.404099    0.0075816374               0     0.046623464    0.0019952344       23.367413
   0.0046925938       5.4041139    0.0075904054               0     0.046621512    0.0019952219        23.36658
   0.0048015152        5.404129    0.0075992762               0     0.046619539    0.0019952094       23.365738
   0.0049115726       5.4041443     0.007608251               0     0.046617546    0.0019951967       23.364888
   0.0050227778       5.4041597    0.0076173312               0     0.046615532    0.0019951839       23.364029
   0.0051351427       5.4041754    0.0076265179               0     0.046613498    0.0019951709       23.363161
   0.0052486795       5.4041912    0.0076358123               0     0.046611442    0.0019951578       23.362283
   0.0053634003       5.4042072    0.0076452155               0     0.046609365    0.0019951446       23.361397
   0.0054793176       5.4042234    0.0076547289               0     0.046607267    0.0019951313       23.360502
   0.0055964437       5.4042398    0.0076643533               0     0.046605147    0.0019951178       23.359597
   0.0057147914       5.4042563      0.00767409               0     0.046603005    0.0019951041       23.358683
   0.0058343733       5.4042731      0.00768394               0     0.046600841    0.0019950903        23.35776
   0.0059552024       5.4042901    0.0076939043               0     0.046598654    0.0019950764       23.356827
   0.0060772915       5.4043072     0.007703984               0     0.046596445    0.0019950624       23.355884
    0.006200654       5.4043246    0.0077141799               0     0.046594214    0.0019950482       23.354932
   0.0063253029       5.4043422    0.0077244932               0     0.046591959    0.0019950338        23.35397
   0.0064512519       5.4043599    0.0077349247               0     0.046589681    0.0019950193       23.352998
   0.0065785143       5.4043779    0.0077454753               0     0.046587379    0.0019950046       23.352016
    0.006707104       5.4043961     0.007756146               0     0.046585053    0.0019949898       23.351023
   0.0068370347       5.4044145    0.0077669375               0     0.046582704    0.0019949749       23.350021
   0.0069683205       5.4044332    0.0077778507               0      0.04658033    0.0019949598       23.349008
   0.0071009754        5.404452    0.0077888863               0     0.046577932    0.0019949445       23.347985
   0.0072350138       5.4044711    0.0078000453               0     0.046575509     0.001994929       23.346951
   0.0073704501       5.4044904    0.0078113282               0     0.046573061    0.0019949134       23.345906
   0.0075072989       5.4045099    0.0078227359               0     0.046570588    0.0019948977        23.34485
   0.0076455748       5.4045297     0.007834269               0     0.046568089    0.0019948818       23.343784
   0.0077852928       5.4045496    0.0078459283               0     0.046565564    0.0019948657       23.342707
    0.007926468       5.4045699    0.0078577143               0     0.046563014    0.0019948495       23.341618
   0.0080691154       5.4045903    0.0078696276               0     0.046560437     0.001994833       23.340519
   0.0082132505        5.404611    0.0078816689               0     0.046557833    0.0019948165       23.339407
   0.0083588888       5.4046319    0.0078938387               0     0.046555203    0.0019947997       23.338285
    0.008506046       5.4046531    0.0079061376               0     0.046552546    0.0019947828       23.337151
   0.0086547378       5.4046746     0.007918566               0     0.046549861    0.0019947657       23.336005
   0.0088049804       5.4046963    0.0079311245               0     0.046547148    0.0019947484       23.334847
   0.0089567898       5.4047183    0.0079438134               0     0.046544407    0.0019947309       23.333678
   0.0091101825       5.4047405    0.0079566332               0     0.046541639    0.0019947133       23.332496
   0.0092651749        5.404763    0.0079695844               0     0.046538842    0.0019946954       23.331302
   0.0094217836       5.4047858    0.0079826672               0     0.046536016    0.0019946774       23.330096
   0.0095800257       5.4048088     0.007995882               0      0.04653316    0.0019946592       23.328877
   0.0097399181       5.4048321    0.0080092291               0     0.046530276    0.0019946409       23.327646
    0.009901478       5.4048557    0.0080227088               0     0.046527361    0.0019946223       23.326403
    0.010064723       5.4048795    0.0080363213               0     0.046524417    0.0019946035       23.325146
     0.01022967       5.4049037    0.0080500668               0     0.046521442    0.0019945846       23.323876
    0.010396337       5.4049281    0.0080639456               0     0.046518437    0.0019945654       23.322593
    0.010564743       5.4049529    0.0080779578               0       0.0465154     0.001994546       23.321298
    0.010734905       5.4049779    0.0080921034               0     0.046512333    0.0019945265       23.319988
    0.010906842       5.4050032    0.0081063827               0     0.046509234    0.0019945067       23.318665
    0.011080571       5.4050289    0.0081207956               0     0.046506103    0.0019944868       23.317329
    0.011256113       5.4050548    0.0081353422               0      0.04650294    0.0019944666       23.315979
    0.011433485       5.4050811    0.0081500224               0     0.046499744    0.0019944462       23.314615
    0.011612707       5.4051077    0.0081648362               0     0.046496516    0.0019944256       23.313236
    0.011793798       5.4051346    0.0081797836               0     0.046493254    0.0019944048       23.311844
    0.011976778       5.4051618    0.0081948644               0     0.046489958    0.0019943838       23.310438
    0.012161666       5.4051894    0.0082100785               0     0.046486629    0.0019943625       23.309016
    0.012348482       5.4052172    0.0082254257               0     0.046483265    0.0019943411       23.307581
    0.012537247       5.4052454    0.0082409058               0     0.046479867    0.0019943194        23.30613
     0.01272798        5.405274    0.0082565184               0     0.046476434    0.0019942975       23.304665
    0.012920702       5.4053029    0.0082722634               0     0.046472966    0.0019942754       23.303184
    0.013115435       5.4053321    0.0082881404               0     0.046469462    0.0019942531       23.301688
    0.013312198       5.4053617     0.008304149               0     0.046465922    0.0019942305       23.300177
    0.013511013       5.4053917    0.0083202888               0     0.046462346    0.0019942077        23.29865
    0.013711901        5.405422    0.0083365593               0     0.046458733    0.0019941846       23.297108
    0.013914885       5.4054527      0.00835296               0     0.046455083    0.0019941613        23.29555
    0.014119985       5.4054838    0.0083694905               0     0.046451395    0.0019941378       23.293975
    0.014327225       5.4055152    0.0083861501               0     0.046447669     0.001994114       23.292385
    0.014536626        5.405547    0.0084029382               0     0.046443906      0.00199409       23.290778
     0.01474821       5.4055792    0.0084198541               0     0.046440104    0.0019940657       23.289155
    0.014962002       5.4056118    0.0084368971               0     0.046436262    0.0019940412       23.287515
    0.015178023       5.4056448    0.0084540665               0     0.046432382    0.0019940164       23.285858
    0.015396296       5.4056782    0.0084713614               0     0.046428461    0.0019939914       23.284184
    0.015616846        5.405712     0.008488781               0       0.0464245    0.0019939661       23.282493
    0.015839697       5.4057462    0.0085063244               0     0.046420499    0.0019939405       23.280785
    0.016064871       5.4057808    0.0085239907               0     0.046416456    0.0019939147       23.279059
    0.016292394       5.4058158    0.0085417788               0     0.046412372    0.0019938886       23.277315
    0.016522289       5.4058512    0.0085596876               0     0.046408247    0.0019938623       23.275553
    0.016754582       5.4058871    0.0085777162               0     0.046404079    0.0019938357       23.273774
    0.016989298       5.4059234    0.0085958633               0     0.046399868    0.0019938088       23.271976
    0.017226461       5.4059602    0.0086141277               0     0.046395614    0.0019937816       23.270159
    0.017466098       5.4059974    0.0086325081               0     0.046391317    0.0019937541       23.268324
    0.017708234       5.4060351    0.0086510032               0     0.046386975    0.0019937264        23.26647
    0.017952896       5.4060732    0.0086696117               0      0.04638259    0.0019936984       23.264598
    0.018200108       5.4061117    0.0086883321               0     0.046378159      0.00199367       23.262706
    0.018449899       5.4061508     0.008707163               0     0.046373683    0.0019936414       23.260795
    0.018702296       5.4061903    0.0087261026               0     0.046369161    0.0019936125       23.258864
    0.018957324       5.4062303    0.0087451496               0     0.046364593    0.0019935833       23.256913
    0.019215012       5.4062707    0.0087643021               0     0.046359978    0.0019935538       23.254942
    0.019475387       5.4063117    0.0087835584               0     0.046355316     0.001993524       23.252951
    0.019738478       5.4063531    0.0088029168               0     0.046350606    0.0019934939        23.25094
    0.020004313       5.4063951    0.0088223754               0     0.046345848    0.0019934635       23.248908
     0.02027292       5.4064376    0.0088419322               0     0.046341042    0.0019934328       23.246855
    0.020544328       5.4064805    0.0088615852               0     0.046336187    0.0019934017       23.244782
    0.020818567        5.406524    0.0088813324               0     0.046331281    0.0019933703       23.242687
    0.021095666        5.406568    0.0089011717               0     0.046326326    0.0019933386       23.240571
    0.021375655       5.4066126    0.0089211009               0      0.04632132    0.0019933066       23.238433
    0.021658563       5.4066576    0.0089411176               0     0.046316263    0.0019932742       23.236273
    0.021944423       5.4067032    0.0089612195               0     0.046311155    0.0019932415       23.234091
    0.022233263       5.4067494    0.0089814042               0     0.046305994    0.0019932085       23.231887
    0.022525116       5.4067961    0.0090016693               0      0.04630078    0.0019931752        23.22966
    0.022820012       5.4068434    0.0090220122               0     0.046295514    0.0019931414       23.227411
    0.023117984       5.4068913    0.0090424302               0     0.046290193    0.0019931074       23.225138
    0.023419063       5.4069397    0.0090629207               0     0.046284819     0.001993073       23.222843
    0.023723283       5.4069887    0.0090834808               0      0.04627939    0.0019930382       23.220523
    0.024030675       5.4070383    0.0091041078               0     0.046273905    0.0019930031       23.218181
    0.024341273       5.4070884    0.0091247985               0     0.046268365    0.0019929676       23.215814
     0.02465511       5.4071392      0.00914555               0     0.046262768    0.0019929318       23.213424
     0.02497222       5.4071906    0.0091663593               0     0.046257114    0.0019928956       23.211008
    0.025292637       5.4072426     0.009187223               0     0.046251403     0.001992859       23.208568
    0.025616396       5.4072952    0.0092081381               0     0.046245633     0.001992822       23.206104
    0.025943531       5.4073484    0.0092291011               0     0.046239805    0.0019927847       23.203614
    0.026274078       5.4074023    0.0092501086               0     0.046233917    0.0019927469       23.201099
    0.026608073       5.4074568     0.009271157               0     0.046227969    0.0019927088       23.198558
     0.02694555       5.4075119    0.0092922429               0     0.046221961    0.0019926703       23.195991
    0.027286547       5.4075677    0.0093133626               0     0.046215892    0.0019926314       23.193398
      0.0276311       5.4076242    0.0093345121               0     0.046209762    0.0019925921       23.190779
    0.027979247       5.4076813    0.0093556878               0     0.046203569    0.0019925524       23.188133
    0.028331025       5.4077391    0.0093768857               0     0.046197313    0.0019925123        23.18546
    0.028686471       5.4077975    0.0093981017               0     0.046190994    0.0019924717        23.18276
    0.029045624       5.4078566    0.0094193319               0      0.04618461    0.0019924308       23.180033
    0.029408522       5.4079165    0.0094405719               0     0.046178162    0.0019923894       23.177278
    0.029775206        5.407977    0.0094618175               0     0.046171648    0.0019923476       23.174495
    0.030145713       5.4080382    0.0094830644               0     0.046165068    0.0019923054       23.171683
    0.030520085       5.4081002    0.0095043081               0     0.046158421    0.0019922627       23.168843
     0.03089836       5.4081629     0.009525544               0     0.046151707    0.0019922197       23.165974
    0.031280581       5.4082262    0.0095467676               0     0.046144926    0.0019921761       23.163076
    0.031666788       5.4082903    0.0095679742               0     0.046138075    0.0019921321       23.160149
    0.032057023       5.4083552    0.0095891589               0     0.046131155    0.0019920877       23.157192
    0.032451328       5.4084208     0.009610317               0     0.046124164    0.0019920428       23.154204
    0.032849744       5.4084872    0.0096314434               0     0.046117103    0.0019919974       23.151187
    0.033252316       5.4085543     0.009652533               0     0.046109971    0.0019919516       23.148139
    0.033659086       5.4086221    0.0096735808               0     0.046102767    0.0019919053        23.14506
    0.034070098       5.4086908    0.0096945816               0     0.046095489    0.0019918585        23.14195
    0.034485397       5.4087602    0.0097155301               0     0.046088138    0.0019918113       23.138808
    0.034905027       5.4088304     0.009736421               0     0.046080713    0.0019917636       23.135635
    0.035329034       5.4089014    0.0097572487               0     0.046073213    0.0019917154       23.132429
    0.035757462       5.4089732    0.0097780078               0     0.046065637    0.0019916666       23.129191
    0.036190358       5.4090458    0.0097986927               0     0.046057984    0.0019916174        23.12592
    0.036627769       5.4091193    0.0098192976               0     0.046050254    0.0019915677       23.122616
    0.037069742       5.4091935    0.0098398168               0     0.046042446    0.0019915175       23.119279
    0.037516324       5.4092685    0.0098602446               0      0.04603456    0.0019914667       23.115908
    0.037967563       5.4093444     0.009880575               0     0.046026594    0.0019914155       23.112503
    0.038423508       5.4094212    0.0099008022               0     0.046018547    0.0019913637       23.109063
    0.038884209       5.4094987    0.0099209201               0     0.046010419    0.0019913113       23.105589
    0.039349714       5.4095771    0.0099409226               0      0.04600221    0.0019912585       23.102079
    0.039820074       5.4096564    0.0099608033               0     0.045993918    0.0019912051       23.098535
    0.040295339       5.4097366    0.0099805562               0     0.045985543    0.0019911512       23.094954
    0.040775561       5.4098176     0.010000175               0     0.045977083    0.0019910967       23.091337
    0.041260791       5.4098995     0.010019654               0     0.045968538    0.0019910416       23.087684
    0.041751081       5.4099823     0.010038986               0     0.045959907     0.001990986       23.083994
    0.042246485        5.410066     0.010058165               0     0.045951189    0.0019909298       23.080267
    0.042747055       5.4101505     0.010077184               0     0.045942384     0.001990873       23.076502
    0.043252845        5.410236     0.010096037               0      0.04593349    0.0019908157         23.0727
    0.043763911       5.4103224     0.010114717               0     0.045924508    0.0019907578       23.068859
    0.044280306       5.4104096     0.010133219               0     0.045915434    0.0019906992       23.064979
    0.044802087       5.4104978     0.010151534               0      0.04590627    0.0019906401       23.061061
    0.045329309        5.410587     0.010169658               0     0.045897014    0.0019905804       23.057103
     0.04586203        5.410677     0.010187582               0     0.045887665      0.00199052       23.053105
    0.046400307        5.410768       0.0102053               0     0.045878223    0.0019904591       23.049067
    0.046944197         5.41086     0.010222806               0     0.045868685    0.0019903975       23.044989
     0.04749376       5.4109529     0.010240094               0     0.045859053    0.0019903353       23.040869
    0.048049054       5.4110467     0.010257155               0     0.045849324    0.0019902725       23.036708
    0.048610139       5.4111415     0.010273983               0     0.045839497     0.001990209       23.032506
    0.049177075       5.4112373     0.010290573               0     0.045829572    0.0019901448       23.028261
    0.049749924        5.411334     0.010306916               0     0.045819549      0.00199008       23.023974
    0.050328748       5.4114317     0.010323007               0     0.045809424    0.0019900146       23.019644
    0.050913608       5.4115304     0.010338839               0     0.045799199    0.0019899485        23.01527
    0.051504567       5.4116301     0.010354405               0     0.045788872    0.0019898817       23.010853
    0.052101689       5.4117308     0.010369698               0     0.045778441    0.0019898142       23.006391
    0.052705039       5.4118325     0.010384713               0     0.045767907     0.001989746       23.001885
    0.053314682       5.4119351     0.010399442               0     0.045757268    0.0019896772       22.997333
    0.053930682       5.4120388     0.010413879               0     0.045746522    0.0019896076       22.992737
    0.054553106       5.4121435     0.010428017               0     0.045735669    0.0019895373       22.988094
    0.055182022       5.4122492     0.010441851               0     0.045724709    0.0019894664       22.983405
    0.055817496       5.4123559     0.010455373               0     0.045713639    0.0019893946       22.978669
    0.056459598       5.4124637     0.010468578               0     0.045702459    0.0019893222       22.973886
    0.057108397       5.4125724     0.010481459               0     0.045691168     0.001989249       22.969055
    0.057763961       5.4126823      0.01049401               0     0.045679765    0.0019891751       22.964176
    0.058426363       5.4127931     0.010506226               0     0.045668248    0.0019891004       22.959249
    0.059095673        5.412905       0.0105181               0     0.045656617    0.0019890249       22.954272
    0.059771963       5.4130179     0.010529626               0     0.045644871    0.0019889487       22.949246
    0.060455306       5.4131319     0.010540799               0     0.045633008    0.0019888718        22.94417
    0.061145775        5.413247     0.010551614               0     0.045621028     0.001988794       22.939043
    0.061843446       5.4133631     0.010562063               0     0.045608929    0.0019887154       22.933865
    0.062548392       5.4134803     0.010572143               0     0.045596709     0.001988636       22.928636
    0.063260691       5.4135985     0.010581848               0     0.045584369    0.0019885559       22.923355
    0.063980417       5.4137178     0.010591173               0     0.045571907    0.0019884749       22.918021
     0.06470765       5.4138382     0.010600112               0     0.045559322    0.0019883931       22.912635
    0.065442467       5.4139597     0.010608661               0     0.045546612    0.0019883104       22.907195
    0.066184948       5.4140822     0.010616815               0     0.045533776    0.0019882269       22.901701
    0.066935172       5.4142058      0.01062457               0     0.045520814    0.0019881426       22.896153
     0.06769322       5.4143306     0.010631921               0     0.045507724    0.0019880574        22.89055
    0.068459173       5.4144564     0.010638863               0     0.045494505    0.0019879713       22.884892
    0.069233115       5.4145833     0.010645394               0     0.045481156    0.0019878844       22.879177
    0.070015128       5.4147113     0.010651508               0     0.045467675    0.0019877966       22.873406
    0.070805297       5.4148405     0.010657203               0     0.045454061    0.0019877078       22.867578
    0.071603706       5.4149707     0.010662474               0     0.045440313    0.0019876182       22.861692
    0.072410442       5.4151021     0.010667318               0      0.04542643    0.0019875277       22.855748
    0.073225592       5.4152346     0.010671732               0     0.045412411    0.0019874363       22.849746
    0.074049243       5.4153681     0.010675712               0     0.045398254    0.0019873439       22.843685
    0.074881483       5.4155029     0.010679257               0     0.045383958    0.0019872506       22.837563
    0.075722403       5.4156387     0.010682364               0     0.045369522    0.0019871563       22.831382
    0.076572093       5.4157757     0.010685029               0     0.045354944    0.0019870612       22.825139
    0.077430644       5.4159138     0.010687251               0     0.045340223     0.001986965       22.818835
    0.078298149       5.4160531     0.010689028               0     0.045325358    0.0019868678        22.81247
    0.079174701       5.4161935     0.010690358               0     0.045310348    0.0019867697       22.806041
    0.080060395        5.416335     0.010691239               0     0.045295191    0.0019866705        22.79955
    0.080955325       5.4164777     0.010691671               0     0.045279885    0.0019865704       22.792995
    0.081859589       5.4166216     0.010691651               0     0.045264431    0.0019864693       22.786375
    0.082773283       5.4167666     0.010691179               0     0.045248825    0.0019863671       22.779691
    0.083696507       5.4169128     0.010690254               0     0.045233067    0.0019862639       22.772941
    0.084629358       5.4170602     0.010688876               0     0.045217156    0.0019861597       22.766125
    0.085571939       5.4172087     0.010687044               0     0.045201089    0.0019860543       22.759243
    0.086524349       5.4173584     0.010684759               0     0.045184866     0.001985948       22.752293
    0.087486692       5.4175094      0.01068202               0     0.045168486    0.0019858405       22.745276
    0.088459071       5.4176614     0.010678828               0     0.045151946     0.001985732       22.738189
    0.089441592       5.4178147     0.010675183               0     0.045135245    0.0019856223       22.731034
    0.090434358       5.4179692     0.010671086               0     0.045118382    0.0019855116       22.723809
    0.091437479       5.4181249     0.010666538               0     0.045101356    0.0019853998       22.716513
    0.092451061       5.4182817     0.010661541               0     0.045084165    0.0019852868       22.709147
    0.093475213       5.4184398     0.010656096               0     0.045066807    0.0019851726       22.701709
    0.094510047       5.4185991     0.010650205               0     0.045049281    0.0019850574       22.694198
    0.095555673       5.4187597     0.010643868               0     0.045031586    0.0019849409       22.686615
    0.096612203       5.4189214      0.01063709               0     0.045013719    0.0019848233       22.678958
    0.097679752       5.4190845     0.010629871               0      0.04499568    0.0019847045       22.671226
    0.098758435       5.4192487     0.010622214               0     0.044977468    0.0019845845        22.66342
    0.099848367       5.4194142     0.010614123               0     0.044959079    0.0019844633       22.655538
     0.10094967       5.4195809     0.010605599               0     0.044940514    0.0019843409       22.647579
     0.10206245       5.4197489     0.010596647               0     0.044921769    0.0019842172       22.639544
     0.10318684       5.4199182     0.010587269               0     0.044902844    0.0019840923       22.631431
     0.10432296       5.4200887     0.010577469               0     0.044883738    0.0019839661        22.62324
     0.10547092       5.4202606     0.010567251               0     0.044864448    0.0019838387        22.61497
     0.10663086       5.4204337     0.010556618               0     0.044844973      0.00198371        22.60662
     0.10780289       5.4206081     0.010545575               0     0.044825311      0.00198358       22.598189
     0.10898715       5.4207838     0.010534125               0     0.044805461    0.0019834487       22.589677
     0.11018375       5.4209608     0.010522274               0     0.044785422    0.0019833161       22.581084
     0.11139284       5.4211391     0.010510025               0      0.04476519    0.0019831821       22.572408
     0.11261454       5.4213187     0.010497384               0     0.044744765    0.0019830468       22.563648
     0.11384897       5.4214997     0.010484356               0     0.044724146    0.0019829101       22.554805
     0.11509628        5.421682     0.010470945               0      0.04470333    0.0019827721       22.545876
      0.1163566       5.4218657     0.010457157               0     0.044682315    0.0019826327       22.536862
     0.11763007       5.4220508     0.010442997               0     0.044661101    0.0019824919       22.527762
     0.11891681       5.4222372      0.01042847               0     0.044639685    0.0019823497       22.518575
     0.12021697       5.4224249     0.010413583               0     0.044618065     0.001982206         22.5093
      0.1215307       5.4226141      0.01039834               0      0.04459624    0.0019820609       22.499937
     0.12285812       5.4228046     0.010382749               0     0.044574209    0.0019819144       22.490484
     0.12419939       5.4229966     0.010366814               0     0.044551969    0.0019817664       22.480941
     0.12555464       5.4231899     0.010350542               0     0.044529518    0.0019816169       22.471308
     0.12692403       5.4233847      0.01033394               0     0.044506855     0.001981466       22.461582
      0.1283077       5.4235809     0.010317013               0     0.044483978    0.0019813135       22.451765
      0.1297058       5.4237786     0.010299768               0     0.044460886    0.0019811595       22.441854
     0.13111848       5.4239777     0.010282211               0     0.044437575    0.0019810039       22.431849
      0.1325459       5.4241783      0.01026435               0     0.044414046    0.0019808468        22.42175
      0.1339882       5.4243803      0.01024619               0     0.044390295    0.0019806882       22.411555
     0.13544554       5.4245839     0.010227739               0     0.044366321    0.0019805279       22.401263
     0.13691808       5.4247889     0.010209003               0     0.044342122    0.0019803661       22.390874
     0.13840598       5.4249955      0.01018999               0     0.044317697    0.0019802027       22.380387
      0.1399094       5.4252036     0.010170705               0     0.044293043    0.0019800377       22.369802
     0.14142849       5.4254132     0.010151157               0     0.044268158     0.001979871       22.359116
     0.14296343       5.4256243     0.010131352               0     0.044243041    0.0019797026       22.348331
     0.14451437        5.425837     0.010111296               0      0.04421769    0.0019795325       22.337443
     0.14608149       5.4260513     0.010090998               0     0.044192102    0.0019793608       22.326454
     0.14766496       5.4262671     0.010070465               0     0.044166276    0.0019791874       22.315362
     0.14926493       5.4264846     0.010049702               0      0.04414021    0.0019790123       22.304165
      0.1508816       5.4267036     0.010028718               0     0.044113902    0.0019788354       22.292865
     0.15251512       5.4269243      0.01000752               0      0.04408735    0.0019786568       22.281458
     0.15416568       5.4271467    0.0099861143               0     0.044060552    0.0019784764       22.269945
     0.15583345       5.4273706    0.0099645087               0     0.044033506    0.0019782942       22.258324
     0.15751862       5.4275962    0.0099427098               0      0.04400621    0.0019781102       22.246596
     0.15922136       5.4278235    0.0099207248               0     0.043978663    0.0019779244       22.234758
     0.16094186       5.4280525    0.0098985608               0     0.043950861    0.0019777368        22.22281
      0.1626803       5.4282833    0.0098762248               0     0.043922804    0.0019775473       22.210752
     0.16443687       5.4285157    0.0098537236               0     0.043894489    0.0019773559       22.198581
     0.16621176       5.4287498    0.0098310643               0     0.043865913    0.0019771627       22.186298
     0.16800516       5.4289857    0.0098082536               0     0.043837076    0.0019769676       22.173902
     0.16981727       5.4292234    0.0097852984               0     0.043807975    0.0019767705       22.161391
     0.17164827       5.4294629    0.0097622055               0     0.043778608    0.0019765715       22.148764
     0.17349837       5.4297041    0.0097389814               0     0.043748972    0.0019763705       22.136021
     0.17536776       5.4299471    0.0097156326               0     0.043719067    0.0019761676       22.123162
     0.17725665        5.430192    0.0096921659               0     0.043688889    0.0019759627       22.110183
     0.17916524       5.4304387    0.0096685878               0     0.043658436    0.0019757558       22.097086
     0.18109373       5.4306872    0.0096449045               0     0.043627708    0.0019755468       22.083869
     0.18304234       5.4309377    0.0096211223               0       0.0435967    0.0019753358       22.070531
     0.18501127         5.43119    0.0095972474               0     0.043565412    0.0019751227       22.057071
     0.18700073       5.4314442    0.0095732859               0     0.043533841    0.0019749075       22.043488
     0.18901094       5.4317004    0.0095492439               0     0.043501986    0.0019746903       22.029782
     0.19104211       5.4319585    0.0095251273               0     0.043469843    0.0019744709        22.01595
     0.19309447       5.4322185     0.009500942               0      0.04343741    0.0019742493       22.001993
     0.19516823       5.4324805    0.0094766936               0     0.043404687    0.0019740256       21.987909
     0.19726361       5.4327445    0.0094523878               0      0.04337167    0.0019737998       21.973698
     0.19938085       5.4330105    0.0094280302               0     0.043338357    0.0019735717       21.959358
     0.20152017       5.4332785    0.0094036262               0     0.043304747    0.0019733414       21.944888
     0.20368181       5.4335486    0.0093791811               0     0.043270836    0.0019731089       21.930288
     0.20586598       5.4338207    0.0093547002               0     0.043236623    0.0019728741       21.915557
     0.20807294       5.4340949    0.0093301887               0     0.043202106     0.001972637       21.900693
     0.21030291       5.4343711    0.0093056515               0     0.043167282    0.0019723976       21.885695
     0.21255613       5.4346495    0.0092810937               0     0.043132149    0.0019721559       21.870563
     0.21483286         5.43493      0.00925652               0     0.043096705    0.0019719119       21.855296
     0.21713333       5.4352126    0.0092319351               0     0.043060949    0.0019716655       21.839892
     0.21945779       5.4354974    0.0092073439               0     0.043024876    0.0019714167        21.82435
     0.22180649       5.4357844    0.0091827507               0     0.042988486    0.0019711655        21.80867
     0.22417969       5.4360736      0.00915816               0     0.042951776    0.0019709118       21.792851
     0.22657764        5.436365    0.0091335762               0     0.042914744    0.0019706558       21.776891
      0.2290006       5.4366586    0.0091090036               0     0.042877388    0.0019703972       21.760789
     0.23144882       5.4369545    0.0090844462               0     0.042839704    0.0019701362       21.744546
     0.23392258       5.4372527    0.0090599082               0     0.042801692    0.0019698727       21.728158
     0.23642213       5.4375531    0.0090353935               0     0.042763349    0.0019696066       21.711626
     0.23894776       5.4378559     0.009010906               0     0.042724673     0.001969338       21.694949
     0.24149972        5.438161    0.0089864493               0     0.042685661    0.0019690667       21.678124
      0.2440783       5.4384684    0.0089620274               0     0.042646311    0.0019687929       21.661152
     0.24668377       5.4387782    0.0089376437               0     0.042606621    0.0019685165       21.644032
     0.24931641       5.4390903    0.0089133016               0     0.042566588    0.0019682374       21.626762
     0.25197651       5.4394049    0.0088890047               0     0.042526211    0.0019679557       21.609341
     0.25466435        5.439722    0.0088647562               0     0.042485487    0.0019676712       21.591768
     0.25738022       5.4400414    0.0088405594               0     0.042444413     0.001967384       21.574043
     0.26012442       5.4403634    0.0088164173               0     0.042402989    0.0019670941       21.556163
     0.26289723       5.4406878    0.0087923331               0      0.04236121    0.0019668015       21.538129
     0.26569896       5.4410147    0.0087683096               0     0.042319076     0.001966506       21.519939
     0.26852991       5.4413442    0.0087443497               0     0.042276583    0.0019662078       21.501592
     0.27139039       5.4416762    0.0087204562               0      0.04223373    0.0019659067       21.483087
      0.2742807       5.4420107    0.0086966317               0     0.042190514    0.0019656027       21.464423
     0.27720115       5.4423479    0.0086728788               0     0.042146932    0.0019652959       21.445599
     0.28015205       5.4426877    0.0086492001               0     0.042102984    0.0019649861       21.426614
     0.28313373       5.4430301    0.0086255978               0     0.042058666    0.0019646735       21.407466
     0.28614651       5.4433752    0.0086020744               0     0.042013976    0.0019643578       21.388156
     0.28919071        5.443723    0.0085786319               0     0.041968911    0.0019640392       21.368681
     0.29226666       5.4440735    0.0085552726               0     0.041923471    0.0019637176        21.34904
     0.29537468       5.4444267    0.0085319983               0     0.041877652     0.001963393       21.329234
     0.29851512       5.4447826    0.0085088111               0     0.041831452    0.0019630653        21.30926
     0.30168831       5.4451413    0.0084857127               0     0.041784869    0.0019627345       21.289117
     0.30489459       5.4455028    0.0084627049               0       0.0417379    0.0019624006       21.268806
     0.30813432       5.4458671    0.0084397893               0     0.041690544    0.0019620636       21.248323
     0.31140782       5.4462343    0.0084169674               0     0.041642798    0.0019617234       21.227669
     0.31471547       5.4466044    0.0083942407               0      0.04159466    0.0019613801       21.206842
     0.31805762       5.4469773    0.0083716105               0     0.041546127    0.0019610335       21.185842
     0.32143461       5.4473531    0.0083490781               0     0.041497198    0.0019606837       21.164667
     0.32484683       5.4477319    0.0083266445               0     0.041447871    0.0019603306       21.143316
     0.32829463       5.4481137    0.0083043108               0     0.041398142    0.0019599743       21.121788
     0.33177839       5.4484984     0.008282078               0      0.04134801    0.0019596146       21.100082
     0.33529849       5.4488862    0.0082599469               0     0.041297473    0.0019592516       21.078198
     0.33885529        5.449277    0.0082379183               0     0.041246529    0.0019588852       21.056134
     0.34244919       5.4496709    0.0082159929               0     0.041195175    0.0019585154       21.033888
     0.34608056       5.4500678    0.0081941712               0     0.041143409    0.0019581422       21.011461
     0.34974981       5.4504679    0.0081724538               0     0.041091229    0.0019577655       20.988851
     0.35345733       5.4508711     0.008150841               0     0.041038633    0.0019573854       20.966056
     0.35720351       5.4512775    0.0081293332               0     0.040985619    0.0019570018       20.943077
     0.36098876       5.4516871    0.0081079307               0     0.040932184    0.0019566146       20.919912
     0.36481349          5.4521    0.0080866337               0     0.040878327    0.0019562239        20.89656
      0.3686781       5.4525161    0.0080654422               0     0.040824046    0.0019558295       20.873019
     0.37258302       5.4529355    0.0080443564               0     0.040769338    0.0019554316       20.849289
     0.37652866       5.4533582    0.0080233761               0     0.040714202      0.00195503        20.82537
     0.38051546       5.4537842    0.0080025014               0     0.040658634    0.0019546248       20.801259
     0.38454383       5.4542136    0.0079817321               0     0.040602634    0.0019542158       20.776956
     0.38861421       5.4546464     0.007961068               0       0.0405462    0.0019538031        20.75246
     0.39272704       5.4550826    0.0079405088               0     0.040489328    0.0019533867        20.72777
     0.39688276       5.4555223    0.0079200544               0     0.040432018    0.0019529664       20.702886
     0.40108183       5.4559655    0.0078997043               0     0.040374267    0.0019525424       20.677805
     0.40532468       5.4564122    0.0078794583               0     0.040316074    0.0019521145       20.652527
     0.40961179       5.4568624    0.0078593158               0     0.040257436    0.0019516827       20.627051
      0.4139436       5.4573162    0.0078392765               0     0.040198351    0.0019512471       20.601376
     0.41832059       5.4577736    0.0078193399               0     0.040138819    0.0019508075       20.575502
     0.42274323       5.4582347    0.0077995054               0     0.040078836    0.0019503639       20.549427
       0.427212       5.4586994    0.0077797725               0     0.040018401    0.0019499163        20.52315
     0.43172736       5.4591679    0.0077601405               0     0.039957512    0.0019494648        20.49667
     0.43628982         5.45964    0.0077406088               0     0.039896167    0.0019490091       20.469987
     0.44089986        5.460116    0.0077211767               0     0.039834365    0.0019485494         20.4431
     0.44555798       5.4605957    0.0077018436               0     0.039772104    0.0019480856       20.416007
     0.45026468       5.4610793    0.0076826088               0     0.039709381    0.0019476176       20.388708
     0.45502046       5.4615667    0.0076634714               0     0.039646196    0.0019471455       20.361202
     0.45982584        5.462058    0.0076444308               0     0.039582547    0.0019466692       20.333488
     0.46468134       5.4625532    0.0076254861               0     0.039518431    0.0019461886       20.305564
     0.46958747       5.4630524    0.0076066365               0     0.039453848    0.0019457038       20.277432
     0.47454477       5.4635557     0.007587881               0     0.039388796    0.0019452147       20.249088
     0.47955377       5.4640629    0.0075692189               0     0.039323273    0.0019447212       20.220533
     0.48461501       5.4645742    0.0075506492               0     0.039257277    0.0019442234       20.191766
     0.48972903       5.4650896    0.0075321709               0     0.039190807    0.0019437213       20.162786
     0.49489639       5.4656092    0.0075137833               0     0.039123863    0.0019432147       20.133592
     0.50011763       5.4661329    0.0074954853               0     0.039056441    0.0019427037       20.104183
     0.50539333       5.4666608    0.0074772761               0     0.038988541    0.0019421882       20.074559
     0.51072405        5.467193    0.0074591548               0     0.038920162    0.0019416682       20.044718
     0.51611036       5.4677295    0.0074411204               0     0.038851301    0.0019411436        20.01466
     0.52155285       5.4682702    0.0074231721               0     0.038781958    0.0019406145       19.984385
     0.52705209       5.4688154     0.007405309               0     0.038712131    0.0019400808       19.953891
     0.53260869       5.4693649    0.0073875303               0      0.03864182    0.0019395425       19.923178
     0.53822324       5.4699188     0.007369835               0     0.038571022    0.0019389995       19.892245
     0.54389634       5.4704772    0.0073522222               0     0.038499737    0.0019384519       19.861091
     0.54962861       5.4710402    0.0073346911               0     0.038427964    0.0019378995       19.829716
     0.55542065       5.4716076    0.0073172408               0     0.038355701    0.0019373424       19.798118
      0.5612731       5.4721796    0.0072998706               0     0.038282948    0.0019367804       19.766299
     0.56718659       5.4727563    0.0072825796               0     0.038209704    0.0019362137       19.734255
     0.57316175       5.4733376    0.0072653672               0     0.038135966    0.0019356422       19.701988
     0.57919923       5.4739237    0.0072482327               0     0.038061735    0.0019350657       19.669496
     0.58529966       5.4745145    0.0072311754               0      0.03798701    0.0019344844       19.636779
     0.59146372         5.47511    0.0072141947               0     0.037911789    0.0019338981       19.603837
     0.59769207       5.4757104    0.0071972899               0     0.037836072    0.0019333069       19.570667
     0.60398537       5.4763156    0.0071804605               0     0.037759859    0.0019327107       19.537271
      0.6103443       5.4769258     0.007163706               0     0.037683147    0.0019321094       19.503648
     0.61676955       5.4775408    0.0071470257               0     0.037605938    0.0019315031       19.469796
     0.62326181       5.4781609    0.0071304191               0     0.037528229    0.0019308918       19.435716
     0.62982178        5.478786    0.0071138854               0     0.037450021    0.0019302753       19.401408
     0.63645016       5.4794162    0.0070974242               0     0.037371314    0.0019296536       19.366869
     0.64314767       5.4800515    0.0070810345               0     0.037292105    0.0019290268       19.332101
     0.64991502        5.480692    0.0070647157               0     0.037212396    0.0019283948       19.297103
     0.65675295       5.4813377    0.0070484667               0     0.037132186    0.0019277576       19.261874
      0.6636622       5.4819886    0.0070322865               0     0.037051473     0.001927115       19.226413
      0.6706435       5.4826449    0.0070161735               0     0.036970259    0.0019264672       19.190722
     0.67769761       5.4833065    0.0070001264               0     0.036888543    0.0019258141       19.154798
     0.68482528       5.4839734    0.0069841435               0     0.036806325    0.0019251556       19.118643
      0.6920273       5.4846458    0.0069682228               0     0.036723604    0.0019244918       19.082254
     0.69930442       5.4853237    0.0069523622               0      0.03664038    0.0019238225       19.045633
     0.70665743       5.4860072    0.0069365592               0     0.036556654    0.0019231479       19.008779
     0.71408713       5.4866962    0.0069208115               0     0.036472426    0.0019224677       18.971692
     0.72159431       5.4873908    0.0069051168               0     0.036387695     0.001921782       18.934372
     0.72917978       5.4880911    0.0068894726               0     0.036302462    0.0019210908       18.896817
     0.73684436       5.4887971    0.0068738767               0     0.036216727    0.0019203941       18.859029
     0.74458888       5.4895088     0.006858327               0      0.03613049    0.0019196918       18.821006
     0.75241416       5.4902264    0.0068428215               0     0.036043752    0.0019189839       18.782749
     0.76032106       5.4909498    0.0068273582               0     0.035956514    0.0019182704       18.744258
     0.76831041       5.4916791    0.0068119355               0     0.035868774    0.0019175511       18.705533
     0.77638309       5.4924144    0.0067965519               0     0.035780534    0.0019168262       18.666573
     0.78453995       5.4931557    0.0067812062               0     0.035691796    0.0019160956       18.627378
     0.79278189        5.493903    0.0067658973               0     0.035602558    0.0019153592       18.587949
     0.80110977       5.4946564    0.0067506244               0     0.035512822    0.0019146171       18.548286
     0.80952451        5.495416    0.0067353868               0     0.035422589    0.0019138691       18.508388
     0.81802701       5.4961817    0.0067201839               0     0.035331859    0.0019131153       18.468255
     0.82661818       5.4969537    0.0067050151               0     0.035240634    0.0019123557       18.427888
     0.83529894       5.4977319    0.0066898801               0     0.035148914    0.0019115902       18.387287
     0.84407024       5.4985165    0.0066747788               0       0.0350567    0.0019108187       18.346452
     0.85293301       5.4993075    0.0066597111               0     0.034963993    0.0019100413       18.305383
     0.86188821       5.5001049    0.0066446772               0     0.034870796     0.001909258       18.264079
     0.87093681       5.5009088     0.006629677               0     0.034777108    0.0019084687       18.222543
     0.88007977       5.5017192    0.0066147107               0      0.03468293    0.0019076733       18.180773
     0.88931809       5.5025363     0.006599778               0     0.034588265    0.0019068719       18.138769
     0.89865275         5.50336    0.0065848789               0     0.034493114    0.0019060644       18.096534
     0.90808476       5.5041903    0.0065700133               0     0.034397478    0.0019052508       18.054066
     0.91761514       5.5050274    0.0065551808               0     0.034301359    0.0019044311       18.011365
     0.92724491       5.5058714     0.006540381               0     0.034204757    0.0019036052       17.968433
     0.93697511       5.5067221    0.0065256135               0     0.034107676    0.0019027731        17.92527
     0.94680679       5.5075798    0.0065108775               0     0.034010116    0.0019019348       17.881876
       0.956741       5.5084445    0.0064961723               0     0.033912079    0.0019010903       17.838251
     0.96677881       5.5093161    0.0064814976               0     0.033813568    0.0019002395       17.794397
     0.97692131       5.5101949    0.0064668532               0     0.033714584    0.0018993823       17.750313
     0.98716958       5.5110808    0.0064522391               0     0.033615128    0.0018985188          17.706
     0.99752474       5.5119738    0.0064376549               0     0.033515204    0.0018976489        17.66146
      1.0079879       5.5128741    0.0064231005               0     0.033414812    0.0018967727       17.616692
      1.0185602       5.5137816     0.006408575               0     0.033313956      0.00189589       17.571697
      1.0292427       5.5146966    0.0063940783               0     0.033212638    0.0018950008       17.526476
      1.0400366       5.5156189    0.0063796104               0     0.033110858    0.0018941051       17.481029
      1.0509431       5.5165487    0.0063651719               0     0.033008622    0.0018932028       17.435358
      1.0619634        5.517486    0.0063507637               0     0.032905929     0.001892294       17.389464
      1.0730985       5.5184309    0.0063363863               0     0.032802783    0.0018913785       17.343346
      1.0843498       5.5193834    0.0063220394               0     0.032699186    0.0018904564       17.297006
      1.0957185       5.5203436    0.0063077227               0     0.032595141    0.0018895276       17.250444
      1.1072057       5.5213116    0.0062934356               0     0.032490651     0.001888592       17.203662
      1.1188127       5.5222873    0.0062791781               0     0.032385718    0.0018876497       17.156661
      1.1305407        5.523271    0.0062649507               0     0.032280344    0.0018867005       17.109442
      1.1423911       5.5242626    0.0062507543               0     0.032174533    0.0018857445       17.062005
      1.1543651       5.5252621    0.0062365892               0     0.032068288    0.0018847815       17.014353
      1.1664639       5.5262697    0.0062224547               0      0.03196161    0.0018838116       16.966485
      1.1786889       5.5272854    0.0062083498               0     0.031854505    0.0018828346       16.918403
      1.1910414       5.5283093    0.0061942739               0     0.031746973    0.0018818506       16.870109
      1.2035227       5.5293414    0.0061802265               0     0.031639019    0.0018808593       16.821603
      1.2161342       5.5303818    0.0061662081               0     0.031530645     0.001879861       16.772887
      1.2288773       5.5314305    0.0061522185               0     0.031421855    0.0018788553       16.723962
      1.2417532       5.5324877    0.0061382572               0     0.031312651    0.0018778424       16.674829
      1.2547634       5.5335533    0.0061243227               0     0.031203038    0.0018768221       16.625491
      1.2679093       5.5346275    0.0061104135               0     0.031093017    0.0018757944       16.575947
      1.2811922       5.5357102     0.006096529               0     0.030982594     0.001874759       16.526202
      1.2946137       5.5368017    0.0060826698               0      0.03087177    0.0018737162       16.476253
      1.3081752       5.5379018    0.0060688368               0     0.030760551    0.0018726656       16.426105
      1.3218781       5.5390107    0.0060550294               0     0.030648937    0.0018716074       16.375758
       1.335724       5.5401285    0.0060412454               0     0.030536935    0.0018705412       16.325216
      1.3497142       5.5412551    0.0060274823               0     0.030424546    0.0018694672       16.274476
      1.3638503       5.5423908    0.0060137379               0     0.030311776     0.001868385       16.223546
      1.3781338       5.5435354    0.0060000126               0     0.030198627    0.0018672949       16.172421
      1.3925664       5.5446892    0.0059863085               0     0.030085104    0.0018661965       16.121109
      1.4071494       5.5458521    0.0059726283               0     0.029971209    0.0018650899       16.069607
      1.4218845       5.5470242    0.0059589722               0     0.029856948    0.0018639748       16.017922
      1.4367733       5.5482056    0.0059453368               0     0.029742322    0.0018628513        15.96605
      1.4518173       5.5493963    0.0059317167               0     0.029627339     0.001861719       15.913999
      1.4670183       5.5505965    0.0059181086               0        0.029512    0.0018605783       15.861765
      1.4823778       5.5518061    0.0059045143               0     0.029396311    0.0018594284       15.809357
      1.4978975       5.5530252    0.0058909388               0     0.029280273    0.0018582698        15.75677
       1.513579       5.5542539    0.0058773859               0     0.029163895    0.0018571018       15.704013
       1.529424       5.5554922    0.0058638555               0     0.029047176    0.0018559249       15.651082
      1.5454344       5.5567403    0.0058503433               0     0.028930125    0.0018547383       15.597987
      1.5616116       5.5579981     0.005836842               0     0.028812743    0.0018535426       15.544721
      1.5779576       5.5592658    0.0058233461               0     0.028695038    0.0018523368       15.491296
      1.5944741       5.5605433    0.0058098569               0     0.028577009    0.0018511216       15.437706
      1.6111628       5.5618308    0.0057963818               0     0.028458667     0.001849896       15.383961
      1.6280256       5.5631283    0.0057829258               0     0.028340011    0.0018486607       15.330057
      1.6450642       5.5644359    0.0057694883               0     0.028221052    0.0018474147       15.276004
      1.6622805       5.5657536    0.0057560641               0     0.028101786    0.0018461586       15.221796
      1.6796764       5.5670815    0.0057426458               0     0.027982229    0.0018448915       15.167446
      1.6972537       5.5684197    0.0057292303               0     0.027862375    0.0018436141       15.112947
      1.7150143       5.5697682     0.005715821               0     0.027742239    0.0018423251       15.058312
      1.7329601        5.571127     0.005702421               0     0.027621816    0.0018410255       15.003532
      1.7510931       5.5724962    0.0056890324               0     0.027501122    0.0018397139       14.948624
      1.7694152       5.5738759     0.005675655               0     0.027380151    0.0018383913       14.893577
      1.7879284       5.5752662    0.0056622829               0     0.027258922    0.0018370563        14.83841
      1.8066346       5.5766671      0.00564891               0     0.027137425    0.0018357098        14.78311
       1.825536       5.5780786     0.005635537               0     0.027015682    0.0018343505       14.727697
      1.8446344       5.5795008    0.0056221728               0     0.026893682    0.0018329794       14.672157
      1.8639321       5.5809337    0.0056088228               0     0.026771449    0.0018315949       14.616512
       1.883431       5.5823775    0.0055954772               0      0.02664897    0.0018301981       14.560748
      1.9031332       5.5838322    0.0055821272               0     0.026526272    0.0018287874       14.504887
      1.9230409       5.5852978    0.0055687706               0     0.026403338     0.001827364       14.448914
      1.9431562       5.5867743    0.0055554024               0       0.0262802    0.0018259262       14.392853
      1.9634814       5.5882619    0.0055420282               0     0.026156839    0.0018244751       14.336688
      1.9840185       5.5897604     0.005528662               0     0.026033287     0.001823009       14.280446
      2.0047697       5.5912702     0.005515312               0     0.025909525    0.0018215291       14.224106
      2.0257374        5.592791     0.005501975               0     0.025785588    0.0018200336       14.167699
      2.0469238       5.5943232    0.0054886246               0     0.025661455    0.0018185237       14.111204
      2.0683311       5.5958665    0.0054752369               0     0.025537164    0.0018169977       14.054652
      2.0899616       5.5974212    0.0054618215               0     0.025412689    0.0018154565       13.998022
      2.1118178       5.5989872    0.0054483994               0     0.025288074    0.0018138986       13.941347
      2.1339019       5.6005646    0.0054349874               0     0.025163291    0.0018123249       13.884602
      2.1562163       5.6021533    0.0054215911               0     0.025038387    0.0018107337       13.827826
      2.1787634       5.6037535    0.0054082017               0     0.024913329     0.001809126       13.770991
      2.2015456       5.6053653    0.0053948074               0     0.024788171       0.0018075       13.714138
      2.2245655       5.6069886    0.0053813811               0     0.024662875    0.0018058568       13.657237
      2.2478254       5.6086235     0.005367902               0     0.024537501    0.0018041945       13.600333
      2.2713279       5.6102699    0.0053544035               0     0.024412006    0.0018025141       13.543394
      2.2950755        5.611928    0.0053409213               0     0.024286456    0.0018008137       13.486467
      2.3190708       5.6135977    0.0053274622               0     0.024160804    0.0017990942       13.429519
      2.3433163       5.6152791    0.0053140231               0     0.024035121     0.001797354       13.372599
      2.3678147       5.6169723    0.0053005918               0     0.023909357    0.0017955935       13.315675
      2.3925686       5.6186772    0.0052871608               0     0.023783587    0.0017938112       13.258796
      2.4175806        5.620394    0.0052737483               0     0.023657758    0.0017920075       13.201931
      2.4428535       5.6221225    0.0052603676               0     0.023531951    0.0017901809        13.14513
      2.4683899       5.6238628    0.0052470906               0     0.023406108    0.0017883315       13.088362
      2.4941927        5.625615    0.0052340017               0     0.023280316     0.001786458        13.03168
      2.5202646       5.6273792    0.0052211786               0     0.023154517    0.0017845602       12.975053
      2.5466083       5.6291554    0.0052087296               0     0.023028798     0.001782637       12.918534
      2.5732268       5.6309438    0.0051968019               0       0.0229031    0.0017806875       12.862097
      2.6001229       5.6327444    0.0051857852               0     0.022777515    0.0017787114       12.805791
      2.6272996        5.634558    0.0051759297               0     0.022651981    0.0017767063       12.749597
      2.6547596       5.6363839    0.0051678588               0     0.022526599    0.0017746737        12.69356
       2.682506       5.6382252    0.0051618149               0     0.022401304    0.0017726094        12.63767
      2.7105418       5.6400778    0.0051590483               0       0.0222762     0.001770516       12.581966
      2.7388699       5.6419536    0.0051592309               0      0.02215122    0.0017683874       12.526449
      2.7674935       5.6438341     0.005163583               0     0.022026471    0.0017662278       12.471151
      2.7964157       5.6457621    0.0051684217               0     0.021901888    0.0017640295       12.416084
      2.8256394       5.6476614    0.0051727486               0     0.021777582    0.0017617975       12.361276
      2.8551679       5.6496868    0.0051608577               0     0.021644084    0.0017593636       12.302512
      2.8850044       5.6515661    0.0051039356               0     0.021521076    0.0017570391       12.248801
