/*--------------------------------*- C++ -*----------------------------------*\
  =========                 |
  \\      /  F ield         | OpenFOAM: The Open Source CFD Toolbox
   \\    /   O peration     | Website:  https://openfoam.org
    \\  /    A nd           | Version:  12
     \\/     M anipulation  |
\*---------------------------------------------------------------------------*/
FoamFile
{
    format      ascii;
    class       volScalarField;
    location    "300";
    object      p;
}
// * * * * * * * * * * * * * * * * * * * * * * * * * * * * * * * * * * * * * //

dimensions      [0 2 -2 0 0 0 0];

internalField   nonuniform List<scalar> 
7480
(
0.0053224961
0.0052834884
0.0051751812
0.0051426971
0.0051598012
0.0051942052
0.0052420264
0.0053070439
0.0053956314
0.0055148202
0.0056852363
0.0059238372
0.0063927223
0.0068180627
0.006760051
0.0063259169
0.0058586831
0.0054885932
0.0051729299
0.0048906774
0.0046449621
0.0044348445
0.0042572055
0.0040905376
0.003923816
0.0037619165
0.0036087292
0.0034773826
0.0033648835
0.0032577861
0.0031597646
0.0030740397
0.0029996713
0.002935742
0.0028807463
0.0028329181
0.0027906996
0.0027541869
0.0027222027
0.0026921163
0.0026634969
0.0026364501
0.0026111136
0.0025861667
0.0025598566
0.0025320356
0.0025031542
0.0024744077
0.0024451544
0.0024142523
0.0023811079
0.0023452618
0.0023084417
0.002271096
0.0022319716
0.0021912737
0.002150081
0.0021101211
0.0020707558
0.002029908
0.0019880928
0.0019463419
0.0019056684
0.0018648976
0.0018228258
0.0017806347
0.0017395796
0.0016986677
0.0016563965
0.0016134813
0.0015709773
0.0015281075
0.0014840499
0.0014395555
0.0013952995
0.0013506486
0.0013047657
0.0012584579
0.0012117325
0.0011642007
0.0011157536
0.0010669457
0.0010176173
0.00096701403
0.00091609004
0.00086446162
0.00081148207
0.00075834263
0.00070461962
0.00064967616
0.00059471365
0.00053923022
0.00048325827
0.0004278159
0.00037414536
0.00032005892
0.00028143997
0.00022268726
0.00036020107
-0.00024153017
0.005259994
0.0052213118
0.0051488088
0.0051270031
0.0051476313
0.0051862084
0.0052362038
0.0053021671
0.0053911551
0.005510364
0.0056792925
0.0059149124
0.0063430118
0.0067161663
0.0066577332
0.0062993144
0.0058864549
0.0055413166
0.0052387318
0.004960302
0.0047154493
0.0045011459
0.0043096342
0.0041289525
0.0039562501
0.0037926372
0.003641369
0.0035094458
0.003393506
0.0032850367
0.0031862825
0.0030998262
0.0030245766
0.0029594224
0.0029029381
0.0028534914
0.0028096128
0.0027715943
0.0027383887
0.002707243
0.0026775119
0.002649305
0.0026229006
0.0025970499
0.0025698389
0.0025411296
0.0025114969
0.0024820942
0.0024522477
0.0024208124
0.0023872403
0.0023510424
0.0023138979
0.0022762557
0.002236862
0.0021959272
0.0021545242
0.0021143921
0.0020748724
0.0020338596
0.0019918762
0.0019499607
0.0019091294
0.0018682018
0.001825975
0.0017836348
0.0017424379
0.0017013897
0.0016589865
0.0016159465
0.0015733253
0.0015303429
0.0014861779
0.0014415818
0.0013972289
0.0013524849
0.0013065132
0.0012601225
0.0012133186
0.0011657122
0.0011171941
0.0010683185
0.0010189252
0.00096826029
0.00091727862
0.00086559523
0.00081256349
0.00075937466
0.0007056041
0.0006506156
0.00059561094
0.00054008727
0.00048407741
0.00042859888
0.00037489552
0.0003207762
0.00028211669
0.00022339722
0.00036103118
-0.00024093612
0.0052182938
0.0052041584
0.0051590504
0.0051374142
0.0051541673
0.0051920322
0.0052409383
0.0053054492
0.0053928971
0.0055103687
0.0056751122
0.005903847
0.006271002
0.0065851577
0.006545899
0.006230617
0.005839119
0.0054977302
0.0051986642
0.0049247976
0.0046832107
0.0044715636
0.0042826085
0.0041087445
0.0039447718
0.0037890753
0.0036454935
0.0035172153
0.0034025684
0.0032973859
0.0032011268
0.0031156037
0.0030409425
0.0029760389
0.0029194828
0.0028697561
0.0028255907
0.0027869091
0.0027525802
0.0027204885
0.002689923
0.0026608213
0.0026335944
0.0026071568
0.0025794699
0.0025502212
0.0025199991
0.0024900273
0.0024597174
0.002427569
0.0023932143
0.0023565547
0.0023190961
0.0022812082
0.002241584
0.0022004433
0.0021588637
0.0021185909
0.0020789364
0.0020377723
0.0019956305
0.0019535656
0.0019125996
0.0018715363
0.0018291721
0.0017867012
0.0017453837
0.0017042189
0.0016616961
0.0016185392
0.0015758077
0.0015327185
0.0014884501
0.0014437565
0.0013993114
0.0013544779
0.0013084188
0.0012619458
0.0012150634
0.001167382
0.0011187922
0.0010698486
0.0010203892
0.00096966022
0.00091861896
0.00086687831
0.00081379177
0.00076055148
0.00070673063
0.00065169382
0.00059664415
0.00054107715
0.00048502628
0.00042950851
0.00037576907
0.00032161166
0.00028292418
0.00022429468
0.00036194593
-0.00024020167
0.0051851747
0.0051843
0.0051492484
0.0051294221
0.0051455032
0.0051835105
0.0052328742
0.0052974751
0.0053844828
0.0055007434
0.0056609465
0.0058797656
0.0061957215
0.0064687723
0.0064495487
0.0061697819
0.0058043367
0.0054773487
0.0051908626
0.0049272301
0.004690841
0.0044819346
0.0042939342
0.0041210456
0.0039568221
0.0038000931
0.003654806
0.0035240411
0.0034078198
0.0033024875
0.0032058252
0.0031195246
0.0030446641
0.0029801341
0.0029244029
0.0028759495
0.0028334346
0.002795629
0.0027613998
0.0027297452
0.0026997783
0.0026709651
0.0026430723
0.0026154931
0.0025871698
0.0025575106
0.0025268341
0.0024964268
0.0024658199
0.0024332038
0.0023983107
0.0023613487
0.0023236827
0.0022857062
0.0022460039
0.0022047569
0.0021630382
0.0021225015
0.0020825811
0.0020412745
0.0019990231
0.0019568662
0.0019158213
0.0018746654
0.0018321969
0.0017896301
0.001748221
0.001706953
0.0016643197
0.0016210563
0.0015782263
0.0015350415
0.0014906791
0.0014458964
0.0014013683
0.0013564541
0.001310313
0.0012637616
0.001216804
0.0011690506
0.0011203914
0.0010713825
0.0010218596
0.00097106785
0.00091996858
0.00086817182
0.00081503108
0.00076174022
0.00070786946
0.00065278431
0.00059769002
0.00054207978
0.00048598759
0.00043043029
0.00037665347
0.00032245712
0.00028374369
0.00022508569
0.00036280462
-0.00023950306
0.0051544326
0.0051615266
0.0051373737
0.0051248486
0.0051429362
0.0051814606
0.0052313481
0.005295763
0.0053816004
0.0054954376
0.0056496351
0.0058546092
0.0061298557
0.0063661636
0.0063568371
0.0061067363
0.0057673488
0.0054547169
0.0051779883
0.0049212185
0.0046877754
0.0044800762
0.0042927181
0.0041204084
0.0039569832
0.0038016851
0.0036579176
0.0035284292
0.003413192
0.0033085111
0.0032121253
0.0031257933
0.0030506375
0.0029855182
0.0029289677
0.0028796406
0.0028362441
0.0027973745
0.0027624273
0.0027308419
0.0027015395
0.0026738218
0.0026468516
0.0026198041
0.0025921053
0.0025632683
0.0025333214
0.0025026642
0.0024711003
0.0024379839
0.0024029033
0.0023657958
0.0023279578
0.0022898891
0.0022501635
0.0022088419
0.0021669338
0.0021260813
0.0020859602
0.0020446043
0.0020022977
0.0019600661
0.0019189555
0.0018777379
0.0018351965
0.0017925747
0.0017510609
0.0017096269
0.0016668651
0.0016235203
0.0015806235
0.0015373685
0.0014929316
0.0014480776
0.0014034797
0.0013584883
0.0013122667
0.0012656399
0.0012186094
0.0011707861
0.0011220589
0.0010729871
0.0010234028
0.00097254798
0.00092138974
0.00086953534
0.0008163385
0.00076299615
0.00070907455
0.00065393925
0.00059879865
0.00054314315
0.00048700734
0.0004314085
0.00037759126
0.0003233541
0.00028460625
0.00022586412
0.00036365551
-0.00023871074
0.0051259197
0.0051391684
0.0051255845
0.0051197261
0.0051385028
0.0051761423
0.0052255758
0.0052891595
0.0053732291
0.0054839575
0.0056312366
0.0058220756
0.0060631012
0.006266023
0.0062622405
0.0060404736
0.0057274419
0.0054295516
0.0051625201
0.0049134256
0.0046848332
0.0044799009
0.0042945624
0.0041238771
0.003962119
0.0038086028
0.003666182
0.0035373193
0.0034219921
0.0033170442
0.0032205412
0.0031339794
0.0030583561
0.0029926297
0.0029354019
0.002885374
0.0028412345
0.0028016517
0.0027660484
0.0027337328
0.0027035814
0.0026749791
0.0026472624
0.0026197015
0.0025918129
0.0025633288
0.0025342232
0.0025042659
0.0024731814
0.0024407917
0.0024066145
0.0023703951
0.0023326492
0.0022938637
0.0022537012
0.0022122548
0.0021702421
0.0021293287
0.0020892424
0.0020479271
0.0020055441
0.0019631394
0.0019219268
0.0018807047
0.0018381356
0.0017954549
0.0017538124
0.0017122192
0.0016693527
0.001625958
0.0015830214
0.0015397123
0.0014952142
0.001450312
0.0014056394
0.0013605335
0.0013142203
0.0012675344
0.0012204488
0.0011725701
0.0011237869
0.0010746589
0.0010250127
0.00097409537
0.00092287955
0.00087096849
0.00081771595
0.00076432378
0.00071035215
0.00065516554
0.00059997717
0.00054427463
0.00048809349
0.00043245195
0.00037859159
0.00032431179
0.00028551993
0.00022668839
0.00036449845
-0.00023774804
0.0050994614
0.0051174162
0.0051127702
0.00511268
0.0051324253
0.0051697166
0.0052191577
0.0052823027
0.0053647587
0.0054721603
0.0056121785
0.0057889061
0.0060002321
0.0061736452
0.006172804
0.005976642
0.0056883608
0.0054048366
0.0051472375
0.0049058103
0.0046822172
0.0044798008
0.0042961369
0.0041265207
0.0039659661
0.0038137287
0.003672246
0.003543791
0.0034284301
0.0033235191
0.003227258
0.003140757
0.0030649122
0.0029988304
0.0029411657
0.0028906433
0.0028459947
0.0028059653
0.0027698949
0.0027370687
0.0027064451
0.0026774063
0.0026492908
0.0026213461
0.0025930432
0.0025640786
0.002534394
0.0025039222
0.0024725909
0.0024402035
0.002406397
0.0023710066
0.0023339836
0.0022954942
0.002255849
0.002215229
0.0021739858
0.0021330787
0.0020923105
0.0020506299
0.0020081669
0.0019657379
0.0019245898
0.0018834312
0.0018408779
0.001798072
0.0017563113
0.001714706
0.0016718308
0.0016283842
0.0015853764
0.001542007
0.0014974543
0.0014525151
0.0014077701
0.0013625506
0.0013161564
0.0012694311
0.0012223079
0.0011743867
0.0011255614
0.0010763641
0.0010266297
0.00097565079
0.00092439006
0.00087243418
0.00081913565
0.00076569841
0.00071167534
0.00065643822
0.00060120331
0.00054545451
0.00048922897
0.0004335456
0.00037964046
0.00032531687
0.00028647251
0.00022755013
0.00036530166
-0.00023659288
0.0050747224
0.0050961999
0.0050989797
0.0051042042
0.0051253762
0.0051625189
0.0052117298
0.0052740579
0.0053543865
0.005457755
0.0055899066
0.0057524405
0.005937672
0.0060853026
0.0060853377
0.0059116224
0.0056466153
0.0053775849
0.0051295697
0.0048959344
0.0046775274
0.0044781418
0.0042964675
0.0041282835
0.0039692775
0.0038186263
0.0036784133
0.0035507157
0.0034356532
0.0033309751
0.0032349846
0.0031485033
0.0030723775
0.0030058582
0.0029476531
0.0028965241
0.0028512584
0.0028106552
0.0027740073
0.0027406204
0.0027095165
0.0026800423
0.0026515345
0.0026232412
0.0025946361
0.0025654178
0.0025355175
0.002504876
0.0024733646
0.0024407144
0.002406565
0.0023707823
0.002333414
0.0022948046
0.0022553987
0.0022154027
0.0021751571
0.0021347534
0.0020939777
0.0020527152
0.0020108914
0.0019689351
0.0019274596
0.0018856156
0.0018429391
0.0018001482
0.0017584898
0.0017169821
0.0016741557
0.0016306207
0.0015875258
0.0015441581
0.0014995987
0.0014546088
0.0014097946
0.0013645249
0.0013180887
0.0012713285
0.0012241614
0.0011761927
0.0011273286
0.0010780653
0.0010282473
0.00097721439
0.00092592096
0.0008739317
0.00082059741
0.00076710034
0.00071300509
0.0006577221
0.00060245032
0.00054666375
0.00049039832
0.00043467264
0.00038072125
0.00032635465
0.00028745073
0.00022843259
0.00036603385
-0.00023522478
0.0050514019
0.0050755174
0.0050844296
0.0050944705
0.0051172219
0.00515422
0.0052029712
0.0052642746
0.005342274
0.0054413218
0.0055654794
0.0057142824
0.0058767127
0.006002042
0.00600155
0.0058473897
0.005604322
0.0053498477
0.0051114421
0.0048855269
0.0046725231
0.0044764575
0.0042969252
0.0041303121
0.0039728744
0.0038237583
0.0036847493
0.0035577402
0.0034429025
0.0033383377
0.0032424905
0.003155966
0.0030795452
0.0030125899
0.0029538614
0.0029021568
0.0028563102
0.0028151663
0.0027779871
0.0027440844
0.0027125182
0.0026826057
0.002653692
0.0026250525
0.002596167
0.0025667327
0.0025366633
0.0025058777
0.0024742215
0.0024414347
0.0024071889
0.0023713515
0.0023339664
0.0022953417
0.0022558282
0.0022156037
0.002175064
0.0021343066
0.002093503
0.0020527434
0.0020117622
0.0019706307
0.0019291864
0.0018872869
0.001845071
0.0018027601
0.0017609461
0.0017188184
0.0016758235
0.0016323345
0.0015893702
0.0015460993
0.0015015774
0.0014565107
0.0014116498
0.0013664128
0.0013199701
0.0012731592
0.0012259402
0.0011779315
0.0011290328
0.0010797284
0.0010298648
0.00097879027
0.0009274665
0.00087544074
0.00082206862
0.00076851125
0.00071434898
0.00065902609
0.00060372518
0.00054790966
0.00049159666
0.00043581174
0.00038181145
0.00032740929
0.00028844388
0.00022932446
0.00036666282
-0.0002336155
0.0050292261
0.0050553226
0.0050692409
0.0050835271
0.0051078819
0.0051447805
0.0051929468
0.0052530611
0.0053285289
0.005422964
0.0055390024
0.0056745551
0.0058168242
0.0059227531
0.0059207249
0.0057833977
0.0055607808
0.0053206937
0.0050918537
0.0048735874
0.0046661975
0.0044737129
0.0042965143
0.0041316446
0.0039758653
0.0038283433
0.0036906101
0.003564386
0.0034498913
0.003345538
0.0032499164
0.0031634445
0.0030868152
0.0030194833
0.0029602731
0.0029080204
0.0028616043
0.0028199161
0.0027821976
0.0027477618
0.0027157065
0.0026853349
0.0026560031
0.0026270101
0.0025978343
0.0025681641
0.0025378909
0.0025069215
0.0024751007
0.0024421832
0.0024078584
0.00237199
0.0023346101
0.0022959959
0.0022564756
0.0022162466
0.0021756792
0.002134886
0.0020940371
0.0020531181
0.0020118815
0.001970427
0.0019287713
0.0018872688
0.0018459009
0.0018043859
0.0017626148
0.0017203437
0.0016776275
0.0016345219
0.0015913897
0.0015475786
0.0015029629
0.0014579908
0.0014132712
0.001368116
0.0013216828
0.0012748239
0.0012276042
0.0011796061
0.0011306737
0.0010813243
0.0010314353
0.0009803338
0.00092897945
0.0008769114
0.00082349966
0.00076991083
0.00071571333
0.00066035268
0.00060502136
0.00054917545
0.00049281092
0.00043696776
0.00038292152
0.00032849007
0.00028945821
0.00023021876
0.00036714483
-0.00023173445
0.0050079657
0.0050355452
0.0050535014
0.0050714474
0.005097356
0.0051341931
0.005181652
0.0052403798
0.0053131025
0.0054026972
0.0055106178
0.0056335508
0.0057579691
0.005847095
0.0058429984
0.0057201196
0.0055164543
0.0052905223
0.005071264
0.0048606272
0.0046590374
0.0044703898
0.0042957341
0.0041327796
0.0039787555
0.0038328828
0.0036964759
0.003571096
0.0034570079
0.0033528954
0.0032574938
0.0031710675
0.0030942209
0.0030264944
0.0029667847
0.0029139675
0.0028669657
0.0028247154
0.0027864445
0.0027514659
0.0027189128
0.00268808
0.0026583292
0.0026289791
0.0025995066
0.0025695933
0.0025391131
0.0025079647
0.0024759908
0.0024429504
0.0024085431
0.002372628
0.0023352336
0.0022966205
0.0022571114
0.0022169135
0.0021763743
0.0021356095
0.0020947585
0.0020537934
0.002012501
0.0019709762
0.0019292643
0.0018876655
0.0018460959
0.0018042744
0.0017622907
0.0017204322
0.0016785145
0.0016360944
0.001592969
0.0015489962
0.0015046
0.0014598695
0.0014148801
0.0013692941
0.0013228932
0.0012761709
0.0012290625
0.0011811171
0.0011321609
0.0010827998
0.0010329394
0.0009818235
0.00093042856
0.00087833185
0.00082489314
0.00077128215
0.00071705537
0.00066166155
0.00060630303
0.00055042234
0.0004940183
0.00043814273
0.0003840558
0.00032959254
0.00029047839
0.00023111198
0.0003674629
-0.00022953151
0.0049874271
0.0050161003
0.005037272
0.0050583051
0.0050856486
0.0051224277
0.0051690594
0.0052262113
0.0052960106
0.0053806257
0.0054805374
0.0055915548
0.0057001185
0.005774682
0.0057682414
0.0056576738
0.0054714051
0.005259266
0.0050495663
0.0048465039
0.0046508254
0.0044662317
0.0042943124
0.0041334274
0.0039812498
0.0038370778
0.003702045
0.0035775695
0.003463957
0.0033601303
0.0032649676
0.0031786126
0.0031015831
0.0030334926
0.0029733114
0.002919955
0.0028723867
0.0028295855
0.0027907712
0.0027552562
0.0027222065
0.0026909121
0.0026607392
0.0026310254
0.0026012494
0.0025710869
0.0025403955
0.0025090646
0.0024769326
0.0024437617
0.0024092635
0.0023732969
0.0023358887
0.0022972827
0.0022577895
0.0022176158
0.0021770848
0.0021363198
0.0020954502
0.0020544644
0.0020131797
0.0019716741
0.0019299813
0.0018883484
0.0018466917
0.0018047721
0.001762701
0.0017207399
0.0016786212
0.0016359533
0.0015927826
0.0015493903
0.0015057086
0.001461412
0.0014163355
0.0013706056
0.0013244125
0.0012776532
0.0012302189
0.0011821602
0.0011333052
0.0010840702
0.0010342788
0.00098315847
0.00093175275
0.00087969084
0.00082624544
0.00077260081
0.00071835233
0.0006629386
0.00060755602
0.00055164006
0.00049520561
0.00043930911
0.00038518175
0.00033068601
0.0002914739
0.00023199176
0.00036758828
-0.0002269542
0.0049674429
0.0049968967
0.0050205901
0.0050441658
0.0050727707
0.0051094619
0.0051551571
0.0052105629
0.0052772915
0.0053568512
0.0054489351
0.0055487715
0.0056432214
0.0057051575
0.0056962971
0.0055961934
0.0054257944
0.0052270061
0.0050268294
0.0048312963
0.0046416203
0.0044612934
0.0042923153
0.0041336629
0.0039834373
0.0038410307
0.0037074305
0.0035839277
0.0034708651
0.0033673752
0.0032724749
0.0031862156
0.0031090312
0.0030405962
0.0029799553
0.0029260659
0.0028779313
0.0028345721
0.0027952062
0.0027591464
0.0027255883
0.0026938218
0.0026632171
0.0026331298
0.0026030416
0.002572622
0.0025417127
0.0025101932
0.0024778978
0.0024445927
0.0024100018
0.0023739836
0.0023365615
0.0022979618
0.0022584818
0.0022183279
0.0021778044
0.0021370431
0.0020961664
0.0020551698
0.0020138849
0.0019723723
0.0019306694
0.0018890065
0.0018473296
0.0018054231
0.0017633608
0.0017213511
0.001679129
0.0016363502
0.0015930795
0.0015495949
0.0015057018
0.0014612664
0.0014164594
0.0013713618
0.0013257097
0.0012790708
0.0012314769
0.0011834285
0.0011346459
0.0010851969
0.0010351901
0.0009841433
0.00093287602
0.00088089192
0.00082745643
0.0007738041
0.0007195863
0.00066416907
0.00060875697
0.00055282137
0.00049636791
0.00044044926
0.00038628107
0.00033175886
0.00029243895
0.00023283683
0.00036745586
-0.00022395409
0.0049478669
0.0049778433
0.0050034734
0.0050290858
0.0050587406
0.0050952842
0.0051399411
0.0051934501
0.0052569886
0.0053314731
0.0054159718
0.0055053773
0.0055872504
0.005638232
0.0056270108
0.0055357942
0.0053797839
0.0051938168
0.0050030879
0.0048150304
0.0046314123
0.0044555341
0.0042896882
0.0041334209
0.0039852477
0.003844669
0.0037125567
0.0035900908
0.0034776475
0.0033745437
0.0032799293
0.0031937881
0.0031164761
0.003047718
0.0029866331
0.0029322235
0.0028835312
0.0028396167
0.0027997009
0.0027630975
0.0027290292
0.0026967888
0.0026657503
0.0026352862
0.0026048816
0.0025742002
0.0025430687
0.002511357
0.0024788956
0.0024454548
0.0024107694
0.0023746978
0.0023372592
0.0022986636
0.0022591953
0.0022190607
0.0021785466
0.0021377907
0.0020969076
0.0020558972
0.0020146058
0.0019730838
0.001931376
0.0018896956
0.0018480006
0.0018060834
0.0017639983
0.0017219429
0.0016796918
0.0016369179
0.0015936493
0.001550107
0.0015061063
0.0014615588
0.0014166516
0.0013714084
0.001325619
0.0012791543
0.0012320582
0.0011845129
0.0011360068
0.0010864181
0.001036268
0.0009853263
0.00093392358
0.00088170107
0.00082833216
0.00077481166
0.00072066787
0.00066526201
0.0006098528
0.00055395003
0.00049748936
0.00044154171
0.0003873428
0.00033280273
0.0002933659
0.00023362967
0.00036700449
-0.00022045868
0.0049285711
0.0049588521
0.0049859254
0.0050131122
0.0050435825
0.0050798919
0.0051234141
0.0051748966
0.0052351563
0.0053045961
0.0053818013
0.0054615239
0.005532183
0.0055736534
0.0055602131
0.0054765506
0.0053335187
0.0051597735
0.0049783771
0.0047977378
0.004620209
0.0044489376
0.0042864088
0.0041326794
0.0039866641
0.0038479832
0.0037174202
0.00359606
0.0034843088
0.0033816459
0.0032873478
0.0032013515
0.003123943
0.0030548876
0.0029933781
0.0029384631
0.0028892226
0.0028447555
0.0028042898
0.0027671416
0.002732558
0.0026998382
0.0026683601
0.0026375118
0.002606783
0.0025758318
0.0025444713
0.0025125616
0.0024799298
0.0024463497
0.0024115662
0.002375438
0.0023379798
0.0022993865
0.0022599292
0.0022198132
0.0021793088
0.0021385572
0.0020976668
0.0020566418
0.002015344
0.0019738154
0.001932105
0.0018904071
0.0018486885
0.0018067544
0.0017646493
0.0017225598
0.0016802806
0.0016374906
0.001594201
0.0015506254
0.0015066167
0.0014620755
0.0014171404
0.0013718097
0.0013258973
0.0012793229
0.0012320966
0.0011844539
0.0011361358
0.0010869417
0.0010372214
0.00098661072
0.00093507362
0.00088263449
0.00082935346
0.0007757429
0.00072140519
0.00066605948
0.00061078016
0.00055494021
0.00049848718
0.0004425424
0.00038834875
0.00033379728
0.00029423828
0.00023435409
0.00036617224
-0.00021638207
0.0049094425
0.0049398403
0.0049679383
0.0049962828
0.005027324
0.0050632914
0.0051055863
0.0051549353
0.0052118579
0.0052763264
0.0053465661
0.0054173384
0.0054779974
0.0055112038
0.0054957345
0.0054185107
0.0052871381
0.0051249643
0.0049527414
0.0047794552
0.0046080255
0.004441492
0.0042824534
0.00413141
0.0039876574
0.0038509458
0.0037219943
0.0036018078
0.00349082
0.0033886536
0.003294704
0.0032088798
0.0031314054
0.003062079
0.0030001645
0.0029447591
0.0028949802
0.0028499638
0.002808949
0.0027712558
0.0027361538
0.0027029507
0.0026710291
0.0026397914
0.0026087328
0.0025775061
0.0025459116
0.0025137999
0.0024809947
0.0024472729
0.002412389
0.002376202
0.0023387225
0.0023001304
0.0022606836
0.0022205853
0.0021800905
0.0021393429
0.0020984456
0.0020574068
0.0020161029
0.001974568
0.0019328536
0.0018911369
0.0018493936
0.0018074436
0.0017653217
0.001723199
0.0016808862
0.0016380745
0.0015947666
0.0015511663
0.001507142
0.001462586
0.0014176238
0.0013722714
0.001326352
0.001279761
0.0012324672
0.0011847192
0.0011362912
0.0010869597
0.001037179
0.00098680855
0.00093560572
0.00088353097
0.00083054825
0.00077679867
0.00072223705
0.0006669573
0.00061160859
0.00055560834
0.00049922605
0.00044338917
0.00038922122
0.00033467945
0.00029502595
0.00023498167
0.00036488692
-0.00021162779
0.0048903809
0.0049207307
0.0049494975
0.004978628
0.0050099949
0.0050454973
0.0050864764
0.0051336066
0.005187164
0.0052467708
0.0053103979
0.005372929
0.0054246729
0.0054506952
0.0054334108
0.0053616985
0.0052407692
0.0050894819
0.004926228
0.0047602178
0.0045948782
0.0044331878
0.0042777985
0.0041295844
0.0039881994
0.0038535312
0.0037262562
0.0036073132
0.0034971611
0.0033955493
0.0033019849
0.003216363
0.0031388556
0.0030692874
0.0030069903
0.0029511118
0.0029008067
0.0028552469
0.0028136857
0.0027754487
0.0027398262
0.0027061366
0.002673768
0.0026421357
0.0026107411
0.0025792326
0.0025473985
0.0025150799
0.0024820973
0.0024482306
0.0024132431
0.0023769946
0.002339491
0.0023008982
0.0022614607
0.0022213789
0.0021808933
0.0021401493
0.0020992455
0.0020581932
0.0020168826
0.0019753409
0.0019336214
0.0018918862
0.0018501188
0.0018081528
0.001766013
0.0017238555
0.0016815078
0.0016386751
0.0015953514
0.0015517261
0.0015076807
0.0014631073
0.0014181233
0.0013727483
0.0013268092
0.0012801972
0.0012328944
0.0011851344
0.0011366797
0.0010872973
0.0010374144
0.00098692765
0.00093558305
0.00088352714
0.00083084044
0.00077739202
0.00072312629
0.00066805068
0.00061252317
0.0005563319
0.00049999578
0.00044409271
0.00038981494
0.00033536009
0.00029566587
0.00023543405
0.0003630386
-0.0002060896
0.0048712974
0.004901453
0.0049305844
0.0049601713
0.0049916263
0.005026532
0.0050661107
0.0051109583
0.0051611504
0.0052160351
0.0052734187
0.0053283877
0.0053721889
0.0053919643
0.0053730853
0.0053061174
0.0051945244
0.0050534217
0.0048988887
0.0047400626
0.0045807879
0.0044240211
0.0042724246
0.0041271771
0.0039882636
0.0038557148
0.003730183
0.0036125537
0.0035033098
0.0034023125
0.003309173
0.0032237855
0.0031462789
0.0030764996
0.0030138439
0.002957511
0.0029066929
0.0028605967
0.0028184925
0.0027797133
0.002743569
0.00270939
0.0026765708
0.0026445391
0.0026128028
0.0025810064
0.0025489271
0.0025163971
0.0024832336
0.0024492193
0.0024141254
0.0023778131
0.002340283
0.0023016878
0.0022622587
0.0022221923
0.0021817162
0.0021409756
0.0021000654
0.002059
0.0020176824
0.0019761339
0.0019344089
0.0018926556
0.0018508641
0.0018088811
0.0017667225
0.0017245302
0.0016821475
0.0016392937
0.0015959533
0.0015523015
0.0015082339
0.0014636448
0.0014186403
0.0013732399
0.0013272776
0.0012806471
0.0012333334
0.0011855488
0.0011370722
0.0010876898
0.0010377948
0.00098727346
0.0009358689
0.00088372147
0.00083091236
0.00077734157
0.00072320222
0.00066843722
0.00061316134
0.00055722112
0.0005009652
0.00044485621
0.00039044558
0.00033600624
0.00029609208
0.0002356066
0.00036047374
-0.00019967439
0.0048521129
0.0048819431
0.0049111781
0.0049409315
0.00497225
0.0050064245
0.0050445236
0.0050870442
0.005133897
0.0051842236
0.005235741
0.0052837932
0.0053205242
0.0053348683
0.0053146115
0.005251755
0.0051485008
0.0050168798
0.0048707801
0.0047190281
0.0045657786
0.0044139923
0.0042663147
0.0041241637
0.0039878236
0.0038574712
0.0037337506
0.003617506
0.0035092428
0.0034089217
0.00331625
0.0032311314
0.0031536612
0.0030837036
0.0030207156
0.0029639487
0.0029126328
0.0028660092
0.0028233668
0.0027840483
0.002747382
0.0027127118
0.0026794392
0.002647004
0.0026149206
0.0025828306
0.002550501
0.0025177551
0.0024844071
0.0024502423
0.0024150393
0.0023786603
0.0023411012
0.0023025017
0.0022630798
0.0022230276
0.0021825607
0.0021418232
0.0021009069
0.0020598286
0.0020185035
0.0019769482
0.0019352171
0.0018934457
0.00185163
0.001809629
0.0017674511
0.0017252242
0.0016828063
0.0016399302
0.0015965722
0.0015528936
0.0015088036
0.0014641984
0.0014191723
0.0013737452
0.00132776
0.0012811123
0.0012337854
0.0011859744
0.0011374782
0.0010880916
0.0010381749
0.00098763083
0.00093622273
0.00088406528
0.00083121392
0.00077757248
0.0007233413
0.000668441
0.0006131299
0.00055743394
0.00050145804
0.00044553568
0.00039126765
0.00033676372
0.00029652432
0.00023575738
0.00035710992
-0.00019230357
0.0048327574
0.004862144
0.0048912579
0.004920924
0.0049518982
0.0049852094
0.0050217562
0.0050619237
0.0051054864
0.0051514382
0.0051974683
0.0052392129
0.0052696571
0.0052792817
0.0052578535
0.0051985866
0.0051027806
0.0049799506
0.0048419627
0.0046971548
0.0045498767
0.0044031063
0.004259455
0.0041205215
0.0039868544
0.0038587755
0.0037369352
0.0036221466
0.003514937
0.0034153549
0.0033231971
0.0032383844
0.0031609876
0.0030908863
0.0030275944
0.0029704157
0.0029186187
0.0028714781
0.0028283039
0.0027884499
0.0027512625
0.0027160998
0.0026823717
0.0026495291
0.0026170936
0.0025847044
0.0025521192
0.002519153
0.002485617
0.0024512988
0.0024159838
0.0023795354
0.0023419448
0.002303339
0.0022639231
0.0022238842
0.0021834261
0.0021426914
0.0021017692
0.0020606786
0.0020193457
0.0019777834
0.0019360457
0.0018942565
0.0018524165
0.0018103968
0.0017681989
0.0017259376
0.001683484
0.0016405847
0.0015972083
0.0015535031
0.0015093901
0.0014647679
0.0014197195
0.0013742654
0.0013282573
0.0012815914
0.0012342501
0.0011864134
0.0011378979
0.0010885047
0.0010385655
0.00098800047
0.00093658177
0.00088440749
0.00083153933
0.00077789604
0.00072364472
0.00066868741
0.00061330082
0.00055750415
0.00050140033
0.00044557982
0.0003915715
0.00033726813
0.00029704667
0.00023599373
0.00035311536
-0.00018370333
0.0048131691
0.0048420051
0.0048708042
0.0049001622
0.0049306033
0.0049629262
0.0049978561
0.0050356607
0.005076003
0.0051177776
0.0051586958
0.0051947044
0.0052195658
0.0052250931
0.0052026862
0.0051465785
0.0050574311
0.0049427245
0.0048125002
0.0046744852
0.0045331109
0.0043913719
0.0042518356
0.0041162303
0.003985332
0.0038596033
0.0037397128
0.0036264518
0.0035203684
0.0034215895
0.0033299943
0.0032455271
0.0031682423
0.0030980339
0.0030344683
0.002976902
0.0029246423
0.0028769972
0.0028332989
0.0027929144
0.0027552079
0.0027195524
0.0026853672
0.0026521141
0.0026193219
0.0025866284
0.0025537826
0.002520592
0.0024868644
0.00245239
0.0024169602
0.0023804398
0.0023428151
0.002304201
0.0022647898
0.0022247629
0.0021843133
0.0021435813
0.0021026534
0.0020615507
0.0020202097
0.0019786403
0.0019368955
0.0018950885
0.0018532242
0.0018111851
0.0017689666
0.0017266709
0.0016841813
0.0016412579
0.0015978624
0.0015541303
0.0015099936
0.0014653535
0.0014202825
0.0013748013
0.0013287695
0.0012820846
0.0012347282
0.001186866
0.0011383303
0.0010889293
0.0010389686
0.00098838233
0.00093695069
0.00088476006
0.00083187573
0.00077822136
0.00072394859
0.00066898359
0.00061358565
0.00055774737
0.00050157562
0.00044566985
0.00039151187
0.00033717373
0.00029701018
0.00023580631
0.00034847401
-0.00017366251
0.0047932937
0.0048214824
0.0048497999
0.0048786588
0.0049083985
0.0049396182
0.004972876
0.0050083232
0.0050455317
0.0050833372
0.005119511
0.0051503171
0.0051702282
0.005172204
0.0051489954
0.0050956912
0.0050125061
0.0049052869
0.0047824583
0.0046510641
0.0045155121
0.0043788014
0.0042434498
0.0041112719
0.0039832335
0.0038599309
0.0037420595
0.0036303974
0.0035255129
0.0034276023
0.003336621
0.0032525412
0.0031754087
0.0031051314
0.0030413247
0.0029833969
0.0029306948
0.0028825592
0.0028383462
0.0027974376
0.0027592151
0.0027230675
0.0026884243
0.002654758
0.0026216051
0.0025886023
0.0025554914
0.0025220721
0.0024881496
0.0024535162
0.0024179689
0.0023813737
0.0023437121
0.0023050877
0.0022656799
0.0022256637
0.0021852223
0.0021444927
0.0021035592
0.0020624448
0.0020210955
0.0019795189
0.0019377664
0.0018959419
0.0018540532
0.001811994
0.0017697543
0.0017274242
0.0016848983
0.0016419499
0.0015985348
0.0015547756
0.0015106144
0.0014659557
0.0014208617
0.0013753528
0.0013292968
0.0012825923
0.0012352203
0.0011873324
0.0011387758
0.0010893662
0.0010393839
0.00098877559
0.00093733039
0.00088512405
0.00083222265
0.00077855471
0.00072426286
0.00066928686
0.00061386671
0.00055800693
0.00050183277
0.0004458983
0.00039165188
0.00033721541
0.00029660339
0.00023531611
0.00034200273
-0.00016221428
0.0047730839
0.0048005382
0.0048282308
0.0048564267
0.0048853176
0.0049153319
0.0049468728
0.0049799818
0.0050141572
0.0050482081
0.0050799941
0.0051060935
0.0051216223
0.0051205259
0.0050966769
0.0050458815
0.0049680469
0.0048677163
0.0047519038
0.0046269381
0.0044971131
0.0043654106
0.004234295
0.0041056311
0.0039805382
0.0038597353
0.0037439517
0.0036339594
0.0035303459
0.0034333696
0.0033430556
0.0032594077
0.0031824697
0.0031121634
0.0030481501
0.0029898888
0.0029367664
0.0028881565
0.0028434397
0.0028020147
0.0027632805
0.0027266425
0.0026915411
0.0026574599
0.0026239425
0.0025906261
0.0025572455
0.0025235936
0.0024894731
0.002454678
0.0024190104
0.0023823377
0.0023446366
0.0023059996
0.0022665937
0.0022265871
0.0021861534
0.0021454259
0.0021044871
0.0020633614
0.0020220036
0.0019804196
0.001938659
0.0018968171
0.0018549041
0.001812824
0.0017705625
0.0017281982
0.0016856355
0.0016426613
0.0015992257
0.0015554394
0.0015112531
0.001466575
0.0014214575
0.0013759206
0.0013298396
0.0012831149
0.0012357266
0.0011878128
0.0011392346
0.0010898157
0.0010398117
0.0009891807
0.00093772136
0.00088549894
0.00083257958
0.0007788979
0.00072458757
0.00066959805
0.00061415501
0.00055827585
0.00050209053
0.00044612564
0.00039183229
0.00033735648
0.00029624139
0.00023582441
0.00033386066
-0.00014981253
0.0047524992
0.0047791413
0.0048060862
0.0048334798
0.0048613952
0.0048901161
0.0049199072
0.0049507092
0.0049819634
0.0050124773
0.0050402184
0.0050620701
0.0050737266
0.0050699795
0.005045636
0.0049971043
0.0049240845
0.0048300842
0.0047209032
0.0046021561
0.0044779485
0.0043512185
0.004224372
0.0040992953
0.0039772266
0.0038589946
0.0037453663
0.0036371138
0.0035348428
0.0034388672
0.0033492761
0.0032661067
0.003189407
0.0031191136
0.0030549301
0.0029963655
0.0029428468
0.0028937804
0.0028485726
0.0028066402
0.0027674002
0.0027302744
0.0026947157
0.0026602182
0.0026263335
0.0025926993
0.0025590449
0.0025251568
0.0024908351
0.0024558756
0.0024200851
0.0023833322
0.0023455889
0.0023069371
0.0022675316
0.0022275334
0.0021871068
0.0021463813
0.0021054372
0.0020643005
0.0020229341
0.0019813425
0.0019395735
0.0018977142
0.0018557769
0.0018136753
0.0017713914
0.0017289929
0.0016863934
0.0016433924
0.0015999357
0.0015561219
0.00151191
0.0014672116
0.0014220703
0.0013765049
0.0013303984
0.0012836529
0.0012362474
0.0011883075
0.0011397073
0.001090278
0.0010402521
0.00098959801
0.00093812385
0.00088588486
0.00083294706
0.0007792512
0.00072492174
0.00066991762
0.00061445224
0.00055855283
0.00050235287
0.00044635855
0.00039201363
0.00033748627
0.0002959523
0.00023701338
0.00032512322
-0.00013697632
0.0047315053
0.0047572664
0.0047833594
0.0048098336
0.0048366669
0.0048640219
0.0048920418
0.0049205792
0.0049490328
0.0049762273
0.0050002509
0.0050182783
0.00502652
0.0050204935
0.0049957867
0.004949314
0.0048806404
0.0047924545
0.0046895217
0.004576768
0.0044580547
0.0043362467
0.0042136852
0.0040922552
0.0039732817
0.003857688
0.0037462809
0.0036398366
0.003538979
0.0034440708
0.0033552597
0.0032726176
0.0031962018
0.0031259647
0.0030616497
0.0030028137
0.0029489246
0.0028994217
0.0028537375
0.0028113082
0.0027715694
0.0027339599
0.0026979454
0.0026630312
0.0026287769
0.0025948214
0.0025608894
0.0025267616
0.0024922358
0.0024571093
0.0024211933
0.0023843575
0.0023465693
0.0023079005
0.0022684939
0.0022285027
0.0021880827
0.0021473589
0.0021064097
0.0020652625
0.0020238873
0.001982288
0.0019405102
0.0018986335
0.0018566721
0.0018145484
0.0017722415
0.0017298089
0.0016871722
0.0016441437
0.0016006651
0.0015568237
0.0015125854
0.0014678659
0.0014227003
0.001377106
0.0013309734
0.0012842065
0.0012367831
0.001188817
0.0011401941
0.0010907536
0.0010407057
0.00099002786
0.00093853811
0.00088628213
0.00083332544
0.0007796147
0.00072526557
0.00067024615
0.00061475802
0.000558837
0.00050262139
0.00044659747
0.00039219711
0.0003376138
0.00029570233
0.00023824096
0.00031648258
-0.00012439998
0.004710074
0.004734894
0.0047600476
0.0047855057
0.0048111698
0.0048371015
0.004863341
0.004889666
0.0049154456
0.0049395361
0.0049601529
0.0049747451
0.0049799822
0.0049720036
0.0049470509
0.0049024655
0.0048377285
0.0047548831
0.0046578223
0.004550825
0.0044374698
0.0043205192
0.0042022424
0.0040845043
0.0039686885
0.0038557964
0.0037466736
0.0036421046
0.0035427299
0.0034489557
0.0033609831
0.0032789192
0.0032028346
0.0031326988
0.0030682927
0.0030092197
0.0029549881
0.0029050705
0.0028589261
0.0028160122
0.0027757829
0.0027376949
0.0027012274
0.0026658969
0.0026312713
0.0025969916
0.0025627785
0.0025284079
0.0024936752
0.0024583794
0.0024223354
0.002385414
0.0023475783
0.0023088902
0.0022694807
0.0022294953
0.0021890813
0.0021483589
0.0021074048
0.0020662474
0.0020248634
0.0019832562
0.0019414692
0.0018995754
0.0018575898
0.0018154435
0.001773113
0.0017306463
0.0016879723
0.0016449154
0.0016014142
0.001557545
0.0015132798
0.0014685384
0.001423348
0.0013777244
0.0013315651
0.001284776
0.0012373341
0.0011893415
0.0011406953
0.0010912426
0.0010411725
0.00099047053
0.00093896442
0.00088669104
0.00083371495
0.00077998861
0.00072561936
0.00067058383
0.00061507233
0.00055912874
0.00050289624
0.00044684164
0.00039238136
0.00033774937
0.00029547212
0.00023929556
0.00030814141
-0.00011229401
0.0046881828
0.0047120103
0.0047361524
0.0047605162
0.0047849417
0.0048094083
0.00483387
0.0048580432
0.0048812795
0.0049024769
0.0049199803
0.004931494
0.0049340937
0.0049244516
0.004899358
0.0048565148
0.0047953565
0.004717419
0.0046258648
0.0045243785
0.0044162329
0.0043040622
0.0041900546
0.0040760395
0.0039634345
0.0038533021
0.003746524
0.003643895
0.0035460712
0.0034534973
0.0033664227
0.0032849895
0.0032092851
0.0031392973
0.0030748423
0.0030155684
0.0029610243
0.0029107158
0.0028641297
0.0028207449
0.0027800352
0.0027414751
0.0027045582
0.0026688127
0.0026338149
0.0025992086
0.0025647116
0.0025300954
0.0024951533
0.0024596859
0.0024235114
0.0023865019
0.002348616
0.0023099062
0.0022704922
0.0022305114
0.0021901026
0.0021493815
0.0021084226
0.0020672555
0.0020258625
0.0019842473
0.0019424508
0.0019005399
0.0018585304
0.0018163609
0.0017740062
0.0017315056
0.0016887941
0.0016457081
0.0016021834
0.0015582862
0.0015139935
0.0014692294
0.0014240137
0.0013783605
0.0013321738
0.001285362
0.0012379007
0.0011898814
0.0011412114
0.0010917454
0.001041653
0.00099092635
0.0009394031
0.00088711184
0.00083411584
0.00078037318
0.00072598334
0.00067093082
0.00061539534
0.00055942824
0.00050317743
0.00044709066
0.00039256788
0.00033788837
0.00029524038
0.00024018247
0.00030007201
-0.00010064109
0.0046658148
0.0046886067
0.0047116792
0.0047348873
0.0047580219
0.0047809961
0.0048036938
0.0048257835
0.0048466094
0.0048651185
0.0048797839
0.004888545
0.004888836
0.004877785
0.0048526437
0.0048114199
0.004753527
0.0046801038
0.0045937055
0.0044974797
0.0043943846
0.0042869041
0.0041771357
0.0040668609
0.0039575098
0.0038501892
0.0037458126
0.0036451855
0.003548979
0.003457671
0.0033715545
0.0032908061
0.0032155325
0.0031457408
0.0030812811
0.0030218445
0.0029670198
0.0029163462
0.0028693385
0.0028254984
0.0027843197
0.0027452954
0.0027079341
0.0026717758
0.0026364058
0.0026014712
0.0025666879
0.0025318235
0.0024966698
0.0024610286
0.0024247216
0.0023876214
0.0023496827
0.0023109489
0.0022715286
0.0022315509
0.0021911468
0.0021504266
0.0021094632
0.0020682866
0.0020268847
0.0019852615
0.0019434553
0.0019015273
0.001859494
0.0018173009
0.0017749215
0.0017323869
0.0016896379
0.001646522
0.0016029731
0.0015590476
0.0015147269
0.0014699392
0.0014246978
0.0013790145
0.0013327999
0.0012859646
0.0012384832
0.001190437
0.0011417426
0.0010922625
0.0010421474
0.00099139561
0.00093985443
0.00088754481
0.00083452839
0.00078076865
0.00072635773
0.0006712873
0.00061572722
0.00055973564
0.0005034649
0.00044734491
0.00039275516
0.00033803635
0.00029499791
0.00024093215
0.00029218498
-8.9408734e-05
0.0046429582
0.0046646799
0.0046866374
0.0047086437
0.0047304509
0.004751919
0.0047728769
0.0047929577
0.0048115068
0.0048275251
0.0048396098
0.0048459156
0.0048441916
0.0048319563
0.00480685
0.0047671404
0.0047122385
0.0046429728
0.0045613965
0.004470179
0.0043719661
0.0042690748
0.0041635023
0.0040569716
0.003950907
0.003846444
0.0037445212
0.0036459551
0.0035514297
0.0034614521
0.0033763544
0.0032963462
0.0032215552
0.0031520092
0.0030875905
0.0030280313
0.00297296
0.0029219492
0.0028745422
0.0028302641
0.0027886296
0.0027491503
0.0027113506
0.0026747829
0.0026390415
0.0026037777
0.0025687062
0.0025335916
0.0024982243
0.0024624075
0.0024259657
0.0023887724
0.0023507783
0.0023120183
0.00227259
0.0022326141
0.0021922138
0.0021514945
0.0021105265
0.002069341
0.0020279303
0.0019862989
0.0019444826
0.0019025377
0.0018604807
0.0018182636
0.001775859
0.0017332906
0.001690504
0.0016473575
0.0016037837
0.0015598297
0.0015154803
0.0014706683
0.0014254006
0.0013796869
0.0013334437
0.0012865843
0.0012390821
0.0011910087
0.0011422892
0.001092794
0.001042656
0.00099187863
0.00094031872
0.00088799023
0.00083495285
0.00078117528
0.00072674274
0.00067165348
0.00061606814
0.00056005101
0.00050375877
0.00044760389
0.00039294518
0.0003381818
0.00029474486
0.00024157093
0.00028446044
-7.8593628e-05
0.0046196063
0.0046402313
0.0046610401
0.0046818124
0.0047022697
0.004722231
0.004741483
0.0047596344
0.0047760398
0.0047897564
0.0047995
0.0048036208
0.0048001442
0.0047869224
0.0047619241
0.0047236385
0.0046714867
0.0046060557
0.0045289856
0.0044425255
0.0043490191
0.0042506059
0.0041491735
0.0040463776
0.0039436216
0.0038420545
0.0037426333
0.0036461836
0.0035534008
0.0034648168
0.0033807983
0.0033015865
0.0032273313
0.0031580819
0.0030937516
0.0030341119
0.0029788298
0.0029275118
0.0028797295
0.0028350326
0.0027929571
0.0027530337
0.0027148029
0.0026778301
0.0026417192
0.002606126
0.002570765
0.0025353987
0.0024998162
0.0024638221
0.0024272436
0.0023899549
0.002351903
0.0023131143
0.0022736763
0.0022337009
0.0021933037
0.0021525849
0.0021116127
0.0020704186
0.0020289991
0.0019873594
0.001945533
0.0019035713
0.0018614909
0.0018192494
0.0017768191
0.001734217
0.0016913927
0.0016482149
0.0016046155
0.0015606326
0.0015162542
0.001471417
0.0014261225
0.001380378
0.0013341057
0.0012872215
0.0012396976
0.0011915968
0.0011428518
0.0010933403
0.0010431792
0.00099237572
0.00094079626
0.00088844837
0.00083538948
0.0007815933
0.00072713857
0.00067202955
0.00061641823
0.0005603745
0.00050405897
0.00044786806
0.00039313543
0.00033833543
0.00029449898
0.00024208896
0.00027688666
-6.8209693e-05
0.0045957572
0.0046152666
0.0046349042
0.0046544228
0.0046735206
0.0046919856
0.0047095741
0.0047258797
0.0047402727
0.0047518677
0.0047594925
0.0047616737
0.0047566783
0.0047426444
0.0047178183
0.0046808785
0.0046312646
0.0045693766
0.004496516
0.0044145663
0.0043255855
0.0042315299
0.0041341707
0.004035088
0.0039356518
0.0038370114
0.003740134
0.0036458522
0.0035548703
0.0034677413
0.0033848622
0.0033065036
0.0032328384
0.0031639377
0.0030997446
0.0030400681
0.0029846132
0.0029330198
0.0028848885
0.0028397939
0.0027972938
0.0027569386
0.0027182855
0.0026809133
0.0026444355
0.0026085136
0.0025728627
0.0025372435
0.0025014446
0.0024652719
0.002428555
0.0023911687
0.0023530566
0.0023142371
0.0022747875
0.0022348112
0.0021944164
0.0021536979
0.0021127216
0.0020715193
0.0020300913
0.0019884433
0.0019466066
0.0019046282
0.0018625244
0.0018202583
0.0017778019
0.0017351662
0.0016923043
0.0016490945
0.0016054687
0.0015614568
0.0015170488
0.0014721857
0.0014268638
0.0013810881
0.0013347861
0.0012878765
0.0012403302
0.0011922017
0.0011434305
0.0010939018
0.0010437173
0.0009928872
0.00094128736
0.0008889195
0.00083583855
0.00078202296
0.00072754546
0.00067241569
0.00061677765
0.00056070618
0.00050436565
0.00044813677
0.00039332811
0.00033848612
0.00029426184
0.00024249905
0.0002694506
-5.8264406e-05
0.004571413
0.0045897957
0.0046082493
0.0046265057
0.004644246
0.0046612357
0.0046772101
0.0046917567
0.004704266
0.0047139103
0.0047196217
0.0047200855
0.0047137798
0.0046990871
0.0046744893
0.004638827
0.0045915637
0.0045329553
0.0044640269
0.0043863464
0.0043017067
0.0042118807
0.004118517
0.0040231144
0.0039269988
0.0038313076
0.0037370104
0.0036449433
0.0035558175
0.0034702026
0.0033885222
0.003311074
0.0032380538
0.0031695549
0.0031055491
0.0030458814
0.0029902934
0.0029384586
0.0028900065
0.0028445371
0.0028016307
0.0027608577
0.0027217924
0.0026840275
0.0026471869
0.0026109379
0.0025749972
0.0025391246
0.0025031085
0.0024667561
0.0024298993
0.0023924135
0.0023542389
0.0023153863
0.0022759233
0.0022359449
0.0021955518
0.0021548334
0.0021138531
0.0020726431
0.0020312066
0.0019895503
0.0019477033
0.0019057084
0.0018635816
0.0018212906
0.0017788077
0.0017361384
0.0016932389
0.0016499967
0.0016063438
0.0015623025
0.0015178645
0.0014729746
0.0014276248
0.0013818176
0.0013354854
0.0012885495
0.0012409801
0.0011928236
0.0011440257
0.0010944789
0.0010442705
0.00099341337
0.00094179232
0.0008894039
0.00083630032
0.0007824645
0.0007279636
0.0006728121
0.00061714654
0.00056104618
0.00050467867
0.00044841053
0.00039352043
0.00033864602
0.00029402283
0.0002427988
0.00026215432
-4.876626e-05
0.0045465805
0.0045638324
0.0045810982
0.004598094
0.0046144889
0.004630033
0.0046444492
0.0046573254
0.0046680764
0.0046759312
0.0046799186
0.004678866
0.0046714353
0.0046562187
0.004631898
0.0045974529
0.0045523744
0.0044968076
0.0044315531
0.0043579082
0.0042774237
0.0041916925
0.0041022376
0.004010471
0.0039176661
0.0038249382
0.0037332514
0.0036434412
0.0035562226
0.0034721785
0.0033917549
0.0033152742
0.0032429545
0.0031749114
0.0031111443
0.0030515323
0.0029958529
0.0029438125
0.0028950698
0.0028492506
0.0028059579
0.0027647827
0.0027253169
0.0026871674
0.002649969
0.0026133955
0.002577166
0.0025410402
0.0025048065
0.0024682737
0.0024312757
0.0023936887
0.0023554495
0.0023165617
0.0022770837
0.0022371018
0.0021967095
0.002155991
0.0021150071
0.0020737898
0.0020323452
0.0019906806
0.0019488231
0.0019068119
0.0018646623
0.0018223463
0.0017798366
0.0017371338
0.0016941969
0.0016509217
0.0016072409
0.00156317
0.0015187015
0.0014737841
0.001428406
0.0013825669
0.0013362039
0.0012892411
0.0012416477
0.0011934629
0.0011446378
0.0010950717
0.0010448392
0.00099395454
0.00094231143
0.00088990184
0.00083677504
0.00078291816
0.00072839321
0.00067321895
0.00061752503
0.00056139454
0.0005049982
0.00044868854
0.00039371504
0.00033880271
0.00029375375
0.00024301595
0.00025499602
-3.9721507e-05
0.0045212697
0.0045373936
0.004553476
0.0045692217
0.0045842921
0.0045984282
0.004611347
0.0046226425
0.0046317567
0.0046379736
0.0046404112
0.0046380234
0.0046296325
0.0046140104
0.0045900088
0.0045567274
0.0045136861
0.004460946
0.0043991253
0.0043292913
0.0042527763
0.004171
0.0040853588
0.0039971742
0.0039076602
0.0038179011
0.0037288481
0.0036413316
0.0035560673
0.0034736479
0.0033945375
0.0033190808
0.0032475174
0.0031799847
0.0031165086
0.0030570008
0.0030012734
0.0029490652
0.0029000641
0.0028539219
0.0028102649
0.0027687048
0.0027288517
0.0026903272
0.0026527772
0.0026158829
0.0025793664
0.0025429881
0.002506537
0.0024698235
0.0024326835
0.0023949937
0.0023566879
0.0023177629
0.0022782682
0.0022382816
0.0021978894
0.0021571706
0.0021161832
0.0020749592
0.0020335067
0.0019918339
0.001949966
0.0019079387
0.0018657667
0.0018234256
0.0017808887
0.0017381526
0.0016951783
0.0016518697
0.0016081605
0.0015640596
0.0015195602
0.0014746146
0.0014292075
0.0013833362
0.0013369418
0.0012899515
0.0012423334
0.00119412
0.001145267
0.0010956807
0.0010454236
0.00099451101
0.000942845
0.00089041359
0.00083726298
0.00078338417
0.00072883448
0.00067363643
0.00061791324
0.00056175139
0.00050532405
0.00044897141
0.00039390842
0.00033897033
0.00029345742
0.00024313723
0.00024799356
-3.115338e-05
0.0044954945
0.0045104991
0.00452541
0.0045399239
0.0045536984
0.0045664704
0.0045779564
0.0045877614
0.0045953559
0.004600077
0.0046011246
0.0045975649
0.0045883601
0.0045724361
0.0045487896
0.0045166237
0.004475488
0.0044253801
0.0043667707
0.0043005327
0.0042278031
0.004149838
0.0040679083
0.0039832423
0.0038969899
0.0038101966
0.0037237938
0.0036386023
0.0035553349
0.0034745904
0.0033968478
0.003322471
0.0032517196
0.0031847522
0.0031216204
0.0030622666
0.0030065361
0.0029541997
0.0029049743
0.0028585378
0.0028145403
0.0027726145
0.0027323888
0.0026935001
0.0026556061
0.0026183957
0.002581595
0.0025449659
0.0025082981
0.002471404
0.0024341214
0.0023963276
0.0023579534
0.0023189894
0.0022794763
0.0022394838
0.0021990911
0.0021583718
0.0021173812
0.0020761509
0.0020346909
0.0019930101
0.0019511319
0.0019090887
0.0018668946
0.0018245284
0.0017819642
0.0017391949
0.0016961834
0.001652841
0.0016091027
0.0015649715
0.0015204409
0.0014754663
0.0014300298
0.0013841259
0.0013376996
0.001290681
0.0012430375
0.001194795
0.0011459137
0.0010963062
0.0010460241
0.00099508307
0.00094339332
0.00089093941
0.00083776437
0.00078386277
0.00072928762
0.0006740647
0.00061831131
0.00056211674
0.00050565638
0.00044925822
0.00039410354
0.0003391336
0.00029312794
0.00024317949
0.00024116862
-2.3079307e-05
0.0044692715
0.0044831716
0.0044969292
0.0045102364
0.0045227501
0.0045342071
0.0045443281
0.0045527319
0.0045589192
0.0045622773
0.0045620811
0.0045574966
0.0045476076
0.0045314723
0.0045082112
0.0044771172
0.0044377688
0.0043901168
0.004334513
0.0042716662
0.0042025411
0.004128241
0.0040499144
0.0039686957
0.0038856664
0.0038018274
0.0037180841
0.0036352427
0.00355401
0.0034749874
0.0033986646
0.0033254222
0.0032555381
0.0031891912
0.0031264574
0.0030673084
0.0030116213
0.0029591981
0.0029097844
0.0028630844
0.002818772
0.0027765013
0.0027359195
0.002696679
0.0026584499
0.0026209294
0.0025838483
0.0025469706
0.0025100876
0.0024730134
0.0024355881
0.0023976892
0.0023592452
0.0023202404
0.0022807074
0.0022407079
0.002200314
0.0021595942
0.0021186007
0.0020773646
0.0020358975
0.0019942089
0.0019523205
0.0019102617
0.0018680459
0.0018256547
0.001783063
0.0017402608
0.0016972123
0.0016538357
0.0016100677
0.001565906
0.0015213437
0.0014763396
0.001430873
0.0013849362
0.0013384775
0.0012914301
0.0012437602
0.0011954884
0.0011465783
0.0010969485
0.0010466409
0.00099567102
0.00094395668
0.00089147958
0.00083827948
0.00078435419
0.00072975282
0.00067450394
0.00061871934
0.00056249069
0.00050599499
0.00044954944
0.00039429701
0.00033930362
0.00029277091
0.00024310979
0.00023451192
-1.5486775e-05
0.0044426202
0.0044554358
0.004468064
0.0044801954
0.0044914886
0.004501684
0.0045105095
0.0045176006
0.004522488
0.0045246072
0.0045233007
0.0045178235
0.004507365
0.0044910974
0.0044682472
0.004438185
0.0044005176
0.0043551614
0.0043023727
0.0042427231
0.0041770256
0.0041062431
0.0040314064
0.0039535562
0.003873703
0.0037927986
0.0037117166
0.0036312445
0.0035520793
0.0034748213
0.0033999677
0.0033279125
0.0032589503
0.0031932789
0.0031309974
0.003072105
0.0030165091
0.0029640419
0.0029144778
0.0028675469
0.0028229471
0.0027803542
0.0027394344
0.0026998562
0.0026613022
0.0026234787
0.002586122
0.0025489989
0.0025119027
0.0024746496
0.0024370818
0.0023990773
0.0023605622
0.0023215151
0.0022819609
0.0022419532
0.0022015576
0.0021608371
0.0021198411
0.0020785998
0.0020371261
0.00199543
0.0019535316
0.0019114576
0.0018692205
0.0018268045
0.0017841852
0.0017413502
0.001698265
0.001654854
0.0016110557
0.0015668632
0.001522269
0.0014772346
0.0014317375
0.0013857674
0.0013392759
0.0012921988
0.0012445021
0.0011962005
0.001147261
0.0010976079
0.0010472744
0.00099627516
0.00094453537
0.00089203435
0.00083880854
0.00078485865
0.00073023027
0.0006749543
0.00061913744
0.00056287326
0.00050633995
0.00044984438
0.0003944907
0.00033946511
0.00029239078
0.00024290216
0.00022799923
-8.3409528e-06
0.0044155626
0.004427318
0.0044388459
0.004449837
0.0044599547
0.004468945
0.0044765456
0.0044824105
0.0044861005
0.0044870959
0.0044848012
0.0044785498
0.0044676234
0.004451292
0.0044288735
0.004399806
0.0043637232
0.0043205171
0.0042703678
0.0042137315
0.0041512899
0.0040838777
0.0040124138
0.0039378468
0.0038611152
0.0037831176
0.0037046916
0.0036266016
0.0035495311
0.0034740761
0.0034007379
0.0033299208
0.003261934
0.0031969929
0.003135218
0.0030766344
0.0030211787
0.0029687121
0.0029190371
0.0028719098
0.0028270519
0.0027841613
0.0027429233
0.0027030229
0.0026641557
0.0026260378
0.0025884114
0.0025510471
0.0025137405
0.0024763103
0.0024386006
0.0024004903
0.0023619031
0.0023228124
0.0022832357
0.002243219
0.0022028212
0.0021621
0.0021211018
0.0020798559
0.0020383762
0.0019966729
0.0019547648
0.001912676
0.0018704182
0.0018279775
0.0017853308
0.0017424632
0.0016993416
0.001655896
0.0016120669
0.0015678434
0.0015232169
0.0014781516
0.0014326235
0.0013866198
0.001340095
0.0012929877
0.0012452632
0.0011969315
0.0011479621
0.0010982848
0.0010479247
0.00099689574
0.00094512967
0.00089260398
0.00083935178
0.00078537637
0.00073072015
0.00067541592
0.00061956569
0.00056326448
0.00050669117
0.00045014293
0.00039468381
0.00033961363
0.00029199234
0.0002425328
0.00022165417
-1.6252775e-06
0.0043881224
0.0043988463
0.0044093069
0.0044191976
0.0044281878
0.0044360316
0.0044424786
0.0044472016
0.0044497913
0.00444977
0.0044465981
0.0044396788
0.004428374
0.0044120385
0.0043900684
0.0043619607
0.004327375
0.0042861861
0.0042385133
0.0041847173
0.0041253654
0.0040611771
0.0039929662
0.0039215918
0.00384792
0.003772794
0.0036970115
0.0036213098
0.0035463558
0.0034727378
0.0034009576
0.003331427
0.0032644676
0.0032003107
0.0031390967
0.0030808749
0.0030256092
0.0029731891
0.0029234443
0.0028761568
0.0028310721
0.00278791
0.0027463754
0.0027061699
0.0026670029
0.0026286003
0.0025907114
0.0025531109
0.0025155975
0.0024779925
0.0024401423
0.0024019263
0.0023632664
0.0023241311
0.0022845308
0.0022445043
0.0022041038
0.002163382
0.0021223821
0.0020811324
0.0020396472
0.0019979373
0.0019560199
0.0019139167
0.0018716387
0.0018291736
0.0017864995
0.0017435998
0.001700442
0.0016569618
0.0016131015
0.0015688466
0.0015241876
0.0014790909
0.0014335312
0.0013874937
0.0013409351
0.0012937969
0.0012460439
0.0011976817
0.0011486819
0.0010989794
0.0010485923
0.00099753305
0.00094573986
0.00089318871
0.00083990944
0.00078590756
0.00073122262
0.00067588896
0.00062000418
0.00056366437
0.00050704856
0.00045044484
0.00039487568
0.00033974816
0.00029157362
0.00024201239
0.0002154927
4.6549488e-06
0.0043603251
0.0043700495
0.0043794794
0.0043883126
0.0043962262
0.0044029837
0.0044083475
0.0044120105
0.0044135918
0.0044126529
0.0044087051
0.004401213
0.0043896089
0.0043733206
0.0043518119
0.0043246313
0.0042914625
0.0042521692
0.0042068225
0.0041557036
0.0040992816
0.0040381727
0.003973093
0.0039048161
0.0038341361
0.0037618394
0.0036886807
0.0036153673
0.0035425458
0.0034707937
0.0034006104
0.0033324122
0.0032665304
0.0032032105
0.0031426112
0.0030848043
0.0030297793
0.0029774528
0.0029276808
0.0028802709
0.0028349924
0.0027915869
0.002749779
0.0027092874
0.0026698352
0.0026311591
0.0025930161
0.0025551855
0.0025174699
0.0024796931
0.0024417041
0.0024033831
0.0023646503
0.0023254697
0.002285845
0.002245808
0.0022054045
0.0021646823
0.0021236812
0.0020824284
0.0020409385
0.0019992224
0.0019572961
0.0019151792
0.0018728816
0.0018303926
0.0017876912
0.0017447596
0.0017015663
0.0016580513
0.0016141594
0.0015698729
0.0015251812
0.0014800526
0.0014344608
0.0013883892
0.0013417964
0.0012946267
0.0012468446
0.0011984514
0.0011494206
0.001099692
0.0010492773
0.00099818733
0.00094636618
0.00089378878
0.00084048172
0.00078645241
0.00073173785
0.00067637354
0.00062045297
0.00056407292
0.00050741202
0.00045074978
0.00039506582
0.00033986758
0.00029113221
0.0002413535
0.00020951895
1.0496501e-05
0.0043321974
0.0043409574
0.0043493961
0.0043572171
0.0043641066
0.0043698385
0.0043741891
0.0043768708
0.0043775304
0.0043757658
0.004371134
0.0043631543
0.0043513203
0.0043351233
0.0043140858
0.004287801
0.0042559756
0.0042184664
0.0041753064
0.0041267112
0.0040730658
0.0040148943
0.0039528236
0.0038875453
0.0038197837
0.0037502673
0.0036797062
0.0036087743
0.0035380956
0.0034682334
0.0033996816
0.0033328584
0.0032681024
0.0032056711
0.0031457397
0.0030884007
0.0030336675
0.0029814825
0.0029317275
0.0028842347
0.002838797
0.002795178
0.0027531218
0.0027123645
0.0026726435
0.0026337068
0.0025953191
0.0025572658
0.0025193532
0.0024814085
0.0024432832
0.0024048583
0.0023660528
0.0023268263
0.0022871767
0.0022471287
0.0022067222
0.0021659998
0.0021249982
0.0020837431
0.0020422493
0.0020005277
0.001958593
0.001916463
0.0018741464
0.001831634
0.0017889058
0.0017459427
0.0017027141
0.0016591645
0.0016152407
0.0015709224
0.0015261978
0.0014810369
0.0014354126
0.0013893065
0.0013426792
0.0012954774
0.0012476654
0.0011992409
0.0011501786
0.001100423
0.00104998
0.00099885885
0.00094700891
0.00089440443
0.00084106885
0.00078701114
0.000732266
0.00067686979
0.00062091215
0.00056449012
0.00050778148
0.00045105744
0.00039525375
0.00033997066
0.00029066617
0.00024056582
0.00020373993
1.590405e-05
0.0043037668
0.0043115999
0.0043190892
0.0043259451
0.0043318642
0.0043366314
0.0043400371
0.0043418132
0.0043416327
0.0043391271
0.0043338948
0.0043255037
0.004313501
0.0042974331
0.0042768733
0.0042514546
0.0042209045
0.0041850767
0.0041439743
0.0040977588
0.0040467432
0.0039913708
0.0039321865
0.0038698054
0.0038048839
0.003738093
0.0036700967
0.0036015335
0.0035330017
0.0034650482
0.0033981584
0.0033327493
0.0032691646
0.0032076717
0.0031484604
0.003091642
0.0030372522
0.0029852576
0.0029355646
0.0028880299
0.0028424694
0.0027986683
0.0027563907
0.0027153899
0.0026754181
0.0026362347
0.0025976135
0.0025593458
0.0025212425
0.0024831346
0.002444876
0.002406349
0.0023674714
0.0023281991
0.0022885242
0.0022484651
0.0022080555
0.0021673332
0.0021263318
0.0020850754
0.0020435786
0.0020018522
0.0019599099
0.0019177674
0.0018754327
0.0018328975
0.0017901427
0.0017471487
0.0017038855
0.0016603013
0.0016163454
0.0015719951
0.0015272374
0.0014820437
0.0014363866
0.0013902458
0.0013435836
0.001296349
0.0012485065
0.0012000502
0.0011509561
0.0011011724
0.0010507006
0.00099954781
0.00094766825
0.00089503585
0.00084167098
0.00078758388
0.00073280718
0.00067737777
0.00062138169
0.00056491591
0.00050815674
0.00045136744
0.00039543889
0.00034005617
0.00029017352
0.00023965738
0.00019816685
2.0884949e-05
0.0042750618
0.0042820072
0.0042885904
0.0042945296
0.0042995325
0.0043033954
0.0043059228
0.0043068656
0.0043059214
0.0043027531
0.0042969961
0.0042882615
0.0042761437
0.004260237
0.0042401591
0.0042155777
0.0041862399
0.0041519987
0.0041128341
0.004068863
0.0040203372
0.0039676291
0.0039112096
0.0038516225
0.0037894588
0.0037253333
0.003659863
0.0035936493
0.0035272629
0.0034612315
0.0033960295
0.0033320701
0.0032696994
0.0032091928
0.0031507524
0.0030945067
0.0030405118
0.0029887569
0.0029391722
0.0028916378
0.0028459923
0.0028020423
0.0027595718
0.0027183515
0.0026781484
0.0026387341
0.0025998916
0.0025614191
0.0025231326
0.0024848669
0.0024464788
0.0024078521
0.0023689035
0.0023295858
0.0022898856
0.0022498153
0.0022094028
0.0021686813
0.0021276809
0.0020864242
0.0020449254
0.0020031951
0.0019612459
0.0019190918
0.0018767399
0.0018341826
0.0017914018
0.0017483774
0.0017050801
0.0016614616
0.0016174734
0.0015730911
0.0015283002
0.0014830734
0.001437383
0.0013912072
0.0013445098
0.001297242
0.0012493683
0.0012008798
0.0011517533
0.0011019408
0.0010514394
0.0010002545
0.0009483445
0.00089568332
0.00084228837
0.00078817087
0.00073336157
0.00067789765
0.00062186171
0.0005653503
0.00050853772
0.00045167949
0.00039562076
0.00034012305
0.00028965226
0.00023863637
0.00019281297
2.5447545e-05
0.0042461109
0.0042522094
0.0042579309
0.0042630025
0.0042671432
0.0042701613
0.0042718749
0.0042720531
0.0042704171
0.0042666579
0.0042604451
0.0042514277
0.0042392416
0.0042235232
0.0042039288
0.004180157
0.0041519728
0.0041192305
0.0040818922
0.0040400385
0.0039938694
0.0039436951
0.0038899202
0.0038330224
0.0037735312
0.0037120061
0.0036490175
0.0035851283
0.00352088
0.0034567787
0.0033932856
0.0033308074
0.0032696904
0.0032102155
0.0031525954
0.0030969736
0.0030434247
0.0029919593
0.0029425299
0.0028950392
0.0028493479
0.0028052839
0.0027626506
0.0027212362
0.002680823
0.0026411951
0.0026021451
0.0025634787
0.0025250173
0.0024866002
0.0024480872
0.0024093638
0.002370346
0.0023309837
0.0022912585
0.0022511773
0.0022107624
0.0021700423
0.0021290439
0.0020877881
0.0020462884
0.0020045553
0.0019626001
0.0019204352
0.001878067
0.0018354884
0.0017926823
0.0017496282
0.0017062974
0.001662645
0.0016186244
0.00157421
0.0015293859
0.0014841257
0.0014384017
0.0013921907
0.0013454578
0.0012981563
0.0012502508
0.0012017296
0.0011525702
0.001102728
0.0010521966
0.001000979
0.00094903773
0.0008963469
0.00084292107
0.00078877213
0.00073392917
0.00067842938
0.00062235209
0.00056579308
0.00050892414
0.00045199307
0.00039579863
0.00034017014
0.00028910003
0.000237511
0.00018769296
2.9601378e-05
0.0042169427
0.004222236
0.0042271409
0.004231394
0.0042347263
0.0042369576
0.0042379196
0.0042373985
0.0042351374
0.0042308538
0.0042242473
0.0042150012
0.0042027879
0.0041872806
0.0041681693
0.0041451801
0.0041180946
0.0040867697
0.004051154
0.0040112985
0.0039673593
0.0039195929
0.0038683444
0.0038140311
0.0037571244
0.0036981309
0.0036375744
0.0035759793
0.003513856
0.0034516876
0.0033899195
0.0033289499
0.0032691227
0.0032107223
0.00315397
0.003099022
0.0030459699
0.0029948438
0.0029456172
0.0028982145
0.0028525181
0.0028083762
0.0027656118
0.0027240306
0.0026834302
0.0026436074
0.0026043651
0.0025655169
0.0025268902
0.0024883291
0.0024496967
0.0024108803
0.0023717956
0.00233239
0.0022926407
0.0022525491
0.0022121325
0.0021714147
0.0021304195
0.0020891658
0.0020476665
0.0020059316
0.0019639715
0.001921797
0.0018794135
0.0018368146
0.0017939838
0.0017509008
0.0017075374
0.0016638514
0.0016197986
0.001575352
0.0015304946
0.0014852009
0.0014394429
0.0013931967
0.001346428
0.0012990923
0.0012511543
0.0012026
0.0011534073
0.0011035346
0.0010529724
0.0010017216
0.00094974836
0.00089702697
0.00084356943
0.00078938801
0.00073451028
0.00067897322
0.00062285301
0.00056624437
0.00050931598
0.00045230797
0.00039597207
0.00034019677
0.00028851481
0.00023628937
0.00018282213
3.3361454e-05
0.0041875857
0.004192116
0.0041962496
0.0041997332
0.00420231
0.0042038109
0.0042040807
0.0042029221
0.0042000984
0.0041953511
0.0041884072
0.0041789806
0.0041667758
0.0041514983
0.004132868
0.0041106352
0.0040845968
0.0040546134
0.0040206237
0.0039826543
0.0039408248
0.003895345
0.0038465073
0.0037946738
0.0037402619
0.0036837275
0.0036255492
0.0035662124
0.0035061956
0.0034459575
0.0033859257
0.0033264877
0.0032679829
0.003210697
0.0031548575
0.0031006318
0.0030481265
0.0029973892
0.0029484134
0.002901144
0.0028554839
0.0028113018
0.0027684395
0.0027267203
0.002685957
0.0026459597
0.0026065417
0.0025675252
0.002528744
0.0024900472
0.0024513017
0.0024123968
0.0023732482
0.0023338011
0.0022940289
0.002253928
0.0022135105
0.0021727961
0.0021318054
0.0020905553
0.0020490579
0.0020073225
0.0019653586
0.0019231757
0.0018807782
0.00183816
0.0017953055
0.0017521943
0.0017087991
0.0016650801
0.0016209951
0.0015765165
0.0015316259
0.0014862985
0.0014405064
0.0013942246
0.0013474199
0.0013000496
0.0012520787
0.0012034909
0.0011542644
0.0011043604
0.0010537667
0.0010024823
0.00095047619
0.00089772335
0.00084423323
0.00079001827
0.00073510463
0.00067952886
0.00062336411
0.00056670371
0.00050971269
0.00045262343
0.00039614013
0.00034020171
0.00028789622
0.00023498048
0.00017820079
3.6737445e-05
0.0041580677
0.0041618773
0.0041652849
0.0041680474
0.0041699202
0.0041707454
0.0041703799
0.0041686419
0.0041653136
0.0041601584
0.0041529283
0.0041433641
0.0041311988
0.0041161664
0.0040980133
0.0040765113
0.0040514715
0.0040227589
0.0039903047
0.0039541164
0.0039142826
0.0038709728
0.003824433
0.0037749756
0.0037229676
0.0036688172
0.003612959
0.0035558399
0.0034979061
0.0034395904
0.0033813012
0.0033234133
0.0032662595
0.0032101247
0.0031552408
0.0031017842
0.0030498743
0.002999575
0.002950898
0.0029038075
0.0028582265
0.002814043
0.0027711174
0.0027292905
0.0026883904
0.0026482404
0.002608665
0.002569495
0.0025305713
0.0024917483
0.0024528969
0.0024139087
0.0023747
0.0023352139
0.0022954205
0.0022553115
0.0022148945
0.0021741849
0.0021332002
0.0020919553
0.0020504614
0.002008727
0.0019667606
0.0019245706
0.0018821603
0.0018395241
0.0017966469
0.0017535086
0.0017100826
0.0016663312
0.0016222143
0.0015777038
0.0015327801
0.0014874189
0.0014415925
0.0013952752
0.0013484343
0.001301029
0.0012530245
0.0012044029
0.0011551422
0.0011052061
0.0010545803
0.0010032616
0.00095122196
0.00089843674
0.00084491316
0.00079066358
0.00073571282
0.00068009686
0.00062388587
0.00056717149
0.00051011457
0.0004529395
0.00039630272
0.0003401846
0.00028724614
0.00023359437
0.00017383504
3.9742882e-05
0.0041284162
0.0041315474
0.0041342736
0.0041363624
0.0041375814
0.0041377833
0.0041368365
0.0041345737
0.0041307946
0.0041252828
0.0041178125
0.0041081486
0.0040960496
0.0040812748
0.0040635938
0.0040427976
0.0040187105
0.0039912024
0.0039601993
0.0039256932
0.0038877469
0.0038464956
0.0038021441
0.0037549601
0.0037052648
0.0036534211
0.0035998214
0.0035448752
0.0034889958
0.0034325896
0.0033760443
0.0033197204
0.0032639423
0.003208992
0.0031551036
0.0031024606
0.0030511935
0.0030013806
0.0029530502
0.0029061848
0.0028607261
0.0028165809
0.0027736281
0.0027317252
0.0026907158
0.0026504365
0.0026107233
0.002571416
0.002532363
0.0024934243
0.0024544753
0.00241541
0.0023761454
0.0023366235
0.002296811
0.0022566958
0.0022162809
0.0021755777
0.0021346007
0.0020933629
0.0020518742
0.0020101424
0.0019681752
0.0019259794
0.0018835579
0.001840905
0.0017980063
0.001754842
0.0017113861
0.0016676031
0.0016234548
0.0015789125
0.0015339559
0.001488561
0.0014427002
0.0013963472
0.0013494701
0.0013020294
0.001253991
0.001205335
0.0011560397
0.0011060708
0.0010554122
0.0010040589
0.00095198485
0.00089916634
0.00084560841
0.0007913231
0.00073633401
0.00068067635
0.00062441735
0.00056764668
0.00051052048
0.0004532549
0.00039645837
0.00034014401
0.00028656535
0.00023213902
0.0001696975
4.2374008e-05
0.0040986577
0.0041011524
0.0041032413
0.0041047028
0.0041053165
0.0041049453
0.0041034685
0.0041007322
0.0040965522
0.0040907305
0.0040830614
0.0040733317
0.0040613223
0.0040468148
0.0040295994
0.0040094847
0.003986307
0.0039599411
0.00393031
0.0038973931
0.0038612319
0.0038219322
0.0037796628
0.0037346516
0.0036871774
0.0036375614
0.0035861559
0.0035333336
0.0034794756
0.003424961
0.0033701563
0.0033154058
0.0032610238
0.0032072875
0.0031544316
0.0031026445
0.003052066
0.0030027868
0.0029548505
0.0029082564
0.0028629639
0.002818898
0.002775955
0.0027340092
0.0026929195
0.002652536
0.002612706
0.002573279
0.0025341112
0.0024950686
0.0024560311
0.0024168958
0.0023775807
0.0023380268
0.0022981981
0.0022580789
0.002217668
0.0021769733
0.002136006
0.0020947772
0.0020532957
0.0020115684
0.001969602
0.0019274022
0.0018849711
0.001842303
0.0017993841
0.001756195
0.0017127104
0.0016688967
0.0016247174
0.0015801438
0.0015351546
0.001489726
0.0014438308
0.0013974422
0.0013505287
0.0013030524
0.0012549795
0.0012062889
0.0011569586
0.0011069562
0.0010562641
0.0010048756
0.00095276641
0.00089991368
0.00084632045
0.0007919983
0.00073696961
0.00068126867
0.00062495982
0.00056813045
0.00051093148
0.00045357043
0.00039660775
0.0003400807
0.00028585671
0.00023062404
0.00016589981
4.4620568e-05
0.0040688168
0.004070716
0.0040722107
0.0040730898
0.0040731449
0.0040722487
0.0040702902
0.0040671282
0.0040625935
0.0040565047
0.0040486744
0.0040389086
0.0040270086
0.0040127757
0.0039960187
0.0039765617
0.0039542521
0.00392897
0.0039006367
0.0038692217
0.0038347487
0.0037972986
0.0037570089
0.0037140718
0.003668728
0.0036212598
0.0035719817
0.0035212309
0.0034693571
0.0034167118
0.0033636392
0.0033104667
0.0032574969
0.0032050005
0.0031532107
0.0031023191
0.0030524727
0.0030037732
0.0029562776
0.0029100008
0.0028649187
0.0028209735
0.0027780784
0.002736124
0.0026949843
0.0026545228
0.0026145986
0.0025750709
0.002535804
0.0024966704
0.0024575548
0.0024183575
0.0023789979
0.0023394164
0.002299575
0.0022594545
0.0022190501
0.0021783661
0.0021374109
0.0020961934
0.0020547213
0.0020130005
0.0019710368
0.0019288348
0.0018863959
0.0018437142
0.0018007766
0.0017575641
0.0017140522
0.0016702088
0.0016259991
0.0015813946
0.0015363731
0.0014909112
0.0014449816
0.0013985574
0.0013516075
0.0013040954
0.0012559877
0.0012072621
0.0011578964
0.0011078599
0.0010571338
0.0010057095
0.00095356442
0.00090067655
0.00084704709
0.00079268697
0.00073761739
0.00068187159
0.00062551099
0.00056862044
0.00051134512
0.00045388353
0.0003967482
0.00033999236
0.0002851199
0.00022905463
0.00016232033
4.6510714e-05
0.0036524988
0.003737102
0.0038912385
0.0040554993
0.004223516
0.0043960651
0.0045705067
0.004748007
0.0049362445
0.0051771284
0.0036524924
0.0037370906
0.0038912193
0.0040554658
0.004223456
0.0043959554
0.0045702758
0.0047473653
0.004933191
0.0051502218
0.0036524792
0.003737067
0.0038911791
0.0040553955
0.0042233305
0.0043957233
0.0045697963
0.0047460012
0.0049277027
0.0051209962
0.0036524582
0.00373703
0.0038911155
0.0040552845
0.0042231327
0.0043953566
0.0045690429
0.0047439052
0.0049206288
0.0050953193
0.0036524287
0.0037369784
0.0038910263
0.0040551289
0.0042228559
0.0043948438
0.0045679866
0.0047411539
0.0049122647
0.0050718879
0.0036523898
0.0037369109
0.0038909091
0.0040549246
0.0042224926
0.0043941704
0.0045666121
0.0047377489
0.0049030064
0.0050498888
0.0036523406
0.0037368261
0.0038907612
0.0040546671
0.0042220351
0.0043933232
0.0045649024
0.0047337068
0.0048931336
0.0050289153
0.0036522802
0.0037367224
0.0038905798
0.0040543514
0.004221475
0.0043922885
0.0045628393
0.0047290573
0.0048827024
0.0050087507
0.0036522075
0.0037365981
0.0038903618
0.0040539726
0.0042208035
0.0043910518
0.004560408
0.0047238166
0.0048717656
0.0049892681
0.0036521214
0.0037364514
0.003890104
0.0040535249
0.0042200112
0.0043895987
0.0045575939
0.0047179986
0.0048603728
0.0049703487
0.0036520207
0.0037362805
0.003889803
0.0040530026
0.0042190884
0.0043879144
0.0045543829
0.004711617
0.0048485627
0.0049518815
0.0036519041
0.0037360832
0.0038894549
0.0040523994
0.0042180248
0.0043859838
0.004550762
0.0047046834
0.0048363636
0.0049337663
0.0036517701
0.0037358575
0.0038890558
0.0040517087
0.0042168097
0.0043837918
0.0045467187
0.004697208
0.0048237957
0.0049159125
0.0036516173
0.0037356008
0.0038886015
0.0040509233
0.0042154316
0.004381323
0.0045422409
0.0046891991
0.0048108717
0.004898237
0.0036514441
0.0037353108
0.0038880874
0.0040500358
0.004213879
0.0043785618
0.0045373174
0.0046806633
0.0047975984
0.0048806637
0.0036512487
0.0037349847
0.0038875086
0.0040490383
0.0042121395
0.0043754927
0.0045319372
0.0046716055
0.0047839768
0.0048631223
0.0036510293
0.0037346195
0.00388686
0.0040479225
0.0042102006
0.0043721
0.0045260895
0.0046620288
0.0047700038
0.0048455481
0.0036507839
0.0037342123
0.0038861361
0.0040466794
0.004208049
0.0043683681
0.0045197641
0.0046519349
0.0047556722
0.004827881
0.0036505104
0.0037337597
0.003885331
0.0040452998
0.0042056714
0.0043642811
0.004512951
0.0046413239
0.004740972
0.0048100658
0.0036502064
0.0037332583
0.0038844386
0.004043774
0.0042030537
0.0043598235
0.0045056405
0.0046301945
0.0047258907
0.0047920513
0.0036498695
0.0037327042
0.0038834524
0.0040420917
0.0042001817
0.0043549797
0.0044978228
0.0046185442
0.0047104145
0.0047737906
0.0036494971
0.0037320934
0.0038823652
0.0040402423
0.0041970408
0.0043497344
0.0044894887
0.0046063695
0.004694528
0.0047552411
0.0036490864
0.0037314217
0.0038811699
0.0040382145
0.004193616
0.0043440721
0.0044806291
0.004593666
0.0046782157
0.0047363638
0.0036486344
0.0037306847
0.0038798586
0.0040359968
0.0041898922
0.004337978
0.0044712351
0.0045804288
0.0046614618
0.004717124
0.003648138
0.0037298773
0.0038784232
0.004033577
0.004185854
0.0043314373
0.0044612981
0.0045666524
0.0046442511
0.004697491
0.0036475935
0.0037289946
0.003876855
0.0040309426
0.0041814859
0.0043244355
0.00445081
0.0045523313
0.0046265693
0.0046774381
0.0036469975
0.0037280312
0.003875145
0.0040280807
0.004176772
0.0043169587
0.004439763
0.0045374601
0.0046084033
0.0046569427
0.0036463461
0.0037269812
0.0038732836
0.0040249779
0.0041716968
0.0043089932
0.0044281498
0.0045220337
0.0045897416
0.0046359865
0.0036456349
0.0037258385
0.003871261
0.0040216203
0.0041662445
0.0043005262
0.0044159638
0.0045060477
0.0045705745
0.004614555
0.0036448597
0.0037245968
0.0038690668
0.0040179939
0.0041603995
0.0042915451
0.0044031992
0.0044894985
0.0045508946
0.004592638
0.0036440157
0.0037232492
0.0038666899
0.0040140843
0.0041541463
0.0042820384
0.0043898509
0.0044723835
0.0045306967
0.0045702291
0.0036430978
0.0037217885
0.0038641193
0.0040098767
0.0041474696
0.0042719951
0.0043759147
0.0044547014
0.0045099782
0.004547326
0.0036421008
0.0037202072
0.0038613431
0.0040053562
0.0041403544
0.0042614054
0.0043613878
0.0044364525
0.0044887391
0.0045239301
0.0036410189
0.0037184973
0.0038583491
0.0040005077
0.0041327864
0.00425026
0.0043462683
0.0044176386
0.004466982
0.0045000463
0.003639846
0.0037166505
0.0038551247
0.0039953158
0.0041247513
0.0042385512
0.0043305558
0.0043982634
0.0044447122
0.0044756832
0.0036385759
0.0037146579
0.003851657
0.0039897653
0.0041162358
0.0042262721
0.0043142513
0.0043783324
0.0044219377
0.0044508522
0.0036372016
0.0037125103
0.0038479326
0.0039838409
0.0041072272
0.0042134172
0.0042973573
0.0043578531
0.0043986689
0.004425568
0.0036357159
0.0037101981
0.0038439378
0.0039775273
0.0040977134
0.0041999825
0.004279878
0.004336835
0.004374919
0.0043998475
0.0036341112
0.0037077114
0.0038396584
0.0039708095
0.0040876834
0.0041859651
0.0042618193
0.0043152894
0.0043507033
0.0043737105
0.0036323794
0.0037050395
0.0038350803
0.0039636728
0.0040771272
0.004171364
0.0042431886
0.0042932298
0.0043260392
0.0043471784
0.0036305121
0.0037021716
0.0038301888
0.0039561027
0.0040660356
0.0041561795
0.0042239954
0.0042706716
0.0043009464
0.0043202745
0.0036285
0.0036990965
0.0038249692
0.0039480851
0.0040544011
0.0041404136
0.0042042507
0.0042476318
0.0042754459
0.0042930236
0.0036263339
0.0036958023
0.0038194066
0.0039396068
0.004042217
0.00412407
0.0041839674
0.0042241293
0.0042495606
0.0042654516
0.0036240035
0.0036922771
0.0038134861
0.0039306548
0.0040294782
0.0041071542
0.00416316
0.0042001844
0.0042233144
0.004237585
0.0036214985
0.0036885083
0.0038071927
0.0039212173
0.004016181
0.0040896733
0.0041418446
0.0041758189
0.0041967323
0.0042094512
0.0036188077
0.0036844831
0.0038005114
0.003911283
0.0040023232
0.0040716361
0.0041200389
0.0041510556
0.0041698401
0.0041810775
0.0036159195
0.0036801884
0.0037934273
0.003900842
0.0039879042
0.0040530531
0.004097762
0.0041259186
0.0041426641
0.0041524913
0.0036128218
0.0036756107
0.003785926
0.0038898854
0.003972925
0.0040339364
0.0040750343
0.0041004326
0.004115231
0.0041237201
0.0036095018
0.0036707364
0.0037779928
0.0038784055
0.0039573883
0.0040142996
0.0040518773
0.0040746227
0.004087567
0.0040947904
0.0036059462
0.0036655517
0.0037696136
0.003866396
0.0039412984
0.0039941584
0.0040283138
0.0040485149
0.0040596985
0.0040657277
0.0036019823
0.0036598141
0.003760408
0.0038533297
0.0039239692
0.0039726713
0.0040033719
0.0040210394
0.0040304873
0.004035347
0.0035971114
0.0036528246
0.0037492879
0.0038377091
0.0039034772
0.0039475195
0.0039744167
0.0039893368
0.0039969233
0.0040005382
0.0035907846
0.0036438515
0.0037351709
0.0038181126
0.0038781024
0.0039167486
0.0039393346
0.0039511962
0.003956739
0.0039589996
0.0035825009
0.0036322883
0.0037172565
0.0037935626
0.0038467932
0.0038793173
0.003897135
0.0039056848
0.0039090496
0.0039098815
0.0035715585
0.0036173281
0.0036945925
0.0037629214
0.0038083767
0.0038341303
0.0038468324
0.0038519132
0.0038530385
0.003852422
0.0035569858
0.0035978894
0.0036660446
0.0037249161
0.0037616213
0.0037801266
0.0037875509
0.0037891476
0.0037880633
0.003786032
0.0035375178
0.0035726607
0.0036302319
0.0036781533
0.0037053048
0.0037163602
0.0037185951
0.0037168796
0.0037137576
0.0037104549
0.0035115139
0.0035399957
0.0035855487
0.003621251
0.0036384012
0.0036421865
0.0036395976
0.0036348663
0.0036298952
0.0036254509
0.0034769191
0.0034979411
0.0035303221
0.0035530416
0.0035602638
0.0035574014
0.0035507367
0.0035436442
0.0035373158
0.003532057
0.0034313043
0.0034443444
0.0034629922
0.0034727447
0.0034707399
0.0034621063
0.0034519594
0.0034427845
0.0034352498
0.0034293256
0.0033720549
0.0033770799
0.0033823543
0.0033801227
0.0033704187
0.0033577922
0.0033458193
0.0033358095
0.0033278383
0.0033216538
0.0032967944
0.0032944244
0.003287886
0.0032755085
0.0032593271
0.0032429588
0.0032288546
0.0032177253
0.0032092828
0.0032029792
0.0032039596
0.0031956975
0.0031800528
0.0031611372
0.0031426426
0.0031265076
0.0031132407
0.0031027088
0.0030945793
0.0030884529
0.003093869
0.0030817555
0.0030594692
0.0030341771
0.0030109694
0.0029920168
0.0029775243
0.0029667824
0.0029589061
0.0029531547
0.0029692513
0.0029563371
0.0029349941
0.0029140604
0.0028966712
0.002882455
0.0028708142
0.0028615131
0.0028543599
0.0028490211
0.0028361078
0.0028198411
0.0027907427
0.0027610806
0.0027378582
0.0027215383
0.0027099856
0.0027015244
0.0026952927
0.0026907652
0.0027066936
0.0027050603
0.0026979894
0.0026886343
0.0026782183
0.0026677395
0.00265836
0.0026507691
0.0026449699
0.0026406373
0.0025718685
0.0025343489
0.0024941011
0.0024661641
0.0024477968
0.0024344416
0.0024244049
0.0024170901
0.0024118876
0.0024081865
0.0040376776
0.0040389983
0.0040399176
0.0040402354
0.0040397552
0.0040383594
0.0040359467
0.0040323879
0.0040275281
0.0040212017
0.0040132385
0.0040034628
0.0039916944
0.0039777531
0.003961465
0.0039426686
0.0039212223
0.0038970117
0.0038699572
0.0038400206
0.0038072103
0.003771585
0.0037332542
0.0036923771
0.0036491586
0.0036038436
0.0035567099
0.0035080594
0.0034582095
0.0034074837
0.0033562022
0.0033046736
0.0032531872
0.0032020051
0.0031513574
0.003101437
0.0030523966
0.0030043472
0.0029573584
0.0029114596
0.0028666429
0.0028228671
0.0027800625
0.0027381361
0.0026969773
0.0026564635
0.0026164661
0.0025768548
0.0025375025
0.0024982888
0.0024591037
0.0024198513
0.0023804525
0.0023408479
0.0023009975
0.0022608792
0.0022204845
0.0021798144
0.0021388744
0.0020976715
0.0020562116
0.0020145001
0.0019725414
0.0019303393
0.0018878942
0.0018452003
0.001802245
0.0017590098
0.0017154708
0.0016715977
0.0016273572
0.001582721
0.0015376665
0.00149217
0.0014462049
0.0013997437
0.001352756
0.0013052064
0.0012570621
0.0012082997
0.0011588968
0.001108824
0.0010580618
0.0010065996
0.00095441648
0.00090149102
0.0008478228
0.00079342191
0.00073830833
0.00068251405
0.00062609747
0.00056914049
0.00051178179
0.00045420995
0.00039688791
0.00033987738
0.00028432814
0.00022737297
0.00015890073
4.8121546e-05
0.0040020656
0.0040027766
0.0040030913
0.0040028222
0.0040017862
0.0039998757
0.0039969998
0.0039930417
0.0039878615
0.00398131
0.0039732345
0.0039634777
0.0039518784
0.0039382752
0.0039225113
0.0039044403
0.0038839319
0.003860878
0.0038351992
0.0038068506
0.0037758268
0.0037421655
0.0037059486
0.0036673028
0.0036263964
0.003583436
0.0035386603
0.0034923334
0.0034447374
0.0033961637
0.0033469054
0.0032972489
0.0032474661
0.0031978083
0.0031484994
0.0030997318
0.0030516624
0.0030044108
0.0029580584
0.0029126495
0.002868193
0.0028246655
0.0027820156
0.0027401683
0.00269903
0.0026584941
0.0026184458
0.0025787671
0.002539341
0.0025000555
0.0024608073
0.0024215047
0.0023820714
0.0023424483
0.0023025939
0.002262483
0.0022221038
0.0021814536
0.0021405348
0.002099352
0.0020579098
0.0020162119
0.001974262
0.0019320626
0.0018896133
0.0018469082
0.0018039351
0.0017606761
0.0017171083
0.0016732029
0.0016289285
0.0015842571
0.0015391655
0.0014936302
0.0014476246
0.0014011215
0.0013540908
0.0013064983
0.0012583118
0.0012095071
0.0011600614
0.0011099466
0.0010591422
0.0010076363
0.00095540869
0.00090243913
0.0008487254
0.00079427648
0.00073911092
0.00068325912
0.000626776
0.00056973972
0.00051228094
0.00045457624
0.0003970324
0.00033971167
0.00028339001
0.00022539412
0.0001553186
4.9621885e-05
0.0039596586
0.0039597129
0.0039593793
0.003958485
0.0039568619
0.0039544134
0.0039510594
0.0039466968
0.0039412011
0.0039344408
0.0039262814
0.0039165846
0.0039052088
0.0038920119
0.003876855
0.0038596075
0.0038401511
0.003818385
0.0037942314
0.0037676401
0.003738593
0.0037071079
0.0036732401
0.0036370835
0.0035987693
0.0035584635
0.0035163632
0.003472691
0.0034276891
0.0033816126
0.0033347221
0.0032872766
0.0032395266
0.0031917075
0.0031440337
0.0030966937
0.0030498466
0.0030036188
0.0029581032
0.0029133588
0.0028694119
0.0028262585
0.0027838672
0.0027421831
0.0027011323
0.0026606263
0.002620567
0.002580851
0.0025413739
0.0025020341
0.0024627362
0.0024233949
0.0023839373
0.0023443053
0.0023044565
0.0022643631
0.0022240097
0.0021833898
0.0021425025
0.0021013497
0.0020599339
0.0020182577
0.0019763231
0.0019341316
0.0018916817
0.0018489674
0.0018059769
0.0017626931
0.0017190941
0.001675153
0.0016308402
0.0015861284
0.001540994
0.0014954134
0.0014493605
0.001402808
0.0013557262
0.0013080827
0.0012598456
0.00121099
0.0011614927
0.0011113269
0.0010604713
0.0010089121
0.00095663033
0.00090360652
0.0008498367
0.00079532832
0.00074009819
0.00068417464
0.00062760831
0.00057047244
0.0005128873
0.00045501408
0.0003971939
0.0003394776
0.00028224266
0.00022297948
0.00015102483
5.1142972e-05
0.0039096302
0.0039089995
0.0039079935
0.0039064557
0.0039042347
0.0039012453
0.0038974189
0.0038926659
0.0038868785
0.0038799425
0.0038717422
0.0038621585
0.0038510693
0.0038383518
0.0038238854
0.0038075553
0.0037892558
0.0037688948
0.003746397
0.0037217089
0.0036948019
0.0036656761
0.0036343622
0.0036009228
0.0035654526
0.0035280773
0.0034889509
0.0034482524
0.0034061808
0.0033629507
0.0033187853
0.0032739115
0.0032285526
0.0031829233
0.0031372236
0.0030916341
0.0030463121
0.0030013881
0.0029569642
0.0029131132
0.0028698784
0.0028272755
0.0027852942
0.0027439015
0.002703045
0.002662657
0.0026226585
0.0025829633
0.002543482
0.0025041257
0.0024648094
0.0024254555
0.002385996
0.0023463753
0.0023065509
0.0022664928
0.0022261825
0.0021856096
0.0021447698
0.0021036619
0.0020622865
0.0020206442
0.0019787357
0.0019365609
0.0018941174
0.001851399
0.0018083942
0.0017650869
0.0017214564
0.0016774778
0.0016331233
0.0015883667
0.0015431841
0.0014975519
0.0014514446
0.001404835
0.0013576941
0.0013099906
0.0012616938
0.0012127778
0.0011632192
0.0011129921
0.0010620748
0.0010104516
0.00095810421
0.00090501415
0.00085117558
0.00079659402
0.00074128405
0.00068527126
0.00062860108
0.00057134025
0.00051359572
0.00045550894
0.00039734548
0.00033912902
0.00028082853
0.00022009792
0.00014638706
5.2476139e-05
0.0038512583
0.0038499457
0.003848274
0.0038461052
0.0038433056
0.0038398021
0.0038355369
0.0038304344
0.0038244029
0.003817346
0.0038091658
0.003799762
0.0037890317
0.0037768706
0.003763176
0.0037478488
0.0037307965
0.0037119358
0.003691196
0.0036685222
0.003643878
0.003617249
0.0035886444
0.0035580989
0.0035256736
0.0034914556
0.0034555569
0.0034181125
0.003379277
0.0033392215
0.0032981287
0.0032561881
0.0032135912
0.0031705263
0.0031271734
0.0030836997
0.0030402557
0.0029969716
0.002953955
0.0029112895
0.0028690335
0.0028272212
0.0027858634
0.0027449493
0.0027044494
0.0026643185
0.002624499
0.0025849243
0.0025455226
0.0025062202
0.0024669448
0.0024276284
0.0023882103
0.0023486386
0.0023088722
0.0022688801
0.0022286412
0.0021881419
0.0021473746
0.002106335
0.0020650213
0.0020234322
0.0019815667
0.0019394233
0.0018969984
0.0018542855
0.0018112737
0.0017679479
0.0017242886
0.001680273
0.0016358756
0.0015910711
0.001545836
0.0015001466
0.001453978
0.0014073034
0.0013600947
0.0013123218
0.0012639549
0.0012149679
0.0011653368
0.0011150366
0.0010640451
0.001012345
0.00095991826
0.00090674724
0.00085282425
0.00079815233
0.00074274326
0.00068661907
0.00062981879
0.00057240062
0.00051445459
0.00045609697
0.00039750821
0.0003386679
0.00027914165
0.00021684098
0.00014148827
5.3370016e-05
0.0037839847
0.0037820198
0.003779718
0.0037769594
0.0037736283
0.0037696634
0.0037650175
0.0037596282
0.0037534195
0.0037463115
0.0037382235
0.0037290726
0.0037187739
0.0037072407
0.0036943871
0.0036801292
0.0036643875
0.0036470883
0.0036281666
0.0036075683
0.0035852523
0.0035611935
0.0035353839
0.0035078352
0.003478579
0.0034476682
0.0034151762
0.003381196
0.0033458391
0.0033092327
0.0032715169
0.0032328414
0.0031933612
0.0031532332
0.0031126118
0.0030716446
0.0030304692
0.0029892096
0.0029479733
0.0029068499
0.0028659089
0.0028251999
0.0027847525
0.0027445773
0.0027046673
0.0026650003
0.0026255413
0.0025862452
0.0025470602
0.0025079298
0.0024687969
0.0024296058
0.0023903047
0.0023508481
0.0023111978
0.0022713238
0.0022312035
0.0021908211
0.0021501662
0.0021092319
0.0020680138
0.0020265087
0.0019847139
0.0019426264
0.0019002416
0.0018575526
0.0018145491
0.0017712168
0.0017275381
0.001683492
0.0016390554
0.0015942045
0.0015489162
0.0015031672
0.0014569332
0.0014101882
0.0013629048
0.0013150544
0.0012666083
0.0012175401
0.0011678256
0.0011174403
0.0010663617
0.0010145711
0.00096205017
0.00090878194
0.0008547568
0.00079997477
0.00074444408
0.00068818208
0.00063122
0.00057360494
0.00051540579
0.00045670719
0.00039759675
0.00033799302
0.00027709816
0.0002131854
0.00013636246
5.3617544e-05
0.0037076253
0.0037050822
0.0037022258
0.0036989579
0.0036951807
0.0036908427
0.0036859063
0.0036803212
0.0036740261
0.0036669561
0.0036590461
0.0036502292
0.0036404366
0.0036295976
0.0036176418
0.0036044996
0.0035901038
0.0035743907
0.0035573019
0.0035387863
0.0035188011
0.0034973144
0.0034743062
0.0034497703
0.0034237151
0.0033961651
0.0033671604
0.0033367573
0.0033050277
0.0032720574
0.003237945
0.0032027996
0.0031667379
0.0031298819
0.0030923554
0.0030542809
0.0030157767
0.0029769535
0.0029379121
0.0028987414
0.0028595159
0.0028202952
0.0027811233
0.0027420285
0.0027030241
0.0026641095
0.002625272
0.0025864885
0.0025477277
0.0025089527
0.0024701233
0.0024311981
0.002392137
0.002352903
0.0023134635
0.0022737913
0.0022338647
0.002193667
0.0021531862
0.0021124134
0.0020713423
0.0020299679
0.0019882859
0.001946292
0.0019039808
0.001861345
0.0018183749
0.0017750574
0.0017313765
0.0016873135
0.0016428475
0.0015979565
0.0015526183
0.0015068105
0.0014605094
0.0014136901
0.0013663263
0.0013183907
0.0012698559
0.0012206956
0.0011708853
0.0011204011
0.0010692201
0.0010173223
0.00096468912
0.00091130335
0.0008571535
0.00080223602
0.00074655466
0.00069012078
0.00063295596
0.00057509321
0.00051657569
0.00045744948
0.00039770522
0.00033718931
0.00027481474
0.00020929561
0.00013127685
5.3255704e-05
0.003621942
0.0036189212
0.0036156161
0.0036119429
0.0036078228
0.0036032158
0.0035980923
0.0035924128
0.0035861282
0.0035791872
0.0035715382
0.0035631283
0.0035539028
0.0035438052
0.0035327788
0.0035207667
0.0035077133
0.0034935648
0.0034782702
0.0034617826
0.0034440605
0.0034250689
0.0034047806
0.0033831772
0.0033602506
0.0033360036
0.0033104504
0.0032836173
0.0032555428
0.0032262767
0.0031958801
0.003164424
0.0031319877
0.0030986574
0.003064524
0.0030296807
0.002994221
0.0029582363
0.0029218133
0.0028850326
0.0028479661
0.0028106762
0.0027732144
0.0027356207
0.0026979237
0.0026601404
0.0026222776
0.0025843322
0.0025462932
0.002508143
0.0024698592
0.0024314164
0.002392788
0.0023539479
0.0023148714
0.0022755369
0.0022359258
0.0021960228
0.0021558161
0.002115296
0.0020744553
0.0020332878
0.0019917884
0.0019499516
0.0019077717
0.0018652413
0.0018223512
0.0017790898
0.0017354429
0.001691394
0.0016469246
0.0016020147
0.0015566437
0.0015107903
0.0014644319
0.0014175448
0.0013701042
0.0013220842
0.0012734585
0.0012242017
0.0011742892
0.0011236971
0.0010724025
0.0010203844
0.0009676233
0.00091410136
0.00085980491
0.00080472624
0.00074886352
0.00069222055
0.00063480719
0.00057663899
0.00051772895
0.00045807843
0.00039758317
0.00033601758
0.00027210732
0.00020505593
0.00012620742
5.211315e-05
0.0035280578
0.0035246798
0.0035210473
0.0035170977
0.0035127644
0.0035080136
0.0035028227
0.0034971615
0.0034909923
0.0034842748
0.0034769689
0.0034690333
0.0034604251
0.0034511002
0.0034410132
0.0034301189
0.0034183718
0.0034057273
0.0033921421
0.0033775749
0.0033619871
0.0033453439
0.003327615
0.0033087755
0.0032888067
0.0032676969
0.0032454421
0.0032220465
0.0031975228
0.0031718924
0.0031451855
0.0031174404
0.0030887031
0.0030590264
0.003028469
0.0029970938
0.002964967
0.0029321558
0.0028987272
0.0028647466
0.0028302756
0.0027953711
0.0027600841
0.0027244583
0.0026885302
0.0026523279
0.002615872
0.0025791751
0.0025422429
0.002505075
0.0024676657
0.0024300053
0.0023920814
0.0023538801
0.0023153869
0.0022765878
0.0022374698
0.0021980217
0.0021582337
0.0021180976
0.0020776065
0.0020367546
0.0019955365
0.0019539467
0.0019119796
0.0018696283
0.0018268847
0.0017837384
0.0017401776
0.0016961879
0.0016517534
0.0016068567
0.0015614789
0.0015156004
0.0014692004
0.0014222567
0.0013747461
0.0013266442
0.0012779265
0.0012285682
0.001178545
0.0011278334
0.0010764101
0.0010242534
0.00097134255
0.00091765851
0.00086318487
0.00080790919
0.0007518229
0.00069492045
0.00063719778
0.00057864975
0.00051925586
0.00045896946
0.00039760219
0.00033487168
0.00026943323
0.00020099091
0.00012170466
5.0691035e-05
0.0034249885
0.0034214072
0.0034175967
0.0034135049
0.0034090851
0.0034043139
0.0033991735
0.0033936399
0.0033876838
0.0033812746
0.0033743813
0.0033669724
0.0033590147
0.0033504736
0.003341314
0.0033314998
0.0033209948
0.0033097627
0.0032977674
0.0032849735
0.0032713469
0.0032568552
0.0032414683
0.0032251589
0.0032079031
0.0031896811
0.0031704777
0.0031502826
0.0031290912
0.0031069044
0.0030837296
0.0030595798
0.0030344744
0.0030084382
0.0029815018
0.0029537002
0.0029250724
0.0028956608
0.0028655098
0.0028346648
0.0028031714
0.0027710741
0.0027384152
0.0027052342
0.0026715665
0.0026374435
0.0026028916
0.0025679321
0.0025325815
0.0024968514
0.002460749
0.0024242777
0.0023874377
0.0023502268
0.0023126409
0.0022746749
0.0022363235
0.0021975808
0.0021584417
0.0021189012
0.0020789548
0.0020385983
0.0019978277
0.0019566387
0.0019150265
0.0018729857
0.0018305095
0.0017875898
0.0017442167
0.0017003787
0.0016560625
0.0016112535
0.0015659353
0.0015200904
0.0014737002
0.0014267446
0.0013792022
0.0013310508
0.0012822674
0.0012328283
0.0011827101
0.0011318894
0.0010803429
0.0010280481
0.00097498289
0.00092112635
0.00086645877
0.00081096233
0.00075462058
0.000697417
0.00063933164
0.00058033643
0.0005203766
0.00045935967
0.00039703385
0.00033309001
0.00026622596
0.00019661168
0.00011726742
4.8637982e-05
0.003317167
0.0033134836
0.0033096049
0.0033054931
0.0033011054
0.0032964208
0.0032914265
0.0032861055
0.0032804355
0.0032743929
0.003267954
0.0032610945
0.0032537891
0.0032460111
0.0032377332
0.0032289273
0.0032195645
0.0032096157
0.0031990516
0.0031878425
0.0031759594
0.0031633734
0.0031500568
0.003135983
0.0031211269
0.0031054654
0.0030889777
0.0030716459
0.0030534551
0.0030343936
0.0030144537
0.0029936316
0.0029719274
0.0029493454
0.0029258941
0.0029015859
0.0028764369
0.0028504668
0.0028236979
0.0027961553
0.0027678656
0.0027388568
0.0027091573
0.0026787955
0.0026477988
0.0026161934
0.0025840035
0.0025512511
0.0025179556
0.0024841335
0.0024497988
0.0024149625
0.0023796334
0.0023438178
0.0023075201
0.0022707432
0.0022334889
0.0021957579
0.0021575504
0.0021188661
0.0020797043
0.0020400642
0.0019999444
0.0019593432
0.0019182581
0.001876686
0.0018346224
0.0017920617
0.0017489971
0.0017054198
0.0016613197
0.001616685
0.0015715026
0.0015257576
0.001479434
0.0014325142
0.0013849793
0.0013368091
0.0012879826
0.0012384777
0.001188272
0.0011373424
0.0010856657
0.0010332187
0.00097997776
0.00092591951
0.00087102041
0.00081525661
0.00075860296
0.00070103087
0.00064250361
0.00058297014
0.00052234471
0.00046049858
0.0003971454
0.00033198868
0.00026385193
0.00019331493
0.00011416779
4.7248779e-05
0.0031985213
0.0031949153
0.0031911301
0.0031871352
0.003182907
0.0031784328
0.0031737016
0.0031686989
0.0031634075
0.0031578097
0.0031518876
0.0031456227
0.0031389953
0.0031319849
0.0031245703
0.0031167296
0.0031084403
0.0030996789
0.003090422
0.0030806452
0.0030703243
0.0030594348
0.0030479522
0.0030358523
0.0030231113
0.0030097063
0.002995615
0.0029808165
0.0029652913
0.0029490214
0.002931991
0.002914186
0.0028955952
0.0028762094
0.0028560224
0.0028350305
0.0028132328
0.002790631
0.0027672297
0.0027430357
0.0027180581
0.0026923079
0.0026657979
0.0026385422
0.0026105556
0.0025818536
0.002552452
0.0025223662
0.0024916112
0.0024602013
0.0024281495
0.0023954682
0.002362168
0.0023282588
0.0022937488
0.0022586455
0.002222955
0.0021866829
0.0021498335
0.0021124109
0.0020744184
0.0020358585
0.0019967335
0.0019570448
0.001916793
0.0018759782
0.001834599
0.001792653
0.0017501366
0.0017070447
0.0016633705
0.0016191057
0.0015742407
0.0015287639
0.0014826624
0.0014359216
0.0013885254
0.0013404564
0.0012916957
0.0012422232
0.0011920176
0.001141057
0.0010893181
0.0010367769
0.00098340861
0.00092918695
0.00087408426
0.00081807044
0.00076111145
0.00070316671
0.00064418381
0.00058409196
0.00052278277
0.00046010741
0.00039577714
0.00032954353
0.00026039929
0.0001892358
0.00011051968
4.5103039e-05
0.0030841152
0.003080603
0.0030769411
0.0030731097
0.0030690823
0.0030648455
0.0030603915
0.0030557107
0.00305079
0.0030456155
0.0030401731
0.0030344484
0.0030284265
0.0030220913
0.0030154263
0.0030084144
0.0030010377
0.0029932778
0.0029851156
0.0029765316
0.0029675056
0.0029580174
0.002948046
0.0029375703
0.0029265693
0.0029150216
0.0029029063
0.0028902022
0.0028768891
0.002862947
0.0028483567
0.0028330997
0.0028171589
0.0028005182
0.0027831627
0.0027650793
0.0027462563
0.0027266836
0.002706353
0.0026852582
0.0026633942
0.0026407583
0.002617349
0.0025931668
0.0025682134
0.0025424918
0.0025160061
0.0024887614
0.0024607637
0.0024320193
0.002402535
0.0023723178
0.0023413749
0.0023097132
0.0022773399
0.0022442617
0.0022104853
0.0021760172
0.0021408634
0.0021050302
0.0020685231
0.0020313477
0.0019935088
0.0019550108
0.0019158574
0.0018760512
0.001835594
0.0017944864
0.0017527278
0.0017103162
0.0016672482
0.0016235189
0.0015791218
0.0015340488
0.00148829
0.001441834
0.0013946676
0.0013467761
0.0012981429
0.0012487503
0.0011985784
0.0011476063
0.0010958113
0.0010431689
0.00098965286
0.00093523456
0.00087988234
0.00082356041
0.0007662271
0.00070783199
0.00064831087
0.00058758034
0.00052552173
0.00046198556
0.00039670748
0.00032951217
0.00025955706
0.00018797612
0.00010957824
4.4848194e-05
0.0029491574
0.002945964
0.0029426338
0.0029391459
0.0029354902
0.0029316615
0.0029276525
0.0029234533
0.0029190536
0.0029144428
0.00290961
0.0029045441
0.002899233
0.0028936642
0.0028878246
0.0028817005
0.0028752778
0.0028685417
0.0028614767
0.0028540671
0.0028462964
0.0028381476
0.0028296033
0.0028206455
0.0028112559
0.0028014159
0.0027911064
0.0027803083
0.002769002
0.0027571681
0.0027447872
0.0027318398
0.0027183068
0.0027041693
0.0026894088
0.0026740075
0.002657948
0.0026412137
0.002623789
0.0026056589
0.0025868098
0.0025672288
0.0025469042
0.0025258257
0.0025039838
0.0024813704
0.0024579785
0.0024338022
0.0024088366
0.0023830779
0.0023565233
0.0023291707
0.002301019
0.0022720678
0.0022423174
0.0022117688
0.0021804236
0.0021482841
0.0021153538
0.0020816368
0.0020471383
0.0020118639
0.0019758198
0.0019390124
0.001901448
0.0018631323
0.0018240695
0.0017842628
0.0017437142
0.0017024245
0.0016603931
0.0016176178
0.0015740949
0.0015298192
0.0014847837
0.0014389795
0.001392396
0.001345021
0.00129684
0.001247837
0.0011979939
0.0011472905
0.0010957045
0.0010432113
0.00098978328
0.00093538979
0.00087999597
0.00082356189
0.00076604066
0.00070737592
0.00064749771
0.0005863191
0.00052372404
0.00045957794
0.00039365607
0.00032585512
0.00025547688
0.00018380401
0.00010611405
4.2749746e-05
0.0028452699
0.0028422395
0.0028390924
0.0028358204
0.0028324044
0.0028288335
0.0028251027
0.0028212061
0.0028171358
0.0028128828
0.002808438
0.0028037923
0.002798936
0.002793859
0.0027885507
0.002783
0.0027771953
0.0027711246
0.0027647754
0.0027581344
0.0027511883
0.0027439227
0.0027363233
0.0027283747
0.0027200615
0.0027113675
0.0027022762
0.0026927706
0.0026828332
0.0026724464
0.002661592
0.0026502517
0.0026384068
0.0026260386
0.0026131283
0.002599657
0.0025856061
0.0025709567
0.0025556897
0.0025397857
0.0025232262
0.0025059927
0.0024880673
0.0024694328
0.0024500724
0.0024299701
0.0024091105
0.0023874791
0.0023650623
0.0023418474
0.0023178228
0.0022929777
0.0022673026
0.0022407893
0.0022134307
0.0021852213
0.0021561573
0.002126237
0.0020954604
0.0020638286
0.0020313438
0.0019980091
0.001963828
0.001928804
0.0018929398
0.001856237
0.0018186977
0.0017803243
0.0017411184
0.0017010803
0.0016602091
0.001618503
0.0015759589
0.0015325724
0.0014883379
0.0014432477
0.0013972931
0.0013504633
0.0013027456
0.0012541257
0.0012045869
0.0011541103
0.0011026746
0.0010502556
0.00099682608
0.00094235491
0.00088680662
0.00083014021
0.00077230769
0.00071325234
0.00065290586
0.00059118695
0.00052799232
0.00046321172
0.00039666096
0.0003282981
0.00025749374
0.00018558807
0.00010769725
4.3844676e-05
0.0026876548
0.0026851915
0.0026826234
0.002679932
0.002677116
0.0026741746
0.0026711027
0.0026678923
0.0026645363
0.0026610277
0.0026573595
0.0026535239
0.002649513
0.0026453182
0.0026409306
0.002636341
0.0026315399
0.0026265169
0.0026212617
0.0026157631
0.0026100097
0.0026039894
0.0025976897
0.0025910977
0.0025841998
0.0025769819
0.0025694295
0.0025615275
0.0025532601
0.0025446113
0.0025355643
0.002526102
0.0025162065
0.0025058597
0.0024950429
0.0024837371
0.0024719226
0.0024595796
0.0024466878
0.0024332264
0.0024191743
0.0024045104
0.002389213
0.0023732607
0.0023566315
0.0023393037
0.0023212553
0.0023024643
0.0022829085
0.0022625659
0.0022414139
0.0022194302
0.0021965917
0.0021728747
0.0021482553
0.0021227048
0.0020961923
0.0020687107
0.0020402717
0.0020108903
0.0019805827
0.0019493685
0.0019172801
0.0018843597
0.0018506178
0.0018160385
0.0017806058
0.0017443113
0.0017071491
0.0016691115
0.0016301899
0.0015903753
0.0015496585
0.0015080297
0.0014654784
0.0014219931
0.0013775615
0.0013321699
0.0012858035
0.0012384459
0.0011900788
0.0011406823
0.001090234
0.0010387091
0.00098607992
0.00093231516
0.00087737952
0.00082123281
0.00076382895
0.00070511506
0.00064502964
0.00058350272
0.00052044934
0.00045578698
0.0003893755
0.00032123143
0.00025084096
0.00017964459
0.00010325874
4.1439844e-05
0.0026375685
0.0026350701
0.0026324826
0.0026298068
0.0026270221
0.002624116
0.0026210849
0.0026179261
0.0026146338
0.0026112009
0.0026076204
0.0026038855
0.0025999887
0.0025959226
0.0025916789
0.0025872492
0.0025826245
0.0025777955
0.0025727526
0.0025674855
0.0025619834
0.0025562353
0.0025502295
0.0025439538
0.0025373954
0.002530541
0.0025233769
0.0025158887
0.0025080613
0.0024998793
0.0024913263
0.0024823858
0.0024730402
0.0024632718
0.0024530617
0.002442391
0.0024312399
0.002419588
0.0024074153
0.0023947013
0.002381425
0.0023675651
0.0023531001
0.002338008
0.0023222669
0.0023058547
0.0022887491
0.0022709282
0.00225237
0.0022330528
0.0022129552
0.0021920564
0.0021703361
0.0021477745
0.0021243527
0.0021000521
0.0020748548
0.0020487491
0.0020217285
0.0019937894
0.0019649305
0.0019351539
0.0019044672
0.0018728834
0.0018404131
0.0018070706
0.0017728754
0.0017378181
0.0017018745
0.0016650237
0.001627251
0.0015885426
0.0015488834
0.0015082578
0.0014666498
0.0014240435
0.0013804228
0.0013357706
0.0012900694
0.0012433004
0.0011954441
0.0011464793
0.0010963833
0.0010451314
0.00099269646
0.00093904883
0.00088415548
0.0008279796
0.00077047989
0.00071160982
0.0006513163
0.00058954001
0.00052620868
0.00046125365
0.00039454466
0.00032610048
0.00025536351
0.0001837073
0.00010636527
4.3135616e-05
0.0024056481
0.0024036312
0.0024015275
0.0023993283
0.0023970333
0.0023946409
0.0023921461
0.002389543
0.0023868263
0.0023839907
0.0023810305
0.0023779397
0.0023747121
0.002371341
0.0023678194
0.0023641402
0.0023602956
0.0023562778
0.0023520783
0.0023476884
0.002343099
0.0023383006
0.0023332831
0.0023280362
0.0023225489
0.0023168101
0.0023108079
0.00230453
0.0022979639
0.0022910961
0.0022839131
0.0022764008
0.0022685444
0.0022603289
0.0022517387
0.0022427579
0.0022333701
0.0022235584
0.0022133056
0.0022025944
0.002191407
0.0021797253
0.0021675311
0.0021548064
0.0021415327
0.002127692
0.0021132663
0.0020982379
0.0020825897
0.002066305
0.0020493681
0.0020317643
0.0020134799
0.0019945031
0.0019748235
0.0019544353
0.0019333361
0.001911505
0.0018889075
0.0018655088
0.0018412762
0.0018161771
0.0017901726
0.0017632204
0.0017353092
0.0017064589
0.001676693
0.0016459965
0.0016143364
0.0015816857
0.0015480243
0.0015133335
0.0014775925
0.0014407799
0.0014028745
0.0013638554
0.0013237015
0.0012823916
0.0012399041
0.0011962169
0.0011513075
0.0011051525
0.0010577278
0.0010090082
0.00095896716
0.0009075769
0.00085480794
0.00080062905
0.00074500714
0.0006879073
0.00062929249
0.00056912536
0.00050736375
0.00044397931
0.00037890032
0.0003122172
0.0002435111
0.00017423628
0.0001001523
4.0240022e-05
)
;

boundaryField
{
    inlet
    {
        type            zeroGradient;
    }
    top
    {
        type            zeroGradient;
    }
    outlet
    {
        type            fixedValue;
        value           uniform 0;
    }
    slipsurface
    {
        type            slip;
    }
    bottom
    {
        type            zeroGradient;
    }
    frontandback
    {
        type            empty;
    }
}


// ************************************************************************* //
