/*--------------------------------*- C++ -*----------------------------------*\
  =========                 |
  \\      /  F ield         | OpenFOAM: The Open Source CFD Toolbox
   \\    /   O peration     | Website:  https://openfoam.org
    \\  /    A nd           | Version:  12
     \\/     M anipulation  |
\*---------------------------------------------------------------------------*/
FoamFile
{
    format      ascii;
    class       volScalarField;
    location    "200";
    object      p;
}
// * * * * * * * * * * * * * * * * * * * * * * * * * * * * * * * * * * * * * //

dimensions      [0 2 -2 0 0 0 0];

internalField   nonuniform List<scalar> 
7480
(
0.0053225522
0.0052835324
0.0051752093
0.0051427065
0.0051598371
0.0051942605
0.00524208
0.0053070974
0.0053956912
0.0055148885
0.0056853213
0.005923951
0.0063929555
0.0068183079
0.0067601413
0.006325986
0.0058588051
0.0054886959
0.005172982
0.0048907098
0.004644977
0.0044348161
0.0042571687
0.0040905557
0.0039238651
0.0037619766
0.0036087888
0.0034774467
0.0033649615
0.0032578696
0.003159845
0.0030741138
0.0029997385
0.0029358015
0.0028807984
0.0028329633
0.0027907396
0.0027542226
0.0027222353
0.0026921457
0.0026635215
0.0026364735
0.0026111366
0.0025861874
0.0025598799
0.0025320631
0.0025031877
0.0024744411
0.0024451824
0.0024142825
0.0023811406
0.0023452959
0.0023084843
0.0022711407
0.0022320091
0.0021913113
0.0021501184
0.0021101662
0.0020708027
0.0020299459
0.001988129
0.0019463872
0.0019057147
0.0018649326
0.0018228585
0.0017806702
0.0017396217
0.0016987084
0.0016564317
0.0016135162
0.0015710163
0.0015281492
0.001484088
0.001439595
0.0013953403
0.001350687
0.0013048097
0.0012584982
0.001211815
0.0011641673
0.0011156414
0.0010669825
0.0010176826
0.0009670533
0.00091611633
0.00086448431
0.00081150655
0.00075837469
0.00070464302
0.00064974517
0.00059466488
0.00053910992
0.00048329994
0.00042786457
0.00037417922
0.00032007974
0.00028149311
0.00022272138
0.00036028476
-0.00024162379
0.0052600654
0.0052213891
0.0051488669
0.0051270513
0.0051477151
0.005186306
0.0052362947
0.0053022547
0.0053912475
0.0055104652
0.0056794103
0.0059150478
0.0063432198
0.0067163507
0.0066577453
0.0062992921
0.0058864925
0.0055413683
0.0052387712
0.0049603318
0.0047154703
0.0045011615
0.0043096602
0.0041290029
0.0039563156
0.0037927069
0.0036414374
0.0035095177
0.0033935869
0.0032851209
0.0031863631
0.0030998999
0.0030246429
0.0029594813
0.0029029903
0.0028535373
0.0028096541
0.0027716313
0.0027384221
0.0027072727
0.0026775367
0.0026493288
0.0026229243
0.0025970712
0.0025698626
0.0025411574
0.0025115309
0.0024821281
0.002452276
0.0024208429
0.0023872733
0.0023510768
0.0023139409
0.0022763005
0.0022368997
0.002195965
0.0021545617
0.0021144374
0.0020749195
0.0020338976
0.0019919126
0.0019500062
0.0019091759
0.001868237
0.0018260079
0.0017836705
0.0017424802
0.0017014306
0.0016590219
0.0016159816
0.0015733645
0.0015303849
0.0014862161
0.0014416214
0.0013972699
0.0013525234
0.0013065574
0.001260163
0.0012134013
0.0011656788
0.001117082
0.0010683556
0.0010189907
0.00096829972
0.00091730506
0.00086561807
0.00081258811
0.00075940687
0.00070562765
0.00065068473
0.00059556221
0.00053996709
0.00048411924
0.00042864763
0.00037492946
0.00032079711
0.00028216991
0.00022343142
0.00036111497
-0.00024102967
0.0052183667
0.0052042237
0.0051590864
0.0051374472
0.0051542299
0.0051920989
0.0052409969
0.0053055056
0.0053929598
0.0055104416
0.0056752013
0.0059039529
0.0062711677
0.0065853202
0.0065459479
0.0062306486
0.0058392093
0.0054978384
0.0051987513
0.0049248548
0.0046832475
0.0044715872
0.0042826295
0.0041087709
0.0039448136
0.003789126
0.0036455486
0.0035172767
0.0034026384
0.0032974617
0.0032012028
0.0031156755
0.003041007
0.0029760961
0.0029195335
0.0028698011
0.0028256314
0.0027869461
0.0027526141
0.002720519
0.0026899489
0.002660847
0.0026336207
0.0026071812
0.0025794958
0.0025502501
0.0025200344
0.0024900624
0.0024597469
0.0024276004
0.0023932479
0.0023565897
0.0023191396
0.0022812534
0.0022416218
0.0022004813
0.0021589015
0.0021186365
0.0020789836
0.0020378104
0.0019956671
0.0019536113
0.0019126463
0.0018715716
0.0018292051
0.001786737
0.0017454262
0.00170426
0.0016617316
0.0016185745
0.001575847
0.0015327606
0.0014884885
0.0014437962
0.0013993525
0.0013545166
0.0013084631
0.0012619864
0.0012151463
0.0011673486
0.0011186802
0.001069886
0.0010204548
0.00096969981
0.00091864555
0.0008669013
0.00081381655
0.00076058383
0.00070675432
0.00065176311
0.00059659542
0.00054095706
0.00048506833
0.00042955737
0.00037580311
0.00032163266
0.0002829775
0.00022432898
0.00036202983
-0.00024029518
0.0051852444
0.0051843607
0.0051492936
0.005129472
0.0051455782
0.0051835931
0.0052329549
0.0052975573
0.0053845729
0.0055008438
0.005661062
0.0058798971
0.0061959002
0.0064689501
0.0064496272
0.0061698194
0.0058044069
0.0054774313
0.0051909209
0.0049272576
0.0046908547
0.0044819413
0.004293948
0.0041210688
0.0039568691
0.0038001552
0.0036548743
0.0035241138
0.0034078989
0.0033025719
0.0032059085
0.0031196008
0.0030447304
0.0029801911
0.0029244521
0.0028759925
0.0028334726
0.0027956636
0.0027614328
0.002729776
0.0026998056
0.0026709903
0.0026430978
0.0026155192
0.0025871978
0.0025575412
0.0025268712
0.002496464
0.0024658519
0.0024332371
0.0023983453
0.002361384
0.0023237269
0.0022857524
0.0022460422
0.0022047951
0.002163076
0.0021225474
0.0020826285
0.0020413127
0.0019990598
0.0019569121
0.001915868
0.0018747008
0.00183223
0.001789666
0.0017482637
0.0017069942
0.0016643553
0.0016210917
0.0015782658
0.0015350837
0.0014907176
0.0014459362
0.0014014096
0.0013564929
0.0013103573
0.0012638023
0.0012168872
0.0011690169
0.0011202793
0.0010714203
0.0010219253
0.00097110756
0.00091999528
0.00086819491
0.00081505597
0.00076177268
0.00070789328
0.00065285379
0.00059764125
0.00054195971
0.00048602986
0.00043047924
0.0003766876
0.0003224782
0.00028379711
0.00022512004
0.00036288861
-0.00023959654
0.0051545008
0.0051615878
0.005137425
0.0051249012
0.0051430042
0.0051815344
0.005231419
0.0052958329
0.005381675
0.0054955199
0.0056497298
0.0058547185
0.0061300013
0.0063663091
0.0063569005
0.006106758
0.0057674013
0.0054547918
0.0051780486
0.0049212549
0.0046878037
0.004480101
0.0042927459
0.004120446
0.0039570414
0.0038017556
0.0036579903
0.0035285015
0.0034132678
0.0033085919
0.0032122064
0.0031258693
0.003050706
0.0029855799
0.0029290242
0.0028796927
0.0028362914
0.0027974162
0.002762463
0.0027308717
0.0027015646
0.0026738427
0.0026468702
0.0026198233
0.0025921289
0.002563297
0.0025333541
0.0025026953
0.0024711306
0.0024380174
0.0024029389
0.0023658319
0.0023280036
0.0022899371
0.0022502031
0.0022088803
0.0021669712
0.0021261276
0.0020860087
0.0020446429
0.0020023345
0.0019601122
0.0019190024
0.0018777734
0.0018352298
0.0017926108
0.0017511036
0.0017096679
0.0016669007
0.0016235558
0.0015806631
0.0015374108
0.0014929701
0.0014481176
0.0014035209
0.0013585271
0.001312311
0.0012656806
0.0012186931
0.0011707521
0.0011219466
0.0010730253
0.0010234686
0.00097258779
0.00092141651
0.0008695585
0.00081636348
0.00076302869
0.00070909847
0.00065400894
0.00059874979
0.00054302305
0.00048704984
0.00043145753
0.00037762547
0.00032337524
0.00028465975
0.00022589853
0.0003637396
-0.00023880422
0.0051259872
0.0051392298
0.0051256384
0.0051197804
0.0051385693
0.0051762165
0.0052256503
0.0052892353
0.0053733112
0.0054840489
0.0056313415
0.0058221958
0.0060632508
0.0062661738
0.0062623255
0.0060405183
0.0057275093
0.0054296391
0.005162592
0.0049134716
0.0046848674
0.0044799302
0.004294587
0.0041239107
0.0039621697
0.0038086657
0.003666247
0.0035373831
0.0034220596
0.0033171179
0.0032206172
0.0031340518
0.003058421
0.0029926868
0.0029354532
0.0028854209
0.0028412769
0.0028016894
0.0027660817
0.0027337636
0.0027036116
0.0026750093
0.0026472921
0.0026197311
0.0025918435
0.0025633608
0.002534254
0.0025042941
0.0024732093
0.0024408219
0.002406649
0.0023704316
0.0023326911
0.0022939064
0.0022537402
0.0022122938
0.0021702801
0.0021293765
0.0020892926
0.0020479668
0.0020055805
0.0019631856
0.0019219746
0.0018807406
0.0018381689
0.0017954907
0.0017538546
0.0017122601
0.0016693883
0.0016259935
0.001583061
0.0015397546
0.0014952527
0.0014503519
0.0014056806
0.0013605721
0.0013142646
0.0012675752
0.0012205328
0.0011725357
0.0011236742
0.0010746974
0.0010250786
0.00097413524
0.00092290636
0.00087099169
0.00081774099
0.00076435638
0.00071037616
0.00065523547
0.00059992816
0.00054415442
0.00048813623
0.00043250106
0.00037862586
0.00032433297
0.00028557351
0.00022672284
0.00036458262
-0.00023784151
0.0050995282
0.0051174778
0.0051128264
0.0051127368
0.0051324918
0.0051697906
0.0052192326
0.0052823783
0.0053648391
0.0054722484
0.0056122779
0.0057890183
0.0060003657
0.006173779
0.006172884
0.0059766827
0.0056884159
0.0054049093
0.0051472977
0.0049058479
0.0046822434
0.004479825
0.0042961586
0.0041265529
0.003966016
0.0038137924
0.0036723132
0.0035438574
0.0034285003
0.0033235962
0.0032273384
0.0031408341
0.0030649812
0.0029988909
0.0029412199
0.0028906933
0.0028460404
0.0028060062
0.0027699312
0.0027371016
0.0027064759
0.0026774352
0.0026493178
0.0026213726
0.0025930713
0.0025641101
0.0025344279
0.0025039592
0.0024726281
0.0024402397
0.002406435
0.002371046
0.0023340214
0.0022955301
0.0022558868
0.0022152686
0.002174025
0.0021331226
0.002092355
0.002050669
0.0020082036
0.0019657855
0.0019246391
0.0018834678
0.0018409105
0.0017981068
0.0017563533
0.0017147473
0.0016718666
0.0016284195
0.0015854159
0.0015420493
0.0014974927
0.0014525551
0.0014078111
0.001362589
0.0013162006
0.0012694719
0.0012223924
0.0011743518
0.0011254481
0.001076403
0.0010266956
0.00097569069
0.00092441687
0.00087245738
0.00081916072
0.00076573102
0.00071169941
0.00065650842
0.00060115408
0.00054533411
0.00048927195
0.00043359477
0.00037967478
0.00032533807
0.00028652615
0.00022758461
0.0003653859
-0.00023668635
0.0050747887
0.005096262
0.0050990379
0.0051042631
0.0051254426
0.0051625919
0.0052118044
0.0052741337
0.0053544671
0.0054578435
0.0055900061
0.0057525522
0.0059378009
0.006085432
0.0060854246
0.0059116736
0.005646675
0.0053776607
0.0051296368
0.0048959813
0.0046775626
0.0044781742
0.0042964983
0.0041283228
0.0039693316
0.0038186924
0.0036784819
0.0035507825
0.0034357224
0.0033310503
0.0032350629
0.003148578
0.0030724437
0.0030059155
0.0029477042
0.0028965714
0.0028513021
0.0028106947
0.0027740423
0.0027406518
0.0027095457
0.0026800697
0.0026515605
0.0026232673
0.0025946641
0.0025654493
0.0025355513
0.0025049115
0.002473399
0.0024407476
0.0024066019
0.0023708239
0.0023334561
0.0022948478
0.0022554436
0.0022154459
0.0021751992
0.002134793
0.0020940157
0.0020527543
0.0020109295
0.0019689786
0.0019275025
0.0018856515
0.0018429723
0.001800184
0.0017585334
0.0017170244
0.001674192
0.0016306557
0.0015875651
0.0015442007
0.0014996372
0.0014546485
0.0014098356
0.0013645632
0.0013181329
0.0012713693
0.0012242465
0.001176157
0.0011272146
0.0010781045
0.0010283131
0.00097725429
0.00092594772
0.00087395483
0.00082062246
0.00076713289
0.00071302919
0.00065779261
0.00060240082
0.00054654309
0.00049044155
0.00043472186
0.00038075559
0.00032637585
0.00028750442
0.00022846708
0.00036611815
-0.00023531826
0.0050514677
0.0050755799
0.0050844894
0.0050945312
0.0051172883
0.0051542925
0.005203046
0.0052643511
0.0053423551
0.0054414101
0.0055655775
0.0057143911
0.0058768344
0.0060021633
0.0060016369
0.0058474436
0.005604379
0.0053499179
0.0051115058
0.0048855718
0.0046725556
0.0044764873
0.0042969549
0.0041303488
0.0039729237
0.003823819
0.003684814
0.0035578044
0.0034429691
0.0033384104
0.0032425668
0.0031560396
0.003079611
0.0030126473
0.0029539129
0.002902205
0.0028563556
0.0028152078
0.0027780241
0.0027441174
0.0027125485
0.0026826343
0.0026537195
0.0026250802
0.0025961966
0.0025667655
0.0025366979
0.0025059134
0.0024742559
0.0024414683
0.002407226
0.0023713926
0.0023340074
0.0022953835
0.0022558709
0.0022156459
0.0021751086
0.0021343501
0.0020935465
0.002052788
0.0020118049
0.0019706702
0.0019292231
0.0018873235
0.0018451058
0.001802797
0.001760987
0.001718857
0.00167586
0.0016323703
0.0015894103
0.0015461424
0.0015016159
0.0014565505
0.001411691
0.0013664511
0.0013200137
0.0012731996
0.0012260258
0.0011778949
0.0011289178
0.0010797679
0.0010299305
0.00097883009
0.00092749311
0.00087546372
0.00082209359
0.0007685437
0.00071437305
0.00065909691
0.00060367531
0.00054778863
0.00049164011
0.00043586097
0.00038184581
0.00032743047
0.0002884976
0.00022935894
0.00036674715
-0.000233709
0.0050292916
0.0050553856
0.0050693021
0.0050835891
0.0051079486
0.0051448525
0.0051930215
0.0052531379
0.00532861
0.0054230518
0.0055390989
0.0056746611
0.0058169403
0.0059228685
0.0059208127
0.0057834563
0.0055608388
0.0053207627
0.0050919183
0.0048736353
0.0046662335
0.0044737468
0.0042965492
0.004131685
0.0039759162
0.0038284053
0.0036906772
0.0035644532
0.0034499599
0.0033456112
0.0032499929
0.0031635186
0.0030868818
0.0030195413
0.0029603249
0.0029080688
0.0028616499
0.0028199578
0.0027822345
0.0027477945
0.0027157363
0.002685363
0.0026560302
0.0026270377
0.0025978637
0.0025681964
0.002537925
0.0025069565
0.0024751348
0.0024422168
0.0024078953
0.0023720307
0.002334651
0.0022960374
0.0022565177
0.0022162885
0.002175723
0.0021349282
0.0020940793
0.0020531616
0.0020119253
0.0019704691
0.0019288132
0.001887311
0.00184594
0.0018044236
0.0017626507
0.0017203781
0.0016776633
0.0016345583
0.0015914279
0.0015476192
0.001503002
0.0014580315
0.0014133127
0.0013681541
0.0013217255
0.0012748639
0.0012276907
0.0011795684
0.0011305574
0.0010813643
0.001031501
0.0009803735
0.00092900582
0.00087693416
0.00082352453
0.00076994315
0.00071573735
0.00066042381
0.00060497099
0.00054905392
0.00049285458
0.00043701699
0.00038295584
0.00032851118
0.00028951195
0.00023025321
0.00036722918
-0.00023182799
0.0050080311
0.0050356087
0.0050535637
0.0050715106
0.005097423
0.0051342648
0.0051817267
0.0052404568
0.0053131835
0.0054027844
0.0055107128
0.0056336542
0.0057580803
0.0058472049
0.0058430859
0.0057201815
0.0055165128
0.0052905891
0.0050713276
0.004860676
0.0046590746
0.0044704247
0.0042957702
0.0041328199
0.0039788047
0.0038329425
0.0036965416
0.0035711621
0.0034570743
0.0033529653
0.0032575671
0.0031711395
0.0030942863
0.0030265515
0.0029668356
0.0029140151
0.0028670107
0.0028247569
0.0027864816
0.0027514988
0.0027189428
0.0026881084
0.0026583569
0.0026290073
0.0025995367
0.0025696262
0.0025391476
0.002508
0.0024760253
0.0024429844
0.0024085801
0.0023726687
0.0023352748
0.0022966623
0.0022571538
0.0022169559
0.0021764182
0.0021356518
0.0020948003
0.0020538363
0.0020125439
0.0019710172
0.0019293052
0.0018877068
0.0018461362
0.0018043143
0.0017623296
0.0017204716
0.0016785526
0.0016361306
0.0015930044
0.0015490331
0.0015046383
0.0014599078
0.0014149185
0.0013693321
0.0013229364
0.0012762116
0.0012291505
0.0011810782
0.0011320433
0.0010828406
0.001033005
0.00098186297
0.00093045469
0.00087835441
0.00082491788
0.00077131424
0.00071707926
0.00066173302
0.00060625206
0.0005503002
0.00049406221
0.00043819195
0.00038409006
0.00032961355
0.00029053212
0.00023114636
0.00036754723
-0.00022962512
0.0049874923
0.0050161642
0.0050373353
0.0050583693
0.005085716
0.0051224991
0.0051691339
0.0052262884
0.0052960915
0.0053807122
0.0054806309
0.0055916556
0.0057002253
0.0057747871
0.0057683283
0.0056577384
0.0054714645
0.0052593313
0.0050496292
0.0048465541
0.0046508648
0.0044662685
0.0042943507
0.0041334694
0.0039812996
0.0038371375
0.0037021111
0.0035776363
0.0034640235
0.0033601995
0.0032650404
0.003178685
0.0031016496
0.0030335509
0.0029733631
0.0029200029
0.0028724322
0.0028296277
0.0027908092
0.00275529
0.0027222372
0.0026909411
0.0026607674
0.0026310541
0.0026012798
0.0025711198
0.00254043
0.0025090998
0.002476967
0.0024437956
0.0024093004
0.0023733374
0.0023359299
0.0022973244
0.0022578319
0.0022176581
0.0021771284
0.0021363619
0.002095492
0.0020545074
0.0020132227
0.0019717153
0.0019300219
0.0018883891
0.0018467313
0.0018048108
0.0017627392
0.0017207796
0.0016786604
0.0016359918
0.0015928213
0.0015494289
0.0015057463
0.0014614478
0.0014163711
0.0013706433
0.0013244562
0.001277693
0.0012303066
0.0011821206
0.001133187
0.0010841123
0.0010343445
0.00098319789
0.00093177897
0.00087971325
0.00082626984
0.00077263247
0.00071837609
0.00066301048
0.00060750437
0.00055151723
0.00049524982
0.00043935831
0.00038521592
0.00033070689
0.0002915276
0.00023202605
0.00036767258
-0.00022704792
0.004967508
0.004996961
0.0050206541
0.0050442308
0.0050728384
0.0051095332
0.0051552315
0.00521064
0.0052773721
0.0053569369
0.005449027
0.0055488696
0.0056433242
0.0057052583
0.005696383
0.0055962603
0.0054258549
0.0052270702
0.0050268916
0.0048313476
0.0046416614
0.0044613316
0.0042923552
0.0041337063
0.0039834872
0.0038410895
0.0037074956
0.0035839939
0.0034709308
0.0033674429
0.0032725461
0.0031862868
0.0031090971
0.0030406539
0.0029800061
0.0029261129
0.002877976
0.0028346141
0.0027952443
0.0027591804
0.0027256191
0.0026938508
0.0026632453
0.0026331585
0.0026030721
0.0025726549
0.0025417472
0.0025102283
0.0024779323
0.0024446269
0.0024100387
0.002374024
0.0023366027
0.0022980035
0.0022585241
0.0022183701
0.0021778478
0.0021370852
0.0020962082
0.0020552127
0.0020139279
0.0019724135
0.0019307099
0.0018890474
0.0018473695
0.0018054619
0.0017633988
0.0017213901
0.0016791671
0.0016363875
0.0015931175
0.0015496335
0.0015057411
0.0014613057
0.0014164993
0.001371401
0.0013257528
0.0012791082
0.0012315637
0.0011833877
0.0011345252
0.0010852385
0.0010352565
0.00098418365
0.00093290263
0.00088091428
0.00082748043
0.00077383553
0.00071961018
0.00066424154
0.00060870465
0.0005526978
0.00049641245
0.00044049844
0.00038631515
0.0003317796
0.00029249259
0.000232871
0.00036754013
-0.00022404796
0.004947932
0.0049779079
0.0050035381
0.0050291515
0.0050588086
0.0050953554
0.0051400153
0.005193527
0.0052570689
0.0053315581
0.0054160622
0.005505473
0.0055873495
0.0056383291
0.0056270956
0.0055358627
0.0053798453
0.00519388
0.0050031494
0.0048150827
0.0046314552
0.0044555739
0.0042897296
0.0041334656
0.0039852979
0.0038447271
0.003712621
0.0035901569
0.0034777131
0.0033746107
0.0032799994
0.0031938585
0.0031165418
0.0030477759
0.002986684
0.0029322705
0.0028835762
0.0028396593
0.0027997399
0.0027631324
0.0027290607
0.0026968182
0.0026657789
0.0026353153
0.0026049125
0.0025742334
0.0025431035
0.0025113923
0.0024789304
0.0024454893
0.0024108064
0.0023747381
0.0023373004
0.0022987052
0.0022592375
0.0022191029
0.0021785898
0.0021378328
0.0020969493
0.0020559399
0.0020146486
0.001973125
0.0019314166
0.0018897364
0.0018480405
0.0018061221
0.0017640363
0.0017219819
0.0016797302
0.0016369552
0.0015936869
0.0015501449
0.0015061448
0.0014615975
0.0014166919
0.0013714487
0.0013256642
0.0012791947
0.0012321485
0.0011844706
0.001135882
0.0010864586
0.0010363349
0.00098536603
0.00093394885
0.00088172377
0.00082835675
0.0007748437
0.00072069208
0.0006653354
0.00060979991
0.00055382561
0.00049753423
0.0004415909
0.0003873768
0.00033282326
0.00029341945
0.00023366369
0.00036708872
-0.00022055279
0.0049286362
0.0049589171
0.0049859905
0.0050131783
0.0050436508
0.0050799631
0.0051234881
0.0051749734
0.0052352362
0.0053046801
0.0053818901
0.0054616172
0.0055322789
0.0055737472
0.0055602967
0.0054766202
0.005333581
0.005159836
0.004978438
0.0047977909
0.0046202536
0.0044489789
0.0042864515
0.0041327253
0.0039867147
0.0038480406
0.0037174838
0.0035961259
0.0034843742
0.0033817121
0.0032874164
0.0032014208
0.0031240083
0.0030549455
0.002993429
0.00293851
0.0028892675
0.0028447982
0.0028043291
0.0027671768
0.0027325896
0.0026998676
0.0026683888
0.0026375411
0.0026068141
0.0025758652
0.0025445062
0.0025125969
0.0024799647
0.0024463843
0.0024116031
0.0023754779
0.0023380208
0.0022994281
0.0022599714
0.0022198555
0.0021793518
0.0021385993
0.0020977085
0.0020566843
0.0020153867
0.0019738566
0.0019321456
0.0018904479
0.0018487283
0.0018067931
0.0017646874
0.0017225987
0.0016803189
0.0016375279
0.0015942386
0.0015506634
0.0015066553
0.0014621139
0.0014171799
0.001371849
0.0013259416
0.0012793636
0.0012321903
0.0011844117
0.0011360111
0.0010869853
0.0010372889
0.00098664828
0.00093509674
0.0008826574
0.0008293788
0.0007757748
0.00072142894
0.00066613419
0.00061072666
0.00055481485
0.00049853256
0.00044259175
0.00038838263
0.00033381747
0.00029429173
0.00023438794
0.00036625644
-0.00021647653
0.0049095077
0.0049399055
0.0049680039
0.0049963494
0.0050273925
0.0050633624
0.0051056601
0.0051550117
0.0052119373
0.0052764096
0.0053466534
0.0054174295
0.0054780904
0.0055112947
0.0054958168
0.005418581
0.0052872012
0.0051250264
0.0049528018
0.004779509
0.0046080716
0.0044415348
0.0042824974
0.0041314569
0.0039877084
0.0038510027
0.0037220572
0.0036018734
0.0034908853
0.003388719
0.0032947713
0.003208948
0.0031314703
0.0030621371
0.0030002156
0.0029448059
0.002895025
0.0028500066
0.0028089887
0.0027712915
0.0027361859
0.0027029805
0.0026710582
0.0026398212
0.0026087642
0.0025775397
0.0025459467
0.0025138354
0.0024810297
0.0024473077
0.0024124258
0.0023762418
0.0023387635
0.002300172
0.0022607258
0.0022206277
0.0021801335
0.0021393851
0.0020984874
0.0020574493
0.0020161456
0.0019746092
0.0019328942
0.0018911776
0.0018494335
0.0018074824
0.0017653598
0.0017232378
0.0016809246
0.0016381118
0.0015948042
0.0015512043
0.0015071805
0.0014626244
0.0014176634
0.0013723108
0.0013263962
0.0012798007
0.0012325626
0.0011846764
0.0011361641
0.001087004
0.0010372487
0.00098684763
0.00093562945
0.00088355415
0.0008305728
0.00077682878
0.00072226007
0.00066703259
0.00061155349
0.00055548228
0.00049927255
0.00044343869
0.00038925491
0.00033469937
0.00029507947
0.00023501535
0.00036497107
-0.00021172269
0.0048904461
0.0049207962
0.0049495635
0.0049786949
0.0050100636
0.0050455683
0.0050865499
0.0051336827
0.0051872429
0.005246853
0.0053104837
0.0053730179
0.0054247633
0.0054507835
0.0054334917
0.0053617693
0.005240833
0.0050895438
0.004926288
0.0047602722
0.0045949257
0.004433232
0.0042778437
0.0041296323
0.0039882509
0.0038535878
0.0037263183
0.0036073782
0.0034972261
0.0033956141
0.0033020511
0.0032164302
0.00313892
0.0030693455
0.0030070415
0.0029511586
0.0029008513
0.0028552897
0.0028137257
0.0027754848
0.0027398588
0.0027061669
0.0026737974
0.0026421657
0.0026107728
0.0025792663
0.0025474335
0.0025151153
0.0024821323
0.0024482655
0.0024132799
0.0023770343
0.002339532
0.0023009398
0.0022615029
0.0022214212
0.0021809362
0.0021401915
0.0020992871
0.0020582355
0.0020169251
0.0019753821
0.001933662
0.0018919268
0.0018501586
0.0018081916
0.0017660511
0.0017238943
0.0016815461
0.0016387124
0.0015953889
0.001551764
0.0015077191
0.0014631457
0.0014181628
0.0013727876
0.0013268531
0.0012802379
0.0012329848
0.0011850927
0.0011365586
0.0010873389
0.0010374825
0.00098696648
0.00093560782
0.00088355241
0.0008308657
0.00077742177
0.00072314944
0.0006681257
0.00061246577
0.00055620506
0.00050004277
0.00044414155
0.00038984885
0.00033538033
0.00029571962
0.00023546766
0.00036312299
-0.00020618496
0.0048713626
0.0049015186
0.0049306506
0.0049602385
0.0049916952
0.0050266029
0.005066184
0.005111034
0.0051612287
0.0052161163
0.005273503
0.0053284746
0.0053722768
0.0053920502
0.005373165
0.0053061884
0.0051945887
0.0050534835
0.0048989484
0.0047401174
0.0045808367
0.0044240667
0.0042724708
0.0041272259
0.0039883156
0.0038557712
0.0037302444
0.0036126181
0.0035033745
0.0034023768
0.0033092381
0.0032238515
0.0031463427
0.0030765577
0.0030138953
0.0029575578
0.0029067374
0.0028606396
0.0028185327
0.0027797499
0.0027436021
0.0027094207
0.0026766005
0.0026445694
0.0026128346
0.0025810402
0.0025489623
0.0025164327
0.0024832688
0.0024492544
0.0024141623
0.0023778526
0.002340324
0.0023017293
0.0022623008
0.0022222346
0.0021817589
0.0021410177
0.0021001071
0.0020590422
0.0020177247
0.0019761751
0.0019344495
0.0018926962
0.001850904
0.0018089199
0.0017667607
0.0017245689
0.0016821858
0.001639331
0.0015959909
0.0015523395
0.0015082723
0.0014636832
0.0014186797
0.0013732791
0.0013273212
0.0012806879
0.0012334185
0.001185511
0.0011369581
0.0010877279
0.0010378614
0.00098731185
0.00093589309
0.00088374615
0.00083093774
0.00077737266
0.00072322746
0.00066851406
0.00061310251
0.00055709303
0.00050101224
0.00044490447
0.00039048009
0.00033602647
0.00029614563
0.00023564056
0.0003605591
-0.00019977026
0.0048521781
0.0048820089
0.0049112445
0.0049409989
0.0049723189
0.0050064953
0.0050445966
0.0050871194
0.0051339746
0.0051843038
0.0052358238
0.0052838782
0.0053206098
0.0053349521
0.0053146899
0.005251826
0.0051485656
0.0050169417
0.0048708397
0.0047190834
0.0045658286
0.0044140393
0.0042663619
0.0041242132
0.0039878762
0.0038575275
0.0037338114
0.0036175698
0.0035093072
0.0034089855
0.0033163142
0.0032311963
0.0031537243
0.0030837616
0.0030207672
0.0029639956
0.0029126773
0.002866052
0.0028234073
0.0027840853
0.0027474155
0.0027127429
0.0026794693
0.0026470346
0.0026149527
0.0025828646
0.0025505363
0.0025177908
0.0024844424
0.0024502776
0.0024150761
0.0023786997
0.0023411421
0.0023025431
0.0022631218
0.0022230699
0.0021826033
0.0021418653
0.0021009485
0.0020598707
0.0020185458
0.0019769894
0.0019352576
0.0018934863
0.0018516699
0.0018096679
0.0017674893
0.0017252628
0.0016828446
0.0016399676
0.0015966097
0.0015529315
0.0015088419
0.0014642367
0.0014192115
0.0013737844
0.0013278035
0.0012811529
0.0012338659
0.0011859405
0.0011373701
0.0010881256
0.0010382404
0.00098766957
0.0009362471
0.00088408966
0.00083123891
0.00077760285
0.00072336632
0.00066851989
0.00061307086
0.00055730533
0.00050150692
0.00044558489
0.0003913022
0.00033678295
0.0002965776
0.00023579185
0.00035719618
-0.00019240051
0.0048328227
0.0048622099
0.0048913244
0.0049209916
0.0049519671
0.0049852801
0.0050218289
0.0050619984
0.0051055633
0.0051515173
0.0051975497
0.0052392961
0.0052697407
0.0052793634
0.0052579307
0.0051986573
0.0051028457
0.0049800125
0.0048420222
0.0046972105
0.0045499278
0.0044031545
0.0042595033
0.0041205718
0.0039869074
0.0038588318
0.0037369954
0.0036222098
0.003515001
0.0034154183
0.0033232605
0.0032384483
0.00316105
0.0030909442
0.0030276462
0.0029704627
0.0029186631
0.002871521
0.0028283446
0.0027884873
0.0027512965
0.0027161313
0.0026824021
0.00264956
0.0026171259
0.0025847386
0.0025521546
0.0025191888
0.0024856525
0.0024513342
0.0024160207
0.0023795747
0.0023419856
0.0023033804
0.0022639651
0.0022239264
0.0021834686
0.0021427335
0.0021018108
0.0020607206
0.0020193879
0.0019778246
0.0019360862
0.001894297
0.0018524563
0.0018104357
0.0017682371
0.0017259761
0.0016835223
0.0016406221
0.0015972458
0.0015535409
0.0015094283
0.0014648061
0.0014197586
0.0013743046
0.0013283006
0.0012816319
0.0012343262
0.0011863831
0.0011377955
0.0010885351
0.00103863
0.00098803948
0.00093660617
0.00088443178
0.00083156442
0.00077792636
0.00072366916
0.00066876788
0.00061324176
0.00055737366
0.00050144994
0.00044563132
0.00039160688
0.00033728654
0.00029709969
0.0002360275
0.00035320175
-0.00018380166
0.0048132344
0.004842071
0.0048708709
0.0049002299
0.0049306722
0.0049629967
0.0049979284
0.0050357349
0.0050760792
0.0051178558
0.0051587759
0.0051947858
0.0052196475
0.0052251731
0.0052027622
0.0051466489
0.0050574964
0.0049427865
0.0048125597
0.0046745413
0.0045331629
0.0043914212
0.0042518847
0.0041162812
0.0039853853
0.0038596596
0.0037397725
0.0036265144
0.0035204319
0.0034216525
0.003330057
0.00324559
0.003168304
0.0030980915
0.0030345202
0.0029769491
0.0029246867
0.00287704
0.0028333397
0.0027929523
0.0027552424
0.0027195844
0.002685398
0.0026521452
0.0026193544
0.0025866626
0.0025538182
0.0025206279
0.0024869001
0.0024524256
0.0024169972
0.002380479
0.0023428557
0.0023042423
0.0022648318
0.0022248051
0.0021843558
0.0021436233
0.0021026949
0.0020615925
0.0020202517
0.0019786814
0.0019369359
0.0018951289
0.001853264
0.0018112239
0.0017690048
0.0017267094
0.0016842195
0.0016412952
0.0015978999
0.0015541681
0.0015100318
0.0014653917
0.0014203215
0.0013748403
0.0013288125
0.001282125
0.0012348001
0.001186839
0.0011382337
0.0010889565
0.0010390318
0.0009884215
0.00093697512
0.00088478426
0.00083190084
0.00077825147
0.00072397358
0.00066905977
0.00061352796
0.00055762178
0.00050162285
0.00044572088
0.00039154755
0.00033719298
0.00029706563
0.00023583924
0.00034856049
-0.00017376295
0.004793359
0.0048215483
0.0048498666
0.0048787265
0.0049084674
0.0049396885
0.0049729479
0.0050083969
0.005045607
0.0050834143
0.0051195898
0.005150397
0.0051703081
0.0051722824
0.0051490703
0.0050957612
0.0050125714
0.0049053489
0.0047825178
0.0046511205
0.0045155649
0.0043788517
0.0042434998
0.0041113234
0.0039832873
0.0038599872
0.0037421188
0.0036304594
0.0035255759
0.0034276648
0.003336683
0.0032526032
0.0031754697
0.0031051888
0.0030413768
0.0029834442
0.0029307392
0.0028826021
0.0028383871
0.0027974758
0.0027592501
0.0027231
0.0026884555
0.0026547895
0.0026216378
0.0025886367
0.002555527
0.0025221081
0.0024881855
0.002453552
0.0024180059
0.0023814128
0.0023437527
0.002305129
0.0022657217
0.0022257059
0.0021852647
0.0021445347
0.0021036007
0.0020624866
0.0020211374
0.00197956
0.0019378069
0.0018959823
0.001854093
0.0018120329
0.0017697925
0.0017274627
0.0016849364
0.0016419872
0.0015985722
0.0015548134
0.0015106526
0.0014659939
0.0014209006
0.0013753918
0.0013293395
0.0012826325
0.0012352882
0.0011873085
0.0011386848
0.0010893903
0.0010394458
0.00098881491
0.00093735487
0.00088514816
0.00083224774
0.00077858468
0.00072428803
0.00066935873
0.00061381274
0.0005578868
0.00050187617
0.0004459487
0.00039168694
0.00033723339
0.00029666052
0.00023534791
0.00034209241
-0.00016231692
0.0047731492
0.0048006042
0.0048282975
0.0048564943
0.0048853863
0.0049154019
0.0049469443
0.0049800549
0.0050142318
0.0050482842
0.0050800716
0.0051061719
0.0051217006
0.0051206028
0.0050967507
0.0050459511
0.0049681123
0.0048677784
0.0047519633
0.0046269949
0.0044971667
0.0043654619
0.0042343458
0.0041056832
0.0039805922
0.0038597916
0.0037440106
0.0036340208
0.0035304083
0.0034334317
0.0033431171
0.0032594689
0.0031825299
0.0031122205
0.0030482022
0.0029899363
0.0029368109
0.0028881993
0.0028434808
0.0028020532
0.002763316
0.0027266755
0.0026915728
0.0026574917
0.0026239755
0.0025906606
0.0025572812
0.0025236297
0.0024895091
0.0024547139
0.0024190474
0.0023823767
0.0023446771
0.0023060408
0.0022666355
0.0022266293
0.0021861957
0.0021454679
0.0021045286
0.0020634031
0.0020220454
0.0019804606
0.0019386995
0.0018968573
0.0018549438
0.0018128629
0.0017706007
0.0017282365
0.0016856737
0.0016426986
0.0015992631
0.0015554771
0.0015112912
0.0014666131
0.0014214963
0.0013759595
0.001329882
0.001283155
0.0012357907
0.0011877919
0.0011391492
0.001089837
0.0010398722
0.00098922014
0.00093774592
0.00088552296
0.00083260464
0.00077892773
0.00072461281
0.00066966606
0.00061410476
0.00055816023
0.00050212988
0.00044617607
0.00039186735
0.00033737352
0.00029629806
0.00023585571
0.0003339522
-0.00014991846
0.0047525645
0.0047792073
0.0048061529
0.0048335473
0.0048614637
0.0048901859
0.0049199783
0.0049507816
0.0049820373
0.0050125524
0.0050402947
0.0050621471
0.0050738034
0.005070055
0.0050457088
0.0049971734
0.0049241498
0.0048301464
0.0047209628
0.0046022131
0.0044780027
0.0043512707
0.0042244236
0.0040993479
0.0039772809
0.0038590509
0.0037454249
0.0036371745
0.0035349047
0.0034389289
0.0033493371
0.0032661671
0.0031894664
0.0031191703
0.0030549823
0.0029964131
0.0029428913
0.0028938232
0.0028486138
0.002806679
0.0027674361
0.0027303079
0.0026947478
0.0026602503
0.0026263667
0.002592734
0.0025590807
0.002525193
0.0024908712
0.0024559117
0.0024201222
0.0023833711
0.0023456293
0.0023069783
0.0022675734
0.0022275755
0.002187149
0.0021464232
0.0021054787
0.0020643421
0.0020229758
0.0019813835
0.0019396139
0.0018977544
0.0018558166
0.0018137142
0.0017714297
0.0017290313
0.0016864315
0.0016434298
0.001599973
0.0015561596
0.001511948
0.0014672496
0.001422109
0.0013765436
0.0013304405
0.0012836927
0.0012363079
0.0011882894
0.0011396274
0.0010902967
0.0010403112
0.00098963756
0.0009381485
0.0008859088
0.0008329721
0.00077928086
0.00072494703
0.00066998194
0.00061440541
0.0005584416
0.00050238857
0.00044640906
0.00039204862
0.00033750233
0.0002960088
0.00023704675
0.00032521278
-0.0001370834
0.0047315705
0.0047573323
0.004783426
0.004809901
0.0048367353
0.0048640913
0.0048921124
0.004920651
0.0049491059
0.0049763015
0.005000326
0.0050183539
0.0050265955
0.0050205677
0.0049958585
0.0049493826
0.0048807055
0.0047925166
0.0046895814
0.0045768253
0.0044581096
0.0043362996
0.0042137375
0.0040923082
0.0039733363
0.0038577444
0.0037463392
0.0036398969
0.0035390403
0.003444132
0.0033553201
0.0032726773
0.0031962605
0.003126021
0.0030617019
0.0030028616
0.0029489694
0.0028994646
0.0028537787
0.0028113473
0.0027716057
0.0027339938
0.002697978
0.0026630637
0.0026288103
0.0025948562
0.0025609253
0.002526798
0.0024922721
0.0024571457
0.0024212305
0.0023843964
0.0023466096
0.0023079417
0.0022685356
0.0022285447
0.0021881249
0.0021474008
0.0021064512
0.002065304
0.0020239289
0.001982329
0.0019405505
0.0018986737
0.0018567118
0.0018145873
0.0017722797
0.0017298472
0.0016872102
0.001644181
0.0016007024
0.0015568613
0.0015126233
0.0014679039
0.0014227389
0.0013771447
0.0013310152
0.001284246
0.0012368403
0.0011888015
0.0011401195
0.0010907699
0.0010407631
0.00099006748
0.00093856285
0.00088630599
0.00083335044
0.00077964417
0.0007252909
0.00067030689
0.00061471444
0.00055873025
0.00050265369
0.00044664787
0.00039223196
0.00033762872
0.00029575917
0.00023827779
0.00031656773
-0.00012450634
0.0047101391
0.0047349598
0.0047601141
0.004785573
0.0048112379
0.0048371706
0.0048634112
0.0048897372
0.0049155179
0.0049396094
0.004960227
0.0049748195
0.0049800564
0.0049720766
0.0049471218
0.0049025335
0.0048377934
0.0047549453
0.0046578821
0.0045508826
0.0044375251
0.0043205728
0.0042022954
0.0040845578
0.0039687434
0.0038558528
0.0037467317
0.0036421644
0.0035427907
0.0034490165
0.003361043
0.0032789783
0.0032028927
0.0031327547
0.0030683448
0.0030092677
0.002955033
0.0029051134
0.0028589675
0.0028160515
0.0027758197
0.0027377293
0.0027012604
0.0026659297
0.0026313049
0.0025970265
0.0025628145
0.0025284444
0.0024937116
0.0024584159
0.0024223727
0.0023854528
0.0023476185
0.0023089312
0.0022695223
0.0022295373
0.0021891234
0.0021484007
0.0021074463
0.0020662889
0.0020249048
0.0019832972
0.0019415095
0.0018996155
0.0018576295
0.0018154824
0.0017731512
0.0017306846
0.0016880103
0.0016449528
0.0016014515
0.0015575825
0.0015133176
0.0014685763
0.0014233864
0.001377763
0.0013316065
0.0012848152
0.0012373881
0.0011893285
0.001140626
0.0010912568
0.0010412284
0.00099051019
0.00093898928
0.00088671481
0.00083373991
0.00078001788
0.0007256447
0.00067064111
0.00061503186
0.0005590265
0.00050292526
0.00044689176
0.00039241611
0.00033776309
0.00029552975
0.00023933556
0.00030822166
-0.00011239887
0.0046882478
0.0047120759
0.0047362188
0.0047605833
0.0047850095
0.004809477
0.0048339396
0.0048581138
0.0048813511
0.0049025493
0.0049200533
0.0049315672
0.0049341667
0.0049245236
0.004899428
0.0048565823
0.0047954212
0.0047174811
0.0046259247
0.0045244363
0.0044162887
0.0043041164
0.0041901081
0.0040760935
0.0039634896
0.0038533585
0.0037465819
0.0036439543
0.0035461315
0.0034535576
0.0033664821
0.003285048
0.0032093426
0.0031393527
0.0030748944
0.0030156166
0.0029610694
0.0029107588
0.0028641711
0.0028207844
0.0027800723
0.00274151
0.0027045917
0.0026688459
0.0026338488
0.0025992437
0.0025647477
0.0025301319
0.0024951899
0.0024597225
0.0024235488
0.0023865407
0.0023486562
0.0023099472
0.0022705338
0.0022305532
0.0021901446
0.0021494232
0.002108464
0.0020672968
0.0020259038
0.0019842882
0.0019424912
0.0019005799
0.00185857
0.0018163998
0.0017740445
0.0017315438
0.0016888321
0.0016457454
0.0016022207
0.0015583237
0.0015140313
0.0014692672
0.001424052
0.0013783989
0.0013322148
0.0012854008
0.0012379518
0.0011898707
0.0011411472
0.0010917578
0.0010417072
0.000990966
0.00093942808
0.00088713553
0.00083414076
0.00078040224
0.00072600866
0.00067098478
0.00061535786
0.0005593305
0.00050320332
0.00044714039
0.00039260255
0.00033790099
0.00029529938
0.00024022498
0.00030014762
-0.00010074415
0.0046658797
0.0046886722
0.0047117454
0.0047349541
0.0047580895
0.0047810643
0.0048037629
0.0048258535
0.0048466802
0.0048651901
0.0048798559
0.0048886172
0.0048889079
0.004877856
0.0048527129
0.0048114868
0.0047535914
0.0046801658
0.0045937655
0.0044975377
0.0043944408
0.0042869589
0.0041771898
0.0040669152
0.003957565
0.0038502457
0.0037458703
0.0036452444
0.0035490387
0.0034577307
0.0033716135
0.0032908641
0.0032155893
0.0031457958
0.003081333
0.0030218928
0.002967065
0.0029163893
0.00286938
0.0028255381
0.0027843573
0.0027453308
0.002707968
0.0026718094
0.0026364399
0.0026015064
0.0025667241
0.0025318602
0.0024967065
0.0024610655
0.0024247591
0.0023876601
0.0023497227
0.0023109898
0.0022715701
0.0022315927
0.0021911887
0.0021504684
0.0021095045
0.002068328
0.002026926
0.0019853024
0.0019434956
0.0019015673
0.0018595335
0.0018173397
0.0017749597
0.0017324251
0.0016896759
0.0016465593
0.0016030104
0.0015590851
0.0015147646
0.001469977
0.001424736
0.0013790528
0.0013328405
0.0012860031
0.0012385315
0.0011904285
0.0011416833
0.0010922731
0.0010421998
0.00099143522
0.00093987954
0.00088756842
0.00083455324
0.00078079749
0.000726383
0.00067133809
0.00061569259
0.00055964237
0.00050348781
0.00044739414
0.00039278981
0.00033804779
0.00029505818
0.00024097702
0.00029225586
-8.9509516e-05
0.004643023
0.0046647453
0.0046867033
0.0047087102
0.0047305181
0.0047519868
0.0047729456
0.0047930271
0.0048115769
0.0048275958
0.0048396808
0.0048459867
0.0048442625
0.0048320262
0.0048069184
0.0047672068
0.0047123027
0.0046430348
0.0045614565
0.0044702373
0.0043720226
0.00426913
0.0041635568
0.0040570262
0.0039509623
0.0038465004
0.0037445787
0.0036460136
0.0035514889
0.0034615114
0.0033764129
0.0032964037
0.0032216115
0.0031520638
0.0030876423
0.0030280798
0.0029730054
0.0029219925
0.0028745837
0.002830304
0.0027886674
0.0027491861
0.002711385
0.0026748168
0.0026390759
0.002603813
0.0025687425
0.0025336284
0.0024982612
0.0024624445
0.0024260033
0.0023888112
0.0023508183
0.0023120591
0.0022726314
0.0022326558
0.0021922557
0.0021515361
0.0021105679
0.0020693823
0.0020279715
0.0019863396
0.0019445229
0.0019025777
0.0018605203
0.0018183025
0.0017758972
0.0017333287
0.0016905419
0.0016473948
0.0016038209
0.001559867
0.001515518
0.001470706
0.0014254387
0.001379725
0.001333484
0.0012866224
0.0012391278
0.0011910022
0.0011422348
0.0010928032
0.0010427067
0.00099191815
0.00094034397
0.00088801376
0.00083497763
0.00078120389
0.00072676792
0.00067170123
0.00061603622
0.00055996221
0.00050377889
0.0004476525
0.00039297977
0.00033819244
0.00029480626
0.00024161784
0.00028452653
-7.8691711e-05
0.004619671
0.0046402965
0.0046611059
0.0046818787
0.0047023366
0.0047222984
0.0047415512
0.0047597032
0.0047761092
0.0047898263
0.0047995701
0.004803691
0.0048002141
0.0047869914
0.0047619918
0.0047237044
0.0046715505
0.0046061175
0.0045290456
0.0044425839
0.004349076
0.0042506615
0.0041492285
0.0040464326
0.0039436771
0.0038421109
0.0037426906
0.0036462418
0.0035534595
0.0034648755
0.0033808564
0.0033016435
0.0032273871
0.0031581361
0.0030938032
0.0030341604
0.0029788754
0.0029275551
0.0028797712
0.0028350727
0.0027929952
0.0027530699
0.0027148377
0.0026778644
0.0026417538
0.0026061615
0.0025708014
0.0025354355
0.0024998532
0.0024638593
0.0024272813
0.0023899937
0.0023519429
0.0023131551
0.0022737176
0.0022337425
0.0021933455
0.0021526265
0.002111654
0.0020704598
0.0020290402
0.0019874001
0.0019455733
0.0019036112
0.0018615303
0.0018192882
0.0017768573
0.001734255
0.0016914306
0.0016482522
0.0016046526
0.0015606699
0.0015162917
0.0014714546
0.0014261604
0.001380416
0.0013341456
0.0012872592
0.001239741
0.0011915922
0.001142802
0.0010933483
0.0010432282
0.00099241511
0.00094082165
0.00088847183
0.00083541419
0.00078162166
0.00072716366
0.00067207441
0.00061638889
0.00056029012
0.00050407646
0.00044791595
0.00039317
0.00033834517
0.00029456109
0.00024213815
0.00027694804
-6.8304754e-05
0.0045958216
0.0046153316
0.0046349697
0.0046544887
0.0046735871
0.0046920526
0.0047096416
0.0047259479
0.0047403414
0.0047519368
0.0047595618
0.004761743
0.0047567473
0.0047427126
0.0047178853
0.0046809438
0.0046313281
0.0045694383
0.0044965761
0.0044146249
0.0043256426
0.0042315859
0.004134226
0.0040351432
0.0039357075
0.0038370678
0.0037401911
0.00364591
0.0035549286
0.0034677995
0.0033849198
0.0033065602
0.0032328938
0.0031639915
0.003099796
0.0030401167
0.0029846589
0.0029330633
0.0028849303
0.0028398342
0.0027973322
0.0027569753
0.0027183208
0.002680948
0.0026444705
0.0026085493
0.0025728992
0.0025372805
0.0025014817
0.0024653092
0.0024285928
0.0023912075
0.0023530965
0.0023142777
0.0022748287
0.0022348528
0.0021944581
0.0021537395
0.0021127629
0.0020715605
0.0020301323
0.0019884839
0.0019466468
0.001904668
0.0018625639
0.0018202971
0.0017778401
0.0017352042
0.001692342
0.0016491318
0.0016055059
0.001561494
0.0015170863
0.0014722232
0.0014269016
0.001381126
0.0013348256
0.0012879137
0.0012403713
0.0011921988
0.0011433853
0.0010939088
0.0010437644
0.00099292641
0.0009413129
0.00088894289
0.00083586318
0.00078205106
0.00072757041
0.0006724578
0.00061675077
0.00056062618
0.00050438069
0.00044818384
0.00039336263
0.00033849535
0.00029432454
0.00024255029
0.00026950728
-5.8356297e-05
0.0045714773
0.0045898605
0.0046083145
0.0046265714
0.0046443121
0.0046613022
0.0046772772
0.0046918243
0.004704334
0.0047139786
0.0047196902
0.004720154
0.0047138479
0.0046991545
0.0046745556
0.0046388918
0.0045916269
0.0045330168
0.004464087
0.0043864051
0.0043017641
0.004211937
0.0041185727
0.0040231699
0.0039270545
0.0038313639
0.0037370673
0.0036450009
0.0035558753
0.0034702603
0.0033885793
0.0033111301
0.0032381087
0.0031696083
0.0031056004
0.0030459299
0.0029903393
0.0029385022
0.0028900484
0.0028445775
0.0028016694
0.0027608947
0.0027218281
0.0026840626
0.0026472221
0.0026109738
0.0025750338
0.0025391617
0.0025031457
0.0024667935
0.0024299372
0.0023924523
0.0023542787
0.0023154269
0.0022759645
0.0022359864
0.0021955934
0.0021548748
0.0021138943
0.0020726842
0.0020312476
0.0019895909
0.0019477434
0.0019057482
0.001863621
0.0018213294
0.0017788459
0.0017361764
0.0016932766
0.001650034
0.0016063809
0.0015623397
0.0015179018
0.001473012
0.0014276625
0.0013818553
0.0013355245
0.0012885863
0.0012410192
0.0011928224
0.0011439848
0.0010944849
0.0010443159
0.00099345235
0.00094181801
0.00088942723
0.00083632486
0.00078249233
0.00072798839
0.00067285161
0.00061712197
0.00056097051
0.00050469144
0.00044845669
0.00039355496
0.00033865459
0.00029408583
0.00024285216
0.00026220663
-4.8854908e-05
0.0045466446
0.0045638969
0.0045811631
0.0045981593
0.0046145545
0.0046300991
0.0046445158
0.0046573924
0.0046681438
0.0046759988
0.0046799863
0.0046789336
0.0046715025
0.0046562853
0.0046319636
0.0045975172
0.0045524372
0.004496869
0.0044316131
0.0043579669
0.0042774812
0.004191749
0.0041022935
0.0040105267
0.0039177219
0.0038249945
0.0037333082
0.0036434984
0.00355628
0.0034722358
0.0033918116
0.0033153299
0.003243009
0.0031749644
0.0031111953
0.0030515808
0.0029958989
0.0029438563
0.0028951119
0.0028492912
0.0028059969
0.0027648201
0.002725353
0.0026872029
0.0026500045
0.0026134316
0.0025772027
0.0025410774
0.0025048439
0.0024683112
0.0024313138
0.0023937276
0.0023554893
0.0023166022
0.0022771248
0.0022371432
0.0021967511
0.0021560324
0.0021150483
0.0020738308
0.002032386
0.0019907211
0.0019488632
0.0019068516
0.0018647017
0.0018223851
0.0017798748
0.0017371718
0.0016942346
0.0016509589
0.001607278
0.0015632071
0.0015187388
0.0014738214
0.0014284435
0.0013826044
0.0013362425
0.0012892774
0.001241685
0.0011934633
0.0011446011
0.0010950771
0.0010448828
0.00099399323
0.00094233727
0.00088992511
0.00083679949
0.0007829457
0.00072841782
0.000673256
0.00061750265
0.00056132314
0.00050500887
0.00044873373
0.00039374947
0.0003388112
0.00029381688
0.00024307091
0.00025504471
-3.9806884e-05
0.0045213336
0.0045374578
0.0045535406
0.0045692867
0.0045843574
0.0045984939
0.004611413
0.004622709
0.0046318235
0.0046380405
0.0046404782
0.0046380902
0.004629699
0.0046140763
0.0045900738
0.0045567912
0.0045137486
0.0044610072
0.0043991852
0.0043293501
0.004252834
0.0041710567
0.0040854149
0.00399723
0.0039077161
0.0038179573
0.0037289047
0.0036413886
0.0035561244
0.0034737047
0.0033945938
0.0033191362
0.0032475716
0.0031800373
0.0031165594
0.0030570494
0.0030013196
0.0029491092
0.0029001064
0.0028539627
0.0028103042
0.0027687426
0.0027288883
0.002690363
0.002652813
0.0026159191
0.0025794032
0.0025430254
0.0025065745
0.0024698612
0.0024327216
0.0023950326
0.0023567276
0.0023178034
0.0022783092
0.0022383229
0.0021979309
0.002157212
0.0021162243
0.0020750001
0.0020335474
0.0019918744
0.001950006
0.0019079783
0.001865806
0.0018234644
0.0017809269
0.0017381905
0.001695216
0.0016519069
0.0016081975
0.0015640967
0.0015195974
0.0014746518
0.0014292449
0.0013833735
0.00133698
0.0012899873
0.0012423689
0.0011941217
0.0011452343
0.0010956856
0.0010454654
0.00099454936
0.00094287099
0.0008904368
0.00083728732
0.00078341142
0.00072885889
0.00067367116
0.00061789294
0.00056168418
0.00050533282
0.00044901549
0.00039394297
0.00033897856
0.00029351893
0.00024319406
0.00024804023
-3.1234804e-05
0.004495558
0.0045105631
0.0045254743
0.0045399885
0.0045537633
0.0045665356
0.004578022
0.0045878273
0.004595422
0.0046001432
0.0046011908
0.004597631
0.0045884259
0.0045725014
0.004548854
0.0045166871
0.0044755501
0.004425441
0.0043668305
0.0043005914
0.0042278609
0.0041498948
0.0040679645
0.0039832982
0.0038970458
0.0038102528
0.0037238502
0.0036386589
0.0035553916
0.0034746469
0.0033969037
0.003322526
0.0032517734
0.0031848045
0.003121671
0.0030623151
0.0030065823
0.0029542438
0.0029050167
0.0028585788
0.0028145798
0.0027726526
0.0027324257
0.0026935363
0.0026556422
0.0026184322
0.002581632
0.0025450033
0.0025083358
0.0024714418
0.0024341597
0.0023963665
0.0023579931
0.0023190298
0.0022795172
0.002239525
0.0021991325
0.0021584131
0.0021174223
0.0020761917
0.0020347316
0.0019930505
0.0019511718
0.0019091283
0.0018669338
0.0018245671
0.0017820024
0.0017392328
0.001696221
0.0016528782
0.0016091396
0.0015650085
0.001520478
0.0014755034
0.001430067
0.001384163
0.0013377374
0.0012907163
0.0012430714
0.0011947981
0.0011458849
0.0010963108
0.0010460642
0.00099512105
0.00094341945
0.00089096258
0.0008377886
0.00078388972
0.0007293118
0.00067409726
0.00061829296
0.00056205366
0.0005056634
0.00044930121
0.00039413781
0.00033914399
0.00029318674
0.0002432357
0.00024121419
-2.3155992e-05
0.0044693348
0.0044832353
0.0044969931
0.0045103006
0.0045228145
0.0045342719
0.0045443931
0.0045527972
0.0045589847
0.0045623429
0.0045621466
0.004557562
0.0045476727
0.0045315369
0.004508275
0.0044771801
0.0044378307
0.0043901776
0.0043345727
0.0042717249
0.0042025989
0.004128298
0.0040499708
0.0039687517
0.0038857223
0.0038018835
0.0037181403
0.003635299
0.0035540664
0.0034750434
0.0033987201
0.0033254767
0.0032555915
0.0031892432
0.0031265078
0.0030673569
0.0030116677
0.0029592423
0.002909827
0.0028631256
0.0028188117
0.0027765397
0.0027359568
0.0026967156
0.0026584863
0.0026209661
0.0025838854
0.0025470081
0.0025101253
0.0024730514
0.0024356264
0.0023977282
0.0023592849
0.0023202808
0.0022807483
0.002240749
0.0022003553
0.0021596354
0.0021186417
0.0020774054
0.0020359381
0.0019942492
0.0019523604
0.0019103012
0.0018680851
0.0018256934
0.0017831012
0.0017402986
0.0016972498
0.0016538729
0.0016101046
0.001565943
0.0015213807
0.0014763766
0.00143091
0.001384973
0.0013385149
0.0012914648
0.0012437928
0.0011954928
0.0011465531
0.001096953
0.0010466793
0.00099570857
0.00094398294
0.00089150271
0.00083830359
0.00078438082
0.00072977675
0.00067453446
0.00061870283
0.00056243165
0.00050600046
0.00044959123
0.00039433119
0.00033931558
0.00029282638
0.0002431657
0.00023455763
-1.5558836e-05
0.0044426833
0.0044554991
0.0044681276
0.0044802592
0.0044915527
0.0045017484
0.0045105741
0.0045176654
0.0045225529
0.0045246721
0.0045233656
0.0045178883
0.0045074295
0.0044911614
0.0044683105
0.0044382474
0.0044005791
0.0043552219
0.0043024323
0.0042427817
0.0041770834
0.0041063002
0.0040314629
0.0039536122
0.0038737589
0.0037928546
0.0037117727
0.0036313006
0.0035521353
0.0034748769
0.0034000228
0.0033279667
0.0032590034
0.0031933307
0.0031310477
0.0030721534
0.0030165554
0.0029640863
0.0029145205
0.0028675882
0.0028229871
0.0027803929
0.002739472
0.0026998931
0.0026613389
0.0026235156
0.0025861592
0.0025490365
0.0025119406
0.0024746877
0.0024371202
0.0023991163
0.0023606019
0.0023215554
0.0022820016
0.0022419943
0.0022015988
0.0021608782
0.002119882
0.0020786405
0.0020371666
0.0019954702
0.0019535714
0.0019114971
0.0018692597
0.0018268431
0.0017842234
0.001741388
0.0016983025
0.0016548912
0.0016110926
0.0015669001
0.0015223059
0.0014772715
0.0014317743
0.0013858041
0.0013393128
0.0012922331
0.0012445334
0.001196206
0.0011472392
0.0010976124
0.0010473112
0.00099631222
0.00094456176
0.00089205745
0.00083883252
0.00078488497
0.00073025393
0.00067498292
0.00061912266
0.00056281815
0.00050634405
0.00044988493
0.0003945248
0.00033947829
0.0002924437
0.00024295764
0.0002280454
-8.4089469e-06
0.0044156253
0.004427381
0.0044389091
0.0044499005
0.0044600183
0.0044690088
0.0044766097
0.0044824748
0.0044861649
0.0044871603
0.0044848655
0.0044786139
0.0044676872
0.0044513555
0.0044289363
0.004399868
0.0043637844
0.0043205774
0.0042704272
0.0042137901
0.0041513477
0.0040839348
0.0040124703
0.0039379029
0.003861171
0.0037831734
0.0037047475
0.0036266574
0.0035495868
0.0034741315
0.0034007926
0.0033299747
0.0032619867
0.0031970444
0.003135268
0.0030766828
0.0030212251
0.0029687567
0.00291908
0.0028719513
0.0028270922
0.0027842003
0.0027429613
0.0027030602
0.0026641927
0.0026260749
0.0025884488
0.0025510848
0.0025137785
0.0024763485
0.0024386392
0.0024005293
0.0023619427
0.0023228527
0.0022832764
0.00224326
0.0022028623
0.002162141
0.0021211427
0.0020798966
0.0020384167
0.0019967131
0.0019548047
0.0019127155
0.0018704573
0.0018280161
0.0017853689
0.001742501
0.001699379
0.0016559331
0.0016121038
0.0015678802
0.0015232537
0.0014781884
0.0014326602
0.0013866563
0.0013401315
0.0012930215
0.0012452934
0.0011969381
0.0011479436
0.0010982894
0.00104796
0.00099693228
0.00094515617
0.00089262704
0.00083937562
0.00078540236
0.00073074352
0.00067544279
0.00061955253
0.00056321321
0.00050669405
0.00045018221
0.00039471777
0.00033962803
0.00029204299
0.00024258751
0.0002217006
-1.6891873e-06
0.0043881848
0.0043989089
0.0044093697
0.0044192606
0.004428251
0.004436095
0.0044425421
0.0044472653
0.0044498551
0.0044498338
0.0044466618
0.0044397423
0.0044284373
0.0044121014
0.0043901307
0.0043620223
0.0043274358
0.0042862462
0.0042385726
0.0041847758
0.0041254232
0.0040612342
0.0039930227
0.0039216478
0.0038479758
0.0037728497
0.0036970671
0.0036213654
0.0035464112
0.0034727927
0.0034010119
0.0033314806
0.0032645201
0.003200362
0.0031391465
0.0030809232
0.0030256557
0.0029732338
0.0029234874
0.0028761985
0.0028311126
0.0027879493
0.0027464137
0.0027062076
0.0026670402
0.0026286376
0.0025907489
0.0025531487
0.0025156356
0.0024780308
0.0024401809
0.0024019654
0.002363306
0.0023241713
0.0022845714
0.0022445452
0.0022041448
0.002163423
0.0021224229
0.002081173
0.0020396876
0.0019979774
0.0019560596
0.0019139561
0.0018716777
0.0018292122
0.0017865376
0.0017436374
0.0017004794
0.0016569988
0.0016131383
0.0015688833
0.0015242243
0.0014791275
0.0014335677
0.0013875299
0.0013409712
0.0012938302
0.0012460731
0.0011976894
0.0011486665
0.0010989842
0.0010486261
0.00099756903
0.00094576644
0.00089321175
0.00083993314
0.00078593322
0.0007312457
0.0006759142
0.00061999256
0.00056361683
0.00050705041
0.0004504828
0.00039490947
0.00033976373
0.00029162208
0.00024206611
0.00021553932
4.5953544e-06
0.0043603872
0.0043701118
0.0043795419
0.0043883752
0.004396289
0.0044030466
0.0044084106
0.0044120737
0.004413655
0.0044127162
0.0044087683
0.004401276
0.0043896716
0.0043733829
0.0043518737
0.0043246925
0.004291523
0.004252229
0.0042068816
0.004155762
0.0040993393
0.0040382297
0.0039731495
0.0039048721
0.0038341919
0.003761895
0.0036887362
0.0036154226
0.0035426009
0.0034708484
0.0034006644
0.0033324654
0.0032665826
0.0032032616
0.0031426609
0.0030848525
0.0030298258
0.0029774976
0.0029277241
0.0028803128
0.0028350331
0.0027916265
0.0027498177
0.0027093254
0.0026698728
0.0026311967
0.0025930538
0.0025552235
0.0025175081
0.0024797316
0.0024417428
0.0024034222
0.0023646899
0.0023255098
0.0022858855
0.0022458488
0.0022054455
0.0021647232
0.002123722
0.002082469
0.0020409789
0.0019992625
0.0019573358
0.0019152185
0.0018729205
0.0018304311
0.0017877293
0.0017447973
0.0017016036
0.0016580883
0.0016141961
0.0015699095
0.0015252178
0.0014800891
0.0014344972
0.0013884251
0.0013418321
0.0012946595
0.0012468728
0.00119846
0.0011494082
0.0010996972
0.0010493096
0.00099822272
0.00094639284
0.0008938118
0.00084050527
0.00078647773
0.00073176061
0.00067639727
0.00062044279
0.00056402899
0.00050741301
0.0004507864
0.00039509941
0.00033988424
0.00029117858
0.00024140612
0.00020956568
1.0441343e-05
0.0043322591
0.0043410193
0.0043494582
0.0043572793
0.004364169
0.004369901
0.0043742517
0.0043769335
0.0043775931
0.0043758285
0.0043711966
0.0043632167
0.0043513825
0.0043351852
0.0043141471
0.0042878618
0.0042560357
0.0042185258
0.0041753652
0.0041267695
0.0040731234
0.0040149513
0.00395288
0.0038876013
0.0038198394
0.0037503228
0.0036797616
0.0036088294
0.0035381504
0.0034682877
0.0033997353
0.0033329113
0.0032681543
0.0032057219
0.0031457892
0.0030884488
0.0030337141
0.0029815274
0.0029317709
0.0028842768
0.0028388379
0.0027952178
0.0027531608
0.0027124028
0.0026726814
0.0026337446
0.002595357
0.0025573039
0.0025193915
0.0024814471
0.0024433219
0.0024048975
0.0023660924
0.0023268665
0.0022872171
0.0022471695
0.0022067631
0.0021660406
0.0021250388
0.0020837836
0.0020422896
0.0020005677
0.0019586327
0.0019165022
0.0018741853
0.0018316725
0.0017889438
0.0017459803
0.0017027514
0.0016592014
0.0016152774
0.001570959
0.0015262343
0.0014810732
0.0014354487
0.0013893422
0.0013427144
0.0012955097
0.0012476928
0.0011992503
0.0011501689
0.0011004286
0.001050011
0.00099889361
0.00094703562
0.00089442744
0.00084109225
0.00078703612
0.00073228844
0.00067689214
0.00062090331
0.0005644497
0.00050778176
0.00045109272
0.00039528711
0.00033998833
0.00029071059
0.00024061728
0.00020378655
1.5853363e-05
0.0043038283
0.0043116614
0.0043191509
0.0043260069
0.0043319261
0.0043366935
0.0043400993
0.0043418755
0.0043416949
0.0043391893
0.0043339569
0.0043255656
0.0043135626
0.0042974944
0.0042769342
0.004251515
0.0042209643
0.0041851359
0.0041440329
0.0040978169
0.0040468007
0.0039914277
0.0039322428
0.0038698613
0.0038049394
0.0037381483
0.0036701519
0.0036015883
0.0035330562
0.0034651022
0.0033982118
0.0033328019
0.0032692163
0.0032077223
0.0031485098
0.00309169
0.0030372987
0.0029853026
0.0029356082
0.0028880721
0.0028425105
0.0027987084
0.00275643
0.0027154285
0.0026754563
0.0026362728
0.0025976516
0.0025593841
0.002521281
0.0024831732
0.0024449148
0.0024063883
0.002367511
0.0023282392
0.0022885646
0.0022485057
0.0022080962
0.0021673739
0.0021263724
0.0020851158
0.0020436188
0.0020018921
0.0019599495
0.0019178066
0.0018754715
0.0018329359
0.0017901807
0.0017471863
0.0017039227
0.0016603382
0.001616382
0.0015720316
0.0015272738
0.0014820799
0.0014364225
0.0013902812
0.0013436184
0.0012963809
0.0012485333
0.0012000605
0.0011509489
0.0011011785
0.0010507304
0.00099958191
0.00094769499
0.00089505885
0.00084169423
0.00078760851
0.00073282928
0.00067739886
0.00062137412
0.00056487885
0.00050815646
0.00045140136
0.00039547199
0.00034007478
0.00029021613
0.00023970764
0.00019821311
2.0838756e-05
0.0042751229
0.0042820684
0.0042886517
0.004294591
0.004299594
0.004303457
0.0043059845
0.0043069273
0.0043059832
0.0043028147
0.0042970577
0.0042883229
0.0042762049
0.0042602979
0.0042402196
0.0042156377
0.0041862994
0.0041520576
0.0041128925
0.0040689209
0.0040203946
0.0039676859
0.0039112658
0.0038516782
0.0037895142
0.0037253884
0.0036599179
0.0035937039
0.0035273171
0.0034612852
0.0033960826
0.0033321224
0.0032697508
0.0032092432
0.0031508017
0.0030945547
0.0030405583
0.002988802
0.0029392159
0.0028916802
0.0028460336
0.0028020827
0.0027596114
0.0027183904
0.0026781868
0.0026387724
0.0025999299
0.0025614575
0.0025231711
0.0024849056
0.0024465177
0.0024078914
0.0023689432
0.0023296259
0.0022899259
0.0022498558
0.0022094435
0.0021687219
0.0021277214
0.0020864645
0.0020449655
0.002003235
0.0019612854
0.0019191309
0.0018767786
0.0018342209
0.0017914396
0.0017484149
0.0017051172
0.0016614984
0.0016175099
0.0015731275
0.0015283364
0.0014831095
0.0014374187
0.0013912424
0.0013445442
0.0012972734
0.0012493945
0.0012008909
0.0011517485
0.0011019474
0.0010514681
0.0010002879
0.00094837124
0.0008957063
0.00084231147
0.00078819515
0.00073338334
0.00067791759
0.00062185533
0.00056531648
0.00050853703
0.00045171206
0.00039565356
0.00034014252
0.00028969317
0.0002386854
0.00019285865
2.5405838e-05
0.0042461717
0.0042522703
0.0042579918
0.0042630635
0.0042672043
0.0042702225
0.0042719362
0.0042721144
0.0042704783
0.0042667191
0.0042605061
0.0042514885
0.0042393023
0.0042235837
0.0042039889
0.0041802167
0.0041520319
0.0041192891
0.0040819503
0.0040400962
0.0039939265
0.0039437517
0.0038899763
0.003833078
0.0037735864
0.0037120611
0.0036490722
0.0035851828
0.003520934
0.0034568322
0.0033933384
0.0033308595
0.0032697416
0.0032102657
0.0031526445
0.0030970214
0.0030434713
0.0029920045
0.0029425738
0.0028950818
0.0028493895
0.0028053245
0.0027626904
0.0027212754
0.0026808617
0.0026412336
0.0026021835
0.0025635172
0.002525056
0.002486639
0.0024481263
0.0024094031
0.0023703857
0.0023310237
0.0022912988
0.0022512178
0.002210803
0.0021700829
0.0021290844
0.0020878283
0.0020463285
0.002004595
0.0019626395
0.0019204743
0.0018781057
0.0018355267
0.0017927201
0.0017496656
0.0017063345
0.0016626818
0.0016186609
0.0015742463
0.001529422
0.0014841616
0.0014384372
0.0013922256
0.0013454918
0.0012981873
0.0012502764
0.0012017415
0.0011525678
0.0011027353
0.0010522241
0.0010010117
0.00094906446
0.00089636987
0.000842944
0.00078879606
0.00073395059
0.00067844828
0.00062234683
0.00056576238
0.00050892317
0.0004520243
0.00039583109
0.00034019039
0.00028913938
0.00023755877
0.00018773784
2.9564113e-05
0.0042170031
0.0042222965
0.0042272014
0.0042314546
0.004234787
0.0042370184
0.0042379803
0.0042374593
0.0042351982
0.0042309145
0.0042243078
0.0042150616
0.0042028481
0.0041873405
0.004168229
0.0041452394
0.0041181534
0.004086828
0.0040512119
0.0040113559
0.0039674162
0.0039196494
0.0038684004
0.0038140866
0.0037571795
0.0036981857
0.0036376289
0.0035760335
0.0035139097
0.0034517408
0.003389972
0.0033290017
0.0032691737
0.0032107723
0.003154019
0.0030990698
0.0030460164
0.002994889
0.0029456612
0.0028982573
0.0028525598
0.0028084171
0.0027656518
0.00272407
0.0026834691
0.0026436461
0.0026044037
0.0025655555
0.002526929
0.002488368
0.0024497358
0.0024109196
0.0023718353
0.00233243
0.0022926809
0.0022525896
0.002212173
0.0021714551
0.0021304598
0.0020892059
0.0020477065
0.0020059713
0.0019640108
0.001921836
0.0018794522
0.0018368528
0.0017940216
0.0017509382
0.0017075745
0.0016638881
0.001619835
0.0015753882
0.0015305306
0.0014852366
0.0014394783
0.0013932313
0.0013464615
0.0012991229
0.0012511795
0.0012026127
0.001153407
0.0011035426
0.0010529989
0.0010017537
0.00094977504
0.00089704993
0.0008435922
0.00078941159
0.00073453135
0.00067899119
0.00062284881
0.00056621664
0.00050931486
0.00045233788
0.00039600415
0.00034021773
0.00028855271
0.00023633585
0.00018286598
3.3328537e-05
0.0041876458
0.0041921761
0.0041963098
0.0041997934
0.0042023702
0.0042038712
0.004204141
0.0042029824
0.0042001586
0.0041954113
0.0041884673
0.0041790406
0.0041668356
0.0041515578
0.0041329273
0.004110694
0.0040846552
0.0040546714
0.0040206813
0.0039827115
0.0039408816
0.0038954013
0.003846563
0.0037947291
0.0037403168
0.0036837821
0.0036256035
0.0035662663
0.0035062491
0.0034460104
0.003385978
0.0033265392
0.0032680336
0.0032107468
0.0031549063
0.0031006796
0.003048173
0.0029974344
0.0029484575
0.0029011869
0.0028555258
0.0028113429
0.0027684798
0.0027267599
0.0026859962
0.0026459986
0.0026065805
0.002567564
0.0025287829
0.0024900862
0.0024513409
0.0024124362
0.0023732879
0.0023338411
0.0022940691
0.0022539683
0.0022135509
0.0021728365
0.0021318457
0.0020905954
0.0020490978
0.0020073621
0.0019653979
0.0019232146
0.0018808167
0.0018381981
0.0017953432
0.0017522316
0.0017088361
0.0016651168
0.0016210315
0.0015765526
0.0015316618
0.0014863341
0.0014405415
0.001394259
0.0013474531
0.0013000798
0.0012521035
0.0012035042
0.0011542661
0.001104369
0.0010537924
0.0010025136
0.0009505028
0.0008977463
0.00084425585
0.0007900415
0.00073512535
0.00067954599
0.0006233609
0.00056667882
0.00050971155
0.00045265205
0.0003961718
0.0003402233
0.00028793277
0.00023502567
0.00017824348
3.6708738e-05
0.0041581273
0.0041619371
0.0041653447
0.0041681073
0.0041699801
0.0041708053
0.0041704398
0.0041687018
0.0041653734
0.0041602182
0.004152988
0.0041434235
0.0041312581
0.0041162255
0.0040980722
0.0040765698
0.0040515296
0.0040228166
0.0039903621
0.0039541734
0.0039143391
0.0038710289
0.0038244886
0.0037750307
0.0037230224
0.0036688716
0.0036130131
0.0035558936
0.0034979594
0.003439643
0.0033813532
0.0033234646
0.00326631
0.0032101744
0.0031552896
0.0031018319
0.0030499208
0.0029996203
0.0029509421
0.0029038506
0.0028582686
0.0028140842
0.002771158
0.0027293304
0.0026884298
0.0026482796
0.002608704
0.002569534
0.0025306103
0.0024917874
0.0024529362
0.0024139482
0.0023747397
0.0023352539
0.0022954606
0.0022553518
0.0022149348
0.0021742252
0.0021332404
0.0020919953
0.0020505012
0.0020087665
0.0019667999
0.0019246094
0.0018821988
0.0018395622
0.0017966846
0.0017535459
0.0017101195
0.0016663678
0.0016222506
0.0015777398
0.0015328158
0.0014874543
0.0014416274
0.0013953093
0.0013484671
0.0013010588
0.001253049
0.0012044168
0.0011551456
0.0011052154
0.0010546051
0.0010032923
0.00095124846
0.00089845967
0.00084493561
0.00079068646
0.0007357332
0.00068011325
0.00062388361
0.00056714931
0.00051011351
0.00045296687
0.00039633394
0.00034020675
0.00028728144
0.00023363823
0.0001738764
3.9718155e-05
0.0041284755
0.0041316068
0.004134333
0.0041364219
0.0041376409
0.0041378428
0.004136896
0.0041346332
0.004130854
0.0041253421
0.0041178716
0.0041082076
0.0040961085
0.0040813335
0.0040636522
0.0040428557
0.0040187683
0.0039912597
0.0039602564
0.0039257499
0.0038878032
0.0038465514
0.0038021995
0.0037550151
0.0037053193
0.0036534753
0.0035998753
0.0035449287
0.0034890488
0.003432642
0.0033760961
0.0033197715
0.0032639927
0.0032090415
0.0031551522
0.0031025082
0.00305124
0.0030014259
0.0029530944
0.002906228
0.0028607684
0.0028166224
0.0027736689
0.0027317653
0.0026907554
0.0026504759
0.0026107625
0.0025714551
0.0025324021
0.0024934635
0.0024545146
0.0024154495
0.0023761851
0.0023366634
0.0022968511
0.0022567361
0.0022163211
0.002175618
0.0021346409
0.0020934028
0.0020519139
0.0020101819
0.0019682143
0.0019260182
0.0018835964
0.001840943
0.0017980439
0.0017548792
0.0017114229
0.0016676396
0.001623491
0.0015789484
0.0015339915
0.0014885962
0.0014427349
0.0013963811
0.0013495025
0.0013020589
0.0012540152
0.0012053496
0.0011560449
0.0011060809
0.0010554363
0.0010040888
0.00095201123
0.00089918925
0.00084563069
0.00079134564
0.00073635404
0.00068069209
0.00062441598
0.00056762708
0.0005105196
0.00045328105
0.0003964891
0.00034016664
0.00028659948
0.00023218157
0.00016973741
4.2353015e-05
0.0040987167
0.0041012114
0.0041033003
0.0041047618
0.0041053755
0.0041050044
0.0041035276
0.0041007912
0.0040966112
0.0040907894
0.0040831202
0.0040733903
0.0040613807
0.004046873
0.0040296575
0.0040095424
0.0039863644
0.0039599981
0.0039303667
0.0038974496
0.003861288
0.0038219878
0.003779718
0.0037347063
0.0036872318
0.0036376154
0.0035862096
0.0035333868
0.0034795284
0.0034250132
0.0033702078
0.0033154566
0.0032610739
0.0032073368
0.0031544801
0.0031026921
0.0030521125
0.0030028322
0.0029548948
0.0029082997
0.0028630064
0.0028189397
0.002775996
0.0027340496
0.0026929594
0.0026525755
0.0026127453
0.0025733183
0.0025341504
0.0024951079
0.0024560705
0.0024169354
0.0023776204
0.0023380667
0.0022982382
0.002258119
0.0022177082
0.0021770134
0.0021360461
0.0020948171
0.0020533353
0.0020116078
0.001969641
0.0019274409
0.0018850094
0.0018423409
0.0017994216
0.0017562321
0.0017127472
0.0016689331
0.0016247535
0.0015801796
0.00153519
0.0014897611
0.0014438653
0.0013974757
0.0013505608
0.0013030815
0.0012550035
0.0012063041
0.0011569653
0.001106967
0.0010562876
0.0010049048
0.00095279264
0.00089993656
0.00084634257
0.0007920205
0.0007369893
0.00068128383
0.00062495929
0.00056811328
0.00051093087
0.00045359543
0.00039663795
0.00034010375
0.00028588975
0.00023066525
0.00016593828
4.460297e-05
0.0040688754
0.0040707746
0.0040722693
0.0040731485
0.0040732036
0.0040723073
0.0040703489
0.0040671868
0.0040626521
0.0040565632
0.0040487327
0.0040389668
0.0040270666
0.0040128336
0.0039960764
0.003976619
0.0039543091
0.0039290268
0.0039006931
0.0038692778
0.0038348045
0.0037973539
0.0037570638
0.0037141263
0.0036687821
0.0036213135
0.0035720351
0.0035212839
0.0034694096
0.0034167638
0.0033636906
0.0033105174
0.0032575469
0.0032050497
0.0031532591
0.0031023666
0.0030525192
0.0030038187
0.0029563221
0.0029100443
0.0028649613
0.0028210153
0.0027781196
0.0027361646
0.0026950244
0.0026545626
0.0026146381
0.0025751103
0.0025358434
0.0024967098
0.0024575943
0.0024183971
0.0023790376
0.0023394563
0.0022996151
0.0022594946
0.0022190902
0.0021784061
0.0021374508
0.0020962332
0.0020547608
0.0020130398
0.0019710758
0.0019288735
0.0018864341
0.0018437521
0.0018008141
0.0017576012
0.0017140889
0.0016702451
0.0016260351
0.0015814302
0.0015364085
0.0014909461
0.0014450159
0.0013985907
0.0013516393
0.0013041242
0.0012560116
0.0012072779
0.0011579046
0.0011078714
0.0010571567
0.001005738
0.00095359048
0.00090069939
0.00084706905
0.00079270884
0.00073763675
0.00068188625
0.00062551127
0.00056860558
0.00051134486
0.00045390742
0.00039677785
0.00034001575
0.00028515194
0.0002290945
0.00016235729
4.6496213e-05
0.0036525872
0.0037370988
0.0038913136
0.004055565
0.0042235721
0.0043961239
0.0045705687
0.0047480702
0.0049363077
0.0051772121
0.0036525808
0.0037370874
0.0038912943
0.0040555316
0.0042235121
0.0043960142
0.0045703377
0.0047474284
0.0049332524
0.0051502977
0.0036525675
0.003737064
0.003891254
0.0040554613
0.0042233866
0.0043957822
0.0045698582
0.0047460645
0.0049277634
0.005121072
0.0036525464
0.0037370273
0.0038911902
0.0040553503
0.0042231888
0.0043954154
0.0045691048
0.0047439684
0.004920691
0.0050953936
0.0036525168
0.003736976
0.0038911008
0.0040551949
0.004222912
0.0043949026
0.0045680486
0.0047412173
0.0049123278
0.0050719603
0.0036524777
0.0037369088
0.0038909833
0.0040549907
0.0042225488
0.0043942292
0.0045666741
0.0047378124
0.0049030698
0.0050499597
0.0036524284
0.0037368244
0.003890835
0.0040547332
0.0042220913
0.004393382
0.0045649644
0.0047337704
0.0048931974
0.0050289851
0.0036523678
0.0037367211
0.0038906532
0.0040544177
0.0042215313
0.0043923472
0.0045629013
0.004729121
0.0048827665
0.0050088194
0.0036522949
0.0037365973
0.0038904348
0.0040540389
0.0042208598
0.0043911105
0.0045604701
0.0047238804
0.0048718299
0.004989336
0.0036522086
0.0037364513
0.0038901766
0.0040535913
0.0042200676
0.0043896574
0.0045576559
0.0047180625
0.0048604373
0.0049704159
0.0036521076
0.003736281
0.003889875
0.0040530691
0.0042191449
0.004387973
0.004554445
0.0047116809
0.0048486272
0.004951948
0.0036519907
0.0037360844
0.0038895264
0.004052466
0.0042180814
0.0043860425
0.0045508241
0.0047047474
0.0048364282
0.0049338324
0.0036518564
0.0037358594
0.0038891268
0.0040517754
0.0042168663
0.0043838504
0.0045467808
0.004697272
0.0048238603
0.0049159781
0.0036517033
0.0037356036
0.0038886718
0.0040509901
0.0042154884
0.0043813816
0.004542303
0.0046892632
0.0048109363
0.0048983024
0.0036515297
0.0037353144
0.003888157
0.0040501027
0.0042139359
0.0043786204
0.0045373795
0.0046807273
0.004797663
0.0048807289
0.003651334
0.0037349892
0.0038875776
0.0040491053
0.0042121966
0.0043755513
0.0045319993
0.0046716695
0.0047840414
0.0048631874
0.0036511142
0.003734625
0.0038869283
0.0040479894
0.0042102578
0.0043721586
0.0045261516
0.0046620928
0.0047700683
0.004845613
0.0036508683
0.0037342188
0.0038862036
0.0040467464
0.0042081064
0.0043684266
0.0045198262
0.0046519989
0.0047557367
0.0048279459
0.0036505943
0.0037337673
0.0038853979
0.0040453668
0.0042057289
0.0043643396
0.0045130131
0.0046413878
0.0047410364
0.0048101305
0.0036502898
0.003733267
0.0038845047
0.004043841
0.0042031114
0.004359882
0.0045057024
0.0046302583
0.0047259551
0.004792116
0.0036499525
0.003732714
0.0038835177
0.0040421587
0.0042002396
0.0043550382
0.0044978847
0.0046186079
0.0047104788
0.0047738554
0.0036495796
0.0037321044
0.0038824298
0.0040403092
0.0041970989
0.0043497929
0.0044895505
0.0046064332
0.0046945923
0.0047553058
0.0036491684
0.003731434
0.0038812337
0.0040382814
0.0041936743
0.0043441306
0.0044806908
0.0045937296
0.0046782799
0.0047364284
0.0036487158
0.0037306981
0.0038799216
0.0040360636
0.0041899507
0.0043380365
0.0044712967
0.0045804923
0.0046615259
0.0047171886
0.0036482188
0.0037298921
0.0038784854
0.0040336437
0.0041859127
0.0043314958
0.0044613597
0.0045667158
0.0046443152
0.0046975555
0.0036476738
0.0037290107
0.0038769164
0.0040310092
0.0041815447
0.004324494
0.0044508715
0.0045523946
0.0046266333
0.0046775026
0.0036470772
0.0037280485
0.0038752056
0.0040281471
0.0041768311
0.0043170172
0.0044398243
0.0045375233
0.0046084672
0.0046570072
0.0036464251
0.0037269999
0.0038733436
0.0040250441
0.004171756
0.0043090518
0.004428211
0.0045220968
0.0045898053
0.0046360508
0.0036457133
0.0037258586
0.0038713202
0.0040216863
0.0041663039
0.0043005847
0.004416025
0.0045061106
0.0045706381
0.0046146192
0.0036449375
0.0037246183
0.0038691252
0.0040180597
0.0041604591
0.0042916037
0.0044032602
0.0044895613
0.0045509581
0.0045927021
0.0036440928
0.003723272
0.0038667477
0.0040141498
0.004154206
0.004282097
0.0043899117
0.0044724461
0.0045307601
0.004570293
0.0036431743
0.0037218128
0.0038641764
0.0040099419
0.0041475294
0.0042720538
0.0043759755
0.0044547638
0.0045100415
0.0045473898
0.0036421766
0.0037202329
0.0038613995
0.0040054211
0.0041404144
0.004261464
0.0043614484
0.0044365147
0.0044888022
0.0045239937
0.003641094
0.0037185243
0.0038584049
0.0040005722
0.0041328464
0.0042503187
0.0043463288
0.0044177007
0.0044670449
0.0045001097
0.0036399205
0.0037166788
0.0038551799
0.0039953799
0.0041248114
0.0042386099
0.0043306161
0.0043983253
0.0044447749
0.0044757464
0.0036386496
0.0037146876
0.0038517117
0.003989829
0.004116296
0.0042263308
0.0043143115
0.0043783941
0.0044220002
0.0044509152
0.0036372746
0.0037125414
0.0038479867
0.0039839042
0.0041072874
0.0042134759
0.0042974173
0.0043579146
0.0043987312
0.0044256307
0.0036357882
0.0037102305
0.0038439914
0.0039775902
0.0040977736
0.0042000412
0.0042799379
0.0043368962
0.004374981
0.00439991
0.0036341829
0.0037077451
0.0038397116
0.003970872
0.0040877436
0.0041860238
0.004261879
0.0043153504
0.004350765
0.0043737726
0.0036324504
0.0037050745
0.0038351331
0.0039637348
0.0040771873
0.0041714227
0.0042432482
0.0042932906
0.0043261007
0.0043472402
0.0036305823
0.0037022079
0.0038302412
0.0039561642
0.0040660957
0.0041562381
0.0042240548
0.0042707322
0.0043010076
0.0043203361
0.0036285696
0.003699134
0.0038250213
0.0039481462
0.0040544611
0.0041404722
0.00420431
0.0042476922
0.0042755069
0.0042930849
0.0036264027
0.003695841
0.0038194584
0.0039396673
0.0040422769
0.0041241286
0.0041840265
0.0042241894
0.0042496212
0.0042655125
0.0036240717
0.0036923169
0.0038135376
0.0039307149
0.0040295379
0.0041072127
0.0041632189
0.0042002442
0.0042233747
0.0042376456
0.003621566
0.0036885493
0.003807244
0.0039212769
0.0040162406
0.0040897317
0.0041419033
0.0041758784
0.0041967924
0.0042095114
0.0036188745
0.0036845252
0.0038005625
0.0039113421
0.0040023826
0.0040716944
0.0041200974
0.0041511149
0.0041698999
0.0041811374
0.0036159857
0.0036802315
0.0037934783
0.0039009007
0.0039879635
0.0040531113
0.0040978203
0.0041259776
0.0041427236
0.0041525509
0.0036128873
0.0036756548
0.0037859768
0.0038899436
0.003972984
0.0040339944
0.0040750925
0.0041004913
0.0041152901
0.0041237794
0.0036095666
0.0036707814
0.0037780435
0.0038784632
0.003957447
0.0040143575
0.0040519352
0.0040746811
0.0040876258
0.0040948493
0.0036060103
0.0036655976
0.0037696642
0.0038664533
0.0039413569
0.0039942161
0.0040283715
0.004048573
0.004059757
0.0040657863
0.0036020457
0.0036598609
0.0037604585
0.0038533866
0.0039240274
0.0039727289
0.0040034294
0.0040210973
0.0040305454
0.0040354052
0.003597174
0.0036528724
0.0037493383
0.0038377654
0.003903535
0.0039475769
0.0039744739
0.0039893943
0.0039969811
0.0040005961
0.0035908464
0.0036439004
0.0037352213
0.0038181684
0.0038781598
0.0039168056
0.0039393914
0.0039512533
0.0039567963
0.003959057
0.0035825617
0.0036323383
0.0037173071
0.0037936177
0.0038468501
0.003879374
0.0038971915
0.0039057414
0.0039091063
0.0039099382
0.003571618
0.0036173791
0.0036946433
0.0037629759
0.003808433
0.0038341864
0.0038468884
0.0038519692
0.0038530946
0.0038524781
0.0035570442
0.0035979412
0.0036660957
0.00372497
0.0037616768
0.0037801821
0.0037876062
0.0037892029
0.0037881186
0.0037860872
0.0035375749
0.0035727131
0.0036302831
0.0036782065
0.0037053593
0.0037164149
0.0037186496
0.003716934
0.003713812
0.0037105093
0.0035115698
0.0035400484
0.0035856001
0.0036213036
0.0036384548
0.0036422403
0.0036396512
0.0036349198
0.0036299486
0.0036255043
0.0034769737
0.0034979938
0.0035303736
0.0035530935
0.0035603164
0.003557454
0.0035507892
0.0035436966
0.0035373681
0.0035321093
0.0034313577
0.0034443966
0.0034630433
0.0034727959
0.0034707913
0.0034621578
0.0034520108
0.0034428357
0.003435301
0.0034293766
0.0033721069
0.0033771312
0.0033824049
0.003380173
0.003370469
0.0033578425
0.0033458694
0.0033358594
0.0033278882
0.0033217036
0.0032968451
0.0032944746
0.0032879356
0.0032755577
0.0032593761
0.0032430077
0.0032289033
0.0032177738
0.0032093313
0.0032030276
0.0032040087
0.0031957463
0.0031801012
0.0031611852
0.0031426903
0.0031265552
0.0031132881
0.003102756
0.0030946265
0.0030885
0.0030939165
0.0030818027
0.0030595161
0.0030342235
0.0030110155
0.0029920626
0.0029775699
0.0029668279
0.0029589515
0.0029532
0.0029692969
0.0029563826
0.0029350393
0.0029141054
0.0028967159
0.0028824996
0.0028708586
0.0028615574
0.0028544042
0.0028490653
0.0028361515
0.0028198846
0.0027907858
0.0027611233
0.0027379006
0.0027215806
0.0027100278
0.0027015664
0.0026953347
0.0026908071
0.0027067353
0.0027051021
0.0026980313
0.0026886761
0.00267826
0.0026677812
0.0026584016
0.0026508106
0.0026450113
0.0026406786
0.0025719079
0.0025343877
0.0024941392
0.0024662017
0.0024478341
0.0024344787
0.0024244419
0.002417127
0.0024119244
0.0024082232
0.0040377358
0.0040390566
0.0040399759
0.0040402936
0.0040398135
0.0040384176
0.004036005
0.0040324461
0.0040275862
0.0040212597
0.0040132964
0.0040035206
0.003991752
0.0039778106
0.0039615222
0.0039427256
0.003921279
0.0038970681
0.0038700133
0.0038400764
0.0038072658
0.0037716401
0.0037333089
0.0036924314
0.0036492125
0.0036038972
0.0035567631
0.0035081122
0.0034582618
0.0034075354
0.0033562532
0.0033047241
0.0032532369
0.0032020542
0.0031514057
0.0031014844
0.003052443
0.0030043927
0.002957403
0.0029115032
0.0028666856
0.0028229091
0.0027801039
0.0027381769
0.0026970176
0.0026565035
0.0026165058
0.0025768944
0.002537542
0.0024983283
0.0024591433
0.0024198909
0.0023804923
0.0023408878
0.0023010375
0.0022609192
0.0022205245
0.0021798544
0.0021389143
0.0020977112
0.0020562511
0.0020145393
0.0019725803
0.0019303778
0.0018879324
0.0018452381
0.0018022824
0.0017590468
0.0017155074
0.0016716339
0.0016273931
0.0015827566
0.0015377017
0.0014922047
0.0014462389
0.0013997767
0.0013527874
0.0013052349
0.0012570858
0.001208316
0.0011589063
0.0011088364
0.0010580842
0.0010066275
0.00095444233
0.00090151381
0.00084784459
0.00079344343
0.00073832735
0.00068252826
0.00062609855
0.00056912789
0.00051178196
0.00045423274
0.00039691695
0.00033990105
0.00028435919
0.00022741144
0.00015893627
4.8109909e-05
0.0040021234
0.0040028344
0.0040031491
0.00400288
0.004001844
0.0039999335
0.0039970576
0.0039930995
0.0039879191
0.0039813675
0.0039732919
0.003963535
0.0039519356
0.0039383322
0.0039225681
0.0039044968
0.0038839881
0.003860934
0.0038352549
0.0038069061
0.003775882
0.0037422203
0.003706003
0.0036673568
0.00362645
0.0035834893
0.0035387132
0.003492386
0.0034447894
0.0033962152
0.0033469563
0.0032972991
0.0032475157
0.0031978572
0.0031485476
0.0030997791
0.0030517088
0.0030044563
0.002958103
0.0029126932
0.0028682359
0.0028247077
0.0027820572
0.0027402093
0.0026990706
0.0026585343
0.0026184857
0.0025788068
0.0025393806
0.0025000951
0.0024608469
0.0024215444
0.0023821112
0.0023424882
0.0023026338
0.002262523
0.0022221437
0.0021814935
0.0021405746
0.0020993916
0.0020579491
0.002016251
0.0019743008
0.0019321011
0.0018896514
0.001846946
0.0018039724
0.001760713
0.0017171448
0.001673239
0.0016289643
0.0015842925
0.0015392005
0.0014936646
0.0014476584
0.0014011542
0.0013541218
0.0013065265
0.0012583355
0.0012095241
0.0011600724
0.0011099597
0.0010591642
0.0010076634
0.00095543427
0.00090246186
0.000848747
0.00079429762
0.00073912956
0.0006832729
0.00062677794
0.00056972954
0.00051228168
0.00045459786
0.00039706071
0.00033973558
0.00028342002
0.000225431
0.00015535248
4.9612999e-05
0.003959716
0.0039597702
0.0039594366
0.0039585423
0.0039569191
0.0039544706
0.0039511166
0.0039467539
0.0039412582
0.0039344978
0.0039263382
0.0039166413
0.0039052654
0.0038920683
0.0038769113
0.0038596635
0.0038402069
0.0038184406
0.0037942867
0.0037676951
0.0037386478
0.0037071623
0.0036732941
0.0036371372
0.0035988226
0.0035585165
0.0035164158
0.0034727431
0.0034277408
0.0033816638
0.0033347727
0.0032873266
0.003239576
0.0031917562
0.0031440816
0.0030967409
0.003049893
0.0030036644
0.0029581479
0.0029134026
0.002869455
0.0028263009
0.002783909
0.0027422244
0.0027011731
0.0026606667
0.0026206071
0.0025808909
0.0025414137
0.0025020738
0.0024627759
0.0024234346
0.0023839771
0.0023443451
0.0023044964
0.002264403
0.0022240496
0.0021834296
0.0021425422
0.0021013892
0.0020599732
0.0020182967
0.0019763618
0.0019341699
0.0018917196
0.0018490049
0.001806014
0.0017627299
0.0017191305
0.001675189
0.0016308759
0.0015861637
0.0015410288
0.0014954476
0.0014493939
0.0014028403
0.0013557569
0.0013081105
0.0012598692
0.0012110077
0.0011615053
0.001111341
0.0010604928
0.0010089384
0.00095665557
0.00090362915
0.00084985807
0.00079534903
0.00074011641
0.00068418803
0.00062761123
0.0005704649
0.00051288879
0.00045503443
0.0003972213
0.00033950165
0.00028227152
0.00022301449
0.00015105713
5.1136644e-05
0.0039096869
0.0039090562
0.0039080502
0.0039065124
0.0039042913
0.0039013019
0.0038974755
0.0038927224
0.0038869349
0.0038799989
0.0038717984
0.0038622146
0.0038511253
0.0038384076
0.0038239411
0.0038076107
0.0037893111
0.0037689498
0.0037464518
0.0037217634
0.0036948562
0.0036657301
0.0036344158
0.003600976
0.0035655055
0.0035281298
0.0034890031
0.0034483041
0.0034062321
0.0033630014
0.0033188355
0.0032739611
0.0032286016
0.0031829717
0.0031372714
0.0030916812
0.0030463584
0.0030014336
0.0029570089
0.0029131572
0.0028699217
0.0028273182
0.0027853363
0.0027439431
0.0027030861
0.0026626977
0.0026226988
0.0025830034
0.0025435219
0.0025041655
0.0024648493
0.0024254953
0.0023860358
0.0023464151
0.0023065907
0.0022665326
0.0022262222
0.0021856492
0.0021448093
0.0021037013
0.0020623256
0.0020206831
0.0019787743
0.0019365991
0.0018941553
0.0018514364
0.0018084313
0.0017651236
0.0017214927
0.0016775136
0.0016331588
0.0015884017
0.0015432186
0.0014975858
0.0014514777
0.0014048669
0.0013577242
0.001310018
0.0012617173
0.0012127962
0.0011632333
0.0011130073
0.0010620959
0.001010477
0.000958129
0.00090503662
0.00085119668
0.00079661424
0.0007413018
0.00068528429
0.00062860508
0.00057133554
0.00051359819
0.00045552794
0.00039737177
0.00033915307
0.00028085612
0.00022013078
0.00014641774
5.2472232e-05
0.0038513144
0.0038500017
0.00384833
0.0038461611
0.0038433615
0.003839858
0.0038355927
0.0038304901
0.0038244586
0.0038174016
0.0038092213
0.0037998174
0.0037890869
0.0037769257
0.0037632309
0.0037479035
0.003730851
0.0037119901
0.0036912502
0.0036685761
0.0036439317
0.0036173024
0.0035886974
0.0035581516
0.003525726
0.0034915077
0.0034556086
0.0034181638
0.0033793279
0.0033392719
0.0032981785
0.0032562374
0.00321364
0.0031705745
0.003127221
0.0030837467
0.0030403019
0.0029970171
0.0029539998
0.0029113336
0.002869077
0.0028272641
0.0027859057
0.0027449911
0.0027044908
0.0026643595
0.0026245396
0.0025849646
0.0025455627
0.0025062602
0.0024669847
0.0024276683
0.0023882501
0.0023486784
0.0023089119
0.0022689198
0.0022286808
0.0021881814
0.0021474139
0.0021063742
0.0020650603
0.0020234709
0.0019816051
0.0019394613
0.0018970361
0.0018543228
0.0018113106
0.0017679843
0.0017243247
0.0016803086
0.0016359108
0.0015911059
0.0015458702
0.0015001801
0.0014540106
0.0014073349
0.0013601244
0.0013123489
0.0012639785
0.0012149872
0.0011653526
0.0011150529
0.0010640659
0.0010123694
0.0009599425
0.00090676951
0.00085284506
0.00079817203
0.00074276053
0.00068663186
0.00062982398
0.00057239883
0.00051445826
0.00045611466
0.00039753318
0.00033869174
0.00027916787
0.00021687142
0.00014151572
5.3369272e-05
0.0037840399
0.003782075
0.0037797732
0.0037770146
0.0037736834
0.0037697185
0.0037650725
0.0037596831
0.0037534744
0.0037463663
0.0037382781
0.0037291272
0.0037188283
0.003707295
0.0036944412
0.0036801832
0.0036644413
0.0036471419
0.00362822
0.0036076215
0.0035853053
0.0035612461
0.0035354363
0.0035078872
0.0034786308
0.0034477197
0.0034152273
0.0033812468
0.0033458895
0.0033092826
0.0032715663
0.0032328903
0.0031934096
0.0031532811
0.0031126591
0.0030716914
0.0030305153
0.002989255
0.0029480182
0.0029068941
0.0028659525
0.002825243
0.0027847951
0.0027446193
0.0027047089
0.0026650415
0.0026255821
0.0025862858
0.0025471005
0.00250797
0.002468837
0.0024296457
0.0023903445
0.0023508879
0.0023112375
0.0022713634
0.002231243
0.0021908605
0.0021502054
0.0021092709
0.0020680526
0.0020265472
0.0019847521
0.0019426642
0.0019002791
0.0018575897
0.0018145857
0.001771253
0.0017275739
0.0016835274
0.0016390903
0.0015942389
0.00154895
0.0015032003
0.0014569653
0.0014102191
0.001362934
0.0013150812
0.0012666319
0.0012175602
0.0011678429
0.0011174577
0.0010663823
0.0010145945
0.00096207375
0.00090880389
0.00085477725
0.0007999939
0.00074446084
0.00068819474
0.00063122645
0.00057360603
0.00051541084
0.00045672363
0.00039762016
0.00033801631
0.00027712288
0.00021321302
0.00013638656
5.362018e-05
0.0037076796
0.0037051366
0.0037022801
0.0036990122
0.0036952349
0.0036908969
0.0036859603
0.0036803752
0.00367408
0.00366701
0.0036590998
0.0036502829
0.0036404901
0.003629651
0.0036176951
0.0036045527
0.0035901567
0.0035744434
0.0035573545
0.0035388387
0.0035188533
0.0034973663
0.0034743578
0.0034498216
0.0034237662
0.0033962159
0.0033672108
0.0033368075
0.0033050774
0.0032721067
0.0032379939
0.003202848
0.0031667859
0.0031299295
0.0030924025
0.0030543275
0.0030158226
0.0029769989
0.002937957
0.0028987857
0.0028595596
0.0028203385
0.0027811661
0.0027420708
0.002703066
0.002664151
0.0026253132
0.0025865293
0.0025477683
0.0025089931
0.0024701635
0.0024312381
0.0023921769
0.0023529427
0.0023135031
0.0022738308
0.002233904
0.0021937062
0.0021532252
0.0021124522
0.0020713808
0.0020300061
0.0019883238
0.0019463296
0.001904018
0.0018613819
0.0018184113
0.0017750933
0.001731412
0.0016873486
0.0016428821
0.0015979905
0.0015526517
0.0015068431
0.0014605411
0.0014137205
0.0013663551
0.0013184173
0.0012698797
0.0012207166
0.0011709041
0.0011204197
0.0010692407
0.001017345
0.00096471198
0.00091132492
0.00085717358
0.00080225463
0.00074657099
0.00069013347
0.00063296375
0.00057509707
0.00051658229
0.00045746486
0.00039772693
0.00033721173
0.00027483783
0.00020932026
0.00013129773
5.326075e-05
0.0036219953
0.0036189745
0.0036156693
0.0036119961
0.003607876
0.0036032688
0.0035981454
0.0035924657
0.0035861811
0.00357924
0.0035715909
0.0035631809
0.0035539553
0.0035438576
0.003532831
0.0035208188
0.0035077653
0.0034936166
0.0034783218
0.0034618341
0.0034441118
0.00342512
0.0034048314
0.0033832277
0.0033603009
0.0033360536
0.0033105001
0.0032836668
0.0032555919
0.0032263254
0.0031959285
0.0031644719
0.0031320353
0.0030987046
0.0030645707
0.0030297269
0.0029942667
0.0029582815
0.0029218581
0.0028850769
0.0028480099
0.0028107196
0.0027732573
0.0027356632
0.0026979657
0.0026601821
0.0026223189
0.0025843732
0.0025463339
0.0025081835
0.0024698995
0.0024314565
0.0023928279
0.0023539876
0.0023149109
0.0022755762
0.0022359649
0.0021960618
0.0021558548
0.0021153345
0.0020744935
0.0020333258
0.001991826
0.0019499889
0.0019078086
0.0018652778
0.0018223873
0.0017791254
0.0017354781
0.0016914287
0.0016469587
0.0016020483
0.0015566766
0.0015108223
0.0014644629
0.0014175746
0.0013701325
0.0013221105
0.0012734826
0.0012242235
0.0011743092
0.0011237167
0.0010724232
0.0010204063
0.00096764536
0.00091412241
0.00085982452
0.0008047443
0.00074887945
0.00069223339
0.00063481628
0.00057664533
0.00051773708
0.00045809292
0.00039760301
0.00033603865
0.00027212853
0.00020507751
0.00012622506
5.2119388e-05
0.0035281101
0.003524732
0.0035210994
0.0035171498
0.0035128165
0.0035080655
0.0035028746
0.0034972134
0.0034910441
0.0034843265
0.0034770205
0.0034690848
0.0034604765
0.0034511514
0.0034410644
0.0034301699
0.0034184227
0.0034057781
0.0033921927
0.0033776253
0.0033620373
0.0033453939
0.0033276648
0.0033088251
0.0032888561
0.0032677461
0.003245491
0.0032220952
0.0031975712
0.0031719405
0.0031452332
0.0031174878
0.0030887501
0.0030590731
0.0030285153
0.0029971397
0.0029650125
0.0029322008
0.0028987718
0.0028647908
0.0028303194
0.0027954145
0.0027601271
0.0027245009
0.0026885724
0.0026523697
0.0026159134
0.0025792162
0.0025422837
0.0025051155
0.002467706
0.0024300454
0.0023921213
0.0023539197
0.0023154263
0.0022766269
0.0022375088
0.0021980604
0.0021582721
0.0021181358
0.0020776444
0.0020367922
0.0019955737
0.0019539836
0.0019120161
0.0018696645
0.0018269203
0.0017837737
0.0017402123
0.0016962221
0.0016517871
0.0016068897
0.0015615112
0.0015156319
0.0014692309
0.001422286
0.0013747739
0.0013266704
0.0012779508
0.0012285907
0.0011785661
0.0011278538
0.0010764309
0.0010242748
0.00097136393
0.00091767902
0.00086320406
0.00080792684
0.0007518386
0.00069493363
0.00063720818
0.00057865827
0.00051926546
0.00045898335
0.00039762023
0.0003348911
0.00026945244
0.00020100954
0.00012171925
5.0697522e-05
0.0034250395
0.0034214581
0.0034176476
0.0034135558
0.0034091359
0.0034043646
0.0033992242
0.0033936905
0.0033877344
0.003381325
0.0033744317
0.0033670227
0.0033590649
0.0033505237
0.0033413639
0.0033315497
0.0033210446
0.0033098124
0.0032978169
0.0032850228
0.0032713961
0.0032569042
0.0032415171
0.0032252075
0.0032079515
0.0031897294
0.0031705257
0.0031503304
0.0031291387
0.0031069517
0.0030837766
0.0030596265
0.0030345207
0.0030084843
0.0029815476
0.0029537456
0.0029251175
0.0028957055
0.0028655541
0.0028347088
0.002803215
0.0027711173
0.0027384581
0.0027052767
0.0026716087
0.0026374853
0.002602933
0.0025679732
0.0025326223
0.0024968919
0.0024607892
0.0024243176
0.0023874774
0.0023502662
0.00231268
0.0022747139
0.0022363621
0.0021976192
0.0021584798
0.002118939
0.0020789923
0.0020386355
0.0019978645
0.0019566751
0.0019150626
0.0018730213
0.0018305447
0.0017876245
0.0017442509
0.0017004123
0.0016560956
0.0016112859
0.0015659669
0.0015201212
0.00147373
0.0014267733
0.0013792296
0.0013310768
0.0012822918
0.0012328513
0.0011827319
0.0011319105
0.0010803638
0.001028069
0.00097500356
0.00092114622
0.00086647745
0.00081097955
0.00075463608
0.00069743049
0.00063934311
0.00058034662
0.00052038733
0.00045937301
0.00039705004
0.00033310736
0.00026624287
0.00019662733
0.00011727908
4.8643816e-05
0.0033172168
0.0033135333
0.0033096545
0.0033055427
0.003301155
0.0032964703
0.0032914759
0.0032861549
0.0032804848
0.0032744421
0.0032680031
0.0032611436
0.0032538381
0.00324606
0.003237782
0.003228976
0.0032196131
0.0032096642
0.0031990999
0.0031878907
0.0031760074
0.0031634213
0.0031501046
0.0031360306
0.0031211743
0.0031055126
0.0030890248
0.0030716928
0.0030535017
0.00303444
0.0030144999
0.0029936776
0.0029719731
0.0029493908
0.0029259392
0.0029016307
0.0028764815
0.002850511
0.0028237419
0.0027961989
0.0027679089
0.0027388998
0.0027092
0.0026788378
0.0026478408
0.0026162351
0.0025840449
0.0025512922
0.0025179963
0.0024841739
0.0024498389
0.0024150024
0.002379673
0.002343857
0.0023075591
0.0022707819
0.0022335273
0.002195796
0.0021575882
0.0021189036
0.0020797415
0.002040101
0.0019999808
0.0019593792
0.0019182937
0.0018767211
0.001834657
0.0017920959
0.0017490307
0.0017054529
0.0016613521
0.0016167168
0.0015715336
0.0015257878
0.0014794633
0.0014325424
0.0013850064
0.001336835
0.0012880072
0.0012385012
0.0011882944
0.001137364
0.0010856868
0.0010332394
0.00097999797
0.00092593893
0.00087103873
0.00081527362
0.0007586185
0.00070104482
0.00064251609
0.00058298167
0.00052235637
0.00046051157
0.00039716002
0.00033200398
0.00026386657
0.00019332793
0.00011417702
4.725366e-05
0.0031985696
0.0031949636
0.0031911783
0.0031871834
0.0031829551
0.0031784808
0.0031737496
0.0031687468
0.0031634554
0.0031578575
0.0031519354
0.0031456704
0.0031390428
0.0031320324
0.0031246178
0.003116777
0.0031084875
0.0030997261
0.003090469
0.0030806921
0.0030703711
0.0030594815
0.0030479987
0.0030358987
0.0030231576
0.0030097524
0.0029956609
0.0029808623
0.0029653369
0.0029490668
0.0029320362
0.002914231
0.00289564
0.002876254
0.0028560667
0.0028350745
0.0028132766
0.0027906746
0.002767273
0.0027430787
0.0027181008
0.0026923504
0.0026658401
0.0026385841
0.0026105971
0.0025818949
0.002552493
0.0025224069
0.0024916516
0.0024602413
0.0024281893
0.0023955076
0.0023622072
0.0023282976
0.0022937874
0.0022586837
0.002222993
0.0021867205
0.0021498708
0.0021124478
0.0020744549
0.0020358947
0.0019967692
0.0019570801
0.001916828
0.0018760126
0.0018346329
0.0017926865
0.0017501696
0.001707077
0.0016634022
0.0016191367
0.001574271
0.0015287934
0.001482691
0.0014359492
0.0013885521
0.0013404821
0.0012917203
0.0012422467
0.0011920402
0.0011410787
0.0010893391
0.0010367973
0.00098342831
0.0009292058
0.0008741021
0.00081808711
0.00076112687
0.00070318086
0.0006441968
0.00058410415
0.00052279474
0.00046011979
0.00039579012
0.00032955661
0.00026041147
0.00018924619
0.00011052666
4.5106685e-05
0.0030841622
0.0030806499
0.0030769881
0.0030731566
0.0030691291
0.0030648922
0.0030604383
0.0030557574
0.0030508367
0.0030456621
0.0030402196
0.0030344949
0.0030284728
0.0030221376
0.0030154725
0.0030084606
0.0030010838
0.0029933238
0.0029851615
0.0029765773
0.0029675513
0.0029580629
0.0029480914
0.0029376157
0.0029266145
0.0029150667
0.0029029512
0.002890247
0.0028769337
0.0028629914
0.0028484009
0.0028331438
0.0028172028
0.0028005619
0.0027832063
0.0027651226
0.0027462994
0.0027267265
0.0027063957
0.0026853006
0.0026634364
0.0026408002
0.0026173907
0.0025932082
0.0025682545
0.0025425326
0.0025160466
0.0024888017
0.0024608037
0.002432059
0.0024025744
0.0023723569
0.0023414136
0.0023097517
0.0022773781
0.0022442996
0.0022105228
0.0021760543
0.0021409002
0.0021050666
0.0020685592
0.0020313833
0.001993544
0.0019550456
0.0019158917
0.0018760851
0.0018356274
0.0017945193
0.0017527601
0.0017103479
0.0016672793
0.0016235493
0.0015791515
0.0015340777
0.0014883181
0.0014418612
0.001394694
0.0013468015
0.0012981675
0.0012487739
0.0011986011
0.0011476282
0.0010958323
0.0010431892
0.00098967235
0.00093525318
0.00087989999
0.00082357703
0.00076624263
0.00070784644
0.00064832433
0.000587593
0.00052553388
0.00046199749
0.00039671925
0.00032952349
0.00025956727
0.00018798453
0.00010958369
4.4850986e-05
0.0029492027
0.0029460093
0.002942679
0.002939191
0.0029355353
0.0029317066
0.0029276975
0.0029234983
0.0029190985
0.0029144877
0.0029096549
0.0029045889
0.0028992778
0.0028937089
0.0028878692
0.0028817451
0.0028753223
0.002868586
0.002861521
0.0028541113
0.0028463405
0.0028381916
0.0028296472
0.0028206893
0.0028112996
0.0028014595
0.0027911499
0.0027803516
0.0027690452
0.0027572112
0.0027448301
0.0027318826
0.0027183494
0.0027042117
0.0026894511
0.0026740496
0.0026579899
0.0026412554
0.0026238305
0.0026057003
0.0025868509
0.0025672696
0.0025469449
0.0025258661
0.002504024
0.0024814103
0.0024580182
0.0024338416
0.0024088757
0.0023831167
0.0023565618
0.002329209
0.002301057
0.0022721055
0.0022423547
0.0022118058
0.0021804602
0.0021483204
0.0021153897
0.0020816724
0.0020471734
0.0020118986
0.0019758541
0.0019390462
0.0019014814
0.0018631651
0.0018241018
0.0017842946
0.0017437455
0.0017024552
0.0016604232
0.0016176472
0.0015741237
0.0015298473
0.001484811
0.001439006
0.0013924217
0.0013450458
0.001296864
0.0012478602
0.0011980162
0.001147312
0.0010957251
0.0010432311
0.00098980221
0.00093540783
0.00088001308
0.00082357803
0.00076605581
0.00070739008
0.00064751093
0.00058633146
0.00052373566
0.0004595889
0.00039366636
0.00032586455
0.00025548504
0.00018381044
0.00010611801
4.2751651e-05
0.002845314
0.0028422836
0.0028391365
0.0028358644
0.0028324484
0.0028288775
0.0028251466
0.00282125
0.0028171797
0.0028129266
0.0028084818
0.002803836
0.0027989796
0.0027939026
0.0027885942
0.0027830435
0.0027772388
0.002771168
0.0027648186
0.0027581776
0.0027512313
0.0027439657
0.0027363662
0.0027284176
0.0027201042
0.0027114101
0.0027023187
0.0026928129
0.0026828755
0.0026724886
0.002661634
0.0026502936
0.0026384485
0.0026260802
0.0026131697
0.0025996982
0.0025856471
0.0025709976
0.0025557304
0.0025398263
0.0025232665
0.0025060328
0.0024881072
0.0024694725
0.0024501119
0.0024300093
0.0024091495
0.0023875178
0.0023651008
0.0023418856
0.0023178607
0.0022930153
0.00226734
0.0022408263
0.0022134674
0.0021852576
0.0021561933
0.0021262727
0.0020954957
0.0020638635
0.0020313783
0.0019980431
0.0019638616
0.0019288372
0.0018929725
0.0018562692
0.0018187295
0.0017803555
0.001741149
0.0017011103
0.0016602386
0.0016185318
0.0015759871
0.0015326
0.0014883647
0.0014432739
0.0013973185
0.0013504879
0.0013027694
0.0012541487
0.001204609
0.0011541316
0.0011026951
0.0010502753
0.00099684487
0.00094237282
0.00088682361
0.00083015627
0.0007723228
0.0007132665
0.00065291906
0.00059119923
0.00052800369
0.00046322217
0.00039667045
0.00032830649
0.00025750077
0.00018559349
0.00010770056
4.3846241e-05
0.0026876966
0.0026852333
0.0026826652
0.0026799738
0.0026771577
0.0026742164
0.0026711444
0.002667934
0.002664578
0.0026610693
0.0026574011
0.0026535655
0.0026495545
0.0026453596
0.002640972
0.0026363824
0.0026315812
0.0026265582
0.0026213029
0.0026158042
0.0026100507
0.0026040303
0.0025977306
0.0025911385
0.0025842405
0.0025770226
0.0025694701
0.002561568
0.0025533005
0.0025446516
0.0025356045
0.002526142
0.0025162464
0.0025058995
0.0024950826
0.0024837766
0.002471962
0.0024596189
0.0024467269
0.0024332653
0.0024192131
0.002404549
0.0023892514
0.0023732988
0.0023566695
0.0023393415
0.0023212929
0.0023025016
0.0022829456
0.0022626027
0.0022414505
0.0022194664
0.0021966276
0.0021729104
0.0021482907
0.0021227399
0.0020962271
0.0020687451
0.0020403057
0.0020109239
0.0019806159
0.0019494013
0.0019173124
0.0018843915
0.0018506492
0.0018160693
0.0017806361
0.0017443411
0.0017071783
0.0016691401
0.0016302179
0.0015904027
0.0015496853
0.0015080559
0.0014655039
0.001422018
0.0013775856
0.0013321933
0.0012858262
0.0012384677
0.0011900999
0.0011407026
0.0010902535
0.0010387278
0.00098609768
0.00093233203
0.0008773955
0.00082124786
0.00076384307
0.00070512822
0.00064504183
0.00058351393
0.00052045954
0.00045579613
0.00038938356
0.0003212383
0.0002508465
0.00017964868
0.00010326111
4.1440894e-05
0.0026376098
0.0026351114
0.0026325238
0.002629848
0.0026270634
0.0026241572
0.0026211261
0.0026179672
0.0026146749
0.002611242
0.0026076615
0.0026039264
0.0026000296
0.0025959635
0.0025917197
0.0025872899
0.0025826652
0.0025778362
0.0025727932
0.002567526
0.0025620239
0.0025562758
0.0025502699
0.002543994
0.0025374355
0.0025305811
0.0025234169
0.0025159286
0.0025081011
0.002499919
0.0024913659
0.0024824252
0.0024730796
0.0024633109
0.0024531008
0.00244243
0.0024312787
0.0024196267
0.0024074539
0.0023947396
0.0023814632
0.0023676031
0.0023531379
0.0023380457
0.0023223044
0.0023058919
0.0022887861
0.002270965
0.0022524065
0.002233089
0.0022129912
0.0021920922
0.0021703716
0.0021478097
0.0021243876
0.0021000866
0.002074889
0.002048783
0.002021762
0.0019938225
0.0019649632
0.0019351862
0.001904499
0.0018729147
0.0018404439
0.001807101
0.0017729052
0.0017378474
0.0017019032
0.0016650519
0.0016272786
0.0015885696
0.0015489098
0.0015082836
0.0014666749
0.001424068
0.0013804466
0.0013357937
0.0012900917
0.0012433221
0.001195465
0.0011464994
0.0010964026
0.0010451498
0.00099271406
0.00093906557
0.00088417132
0.00082799453
0.00077049388
0.00071162286
0.00065132835
0.00058955105
0.00052621867
0.00046126255
0.00039455243
0.00032610704
0.00025536877
0.00018371118
0.00010636756
4.313664e-05
0.0024056848
0.0024036679
0.0024015642
0.002399365
0.00239707
0.0023946775
0.0023921827
0.0023895796
0.0023868628
0.0023840272
0.0023810669
0.0023779762
0.0023747485
0.0023713773
0.0023678557
0.0023641764
0.0023603318
0.0023563139
0.0023521143
0.0023477244
0.0023431349
0.0023383365
0.0023333189
0.0023280719
0.0023225846
0.0023168457
0.0023108434
0.0023045655
0.0022979992
0.0022911314
0.0022839483
0.0022764359
0.0022685794
0.0022603638
0.0022517735
0.0022427925
0.0022334046
0.0022235927
0.0022133399
0.0022026285
0.0021914409
0.002179759
0.0021675647
0.0021548398
0.002141566
0.0021277251
0.0021132992
0.0020982706
0.0020826221
0.0020663372
0.0020494001
0.002031796
0.0020135114
0.0019945343
0.0019748544
0.001954466
0.0019333665
0.001911535
0.0018889373
0.0018655382
0.0018413053
0.0018162059
0.0017902009
0.0017632484
0.0017353368
0.0017064861
0.0016767197
0.0016460227
0.0016143622
0.001581711
0.0015480491
0.0015133577
0.0014776162
0.0014408031
0.0014028971
0.0013638773
0.0013237228
0.0012824123
0.0012399241
0.0011962363
0.0011513261
0.0011051704
0.0010577449
0.0010090245
0.00095898269
0.0009075916
0.00085482178
0.00080064201
0.0007450192
0.00068791843
0.00062930266
0.00056913455
0.00050737193
0.00044398646
0.0003789064
0.00031222219
0.00024351497
0.00017423902
0.00010015385
4.0240679e-05
)
;

boundaryField
{
    inlet
    {
        type            zeroGradient;
    }
    top
    {
        type            zeroGradient;
    }
    outlet
    {
        type            fixedValue;
        value           uniform 0;
    }
    slipsurface
    {
        type            slip;
    }
    bottom
    {
        type            zeroGradient;
    }
    frontandback
    {
        type            empty;
    }
}


// ************************************************************************* //
