/*--------------------------------*- C++ -*----------------------------------*\
  =========                 |
  \\      /  F ield         | OpenFOAM: The Open Source CFD Toolbox
   \\    /   O peration     | Website:  https://openfoam.org
    \\  /    A nd           | Version:  12
     \\/     M anipulation  |
\*---------------------------------------------------------------------------*/
FoamFile
{
    format      ascii;
    class       volScalarField;
    location    "1600";
    object      p;
}
// * * * * * * * * * * * * * * * * * * * * * * * * * * * * * * * * * * * * * //

dimensions      [0 2 -2 0 0 0 0];

internalField   nonuniform List<scalar> 
7480
(
0.0087644178
0.0080255108
0.0069043329
0.0063279595
0.0060155904
0.0057313811
0.0054634953
0.0052349407
0.0050360383
0.004856583
0.0046899615
0.0045340068
0.0043890341
0.0042498233
0.0041166262
0.003987883
0.0038634325
0.003745959
0.0036365177
0.0035345731
0.0034408467
0.0033561453
0.0032812435
0.0032169388
0.003163615
0.0031202078
0.0030865975
0.0030611255
0.0030394567
0.0030184756
0.0029956407
0.0029698541
0.0029410338
0.0029110505
0.0028807776
0.0028492002
0.0028163176
0.0027819482
0.0027462596
0.0027102587
0.0026741311
0.0026374127
0.0026003241
0.002563139
0.0025263814
0.0024898783
0.0024531372
0.0024161712
0.0023795268
0.0023432315
0.0023067128
0.0022699912
0.0022334367
0.0021970472
0.0021603952
0.002123538
0.0020867111
0.0020498347
0.0020126106
0.0019752275
0.0019377257
0.0018998872
0.0018617528
0.001823395
0.0017846823
0.0017455935
0.0017061952
0.0016663739
0.0016261303
0.0015854896
0.0015443559
0.0015027523
0.0014606496
0.0014180266
0.0013748781
0.0013311541
0.00128686
0.001241973
0.0011964805
0.001150372
0.0011036385
0.0010562745
0.0010082789
0.00095965596
0.00091041854
0.00086058677
0.00081020199
0.00075930687
0.00070801515
0.00065637421
0.00060474826
0.000552968
0.00050252174
0.00045148252
0.00040715596
0.00035660256
0.00033839668
0.00025661138
0.00056006522
-0.00046642189
0.0082849203
0.007621716
0.0067897338
0.0063274528
0.0060663122
0.0058141344
0.0055640688
0.0053410314
0.0051438123
0.0049609181
0.0047889285
0.004626699
0.0044755619
0.0043305541
0.0041921468
0.0040592941
0.0039315575
0.0038099438
0.0036957731
0.0035897058
0.0034921271
0.003403535
0.0033246394
0.0032561047
0.0031979708
0.0031489861
0.0031093947
0.0030782866
0.0030518397
0.0030272566
0.0030022506
0.0029756297
0.0029469202
0.0029175912
0.0028880686
0.0028569696
0.0028242303
0.0027897693
0.0027538947
0.0027177065
0.0026814004
0.002644503
0.00260723
0.0025698416
0.0025328648
0.0024961324
0.0024591606
0.0024219672
0.002385099
0.0023485804
0.0023118395
0.0022749017
0.002238139
0.0022015482
0.0021647003
0.0021276548
0.0020906477
0.0020535981
0.0020162075
0.0019786661
0.0019410125
0.0019030285
0.0018647553
0.001826265
0.0017874256
0.0017482158
0.0017087021
0.0016687705
0.0016284217
0.0015876806
0.001546451
0.001504756
0.0014625661
0.0014198599
0.0013766321
0.0013328323
0.001288466
0.00124351
0.0011979517
0.0011517805
0.0011049871
0.001057566
0.0010095158
0.00096084079
0.00091155367
0.00086167446
0.0008112444
0.00076030607
0.00070897314
0.00065729287
0.00060562954
0.00055381357
0.00050333385
0.00045226224
0.00040790727
0.00035732519
0.00033908063
0.00025739978
0.00056090572
-0.0004657642
0.008000859
0.0075298397
0.0068533778
0.0063763253
0.0060727625
0.00579365
0.0055261474
0.0052908097
0.0050861047
0.004899672
0.0047274119
0.0045677631
0.0044192162
0.0042791784
0.004146266
0.0040196067
0.0038986504
0.0037836832
0.0036761792
0.0035772532
0.0034871077
0.0034060556
0.0033345817
0.0032730956
0.0032215377
0.003178812
0.0031433018
0.0031132794
0.0030862616
0.0030595022
0.0030310943
0.0030002723
0.0029668121
0.0029327782
0.0028993405
0.0028654456
0.0028309669
0.0027956703
0.0027596196
0.0027236497
0.0026876312
0.0026508623
0.0026135299
0.00257596
0.002538762
0.002501803
0.0024646143
0.0024272204
0.0023901645
0.0023534604
0.0023165353
0.002279423
0.0022424954
0.0022057452
0.0021687396
0.0021315415
0.002094388
0.0020571962
0.0020196665
0.0019819919
0.0019442096
0.0019061008
0.0018677078
0.0018291023
0.0017901515
0.0017508347
0.0017112181
0.0016711872
0.0016307429
0.0015899102
0.0015485923
0.0015068127
0.0014645413
0.0014217571
0.0013784542
0.0013345824
0.001290147
0.0012451247
0.0011995028
0.0011532706
0.0011064187
0.0010589414
0.0010108373
0.00096211065
0.000912774
0.00086284729
0.00081237171
0.00076138974
0.00071001501
0.00065829468
0.00060659312
0.00055474039
0.00050422617
0.0004531206
0.00040873638
0.00035812106
0.00033985867
0.00025826083
0.00056179331
-0.00046511634
0.0077537337
0.0073644004
0.0067718532
0.0063191151
0.0060242349
0.0057646195
0.0055168953
0.0052976338
0.0051047268
0.0049271803
0.0047609821
0.0046056319
0.0044578605
0.0043186137
0.0041851266
0.0040570493
0.0039340373
0.0038163953
0.0037056663
0.0036029715
0.0035085685
0.0034228895
0.0033465771
0.0032803269
0.0032245657
0.0031789076
0.0031412149
0.0031099518
0.003083736
0.0030595103
0.0030348872
0.0030085711
0.0029801511
0.0029497581
0.0029176322
0.0028838258
0.0028482391
0.0028108385
0.0027720512
0.0027333735
0.002695211
0.0026570459
0.0026189635
0.002581145
0.0025440148
0.0025071894
0.002470033
0.0024325542
0.0023953555
0.0023584808
0.0023213729
0.0022840879
0.0022469967
0.0022100837
0.002172915
0.0021355615
0.0020982607
0.0020609262
0.0020232556
0.0019854463
0.0019475343
0.0019092991
0.0018707847
0.0018320625
0.0017929983
0.001753572
0.0017138502
0.0016737172
0.0016331747
0.0015922475
0.0015508381
0.0015089706
0.0014666146
0.0014237489
0.0013803678
0.0013364206
0.0012919128
0.0012468209
0.0012011321
0.0011548356
0.001107922
0.0010603855
0.0010122246
0.00096344333
0.00091405431
0.00086407735
0.00081355356
0.00076252536
0.00071110632
0.00065934348
0.00060760128
0.00055570945
0.00050515828
0.00045401646
0.00040959993
0.00035894828
0.0003406695
0.00025901689
0.00056266964
-0.00046453506
0.0075275836
0.0071918244
0.0066891054
0.0062866875
0.0060064555
0.0057568397
0.0055144479
0.0052965641
0.0051020063
0.0049222844
0.0047539075
0.0045964295
0.0044475026
0.0043076714
0.0041742311
0.0040467884
0.0039250072
0.0038090938
0.0037003191
0.0035996336
0.0035073316
0.0034238381
0.0033496699
0.0032853295
0.003231043
0.0031861945
0.0031485538
0.0031166243
0.0030889531
0.0030625599
0.0030354173
0.0030068395
0.0029772061
0.002946158
0.0029141434
0.0028820242
0.0028492239
0.0028153509
0.0027802805
0.002744079
0.0027068477
0.0026687072
0.0026297355
0.0025903531
0.0025515458
0.0025133457
0.0024752775
0.0024372917
0.0023999345
0.0023630802
0.0023259813
0.0022886462
0.0022514644
0.002214434
0.0021771314
0.0021396475
0.0021022194
0.0020647555
0.0020269536
0.0019890191
0.0019509854
0.0019126301
0.0018739995
0.0018351648
0.0017959904
0.0017564572
0.001716632
0.0016763979
0.0016357576
0.0015947356
0.001553234
0.0015112775
0.0014688352
0.001425886
0.0013824243
0.0013383991
0.001293816
0.0012486515
0.0012028926
0.0011565286
0.0011095499
0.0010619507
0.0010137294
0.00096489003
0.00091544508
0.00086541433
0.00081483882
0.00076376088
0.00071229404
0.00066048526
0.00060869898
0.0005567647
0.000506173
0.00045499166
0.00041053843
0.00035984693
0.00034154442
0.00025980023
0.00056357595
-0.00046384961
0.0073268353
0.0070395573
0.0066124272
0.0062500367
0.0059784405
0.0057345295
0.0054993538
0.005286458
0.0050952577
0.0049186657
0.0047532821
0.0045984732
0.0044521633
0.0043142463
0.0041825627
0.0040566283
0.0039361833
0.0038214173
0.0037134244
0.0036130976
0.0035208309
0.0034371244
0.003362454
0.0032972447
0.0032416707
0.0031952004
0.003155969
0.0031225268
0.0030934623
0.0030660904
0.003038492
0.00300993
0.0029803296
0.0029490686
0.0029165771
0.002883542
0.0028494357
0.0028143495
0.0027785804
0.0027419939
0.0027051344
0.0026685429
0.0026319673
0.002595272
0.0025583296
0.002520956
0.0024830807
0.0024445713
0.0024062656
0.0023684761
0.0023306441
0.0022928156
0.0022554074
0.0022183239
0.0021809971
0.0021434705
0.0021059792
0.0020684337
0.0020305378
0.0019925115
0.0019543831
0.0019159284
0.0018771997
0.0018382685
0.0017989977
0.0017593696
0.0017194517
0.0016791258
0.0016383958
0.0015972862
0.0015556985
0.0015136581
0.0014711338
0.0014281048
0.0013845653
0.0013404643
0.0012958077
0.0012505717
0.0012047435
0.0011583122
0.0011112683
0.001063606
0.0010153238
0.00096642536
0.00091692339
0.00086683755
0.00081620885
0.00076507958
0.00071356324
0.00066170669
0.00060987434
0.00055789561
0.00050726102
0.00045603802
0.00041154462
0.00036081055
0.0003424783
0.00026064313
0.00056449046
-0.00046300912
0.0071464793
0.0069024832
0.0065377258
0.006208965
0.0059470657
0.0057105052
0.0054837763
0.005276637
0.005089135
0.0049153553
0.0047522988
0.0045992223
0.0044543383
0.0043173352
0.0041865468
0.0040614348
0.0039418131
0.0038278686
0.0037205583
0.0036207425
0.0035288499
0.0034453482
0.003370683
0.0033052532
0.0032491659
0.003201976
0.0031620398
0.0031278246
0.0030979011
0.0030698168
0.0030416892
0.0030126529
0.0029825501
0.0029509224
0.0029181912
0.0028849657
0.0028508469
0.0028159054
0.0027802022
0.0027435174
0.0027063756
0.0026692203
0.0026319852
0.0025947823
0.002557425
0.0025202274
0.0024834546
0.0024468308
0.0024101729
0.0023732942
0.0023360145
0.002298178
0.0022603389
0.0022227153
0.0021848981
0.0021470076
0.0021093299
0.0020717184
0.0020337859
0.0019957234
0.0019575468
0.0019190316
0.0018802394
0.0018412422
0.0018018999
0.0017621981
0.0017222063
0.0016818048
0.0016409995
0.0015998152
0.0015581526
0.0015160385
0.0014734411
0.0014303401
0.0013867298
0.001342559
0.0012978341
0.001252531
0.0012066373
0.001160142
0.0011130357
0.0010653125
0.0010169709
0.00096801482
0.00091845679
0.00086831653
0.00081763502
0.00076645453
0.00071488853
0.00066298389
0.00061110488
0.00055908098
0.00050840229
0.0004571366
0.00041260047
0.00036182195
0.00034345558
0.00026152555
0.00056537664
-0.00046200231
0.0069818146
0.0067745341
0.0064629853
0.0061656202
0.0059153277
0.0056868556
0.0054681348
0.0052664213
0.0050823571
0.0049111984
0.0047502862
0.0045988718
0.0044554396
0.00431956
0.0041898744
0.0040658179
0.0039472409
0.0038343226
0.0037278973
0.0036287713
0.0035373838
0.0034541807
0.0033795938
0.0033139905
0.0032574519
0.0032095457
0.0031687567
0.0031335847
0.0031026207
0.0030736293
0.0030448008
0.0030152143
0.0029846959
0.0029528414
0.0029199719
0.0028866189
0.0028524328
0.002817415
0.0027816049
0.0027448717
0.0027077053
0.0026705202
0.0026332896
0.0025960333
0.0025585658
0.0025211909
0.0024840846
0.0024471742
0.0024100708
0.0023729098
0.0023361342
0.0022995078
0.0022628495
0.0022259801
0.0021887055
0.0021509617
0.0021131173
0.0020752056
0.0020369665
0.0019986768
0.0019603836
0.0019218144
0.0018829918
0.0018439647
0.0018045848
0.0017648411
0.0017248045
0.0016843525
0.0016434937
0.0016022536
0.0015605329
0.0015183598
0.0014757024
0.0014325411
0.0013888705
0.0013446392
0.0012998542
0.0012544915
0.0012085387
0.001161985
0.0011148211
0.0010670413
0.0010186441
0.00096963353
0.0009200221
0.00086982962
0.0008190971
0.00076786684
0.00071625228
0.00066430033
0.00061237512
0.00056030629
0.00050958318
0.0004582746
0.00041369379
0.0003628696
0.00034446516
0.00026243219
0.00056620508
-0.00046080873
0.0068304406
0.0066537186
0.0063875598
0.0061197622
0.0058824435
0.0056626484
0.0054518184
0.0052555852
0.0050750779
0.0049066385
0.0047479566
0.0045983129
0.0044564218
0.0043217771
0.00419325
0.0040702921
0.0039527788
0.0038408849
0.0037353406
0.0036368957
0.0035459967
0.0034630777
0.0033885543
0.0033227615
0.0032657559
0.0032171126
0.0031754477
0.0031393215
0.0031073626
0.0030774897
0.0030479616
0.003017855
0.0029869495
0.0029548457
0.0029217887
0.0028882521
0.0028539223
0.0028187805
0.0027828869
0.0027461454
0.0027089866
0.0026718027
0.002634571
0.0025972938
0.0025598326
0.0025224438
0.0024852864
0.0024482665
0.0024110387
0.0023737991
0.0023368829
0.0023001016
0.00226309
0.0022259319
0.0021889766
0.0021520527
0.0021150058
0.0020776555
0.00203984
0.0020016967
0.0019633451
0.0019246007
0.0018855926
0.0018464397
0.0018069946
0.0017672194
0.0017271612
0.0016866853
0.0016458001
0.0016045303
0.0015627749
0.0015205636
0.0014778645
0.0014346591
0.0013909425
0.0013466636
0.0013018299
0.0012564177
0.001210415
0.0011638111
0.0011165969
0.0010687669
0.0010203198
0.00097125963
0.00092159915
0.00087135822
0.00082057794
0.00076930067
0.00071763987
0.00066564253
0.00061367258
0.00056156001
0.00051079299
0.00045944208
0.00041481524
0.00036394482
0.00034549856
0.00026335415
0.00056694881
-0.0004593996
0.0066908115
0.006539258
0.0063114033
0.0060709757
0.0058475449
0.0056371348
0.0054344301
0.0052439747
0.0050673078
0.0049017734
0.0047454408
0.0045976568
0.0044573478
0.0043239829
0.0041966264
0.0040747712
0.0039583129
0.0038474241
0.0037427478
0.0036449793
0.0035545677
0.0034719355
0.003397479
0.0033315037
0.0032740439
0.0032246862
0.0031821696
0.0031451151
0.0031121862
0.0030814401
0.0030512122
0.0030205794
0.002989268
0.0029568924
0.0029236312
0.0028898974
0.002855421
0.0028201707
0.0027842075
0.0027474493
0.0027102789
0.0026730667
0.0026357975
0.0025984815
0.0025610083
0.0025236039
0.0024864233
0.002449377
0.002412161
0.0023749325
0.0023379674
0.0023010681
0.0022639372
0.0022267243
0.0021897031
0.0021526584
0.0021153253
0.0020778184
0.0020403554
0.0020027701
0.0019649166
0.0019266199
0.0018879089
0.0018488652
0.0018093708
0.0017694832
0.0017293241
0.0016887865
0.0016478721
0.0016065861
0.0015648156
0.0015225887
0.0014798703
0.0014366419
0.0013928983
0.0013485885
0.0013037213
0.0012582731
0.0012122324
0.001165589
0.0011183343
0.0010704627
0.0010219734
0.0009728706
0.00092316721
0.00087288326
0.00082205998
0.00077073988
0.00071903644
0.00066699683
0.0006149847
0.00056283058
0.00051202104
0.00046062921
0.00041595562
0.000365039
0.00034654757
0.00026428317
0.00056758019
-0.00045774235
0.0065614187
0.0064305927
0.0062348507
0.0060194031
0.0058103368
0.0056099103
0.005415613
0.0052312817
0.0050587964
0.0048964105
0.0047425931
0.004596792
0.0044581395
0.0043261246
0.0041999793
0.0040792516
0.0039638571
0.003853969
0.0037501582
0.0036530686
0.0035631476
0.0034808055
0.0034064195
0.003340268
0.0032823672
0.0032323169
0.0031889652
0.0031509954
0.0031171084
0.0030854913
0.0030545578
0.0030233857
0.0029916551
0.0029589933
0.002925519
0.0028915861
0.0028569617
0.0028216016
0.0027855616
0.0027487742
0.0027115826
0.0026743352
0.0026370292
0.0025996788
0.0025621891
0.0025247638
0.0024875499
0.0024504672
0.0024132321
0.0023759788
0.0023389739
0.0023020415
0.0022649218
0.0022277203
0.0021906475
0.0021534973
0.0021160751
0.0020785372
0.0020410499
0.0020032903
0.0019652019
0.0019269771
0.0018885985
0.0018499402
0.0018108209
0.0017712616
0.0017312941
0.0016907918
0.0016498275
0.0016084752
0.0015666571
0.0015244073
0.0014816778
0.0014384415
0.0013946895
0.0013503683
0.001305486
0.0012600186
0.0012139552
0.0011672861
0.0011200029
0.0010721009
0.0010235792
0.00097444269
0.00092470436
0.00087438455
0.00082352465
0.00077216738
0.00072042629
0.00066834877
0.00061629818
0.00056410577
0.00051325605
0.00046182559
0.00041710522
0.0003661431
0.00034760358
0.00026521009
0.00056807073
-0.00045580074
0.0064409471
0.006327267
0.0061583719
0.0059654836
0.0057708455
0.005580779
0.0053950989
0.0052172121
0.0050492639
0.0048903087
0.0047392185
0.0045955695
0.004458693
0.0043281327
0.0042032691
0.0040837152
0.0039694106
0.0038605317
0.0037575909
0.0036611859
0.0035717592
0.0034897092
0.0034153951
0.0033490714
0.0032907399
0.0032400141
0.0031958399
0.0031569654
0.0031221327
0.0030896492
0.0030580051
0.0030262831
0.002994124
0.0029611631
0.0029274654
0.0028933285
0.0028585497
0.0028230739
0.0027869514
0.0027501288
0.0027129132
0.00267563
0.0026382873
0.0026009009
0.0025633899
0.0025259384
0.0024886835
0.0024515548
0.0024142934
0.0023770175
0.0023399764
0.0023030126
0.0022658794
0.0022286519
0.0021915336
0.0021543547
0.0021169437
0.0020794081
0.0020418527
0.0020040045
0.0019658775
0.0019276506
0.0018891766
0.0018503242
0.001811172
0.0017717923
0.0017320906
0.0016918966
0.0016512393
0.0016100991
0.0015683582
0.0015260974
0.0014833296
0.0014400637
0.0013962977
0.001351971
0.0013070865
0.0012616158
0.0012155464
0.0011688675
0.0011215709
0.0010736518
0.0010251101
0.00097595082
0.00092618748
0.00087584072
0.00082495224
0.000773565
0.00072179268
0.00066968297
0.00061759887
0.00056537255
0.00051448603
0.00046302015
0.00041825372
0.0003672475
0.0003486575
0.00026612486
0.00056837975
-0.00045353459
0.0063282979
0.0062288757
0.0060824058
0.0059097238
0.0057292515
0.0055497111
0.005372764
0.0052015812
0.0050385003
0.0048832622
0.004735131
0.0045938288
0.0044588776
0.0043299
0.0042064114
0.0040880973
0.003974925
0.0038670778
0.0037650222
0.0036693143
0.0035803907
0.0034986389
0.0034244011
0.0033579113
0.0032991599
0.0032477758
0.0032027935
0.003163027
0.0031272626
0.0030939187
0.0030615607
0.00302928
0.0029966831
0.00296341
0.0029294778
0.0028951307
0.0028601906
0.002824594
0.0027883849
0.002751522
0.002714279
0.0026769583
0.0026395771
0.0026021526
0.0025646175
0.0025271378
0.0024898406
0.0024526644
0.0024153745
0.0023780737
0.0023409907
0.0023039833
0.0022668195
0.0022295652
0.0021924139
0.002155211
0.0021177893
0.0020802287
0.002042629
0.0020047663
0.001966652
0.0019283993
0.001889857
0.0018509564
0.0018118104
0.0017723611
0.0017325012
0.0016922678
0.0016517014
0.0016107376
0.001569265
0.0015272787
0.0014847053
0.0014415253
0.0013977691
0.0013534242
0.001308525
0.0012630491
0.0012169802
0.0011703031
0.0011230069
0.0010750853
0.0010265375
0.00097736851
0.00092759207
0.00087722917
0.00082632185
0.00077491343
0.00072311777
0.00067098295
0.00061887158
0.00056661692
0.00051569805
0.00046420099
0.00041939001
0.00036834181
0.00034969954
0.00026701722
0.00056846741
-0.00045090209
0.0062225416
0.0061350361
0.0060073077
0.0058526096
0.0056858065
0.0055167869
0.0053485996
0.0051843069
0.005026376
0.0048751206
0.0047301768
0.0045914229
0.0044585602
0.004331307
0.0042093031
0.0040923104
0.0039803283
0.0038735497
0.003772406
0.0036774179
0.0035890143
0.0035075732
0.0034334218
0.0033667762
0.0033076193
0.0032555965
0.003209823
0.0031691794
0.0031324985
0.003098302
0.0030652283
0.0030323811
0.0029993377
0.0029657398
0.002931562
0.0028969985
0.0028618906
0.0028261682
0.0027898684
0.0027529594
0.0027156847
0.0026783242
0.0026409024
0.0026034384
0.0025658771
0.0025283675
0.0024910274
0.0024538034
0.002416483
0.0023791548
0.0023420273
0.0023049731
0.0022677764
0.0022304944
0.002193305
0.0021560652
0.002118615
0.0020810263
0.0020433978
0.0020055222
0.0019673967
0.0019291156
0.0018905471
0.0018516436
0.0018124907
0.0017729988
0.001733098
0.0016928716
0.0016522298
0.0016111327
0.0015696318
0.0015277001
0.0014852706
0.001442326
0.0013988084
0.0013546277
0.0013098032
0.0012643434
0.0012182705
0.0011715903
0.001124296
0.0010763792
0.0010278361
0.00097866978
0.00092889298
0.00087852617
0.00082761138
0.00077619218
0.00072438259
0.00067223115
0.00062010005
0.00056782384
0.0005168782
0.00046535522
0.00042050209
0.00036941473
0.00035071911
0.00026787508
0.0005682953
-0.00044785416
0.0061228852
0.006045387
0.005933347
0.0057945775
0.0056407853
0.005482143
0.0053226654
0.0051653784
0.0050128261
0.0048657881
0.0047242448
0.0045882343
0.0044576262
0.0043322441
0.0042118437
0.0040962648
0.0039855419
0.0038798808
0.0037796866
0.0036854497
0.0035975914
0.0035164812
0.0034424327
0.0033756474
0.0033161039
0.0032634652
0.0032169209
0.0031754177
0.0031378375
0.0031027979
0.0030690086
0.0030355887
0.0030020906
0.0029681562
0.0029337224
0.0028989362
0.0028636542
0.002827801
0.0027914059
0.0027544452
0.0027171344
0.0026797315
0.0026422673
0.0026047624
0.0025671725
0.0025296312
0.0024922474
0.002454975
0.0024176221
0.0023802644
0.0023430917
0.00230599
0.0022687593
0.0022314474
0.0021942167
0.0021569359
0.0021194544
0.0020818362
0.0020441732
0.0020062703
0.0019681188
0.0019298099
0.0018912244
0.0018523115
0.0018131425
0.0017736336
0.0017337226
0.0016934835
0.0016528179
0.0016117024
0.0015701859
0.0015281695
0.001485652
0.001442675
0.0013991977
0.001355169
0.0013105552
0.0012652902
0.0012193462
0.001172726
0.0011254501
0.0010775379
0.0010289992
0.0009798397
0.00093007037
0.00087970991
0.00082879888
0.00077738012
0.00072556722
0.00067340899
0.00062126699
0.00056897725
0.00051801154
0.00046646894
0.00042157696
0.000370454
0.00035170474
0.00026868469
0.00056782357
-0.0004443353
0.00602865
0.0059595919
0.0058607185
0.0057360059
0.0055944603
0.005445941
0.0052950574
0.0051448284
0.0049978311
0.004855212
0.0047172616
0.0045841779
0.0044559863
0.0043326207
0.0042139454
0.0040998777
0.0039904901
0.0038860037
0.0037868047
0.0036933583
0.003606078
0.0035253257
0.0034514032
0.0033845002
0.0033245938
0.0032713662
0.0032240752
0.0031817333
0.0031432732
0.0031074024
0.0030728997
0.0030389024
0.0030049428
0.0029706614
0.0029359615
0.0029009466
0.0028654846
0.0028294955
0.0027930006
0.0027559824
0.0027186311
0.0026811833
0.0026436748
0.0026061274
0.0025685065
0.0025309317
0.0024935033
0.0024561818
0.0024187944
0.0023814054
0.0023441869
0.0023070371
0.0022697707
0.002232427
0.0021951536
0.002157831
0.0021203172
0.0020826675
0.0020449661
0.0020070315
0.0019688516
0.0019305119
0.0018919007
0.0018529651
0.0018137713
0.0017742445
0.0017343231
0.0016940699
0.0016533999
0.0016122792
0.0015707434
0.0015287104
0.0014861951
0.0014431717
0.0013996027
0.0013555128
0.0013108822
0.001265686
0.0012198913
0.0011734525
0.0011263315
0.0010785168
0.001030024
0.00098088242
0.00093112257
0.00088077106
0.00082986942
0.00077845928
0.00072665271
0.0006744977
0.00062235447
0.00057006025
0.00051908227
0.00046752735
0.00042260073
0.00037144636
0.0003526441
0.00026943194
0.00056700873
-0.00044028944
0.0059392543
0.0058773416
0.005789555
0.0056772162
0.0055470914
0.005408352
0.0052658904
0.0051227154
0.0049814007
0.004843369
0.0047091827
0.0045791945
0.0044535737
0.004332365
0.0042155353
0.0041030778
0.0039951053
0.0038918557
0.0037937032
0.0037010921
0.0036144284
0.0035340667
0.0034602994
0.0033933063
0.0033330658
0.0032792802
0.0032312705
0.0031881142
0.0031487963
0.0031121087
0.0030768973
0.0030423199
0.0030078931
0.0029732554
0.0029382803
0.0029030309
0.0028673832
0.0028312533
0.0027946543
0.0027575732
0.0027201771
0.0026826816
0.0026451268
0.0026075354
0.0025698811
0.0025322711
0.0024947972
0.0024574259
0.0024200024
0.0023825804
0.0023453153
0.0023081164
0.0022708128
0.0022334356
0.0021961187
0.0021587533
0.0021212058
0.0020835229
0.0020457816
0.0020078141
0.0019696048
0.0019312319
0.0018925908
0.0018536287
0.001814407
0.0017748559
0.0017349141
0.0016946394
0.0016539535
0.0016128207
0.0015712734
0.00152924
0.0014867249
0.0014436886
0.0014001074
0.0013559931
0.0013113049
0.0012660468
0.00122021
0.001173783
0.0011267485
0.0010790774
0.0010307377
0.00098171487
0.00093202504
0.00088170727
0.0008308223
0.00077942391
0.00072762795
0.00067548266
0.00062334621
0.00057105622
0.00052007421
0.00046851497
0.00042355877
0.0003723777
0.00035352406
0.00027010123
0.00056579385
-0.00043565615
0.005854197
0.0057983539
0.0057199391
0.0056184762
0.0054989202
0.005369549
0.0052352887
0.005099114
0.0049635631
0.0048302551
0.0046999826
0.0045732436
0.0044503387
0.0043314211
0.0042165545
0.0041058057
0.0039993291
0.0038973815
0.0038003301
0.0037086028
0.0036225982
0.0035426648
0.0034690865
0.0034020359
0.0033414944
0.0032871856
0.0032384892
0.0031945464
0.0031543955
0.003116908
0.0030809948
0.0030458366
0.0030109385
0.0029759365
0.002940678
0.0029051888
0.0028693504
0.002833075
0.0027963678
0.0027592186
0.0027217733
0.0026842277
0.0026466247
0.0026089878
0.0025712979
0.0025336509
0.0024961307
0.0024587089
0.0024212475
0.0023837908
0.0023464784
0.0023092298
0.0022718874
0.0022344752
0.002197114
0.0021597048
0.002122122
0.0020844044
0.0020466225
0.0020086209
0.0019703808
0.0019319732
0.0018933005
0.0018543108
0.0018150596
0.001775481
0.0017355151
0.001695215
0.0016545067
0.0016133544
0.0015717892
0.0015297426
0.0014872144
0.0014441709
0.0014005905
0.001356474
0.0013117795
0.0012665048
0.0012206326
0.0011741559
0.0011270735
0.0010793837
0.0010310831
0.00098216154
0.0009326055
0.00088241127
0.00083161227
0.00078026181
0.00072849027
0.00067635969
0.0006242338
0.00057195317
0.00052097334
0.00046941696
0.00042443637
0.00037323331
0.00035433097
0.00027067548
0.00056412385
-0.00043037173
0.0057730445
0.0057223736
0.0056519149
0.0055600057
0.005450168
0.0053297032
0.0052033816
0.0050741089
0.0049443598
0.00481588
0.0046896492
0.0045662975
0.0044462439
0.0043297446
0.0042169546
0.0041080114
0.0040031116
0.0039025325
0.0038066391
0.0037158464
0.0036305464
0.0035510822
0.0034777306
0.0034106589
0.0033498536
0.0032950599
0.0032457123
0.003201014
0.0031600576
0.0031217898
0.0030851841
0.0030494467
0.0030140746
0.0029787017
0.0029431526
0.0029074189
0.002871385
0.0028349601
0.0027981407
0.0027609186
0.0027234201
0.002685822
0.002648169
0.0026104852
0.0025727577
0.002535072
0.0024975046
0.0024600319
0.0024225309
0.0023850379
0.0023476776
0.0023103785
0.0022729959
0.0022355473
0.0021981409
0.002160687
0.0021230675
0.0020853141
0.0020474906
0.0020094536
0.0019711813
0.0019327378
0.0018940326
0.001855014
0.0018157319
0.0017761243
0.0017361329
0.0016958056
0.0016550726
0.0016138981
0.0015723104
0.0015302437
0.0014876966
0.0014446383
0.0014010467
0.001356921
0.001312223
0.0012669466
0.0012210719
0.0011745869
0.0011274828
0.0010797561
0.0010314119
0.00098245963
0.00093291287
0.00088278352
0.00083209248
0.00078085847
0.0007291794
0.00067710658
0.00062501085
0.00057274696
0.0005217729
0.00047022318
0.00042522131
0.00037399933
0.00035505143
0.00027113653
0.00056194439
-0.00042437188
0.0056954195
0.0056491702
0.0055854963
0.0055019813
0.0054010345
0.0052889801
0.0051703005
0.005047792
0.0049238418
0.0048002632
0.0046781799
0.0045583377
0.0044412602
0.0043272994
0.0042166951
0.0041096521
0.0040064094
0.0039072662
0.0038125888
0.0037227831
0.0036382352
0.0035592836
0.0034861994
0.0034191464
0.0033581174
0.0033028801
0.0032529199
0.0032075004
0.0031657685
0.0031267422
0.003089456
0.0030531428
0.0030172959
0.002981547
0.0029457009
0.0029097187
0.0028734853
0.0028369069
0.0027999719
0.0027626723
0.0027251168
0.0026874641
0.0026497595
0.0026120275
0.0025742605
0.0025365347
0.0024989194
0.0024613953
0.0024238533
0.0023863225
0.0023489135
0.0023115634
0.0022741393
0.0022366529
0.0021992006
0.002161701
0.0021240435
0.0020862531
0.0020483872
0.0020103137
0.0019720079
0.0019335277
0.0018947887
0.00185574
0.0018164258
0.0017767882
0.0017367699
0.0016964143
0.0016556553
0.0016144569
0.0015728448
0.001530756
0.0014881877
0.0014451101
0.0014015006
0.0013573588
0.0013126481
0.0012673621
0.0012214816
0.0011749939
0.0011278882
0.0010801574
0.0010318005
0.00098282207
0.00093323907
0.00088307652
0.00083237796
0.00078118176
0.00072958518
0.00067761508
0.00062560965
0.00057340741
0.00052246243
0.00047092849
0.00042590765
0.00037466627
0.00035567484
0.00027146678
0.00055920342
-0.00041759566
0.0056209928
0.0055785359
0.0055206753
0.0054445427
0.0053516971
0.0052475385
0.0051361763
0.0050202601
0.0049020685
0.004783433
0.0046655802
0.0045493529
0.0044353649
0.0043240547
0.0042157404
0.0041106899
0.004009184
0.0039115444
0.0038181419
0.0037293767
0.0036456299
0.0035672363
0.0034944626
0.0034274706
0.0033662609
0.0033106235
0.0032600921
0.0032139882
0.0031715132
0.0031317528
0.0030938002
0.003056917
0.0030205959
0.0029844673
0.0029483192
0.002912085
0.0028756485
0.0028389132
0.0028018593
0.0027644782
0.0027268623
0.0026891529
0.0026513954
0.002613614
0.0025758059
0.0025380387
0.002500375
0.0024627991
0.0024252149
0.0023876448
0.0023501867
0.002312785
0.0022753182
0.0022377927
0.0022002938
0.0021627477
0.002125051
0.0020872225
0.0020493134
0.0020112021
0.0019728618
0.001934344
0.0018955702
0.0018564902
0.001817143
0.0017774742
0.001737428
0.0016970429
0.0016562567
0.0016150334
0.0015733956
0.0015312834
0.0014886923
0.0014455934
0.0014019641
0.0013578031
0.0013130751
0.0012677734
0.0012218796
0.0011753812
0.0011282684
0.0010805339
0.001032175
0.00098319403
0.0009336031
0.00088342234
0.00083269483
0.00078146707
0.0007298541
0.00067790278
0.00062595696
0.00057384043
0.00052297359
0.00047149778
0.00042648173
0.00037522696
0.00035619587
0.00027165243
0.00055585915
-0.00040999262
0.0055494752
0.0055102838
0.0054574278
0.0053877976
0.0053023114
0.0052055276
0.0051011381
0.0049916133
0.0048791056
0.0047654249
0.0046518627
0.004539338
0.0044285406
0.0043199846
0.0042140591
0.0041110904
0.0040113995
0.0039153313
0.0038232636
0.0037355931
0.0036526978
0.0035749093
0.0035024911
0.0034356048
0.0033742594
0.0033182679
0.0032672089
0.00322046
0.0031772765
0.0031368086
0.0030982061
0.0030607606
0.0030239676
0.0029874572
0.002951003
0.0029145139
0.0028778715
0.0028409763
0.0028038007
0.0027663343
0.0027286548
0.0026908869
0.0026530752
0.0026152437
0.0025773931
0.0025395833
0.0025018707
0.002464243
0.0024266154
0.0023890048
0.0023514971
0.0023140435
0.0022765328
0.002238967
0.0022014208
0.0021638275
0.0021260905
0.0020882229
0.0020502699
0.0020121198
0.0019737438
0.0019351875
0.001896378
0.0018572656
0.0018178845
0.0017781836
0.0017381084
0.001697693
0.0016568785
0.001615629
0.0015739647
0.0015318279
0.0014892129
0.0014460915
0.0014024409
0.0013582592
0.0013135121
0.0012681922
0.0012222815
0.0011757678
0.0011286415
0.0010808959
0.0010325287
0.00098354275
0.00093394918
0.00088376617
0.00083303309
0.00078179192
0.00073015536
0.0006781748
0.00062620709
0.00057409512
0.00052326435
0.0004718538
0.00042687971
0.00037564381
0.00035659959
0.0002716767
0.00055189798
-0.00040153634
0.0054806122
0.0054442451
0.0053957183
0.0053318268
0.005253012
0.0051630867
0.0050653112
0.0049619533
0.0048550245
0.0047462815
0.0046370466
0.0045282942
0.0044207747
0.0043150671
0.0042116229
0.0041108215
0.0040130224
0.0039185932
0.0038279204
0.0037414002
0.0036594078
0.0035822729
0.0035102572
0.0034435231
0.0033820893
0.0033257914
0.0032742507
0.0032268983
0.003183043
0.0031418962
0.0031026626
0.0030646645
0.0030274038
0.0029905107
0.0029537476
0.0029170015
0.0028801507
0.002843093
0.0028057931
0.0027682381
0.0027304921
0.0026926641
0.0026547973
0.002616915
0.0025790207
0.0025411674
0.0025034059
0.0024657262
0.0024280543
0.0023904021
0.0023528446
0.0023153387
0.0022777833
0.002240176
0.002202582
0.0021649408
0.0021271624
0.0020892546
0.002051257
0.0020130672
0.0019746546
0.001936059
0.0018972128
0.0018580671
0.0018186512
0.0017789172
0.0017388121
0.0016983654
0.0016575218
0.0016162453
0.0015745533
0.001532391
0.0014897511
0.001446606
0.0014029332
0.0013587297
0.0013139621
0.0012686226
0.0012226934
0.0011761623
0.0011290198
0.0010812591
0.0010328786
0.00098388119
0.00093427861
0.00088408931
0.00083335238
0.00078210833
0.00073046669
0.00067847465
0.00062648536
0.00057434441
0.00052348315
0.00047206235
0.00042708301
0.00037585556
0.00035683202
0.00027147862
0.00054734187
-0.00039224118
0.0054141792
0.0053802673
0.0053355039
0.0052766889
0.0052039137
0.0051203436
0.0050288162
0.0049313819
0.0048299005
0.0047260512
0.0046211573
0.0045162281
0.0044120597
0.0043092842
0.0042084066
0.004109854
0.0040140211
0.0039212977
0.0038320804
0.0037467662
0.0036657294
0.0035892982
0.0035177335
0.0034512001
0.0033897269
0.0033331722
0.0032811975
0.0032332854
0.0031887969
0.0031470019
0.003107158
0.0030686195
0.0030308966
0.0029936218
0.0029565479
0.0029195434
0.0028824824
0.00284526
0.0028078335
0.002770187
0.0027323718
0.0026944823
0.0026565597
0.0026186259
0.002580687
0.0025427897
0.002504979
0.0024672476
0.0024295307
0.0023918361
0.0023542286
0.0023166702
0.0022790692
0.0022414195
0.0022037772
0.0021660877
0.0021282668
0.002090318
0.0020522752
0.0020140447
0.0019755945
0.0019369589
0.001898075
0.0018588951
0.0018194437
0.0017796758
0.0017395398
0.001699061
0.0016581874
0.0016168829
0.0015751625
0.0015329738
0.001490308
0.0014471385
0.0014034425
0.0013592161
0.0013144271
0.0012690669
0.0012231181
0.0011765683
0.0011294079
0.0010816305
0.0010332342
0.00098422211
0.00093460614
0.00088440504
0.00083365826
0.0007824066
0.00073075933
0.00067876249
0.00062676594
0.00057461179
0.00052372374
0.00047226781
0.00042722782
0.00037593455
0.00035689676
0.00027099179
0.0005421633
-0.00038215394
0.0053499777
0.0053182124
0.0052767368
0.0052224245
0.0051551131
0.0050774146
0.0049917678
0.0048999999
0.0048038118
0.0047047873
0.004604226
0.0045031522
0.0044023932
0.0043026219
0.0042043884
0.0041081607
0.0040143655
0.0039234136
0.0038357121
0.0037516604
0.0036716326
0.0035959564
0.003524893
0.0034586104
0.0033971486
0.0033403884
0.0032880294
0.0032396032
0.0031945221
0.0031521116
0.0031116806
0.0030726157
0.0030344383
0.0029967839
0.0029593988
0.0029221352
0.0028848627
0.0028474739
0.0028099189
0.0027721782
0.0027342915
0.0026963393
0.0026583601
0.0026203746
0.0025823904
0.0025444485
0.0025065889
0.002468806
0.0024310435
0.0023933058
0.0023556482
0.0023180375
0.0022803901
0.0022426971
0.0022050063
0.0021672678
0.0021294036
0.002091413
0.0020533245
0.0020150524
0.0019765638
0.0019378874
0.0018989651
0.0018597501
0.0018202623
0.0017804596
0.0017402919
0.0016997803
0.0016588758
0.0016175426
0.0015757929
0.001533577
0.0014908846
0.0014476898
0.0014039697
0.0013597196
0.0013149083
0.0012695265
0.001223557
0.0011769874
0.0011298083
0.0010820129
0.0010335994
0.000984571
0.00093493955
0.00088472384
0.0008339634
0.0007826992
0.00073104068
0.00067903404
0.00062702827
0.00057486485
0.00052396078
0.00047248266
0.00042738578
0.00037600322
0.00035688904
0.00027059115
0.00053597477
-0.00037124382
0.0052878317
0.0052579551
0.0052193665
0.0051690591
0.0051066903
0.0050344042
0.004954274
0.0048679057
0.0047768384
0.0046825476
0.0045862891
0.0044890842
0.0043917774
0.0042950708
0.0041995498
0.0041057172
0.0040140275
0.0039249111
0.003838785
0.0037560523
0.0036770875
0.0036022188
0.0035317084
0.0034657285
0.0034043307
0.0033474179
0.003294726
0.0032458334
0.003200202
0.0031572109
0.0031162181
0.0030766429
0.0030380203
0.0029999906
0.0029622949
0.0029247723
0.0028872878
0.0028497312
0.0028120462
0.0027742089
0.0027362485
0.0026982326
0.0026601963
0.002622159
0.0025841289
0.002546142
0.0025082338
0.0024703999
0.0024325916
0.0023948102
0.0023571027
0.0023194396
0.0022817454
0.0022440084
0.0022062687
0.002168481
0.0021305727
0.0020925394
0.0020544048
0.0020160904
0.0019775624
0.0019388447
0.0018998832
0.0018606321
0.0018211074
0.0017812692
0.0017410688
0.0017005237
0.0016595875
0.0016182247
0.0015764452
0.0015342012
0.0014914814
0.0014482605
0.0014045156
0.0013602411
0.0013154066
0.0012700024
0.0012240114
0.0011774213
0.0011302223
0.0010824079
0.0010339762
0.00098493035
0.00093528211
0.00088505025
0.00083427421
0.00078299492
0.00073132166
0.00067930068
0.00062728027
0.00057510237
0.00052417912
0.00047268035
0.00042753332
0.00037606999
0.0003567927
0.00027081758
0.00052849297
-0.00035948338
0.0052275854
0.0051993817
0.0051633413
0.0051166067
0.0050587107
0.0049914049
0.0049164352
0.0048351947
0.0047490607
0.004659393
0.0045673876
0.0044740471
0.0043802197
0.0042866254
0.0041938761
0.004102502
0.0040129814
0.0039257615
0.0038412695
0.003759912
0.0036820648
0.003608057
0.0035381525
0.0034725287
0.003411249
0.003354238
0.0033012663
0.0032519568
0.0032058194
0.0031622846
0.0031207574
0.0030806903
0.003041634
0.0030032345
0.0029652305
0.0029274499
0.0028897534
0.0028520283
0.002814212
0.0027762763
0.0027382403
0.0027001599
0.0026620661
0.0026239767
0.0025859005
0.0025478686
0.002509912
0.0024720277
0.0024341734
0.0023963481
0.0023585908
0.0023208756
0.0022831342
0.0022453527
0.0022075639
0.0021697267
0.0021317738
0.0020936971
0.002055516
0.0020171585
0.0019785904
0.0019398308
0.0019008294
0.0018615415
0.001821979
0.0017821045
0.0017418708
0.0017012914
0.0016603229
0.0016189297
0.0015771195
0.0015348468
0.0014920989
0.0014488511
0.0014050806
0.001360781
0.0013159227
0.0012704953
0.0012244821
0.0011778706
0.001130651
0.0010828168
0.001034366
0.00098530171
0.00093563564
0.00088538647
0.00083459353
0.00078329761
0.00073160768
0.00067956986
0.00062753135
0.00057533451
0.00052438629
0.00047286116
0.00042765829
0.0003761108
0.00035656945
0.00027171133
0.00051996781
-0.00034710476
0.0051691004
0.0051423889
0.0051086094
0.0050650721
0.0050112268
0.0049484984
0.0048783444
0.0048019581
0.0047205591
0.004635387
0.0045475666
0.0044580685
0.0043677321
0.0042772851
0.0041873562
0.0040984966
0.0040112035
0.0039259384
0.0038431371
0.0037632104
0.0036865354
0.0036134425
0.003544198
0.0034789849
0.0034178787
0.0033608257
0.0033076289
0.0032579538
0.0032113566
0.0031673167
0.0031252848
0.0030847467
0.0030452699
0.0030065082
0.0029681994
0.002930163
0.0028922554
0.0028543614
0.0028164131
0.0027783774
0.0027402644
0.0027021186
0.0026639671
0.0026258258
0.0025877033
0.0025496263
0.002511622
0.0024736879
0.0024357876
0.0023979181
0.0023601114
0.0023223446
0.0022845557
0.0022467292
0.0022088912
0.0021710045
0.0021330062
0.0020948857
0.0020566576
0.0020182565
0.0019796476
0.0019408455
0.0019018035
0.0018624781
0.0018228773
0.0017829658
0.0017426979
0.0017020837
0.001661082
0.0016196577
0.0015778162
0.001535514
0.0014927373
0.0014494621
0.0014056653
0.0013613398
0.0013164569
0.0012710057
0.0012249696
0.001178336
0.0011310951
0.0010832404
0.0010347697
0.00098568613
0.00093600134
0.0008857339
0.00083492299
0.00078360924
0.00073190124
0.00067984493
0.00062778614
0.00057556766
0.00052459031
0.00047303397
0.00042776706
0.00037612345
0.00035626409
0.00027293708
0.00051087173
-0.0003344616
0.0051122538
0.0050868824
0.0050551197
0.0050144527
0.00496428
0.0049057554
0.0048400863
0.0047682824
0.0046914122
0.0046105944
0.0045268746
0.0044411801
0.0043543314
0.0042670532
0.0041799831
0.0040936859
0.0040086728
0.0039254168
0.0038443608
0.0037659192
0.0036904707
0.003618347
0.0035498173
0.0034850708
0.0034241951
0.0033671572
0.0033137915
0.0032638038
0.0032167948
0.0031722906
0.003129786
0.0030887996
0.0030489178
0.0030098034
0.0029711951
0.002932906
0.0028947891
0.0028567268
0.0028186462
0.0027805092
0.002742318
0.0027041063
0.0026658972
0.0026277041
0.0025895352
0.0025514134
0.0025133618
0.0024753788
0.0024374328
0.002399519
0.0023616634
0.0023238453
0.0022860089
0.002248137
0.00221025
0.0021723135
0.0021342695
0.0020961046
0.0020578295
0.0020193842
0.0019807338
0.0019418888
0.0019028056
0.0018634418
0.0018238022
0.0017838531
0.0017435503
0.0017029005
0.001661865
0.0016204089
0.0015785354
0.001536203
0.0014933969
0.0014500934
0.0014062697
0.0013619178
0.0013170097
0.001271534
0.0012254744
0.001178818
0.0011315551
0.0010836791
0.0010351879
0.00098608429
0.00093638
0.00088609345
0.00083526364
0.00078393105
0.00073220379
0.00068012764
0.00062804681
0.00057580474
0.00052479505
0.00047320429
0.00042786577
0.00037612681
0.00035589881
0.00027421761
0.00050159096
-0.00032178567
0.0050569362
0.0050327764
0.0050028222
0.0049647404
0.004917902
0.004863237
0.004801738
0.0047342492
0.0046616967
0.0045850807
0.0045053625
0.0044234177
0.0043400383
0.0042559377
0.0041717537
0.0040880581
0.0040053714
0.0039241743
0.0038449154
0.0037680115
0.0036938429
0.0036227427
0.0035549833
0.0034907599
0.0034301726
0.0033732083
0.0033197314
0.0032694856
0.0032221145
0.0031771888
0.0031342456
0.0030928362
0.0030525671
0.0030131112
0.0029742103
0.002935673
0.0028973494
0.0028591201
0.0028209074
0.0027826687
0.0027443983
0.0027061205
0.0026678538
0.0026296092
0.0025913942
0.0025532279
0.0025151299
0.0024770988
0.0024391073
0.0024011495
0.0023632455
0.0023253767
0.0022874928
0.0022495753
0.0022116393
0.0021736533
0.0021355632
0.0020973535
0.0020590311
0.0020205411
0.0019818487
0.0019429603
0.0019038354
0.0018644327
0.0018247536
0.0017847662
0.0017444278
0.001703742
0.0016626719
0.0016211834
0.0015792772
0.001536914
0.0014940778
0.0014507455
0.0014068942
0.0013625151
0.0013175812
0.0012720804
0.0012259965
0.0011793168
0.0011320313
0.0010841334
0.0010356209
0.00098649665
0.00093677214
0.00088646573
0.00083561619
0.00078426382
0.00073251624
0.00068041904
0.0006283146
0.00057604722
0.0005250023
0.00047337457
0.00042795686
0.00037614118
0.0003554792
0.00027549798
0.00049225662
-0.00030917757
0.0050030501
0.0049799926
0.0049516687
0.0049159229
0.0048721164
0.0048209949
0.0047633684
0.0046999344
0.0046314868
0.0045589114
0.0044830833
0.0044048201
0.0043248779
0.0042439507
0.0041626689
0.0040816053
0.0040012842
0.0039221909
0.0038447772
0.0037694616
0.0036966253
0.0036266025
0.0035596687
0.0034960258
0.0034357856
0.0033789546
0.0033254252
0.0032749774
0.0032272955
0.0031819929
0.0031386473
0.0030968425
0.0030562058
0.0030164221
0.0029772371
0.0029384575
0.002899931
0.0028615366
0.0028231928
0.0027848523
0.0027465024
0.0027081586
0.0026698346
0.0026315391
0.0025932782
0.0025550679
0.0025169243
0.0024788462
0.0024408098
0.0024028081
0.0023648564
0.0023269377
0.0022890064
0.0022510432
0.0022130585
0.002175023
0.0021368865
0.0020986317
0.0020602619
0.0020217269
0.0019829919
0.0019440599
0.0019048927
0.0018654504
0.0018257313
0.0017857051
0.0017453305
0.001704608
0.0016635028
0.0016219811
0.0015800417
0.0015376469
0.0014947801
0.0014514183
0.0014075388
0.001363132
0.0013181715
0.001272645
0.0012265363
0.0011798326
0.0011325239
0.0010846035
0.0010360691
0.00098692351
0.0009371781
0.0008868511
0.00083598105
0.00078460807
0.00073283915
0.0006807198
0.00062859026
0.00057629599
0.00052521296
0.000473546
0.00042804161
0.00037615657
0.0003550316
0.00027676859
0.00048285779
-0.00029662072
0.0049505081
0.0049284598
0.0049016129
0.0048679847
0.00482694
0.0047790727
0.0047250391
0.004665408
0.0046008529
0.004532151
0.0044600911
0.004385429
0.0043088787
0.004231108
0.0041527337
0.004074323
0.0039963994
0.0039194492
0.0038439249
0.0037702455
0.003698792
0.0036298997
0.0035638471
0.0035008421
0.0034410083
0.0033843709
0.0033308489
0.0032802565
0.0032323166
0.0031866837
0.003142974
0.0031008036
0.0030598214
0.0030197253
0.0029802668
0.0029412521
0.0029025277
0.0028639714
0.0028254981
0.0027870564
0.0027486271
0.0027102175
0.0026718369
0.0026334912
0.0025951852
0.0025569315
0.0025187434
0.0024806193
0.0024425387
0.0024044936
0.0023664949
0.002328527
0.0022905486
0.0022525398
0.0022145066
0.0021764219
0.0021382388
0.0020999387
0.0020615215
0.0020229411
0.0019841631
0.0019451871
0.0019059773
0.0018664948
0.0018267353
0.0017866698
0.0017462582
0.0017054985
0.0016643576
0.0016228021
0.0015808289
0.001538402
0.0014955038
0.0014521119
0.0014082035
0.0013637684
0.0013187808
0.001273228
0.0012270939
0.0011803655
0.001133033
0.0010850895
0.0010365326
0.00098736505
0.00093759808
0.0008872498
0.00083635849
0.00078496406
0.00073317287
0.00068103029
0.00062887418
0.00057655151
0.0005254275
0.00047371915
0.00042812052
0.00037615614
0.00035458291
0.00027800975
0.00047336197
-0.00028406587
0.0048992322
0.0048781123
0.0048526103
0.0048209082
0.0047823837
0.0047375067
0.0046868045
0.0046307346
0.0045698621
0.0045048626
0.0044364407
0.004365288
0.0042920722
0.0042174295
0.0041419568
0.0040662105
0.0039907087
0.0039159348
0.0038423397
0.003770341
0.0037003189
0.003632609
0.0035674923
0.0035051828
0.003445815
0.0033894321
0.0033359782
0.0032852997
0.0032371562
0.0031912409
0.0031472076
0.0031047037
0.0030634004
0.0030230095
0.0029832899
0.002944049
0.0029051328
0.0028664186
0.0028278184
0.0027892768
0.0027507688
0.0027122943
0.002673858
0.0026354631
0.0025971127
0.0025588166
0.0025205851
0.0024824164
0.0024442924
0.0024062044
0.0023681597
0.0023301434
0.0022921184
0.0022540641
0.0022159829
0.0021778492
0.0021396195
0.0021012739
0.0020628093
0.0020241833
0.0019853619
0.0019463416
0.0019070887
0.0018675656
0.0018277652
0.0017876599
0.0017472108
0.0017064134
0.0016652362
0.0016236463
0.0015816387
0.001539179
0.0014962489
0.0014528263
0.0014088884
0.0013644244
0.0013194091
0.0012738294
0.0012276692
0.0011809157
0.0011335588
0.0010855915
0.0010370115
0.00098782137
0.0009380322
0.00088766195
0.00083674863
0.00078533197
0.00073351754
0.00068135069
0.00062916655
0.00057681397
0.00052564604
0.00047389424
0.00042819326
0.00037614096
0.00035413786
0.00027920617
0.00046375809
-0.00027148721
0.0048491517
0.0048288905
0.0048046186
0.0047746739
0.0047384537
0.0046963263
0.0046487119
0.0045959727
0.0045385772
0.0044771072
0.0044121867
0.0043444424
0.0042744929
0.0042029382
0.0041303508
0.004057271
0.0039842071
0.0039116363
0.0038400051
0.0037697281
0.0037011834
0.0036347061
0.003570579
0.003509022
0.0034501801
0.0033941129
0.0033407884
0.0032900832
0.0032417917
0.0031956439
0.0031513293
0.003108526
0.0030669281
0.0030262624
0.002986296
0.0029468394
0.002907739
0.002868872
0.0028301483
0.002791509
0.0027529236
0.0027143854
0.0026758947
0.0026374519
0.0025990583
0.0025607209
0.0025224474
0.0024842355
0.0024460691
0.0024079391
0.0023698493
0.0023317858
0.0022937146
0.0022556152
0.0022174864
0.0021793041
0.0021410279
0.0021026366
0.0020641248
0.002025453
0.0019865879
0.0019475231
0.0019082269
0.0018686626
0.001828821
0.0017886753
0.0017481882
0.0017073526
0.0016661385
0.0016245136
0.0015824711
0.0015399781
0.0014970155
0.0014535615
0.0014095936
0.0013651
0.0013200565
0.0012744492
0.0012282625
0.0011814831
0.0011341012
0.0010861096
0.0010375059
0.00098829253
0.00093848051
0.00088808761
0.00083715155
0.00078571184
0.00073387322
0.00068168104
0.0006294674
0.00057708341
0.0005258685
0.00047407118
0.00042825929
0.0003761132
0.00035369232
0.00028035307
0.00045404604
-0.00025887613
0.004800203
0.0047807393
0.0047575976
0.0047292613
0.0046951521
0.0046555554
0.0046108026
0.0045611752
0.0045070567
0.0044489436
0.004387383
0.0043229385
0.0042561773
0.0041876604
0.0041179315
0.0040475109
0.003976893
0.0039065453
0.0038369075
0.003768389
0.0037013646
0.0036361679
0.0035730832
0.003512335
0.0034540781
0.0033983879
0.0033452546
0.0032945828
0.0032462
0.0031998709
0.0031553192
0.003112253
0.0030703892
0.0030294706
0.0029892739
0.0029496136
0.0029103381
0.0028713248
0.002832482
0.0027937478
0.0027550871
0.0027164871
0.0026779437
0.0026394546
0.0026010193
0.002562642
0.0025243281
0.0024860746
0.0024478671
0.002409696
0.0023715624
0.0023334527
0.0022953362
0.002257192
0.0022190162
0.0021807859
0.0021424633
0.0021040264
0.0020654674
0.0020267498
0.0019878407
0.0019487313
0.0019093914
0.0018697855
0.0018299023
0.0017897159
0.0017491902
0.001708316
0.0016670645
0.001625404
0.0015833261
0.0015407991
0.0014978034
0.0014543176
0.001410319
0.0013657953
0.0013207229
0.0012750875
0.0012288735
0.0011820678
0.0011346603
0.0010866438
0.0010380157
0.00098877855
0.00093894302
0.00088852679
0.00083756724
0.00078610366
0.00073423989
0.00068202131
0.00062977663
0.00057735968
0.00052609464
0.00047424972
0.00042831791
0.00037607302
0.00035324421
0.00028144653
0.0004442267
-0.00024623121
0.0047523281
0.0047336081
0.004711509
0.0046846492
0.0046524777
0.0046152127
0.0045731121
0.0045263897
0.004475355
0.0044204274
0.0043620828
0.0043008229
0.0042371637
0.0041716248
0.0041047182
0.0040369404
0.0039687684
0.0039006569
0.0038330361
0.0037663085
0.0037008438
0.0036369733
0.0035749816
0.0035150974
0.0034574842
0.0034022321
0.0033493517
0.0032987742
0.0032503576
0.0032038997
0.0031591569
0.003115866
0.0030737673
0.0030326199
0.0029922113
0.0029523613
0.0029129211
0.0028737692
0.0028348129
0.0027959877
0.0027572544
0.0027185949
0.0026800011
0.0026414678
0.0026029926
0.0025645773
0.0025262248
0.0024879315
0.0024496844
0.0024114735
0.0023732973
0.0023351428
0.0022969817
0.0022587934
0.0022205714
0.0021822936
0.0021439248
0.0021054425
0.0020668366
0.0020280731
0.0019891199
0.0019499657
0.0019105819
0.0018709341
0.001831009
0.0017907815
0.0017502166
0.0017093034
0.001668014
0.0016263174
0.0015842035
0.001541642
0.0014986127
0.0014550944
0.0014110645
0.0013665102
0.0013214083
0.0012757442
0.0012295025
0.0011826698
0.001135236
0.001087194
0.001038541
0.00098927939
0.00093941971
0.00088897945
0.00083799565
0.00078650737
0.00073461745
0.00068237136
0.00063009408
0.00057764258
0.0005263241
0.00047442947
0.00042836826
0.00037601939
0.00035279879
0.00028248113
0.00043430188
-0.00023355512
0.0047054739
0.0046874499
0.0046663165
0.004640816
0.0046104268
0.0045753123
0.0045356704
0.0044916584
0.0044435218
0.0043916114
0.0043363373
0.0042781423
0.0042174917
0.0041548627
0.0040907332
0.0040255729
0.0039598386
0.0038939693
0.0038283832
0.0037634738
0.0036996045
0.0036371028
0.0035762526
0.003517286
0.0034603743
0.0034056207
0.0033530549
0.0033026326
0.0032542405
0.0032077075
0.0031628209
0.0031193457
0.0030770451
0.0030356952
0.002995095
0.0029550712
0.0029154784
0.0028761968
0.0028371337
0.0027982224
0.0027594202
0.0027207043
0.0026820628
0.0026434879
0.0026049749
0.0025665236
0.0025281347
0.0024898038
0.0024515189
0.0024132695
0.0023750524
0.0023368545
0.00229865
0.0022604183
0.0022221508
0.0021838263
0.0021454118
0.0021068842
0.0020682318
0.0020294225
0.0019904249
0.001951226
0.0019117981
0.001872108
0.0018321408
0.0017918718
0.0017512674
0.0017103147
0.0016689869
0.0016272536
0.0015851033
0.0015425067
0.0014994433
0.0014558919
0.0014118302
0.0013672447
0.0013221127
0.0012764194
0.0012301493
0.0011832891
0.0011358285
0.0010877603
0.0010390818
0.00098979505
0.00093991053
0.00088944553
0.00083843671
0.00078692287
0.00073500578
0.00068273105
0.00063041953
0.00057793183
0.00052655644
0.00047460994
0.00042840931
0.00037595243
0.00035235697
0.00028344731
0.00042427625
-0.00022085379
0.004659592
0.0046422216
0.0046219854
0.0045977399
0.0045689931
0.0045358646
0.0044985028
0.0044570185
0.0044116026
0.004362545
0.0043101959
0.0042549429
0.0041972018
0.004137407
0.004076001
0.0040134249
0.0039501122
0.0038864839
0.003822944
0.0037598751
0.0036976325
0.0036365388
0.0035768762
0.0035188789
0.0034627249
0.0034085294
0.0033563395
0.0033061334
0.0032578245
0.003211271
0.0031662894
0.003122672
0.0030802044
0.0030386804
0.0029979111
0.0029577311
0.0029179993
0.0028785986
0.0028394366
0.0028004451
0.0027615785
0.0027228101
0.0026841242
0.0026455105
0.0026069626
0.0025684778
0.0025300549
0.0024916888
0.002453368
0.002415082
0.0023768256
0.002338586
0.0023003393
0.0022620652
0.0022237533
0.002185383
0.0021469232
0.0021083508
0.0020696522
0.0020307973
0.0019917554
0.0019525118
0.0019130398
0.0018733071
0.0018332974
0.0017929867
0.0017523423
0.0017113498
0.0016699832
0.0016282127
0.0015860254
0.0015433933
0.0015002952
0.0014567102
0.0014126161
0.0013679988
0.0013228361
0.001277113
0.0012308139
0.0011839255
0.0011364376
0.0010883427
0.0010396379
0.00099032545
0.00094041543
0.00088992496
0.00083889031
0.00078735004
0.00073540472
0.00068310015
0.00063075271
0.00057822707
0.00052679115
0.00047479057
0.00042843991
0.00037587475
0.00035190519
0.00028433515
0.00041415881
-0.00020813283
0.0046146376
0.0045978825
0.0045784829
0.0045553991
0.0045281689
0.0044968765
0.0044616302
0.0044225028
0.0043796386
0.0043332744
0.0042837062
0.0042312701
0.0041763346
0.0041192922
0.004060549
0.0040005157
0.0039396009
0.0038782054
0.0038167169
0.0037555052
0.0036949162
0.003635266
0.003576834
0.0035198554
0.0034645137
0.0034109347
0.003359181
0.0033092518
0.0032610852
0.0032145665
0.00316954
0.0031258239
0.0030832263
0.0030415585
0.0030006446
0.0029603278
0.0029204725
0.0028809646
0.0028417129
0.0028026482
0.0027637228
0.0027249064
0.0026861801
0.0026475313
0.0026089516
0.0025704362
0.0025319822
0.0024935835
0.0024552293
0.0024169086
0.002378615
0.0023403356
0.0023020482
0.0022637328
0.0022253776
0.0021869625
0.0021484582
0.0021098414
0.0020710971
0.0020321969
0.0019931108
0.0019538226
0.0019143063
0.0018745309
0.0018344787
0.0017941259
0.0017534411
0.0017124085
0.0016710026
0.0016291945
0.0015869699
0.0015443016
0.0015011683
0.0014575492
0.0014134221
0.0013687724
0.0013235785
0.001277825
0.0012314963
0.0011845792
0.0011370633
0.001088941
0.0010402095
0.00099087055
0.00094093432
0.00089041765
0.00083935635
0.00078778873
0.00073581409
0.00068347846
0.0006310933
0.00057852792
0.00052702768
0.00047497072
0.0004284588
0.00037578882
0.00035141328
0.00028515184
0.00040395968
-0.00019539793
0.0045705691
0.004554395
0.0045357776
0.0045137718
0.0044879448
0.004458352
0.0044250698
0.0043881395
0.0043476669
0.004303842
0.0042569127
0.0042071678
0.0041549309
0.0041005537
0.0040444059
0.0039868671
0.0039283194
0.0038691415
0.0038097034
0.0037503601
0.0036914466
0.0036332714
0.0035761096
0.0035201964
0.0034657195
0.0034128137
0.0033615557
0.0033119635
0.0032639981
0.00321757
0.0031725496
0.00312878
0.003086091
0.0030443117
0.0030032796
0.0029628474
0.0029228856
0.0028832841
0.0028439532
0.0028048237
0.0027658459
0.0027269869
0.002688225
0.0026495453
0.0026109373
0.0025723948
0.0025339128
0.0024954847
0.0024570996
0.0024187467
0.0023804181
0.002342101
0.0023037746
0.0022654195
0.0022270223
0.0021885636
0.0021500156
0.002111355
0.0020725658
0.0020336206
0.0019944905
0.0019551578
0.0019155974
0.0018757792
0.0018356843
0.0017952893
0.0017545638
0.0017134906
0.0016720452
0.0016301989
0.0015879364
0.0015452315
0.0015020626
0.0014584088
0.0014142482
0.0013695656
0.0013243399
0.0012785554
0.0012321966
0.0011852501
0.0011377055
0.0010895553
0.0010407963
0.0009914303
0.00094146714
0.0008909235
0.0008398347
0.00078823879
0.00073623369
0.0006838657
0.00063144097
0.00057883396
0.00052726541
0.00047514971
0.00042846464
0.00037569721
0.00035085211
0.00028590724
0.00039368609
-0.00018266396
0.0045273478
0.0045117238
0.0044938398
0.0044728367
0.00444831
0.0044202927
0.0043888349
0.0043539532
0.0043157206
0.0042742872
0.004229858
0.0041826786
0.0041330311
0.0040812276
0.0040276024
0.0039725033
0.003916285
0.003859303
0.0038019077
0.0037444384
0.0036872174
0.0036305442
0.0035746888
0.0035198846
0.0034663225
0.0034141447
0.0033634405
0.0033142446
0.003266539
0.0032202575
0.003175295
0.0031315182
0.0030887781
0.0030469214
0.0030057995
0.002965275
0.0029252256
0.0028855455
0.0028461473
0.0028069624
0.00276794
0.0027290448
0.0026902527
0.0026515468
0.002612915
0.0025743492
0.0025358429
0.0024973888
0.0024589759
0.0024205934
0.0023822323
0.0023438799
0.0023055166
0.0022671232
0.0022286857
0.0021901848
0.0021515941
0.0021128906
0.0020740572
0.0020350676
0.0019958938
0.0019565169
0.0019169126
0.0018770515
0.0018369138
0.0017964764
0.0017557099
0.001714596
0.0016731106
0.0016312257
0.0015889251
0.0015461831
0.001502978
0.001459289
0.0014150943
0.0013703783
0.0013251203
0.0012793041
0.0012329146
0.0011859382
0.0011383644
0.0010901855
0.0010413984
0.00099200463
0.00094201381
0.00089144241
0.00084032523
0.00078870006
0.0007366633
0.0006842616
0.00063179537
0.00057914472
0.0005275037
0.00047532682
0.00042845599
0.00037560456
0.00035020383
0.00028659275
0.00038334627
-0.00016995127
0.0044849376
0.0044698354
0.0044526407
0.0044325724
0.0044092531
0.004382698
0.0043529361
0.0043199645
0.004283829
0.0042446456
0.0042025814
0.0041578434
0.0041106747
0.0040613505
0.0040101702
0.0039574503
0.0039035176
0.0038487035
0.0037933375
0.0037377418
0.0036822251
0.0036270765
0.0035725594
0.0035189046
0.0034663045
0.0034149072
0.003364813
0.0033160716
0.0032686838
0.0032226049
0.0031777527
0.0031340161
0.0030912666
0.0030493683
0.0030081867
0.002967595
0.0029274784
0.0028877363
0.0028482844
0.0028090549
0.0027699966
0.0027310725
0.0026922565
0.00265353
0.0026148793
0.0025762945
0.0025377681
0.0024992917
0.0024608545
0.0024224455
0.0023840548
0.0023456697
0.0023072718
0.0022688422
0.002230366
0.0021918245
0.0021531924
0.002114447
0.0020755702
0.0020365369
0.0019973198
0.0019578993
0.0019182512
0.0018783472
0.0018381668
0.0017976871
0.0017568793
0.0017157245
0.0016741988
0.001632275
0.0015899358
0.0015471563
0.0015039145
0.0014601898
0.0014159605
0.0013712105
0.0013259195
0.0012800713
0.0012336504
0.0011866435
0.0011390398
0.0010908316
0.0010420157
0.00099259347
0.00094257425
0.00089197427
0.0008408278
0.00078917234
0.0007371027
0.00068466588
0.00063215612
0.00057945973
0.00052774189
0.00047550124
0.00042843138
0.00037551327
0.00034945748
0.00028719718
0.00037294865
-0.00015727989
0.0044433046
0.0044286984
0.0044121531
0.0043929581
0.0043707617
0.0043455652
0.0043173811
0.0042861908
0.0042520181
0.0042149498
0.00417512
0.0041327009
0.0040879003
0.0040409586
0.0039921419
0.0039417358
0.0038900393
0.0038373589
0.0037840027
0.0037302748
0.0036764689
0.0036228627
0.0035697117
0.0035172429
0.0034656488
0.0034150822
0.0033656522
0.0033174219
0.003270409
0.0032245885
0.003179899
0.0031362508
0.0030935348
0.0030516323
0.0030104229
0.0029697907
0.0029296292
0.0028898435
0.0028503526
0.0028110907
0.0027720065
0.0027330618
0.0026942292
0.0026554883
0.0026168242
0.0025782256
0.0025396836
0.0025011892
0.0024627316
0.0024242994
0.0023858824
0.0023474677
0.0023090376
0.0022705739
0.0022320612
0.0021934808
0.0021548088
0.0021160227
0.0020771037
0.0020380276
0.0019987678
0.001959304
0.0019196126
0.0018796659
0.0018394429
0.0017989207
0.0017580717
0.0017168757
0.0016753096
0.0016333464
0.0015909683
0.0015481509
0.001504872
0.0014611111
0.0014168466
0.0013720622
0.0013267377
0.0012808568
0.001234404
0.0011873659
0.0011397317
0.0010914936
0.0010426482
0.00099319678
0.00094314837
0.00089251898
0.00084134228
0.00078965547
0.00073755165
0.00068507824
0.00063252281
0.00057977847
0.00052797925
0.00047567213
0.00042838938
0.00037542114
0.00034862573
0.00028770694
0.00036249871
-0.0001446687
0.0044024167
0.004388283
0.0043723508
0.004353973
0.0043328227
0.0043088902
0.0042821751
0.0042526466
0.0042203104
0.0041852289
0.0041475077
0.0041072879
0.0040647454
0.0040200881
0.0039735506
0.0039253887
0.0038758739
0.0038252878
0.0037739164
0.0037220447
0.0036699508
0.0036178999
0.0035661385
0.0035148883
0.0034643409
0.003414652
0.0033659381
0.0033182737
0.0032716915
0.0032261845
0.0031817105
0.0031381994
0.0030955609
0.0030536929
0.0030124891
0.002971845
0.0029316624
0.0028918528
0.0028523395
0.0028130587
0.0027739597
0.0027350039
0.0026961627
0.0026574146
0.0026187433
0.0025801365
0.0025415842
0.0025030766
0.0024646028
0.0024261515
0.0023877116
0.0023492706
0.0023108113
0.002272316
0.002233769
0.0021951519
0.0021564417
0.0021176161
0.0020786562
0.0020395383
0.0020002366
0.0019607303
0.001920996
0.0018810069
0.0018407415
0.001800177
0.0017592865
0.0017180494
0.0016764426
0.0016344399
0.0015920225
0.0015491667
0.0015058504
0.0014620528
0.0014177527
0.0013729333
0.0013275748
0.0012816605
0.0012351753
0.0011881054
0.0011404401
0.0010921714
0.0010432959
0.00099381447
0.00094373609
0.00089307641
0.00084186851
0.00079014926
0.0007380099
0.00068549835
0.00063289505
0.0005801004
0.00052821506
0.00047583858
0.00042832852
0.00037532569
0.00034773373
0.00028810137
0.00035199955
-0.00013213601
0.0043622437
0.0043485608
0.0043332083
0.0043155969
0.0042954227
0.0042726677
0.0042473213
0.0042193434
0.0041887256
0.0041555094
0.0041197759
0.004081639
0.0040412457
0.0039987742
0.0039544295
0.003908439
0.0038610471
0.0038125107
0.0037630937
0.0037130615
0.0036626756
0.0036121878
0.0035618348
0.0035118318
0.0034623679
0.0034136006
0.003365652
0.0033186063
0.0032725093
0.0032273699
0.0031831638
0.0031398388
0.0030973226
0.0030555291
0.0030143658
0.0029737396
0.0029335615
0.0028937496
0.0028542317
0.0028149469
0.0027758456
0.0027368893
0.0026980486
0.0026593012
0.0026206298
0.0025820212
0.0025434643
0.0025049488
0.0024664636
0.0024279973
0.0023895387
0.0023510749
0.0023125897
0.0022740657
0.002235487
0.0021968354
0.0021580889
0.0021192256
0.0020802262
0.0020410678
0.0020017251
0.001962177
0.0019224004
0.0018823694
0.0018420619
0.0018014553
0.0017605234
0.0017192451
0.0016775975
0.001635555
0.0015930982
0.0015502037
0.0015068495
0.0014630148
0.0014186787
0.0013738238
0.0013284307
0.0012824826
0.0012359643
0.001188862
0.0011411649
0.001092865
0.0010439586
0.00099444647
0.0009443373
0.00089364645
0.00084240634
0.00079065349
0.0007384772
0.00068592589
0.00063327239
0.00058042498
0.00052844856
0.00047599966
0.00042824727
0.00037522474
0.00034679389
0.00028835858
0.00034145841
-0.00011969887
0.004322757
0.0043095048
0.0042947015
0.0042778099
0.0042585478
0.0042368909
0.0042128207
0.0041862905
0.0041572803
0.0041258146
0.0040919532
0.0040557864
0.0040174356
0.0039770515
0.003934812
0.0038909171
0.0038455856
0.0037990501
0.0037515522
0.0037033375
0.0036546505
0.0036057288
0.0035567982
0.0035080667
0.0034597194
0.0034119141
0.003364777
0.0033184003
0.0032728411
0.0032281224
0.0031842357
0.0031411461
0.0030987974
0.0030571192
0.0030160326
0.002975456
0.0029353094
0.0028955182
0.0028560151
0.0028167426
0.0027776527
0.0027387076
0.0026998777
0.0026611398
0.0026224762
0.0025838727
0.0025453175
0.0025068
0.0024683088
0.0024298324
0.0023913594
0.0023528769
0.0023143694
0.0022758199
0.0022372123
0.0021985288
0.0021597483
0.0021208492
0.002081812
0.0020426144
0.0020032319
0.001963643
0.001923825
0.0018837525
0.0018434033
0.001802755
0.0017617818
0.0017204623
0.0016787739
0.0016366914
0.0015941949
0.0015512615
0.0015078691
0.001463997
0.0014196243
0.0013747335
0.0013293053
0.0012833228
0.0012367708
0.0011896356
0.0011419061
0.0010935743
0.0010446362
0.0009950927
0.00094495191
0.00089422897
0.00084295559
0.00079116796
0.00073895328
0.0006863605
0.00063365438
0.0005807516
0.00052867897
0.00047615433
0.00042814406
0.00037511647
0.00034579815
0.00028841738
0.00033093071
-0.00010736866
0.004283929
0.004271089
0.0042568068
0.0042405923
0.0042221838
0.0042015521
0.0041786731
0.004153495
0.0041259889
0.0040961651
0.0040640657
0.0040297604
0.0039933475
0.0039549535
0.0039147307
0.003872854
0.0038295175
0.00378493
0.0037393114
0.0036928875
0.0036458853
0.0035985279
0.0035510291
0.0035035887
0.0034563869
0.0034095803
0.0033632977
0.0033176376
0.0032726666
0.0032284201
0.0031849039
0.0031420984
0.003099963
0.0030584417
0.0030174691
0.0029769748
0.0029368883
0.0028971422
0.0028576749
0.0028184323
0.0027793691
0.0027404481
0.0027016399
0.0026629215
0.0026242743
0.0025856837
0.0025471374
0.0025086242
0.0024701328
0.0024316516
0.0023931691
0.0023546725
0.0023161466
0.0022775751
0.0022389419
0.0022002295
0.0021614174
0.0021224846
0.0020834116
0.0020441765
0.0020047554
0.0019651269
0.0019252684
0.0018851552
0.0018447649
0.0018040752
0.001763061
0.0017217006
0.0016799714
0.0016378488
0.0015953126
0.00155234
0.0015089091
0.0014649992
0.0014205895
0.0013756623
0.0013301985
0.0012841812
0.001237595
0.0011904262
0.0011426636
0.0010942992
0.0010453288
0.00099575306
0.00094557979
0.00089482381
0.0008435161
0.00079169244
0.00073943784
0.00068680182
0.00063404055
0.00058107967
0.00052890547
0.00047630152
0.00042801726
0.00037500001
0.00034464508
0.00028825326
0.00032051885
-9.515474e-05
0.0042457336
0.0042332884
0.0042195013
0.0042039248
0.0041863161
0.0041666429
0.0041448763
0.0041209616
0.0040948629
0.004066579
0.0040361369
0.0040035885
0.0039690121
0.0039325121
0.0038942179
0.0038542807
0.0038128711
0.0037701757
0.0037263927
0.0036817285
0.0036363923
0.0035905923
0.00354453
0.0034983958
0.0034523642
0.0034065891
0.0033612006
0.0033163017
0.003271967
0.0032282424
0.0031851464
0.0031426733
0.0031007968
0.0030594748
0.0030186543
0.0029782763
0.0029382797
0.0028986047
0.0028591953
0.0028200019
0.0027809816
0.0027420989
0.0027033249
0.0026646366
0.0026260154
0.0025874464
0.0025489167
0.002510415
0.0024719298
0.0024334497
0.002394963
0.002356457
0.0023179172
0.0022793277
0.0022406725
0.0022019343
0.0021630935
0.0021241295
0.0020850228
0.002045752
0.002006294
0.0019666272
0.0019267293
0.0018865763
0.0018461456
0.0018054152
0.0017643603
0.0017229591
0.0016811893
0.0016390266
0.0015964505
0.0015534386
0.001509969
0.001466021
0.001421574
0.0013766101
0.0013311102
0.0012850575
0.0012384365
0.0011912335
0.0011434373
0.0010950397
0.0010460362
0.00099642741
0.00094622079
0.0008954308
0.00084408764
0.00079222667
0.00073993057
0.00068724945
0.0006344304
0.00058140852
0.00052912723
0.0004764401
0.00042786529
0.00037487557
0.00034327444
0.00028786083
0.00031027914
-8.3080431e-05
0.0042081463
0.0041960794
0.0041827631
0.0041677888
0.0041509307
0.0041321542
0.0041114276
0.0040886939
0.0040639124
0.0040370723
0.0040081882
0.0039772967
0.0039444585
0.0039097585
0.0038733051
0.003835228
0.0037956758
0.0037548136
0.003712819
0.0036698791
0.0036261859
0.0035819319
0.0035373061
0.0034924888
0.0034476475
0.0034029327
0.0033584741
0.0033143779
0.0032707249
0.0032275698
0.0031849424
0.0031428492
0.0031012769
0.0030601965
0.0030195671
0.0029793404
0.0029394647
0.0028998879
0.0028605603
0.0028214366
0.0027824769
0.0027436478
0.0027049213
0.002666275
0.0026276904
0.0025891522
0.0025506477
0.0025121652
0.0024736933
0.0024352206
0.0023967356
0.0023582257
0.0023196769
0.0022810737
0.0022424004
0.00220364
0.0021647736
0.0021257812
0.0020866433
0.002047339
0.0020078458
0.0019681422
0.0019282063
0.0018880145
0.0018475443
0.0018067737
0.0017656787
0.0017242372
0.001682427
0.0016402243
0.0015976084
0.0015545571
0.0015110486
0.0014670623
0.0014225776
0.0013775765
0.0013320401
0.0012859516
0.0012392953
0.0011920576
0.0011442271
0.0010957955
0.0010467583
0.00099711564
0.00094687479
0.00089604979
0.00084467003
0.00079277042
0.00074043117
0.000687703
0.00063482343
0.00058173751
0.00052934343
0.00047656888
0.00042768654
0.00037474518
0.00034173211
0.00028717568
0.00030020347
-7.1170713e-05
0.0041711405
0.004159437
0.0041465693
0.004132164
0.0041160113
0.0040980749
0.004078321
0.0040566922
0.0040331436
0.0040076573
0.0039802371
0.0039509071
0.0039197125
0.003886721
0.0038520221
0.0038157257
0.0037779603
0.0037388704
0.0036986142
0.00365736
0.0036152825
0.0035725589
0.0035293651
0.0034858708
0.0034422358
0.0033986059
0.0033551093
0.0033118538
0.003268925
0.0032263848
0.0031842724
0.0031426054
0.0031013823
0.0030605859
0.0030201868
0.0029801472
0.0029404245
0.0029009744
0.0028617534
0.002822721
0.002783841
0.002745082
0.0027064177
0.0026678262
0.0026292895
0.0025907925
0.0025523224
0.0025138675
0.0024754166
0.0024369584
0.0023984814
0.0023599735
0.002321421
0.0022828089
0.0022441218
0.0022053432
0.0021664547
0.0021274368
0.0020882704
0.002048935
0.0020094087
0.0019696702
0.0019296977
0.0018894683
0.0018489597
0.0018081499
0.0017670153
0.0017255339
0.0016836837
0.0016414413
0.0015987856
0.0015556949
0.0015121474
0.0014681225
0.0014235999
0.0013785614
0.0013329881
0.0012868632
0.0012401712
0.0011928982
0.0011450328
0.0010965666
0.0010474949
0.0009978176
0.0009475416
0.00089668058
0.00084526304
0.00079332341
0.00074093931
0.00068816207
0.00063521913
0.00058206602
0.00052955315
0.00047668681
0.00042747898
0.00037460558
0.00034002621
0.00028616019
0.00029024662
-5.9399556e-05
0.0038485459
0.0039955471
0.004208261
0.0044568646
0.0047535514
0.0051155467
0.0055123039
0.006069044
0.0066403774
0.0082674363
0.003848537
0.0039955259
0.0042082222
0.0044567831
0.0047533746
0.0051150762
0.0055112591
0.0060639626
0.0066298673
0.0079560252
0.0038485198
0.0039954876
0.0042081512
0.0044566334
0.0047530417
0.0051142426
0.0055092532
0.0060558794
0.0066112465
0.0077140543
0.0038484924
0.0039954274
0.0042080391
0.004456397
0.0047525153
0.005112936
0.0055061903
0.0060441452
0.0065845276
0.0075244302
0.0038484539
0.0039953429
0.0042078818
0.0044560653
0.0047517779
0.0051111142
0.0055019419
0.0060290702
0.0065489307
0.0073543054
0.0038484032
0.0039952319
0.0042076752
0.00445563
0.0047508126
0.0051087452
0.0054963457
0.0060110122
0.0065051559
0.0071970628
0.0038483394
0.003995092
0.0042074148
0.0044550819
0.0047496001
0.0051057895
0.0054894131
0.0059900453
0.0064550394
0.0070521455
0.003848261
0.0039949204
0.0042070955
0.0044544107
0.0047481201
0.0051022078
0.0054811418
0.0059662261
0.0064012196
0.0069161651
0.0038481668
0.0039947143
0.0042067119
0.0044536057
0.0047463516
0.0050979622
0.0054715019
0.0059396978
0.0063451721
0.0067869138
0.0038480553
0.0039944706
0.0042062585
0.0044526555
0.0047442728
0.005093016
0.0054604674
0.0059106509
0.0062871461
0.0066640758
0.0038479251
0.003994186
0.004205729
0.0044515482
0.0047418614
0.0050873338
0.00544802
0.0058792682
0.0062274459
0.0065474155
0.0038477743
0.0039938568
0.004205117
0.0044502711
0.0047390943
0.0050808821
0.0054341485
0.0058457309
0.0061664266
0.0064365902
0.0038476013
0.0039934793
0.0042044157
0.0044488111
0.0047359482
0.005073629
0.0054188475
0.0058102209
0.0061044159
0.0063312315
0.0038474041
0.0039930494
0.0042036176
0.0044471543
0.0047323991
0.0050655448
0.0054021184
0.0057729186
0.0060417067
0.0062309743
0.0038471806
0.0039925629
0.004202715
0.0044452863
0.0047284228
0.0050566023
0.0053839693
0.0057340015
0.0059785634
0.0061354608
0.0038469287
0.003992015
0.0042016998
0.0044431921
0.0047239949
0.0050467769
0.0053644148
0.005693643
0.0059152237
0.0060443428
0.003846646
0.003991401
0.004200563
0.004440856
0.0047190907
0.0050360469
0.0053434763
0.005652011
0.0058518997
0.0059572856
0.00384633
0.0039907155
0.0041992957
0.0044382619
0.004713686
0.0050243935
0.0053211816
0.0056092675
0.0057887787
0.0058739714
0.0038459778
0.003989953
0.004197888
0.0044353931
0.0047077563
0.0050118012
0.0052975649
0.0055655675
0.0057260245
0.0057941017
0.0038455867
0.0039891076
0.0041963298
0.0044322324
0.0047012778
0.004998258
0.0052726661
0.0055210584
0.0056637782
0.0057173993
0.0038451535
0.003988173
0.0041946103
0.0044287623
0.0046942271
0.0049837553
0.0052465308
0.0054758798
0.0056021597
0.0056436087
0.0038446748
0.0039871428
0.0041927183
0.0044249647
0.0046865814
0.0049682883
0.0052192101
0.0054301625
0.0055412693
0.0055724969
0.0038441471
0.0039860097
0.004190642
0.0044208214
0.0046783189
0.004951856
0.0051907593
0.0053840289
0.0054811885
0.0055038526
0.0038435666
0.0039847665
0.004188369
0.0044163137
0.0046694187
0.0049344609
0.0051612384
0.0053375925
0.0054219825
0.0054374856
0.0038429291
0.0039834054
0.0041858866
0.0044114228
0.0046598614
0.0049161096
0.0051307106
0.0052909576
0.0053637008
0.0053732253
0.0038422305
0.003981918
0.0041831813
0.00440613
0.0046496287
0.0048968124
0.0050992423
0.00524422
0.0053063798
0.0053109192
0.0038414659
0.0039802958
0.0041802394
0.0044004163
0.004638704
0.0048765834
0.0050669024
0.0051974669
0.0052500439
0.0052504313
0.0038406305
0.0039785296
0.0041770463
0.0043942629
0.0046270726
0.0048554404
0.0050337613
0.0051507768
0.0051947069
0.0051916402
0.003839719
0.0039766099
0.0041735874
0.0043876512
0.0046147216
0.0048334046
0.0049998907
0.0051042202
0.0051403743
0.0051344377
0.0038387258
0.0039745267
0.0041698473
0.0043805628
0.0046016401
0.0048105007
0.0049653626
0.0050578599
0.005087044
0.0050787266
0.0038376449
0.0039722695
0.0041658102
0.0043729799
0.0045878198
0.0047867568
0.004930249
0.0050117513
0.0050347077
0.0050244199
0.0038364699
0.0039698275
0.0041614602
0.0043648851
0.0045732543
0.0047622037
0.004894621
0.004965943
0.0049833527
0.0049714389
0.0038351942
0.0039671893
0.0041567807
0.0043562616
0.0045579402
0.0047368751
0.0048585485
0.004920477
0.004932962
0.0049197123
0.0038338105
0.0039643431
0.0041517551
0.0043470934
0.0045418762
0.0047108072
0.0048220996
0.0048753895
0.0048835159
0.0048691753
0.0038323112
0.0039612765
0.0041463664
0.0043373656
0.0045250641
0.0046840384
0.00478534
0.0048307113
0.0048349927
0.0048197685
0.0038306883
0.0039579771
0.0041405975
0.004327064
0.004507508
0.004656609
0.0047483329
0.0047864682
0.0047873689
0.0047714372
0.0038289333
0.0039544315
0.0041344311
0.0043161759
0.0044892151
0.0046285608
0.0047111384
0.0047426815
0.0047406201
0.004724131
0.0038270371
0.0039506264
0.0041278499
0.0043046896
0.004470195
0.0045999367
0.0046738133
0.0046993685
0.0046947215
0.004677803
0.0038249902
0.0039465479
0.0041208368
0.0042925949
0.0044504603
0.0045707809
0.0046364109
0.0046565427
0.0046496479
0.0046324096
0.0038227824
0.0039421817
0.0041133745
0.0042798832
0.0044300259
0.0045411377
0.0045989809
0.0046142147
0.0046053742
0.0045879101
0.0038204033
0.0039375134
0.0041054463
0.0042665476
0.0044089094
0.0045110517
0.0045615693
0.004572392
0.0045618755
0.0045442664
0.0038178416
0.0039325282
0.0040970356
0.0042525825
0.004387131
0.0044805677
0.0045242181
0.0045310797
0.0045191275
0.0045014425
0.0038150855
0.0039272111
0.0040881263
0.0042379846
0.0043647127
0.0044497297
0.0044869658
0.0044902804
0.004477106
0.0044594047
0.0038121227
0.0039215468
0.0040787026
0.0042227523
0.0043416791
0.004418581
0.004449847
0.0044499949
0.0044357877
0.0044181209
0.0038089401
0.0039155202
0.0040687497
0.0042068858
0.0043180565
0.0043871642
0.0044128928
0.0044102223
0.0043951497
0.0043775609
0.0038055243
0.0039091158
0.0040582532
0.0041903875
0.0042938728
0.0043555203
0.004376131
0.0043709598
0.0043551696
0.0043376959
0.0038018608
0.0039023184
0.0040471997
0.0041732618
0.0042691576
0.0043236892
0.0043395859
0.0043322036
0.0043158257
0.0042984983
0.003797935
0.0038951127
0.0040355768
0.0041555149
0.0042439415
0.0042917091
0.0043032791
0.0042939487
0.0042770969
0.004259942
0.0037937323
0.0038874844
0.0040233735
0.0041371554
0.0042182553
0.0042596152
0.0042672284
0.0042561883
0.0042389625
0.004222002
0.0037892382
0.0038794206
0.0040105797
0.0041181937
0.0041921295
0.0042274387
0.0042314462
0.0042189119
0.0042013985
0.0041846509
0.0037842333
0.0038705536
0.0039966257
0.0040978307
0.0041644981
0.0041938788
0.0041944783
0.004180589
0.0041628515
0.0041463385
0.0037780824
0.0038598355
0.0039798978
0.0040738304
0.0041324669
0.0041555318
0.0041526376
0.0041374252
0.0041195161
0.004103287
0.003770086
0.0038462328
0.0039588575
0.0040442244
0.0040937293
0.0041099015
0.004103364
0.0040868678
0.0040688714
0.0040530075
0.0037595844
0.0038289815
0.0039324422
0.0040078596
0.0040472524
0.0040561326
0.0040459443
0.0040282911
0.0040103298
0.0039949161
0.0037456289
0.0038071378
0.0038994404
0.0039634728
0.0039920213
0.0039934784
0.003979809
0.0039612181
0.003943458
0.0039286049
0.0037269134
0.0037794989
0.0038585596
0.003909798
0.0039271462
0.0039214056
0.0039046215
0.003885375
0.0038679642
0.0038537348
0.0037018177
0.0037445843
0.0038083517
0.0038456155
0.0038519284
0.0038396457
0.0038203384
0.0038008447
0.0037840434
0.0037705915
0.0036683467
0.0037005847
0.0037473683
0.003769971
0.0037660122
0.003748239
0.0037270519
0.003707526
0.0036913416
0.0036786401
0.0036240986
0.0036454228
0.0036743182
0.0036823365
0.0036694636
0.0036477024
0.0036257188
0.003606851
0.0035916872
0.0035799289
0.0035663877
0.0035769435
0.0035882427
0.0035827332
0.003562626
0.0035379929
0.0035153948
0.0034969087
0.0034825039
0.0034715738
0.0034925446
0.0034932078
0.0034886392
0.0034718322
0.0034471449
0.0034221664
0.0034008697
0.0033839207
0.0033708093
0.0033608734
0.0034004319
0.0033929579
0.0033755868
0.0033498213
0.0033211438
0.0032949175
0.0032736097
0.0032572829
0.0032450657
0.0032360256
0.0032891639
0.0032760399
0.0032506778
0.0032216129
0.0031946701
0.0031719558
0.0031536643
0.0031393887
0.0031285434
0.0031204732
0.0031599607
0.0031435239
0.0031120918
0.0030776503
0.0030475172
0.003023722
0.0030057731
0.002992495
0.0029827611
0.0029756688
0.0030167446
0.0030023106
0.0029768921
0.0029517789
0.0029308155
0.0029136124
0.0028995667
0.0028884869
0.0028800839
0.0028738595
0.0028642834
0.0028439584
0.0028094062
0.002776532
0.0027521541
0.0027348652
0.0027221264
0.0027126209
0.0027056483
0.0027006086
0.002722071
0.0027247424
0.0027183067
0.002706125
0.0026925754
0.0026798659
0.0026691403
0.0026607003
0.0026542923
0.0026495078
0.0025501269
0.0025099461
0.002466874
0.0024362882
0.0024153729
0.0024001653
0.0023889826
0.0023809177
0.0023751554
0.0023710239
0.0041331796
0.0041218411
0.0041094198
0.0040955762
0.0040801152
0.0040629993
0.0040441939
0.0040236418
0.0040012955
0.0039771307
0.0039511427
0.0039233439
0.003893766
0.0038624609
0.0038295007
0.0037949765
0.0037589973
0.003721688
0.0036831873
0.0036436447
0.0036032175
0.0035620671
0.0035203554
0.0034782406
0.0034358738
0.003393395
0.0033509297
0.0033085858
0.0032664523
0.0032245971
0.0031830677
0.0031418915
0.0031010781
0.0030606216
0.0030205036
0.0029806967
0.0029411678
0.0029018804
0.0028627978
0.0028238847
0.0027851087
0.0027464413
0.002707858
0.0026693381
0.0026308643
0.0025924219
0.0025539981
0.0025155816
0.0024771612
0.0024387261
0.0024002649
0.0023617657
0.0023232153
0.0022845995
0.002245903
0.0022071099
0.0021682024
0.0021291617
0.0020899688
0.0020506038
0.0020110454
0.0019712726
0.0019312639
0.0018909969
0.0018504495
0.0018095999
0.001768425
0.0017269027
0.0016850114
0.0016427278
0.001600031
0.0015568993
0.0015133111
0.001469246
0.0014246838
0.0013796059
0.0013339939
0.0012878308
0.001241101
0.0011937906
0.0011458883
0.0010973854
0.0010482769
0.00099856273
0.00094824919
0.00089734955
0.00084589139
0.00079390859
0.00074147593
0.0006886454
0.00063563328
0.00058240687
0.00052976352
0.00047679723
0.00042723037
0.00037441585
0.00033812074
0.00028475879
0.00027992223
-4.7208472e-05
0.0040905204
0.0040795826
0.0040676468
0.0040544083
0.0040396876
0.0040234463
0.0040056499
0.0039862423
0.0039651742
0.0039424161
0.003917955
0.0038917929
0.0038639483
0.0038344577
0.0038033755
0.0037707739
0.0037367417
0.0037013833
0.0036648164
0.0036271705
0.0035885834
0.0035491988
0.0035091626
0.0034686197
0.0034277105
0.0033865671
0.0033453104
0.0033040475
0.0032628689
0.0032218479
0.0031810391
0.0031404797
0.00310019
0.0030601756
0.0030204299
0.0029809366
0.0029416726
0.0029026106
0.0028637214
0.0028249758
0.0027863464
0.0027478083
0.0027093393
0.0026709207
0.0026325361
0.0025941715
0.0025558149
0.0025174551
0.0024790814
0.0024406833
0.0024022499
0.0023637697
0.0023252301
0.0022866174
0.002247917
0.0022091135
0.0021701898
0.0021311279
0.0020919091
0.0020525142
0.0020129226
0.0019731135
0.0019330661
0.0018927583
0.0018521685
0.0018112749
0.0017700552
0.0017284874
0.0016865497
0.0016442198
0.0016014764
0.0015582981
0.0015146636
0.0014705525
0.0014259447
0.0013808217
0.001335165
0.0012889577
0.0012421843
0.0011948307
0.0011468854
0.0010983397
0.0010491884
0.00099943097
0.00094907333
0.00089812823
0.00084662205
0.00079458805
0.00074209752
0.00068920328
0.00063610815
0.00058279349
0.00052999287
0.00047690544
0.0004269073
0.0003740902
0.00033587408
0.00028274483
0.00026819498
-3.3479078e-05
0.0040406967
0.0040302131
0.0040188216
0.0040062543
0.0039923491
0.0039770678
0.0039603762
0.0039422201
0.0039225496
0.0039013307
0.0038785435
0.0038541801
0.0038282465
0.0038007639
0.0037717692
0.0037413151
0.0037094694
0.0036763143
0.0036419453
0.0036064693
0.0035700025
0.0035326683
0.0034945939
0.0034559079
0.0034167372
0.0033772035
0.0033374208
0.0032974925
0.0032575094
0.003217548
0.0031776694
0.0031379195
0.0030983293
0.0030589162
0.0030196856
0.0029806333
0.0029417475
0.0029030112
0.0028644041
0.0028259048
0.0027874916
0.0027491445
0.0027108448
0.0026725763
0.0026343244
0.0025960767
0.0025578218
0.0025195493
0.0024812493
0.0024429118
0.0024045267
0.0023660829
0.0023275688
0.0022889714
0.002250277
0.0022114706
0.0021725363
0.0021334567
0.0020942141
0.0020547897
0.0020151639
0.0019753164
0.001935227
0.0018948742
0.0018542369
0.0018132937
0.0017720227
0.0017304022
0.001688411
0.0016460269
0.0016032288
0.0015599956
0.0015163063
0.0014721405
0.0014274783
0.0013823012
0.001336591
0.0012903306
0.0012435043
0.0011960984
0.001148101
0.0010995032
0.0010502995
0.0010004891
0.00095007728
0.00089907603
0.00084751032
0.00079541252
0.00074284964
0.00068987517
0.0006366756
0.00058324842
0.00053025023
0.00047700399
0.00042647048
0.00037356318
0.0003331148
0.00027978243
0.0002544873
-1.7877506e-05
0.0039831156
0.0039731338
0.0039623395
0.0039505007
0.0039374741
0.0039232226
0.0039077131
0.0038908938
0.0038727156
0.0038531417
0.0038321463
0.0038097131
0.003785837
0.003760525
0.0037337974
0.0037056879
0.0036762433
0.0036455235
0.0036136005
0.0035805577
0.0035464879
0.0035114916
0.0034756751
0.003439148
0.0034020205
0.0033644009
0.0033263932
0.0032880943
0.0032495923
0.0032109645
0.0031722763
0.0031335806
0.0030949177
0.003056316
0.0030177931
0.0029793569
0.0029410076
0.0029027395
0.0028645424
0.0028264036
0.0027883089
0.0027502443
0.0027121958
0.0026741508
0.0026360976
0.0025980256
0.0025599253
0.0025217875
0.0024836034
0.002445364
0.0024070601
0.0023686818
0.0023302182
0.0022916576
0.0022529871
0.0022141929
0.0021752601
0.0021361724
0.002096913
0.002057464
0.0020178068
0.0019779221
0.00193779
0.0018973902
0.0018567021
0.0018157048
0.0017743771
0.0017326979
0.0016906459
0.0016482
0.001605339
0.0015620422
0.0015182889
0.0014740591
0.0014293329
0.0013840919
0.001338318
0.0012919942
0.0012451049
0.001197636
0.0011495757
0.0011009148
0.0010516476
0.0010017725
0.00095129416
0.0009002237
0.00084858427
0.00079640693
0.00074375356
0.00069067777
0.00063734683
0.00058377508
0.00053052995
0.000477071
0.00042588161
0.000372778
0.00032972329
0.00027559853
0.00023881321
-1.0199504e-06
0.003917384
0.0039079541
0.0038978068
0.0038867468
0.0038746501
0.0038614818
0.0038472099
0.0038317865
0.0038151644
0.0037973057
0.0037781807
0.0037577666
0.0037360491
0.0037130232
0.0036886944
0.003663079
0.0036362042
0.0036081085
0.0035788411
0.0035484612
0.0035170377
0.0034846471
0.0034513729
0.0034173032
0.003382529
0.003347142
0.0033112327
0.0032748882
0.0032381902
0.0032012133
0.0031640238
0.0031266788
0.0030892255
0.0030517014
0.0030141347
0.0029765448
0.0029389438
0.0029013373
0.002863726
0.002826107
0.0027884748
0.0027508224
0.0027131421
0.002675426
0.0026376664
0.0025998559
0.0025619872
0.0025240534
0.0024860473
0.0024479617
0.0024097886
0.0023715196
0.0023331453
0.0022946552
0.0022560379
0.0022172809
0.0021783705
0.0021392921
0.0021000298
0.0020605672
0.0020208868
0.0019809702
0.0019407988
0.0019003532
0.0018596136
0.0018185598
0.0017771716
0.0017354283
0.0016933095
0.0016507944
0.0016078624
0.0015644932
0.0015206665
0.0014763625
0.0014315619
0.0013862461
0.0013403973
0.0012939986
0.0012470343
0.0011994903
0.0011513547
0.0011026178
0.0010532735
0.0010033197
0.00095276004
0.00090160438
0.00084987368
0.00079759715
0.0007448305
0.00069162639
0.0006381302
0.00058437164
0.00053081919
0.00047707166
0.00042509128
0.00037161533
0.0003255975
0.00027000018
0.00022137518
1.6073104e-05
0.0038431257
0.0038342826
0.0038248184
0.0038145677
0.0038034269
0.0037913648
0.0037783518
0.0037643443
0.0037492982
0.0037331763
0.0037159469
0.0036975833
0.0036780642
0.0036573755
0.0036355106
0.0036124712
0.0035882676
0.003562919
0.0035364533
0.0035089076
0.0034803271
0.0034507647
0.0034202802
0.0033889391
0.0033568112
0.003323969
0.0032904863
0.0032564366
0.0032218912
0.003186918
0.0031515799
0.0031159341
0.0030800307
0.0030439131
0.0030076172
0.0029711717
0.0029345991
0.0028979155
0.0028611323
0.0028242565
0.0027872918
0.0027502395
0.0027130989
0.0026758683
0.0026385451
0.002601126
0.0025636074
0.0025259854
0.0024882554
0.0024504125
0.0024124508
0.0023743638
0.002336144
0.0022977828
0.0022592707
0.0022205969
0.0021817495
0.0021427154
0.0021034807
0.0020640302
0.0020243481
0.0019844176
0.0019442212
0.0019037408
0.0018629578
0.0018218532
0.0017804076
0.0017386014
0.0016964149
0.001653828
0.0016108209
0.0015673739
0.0015234673
0.0014790815
0.0014341978
0.0013887979
0.001342864
0.0012963794
0.0012493286
0.0012016973
0.0011534733
0.0011046467
0.0010552109
0.0010051628
0.00095450476
0.0009032453
0.00085140251
0.00079900291
0.00074609502
0.00069272871
0.00063902511
0.00058502493
0.00053109193
0.00047695222
0.00042403126
0.00036992479
0.00032061583
0.00026293893
0.00020277666
3.1916312e-05
0.0037606687
0.0037524431
0.0037436865
0.0037342659
0.0037240936
0.0037131413
0.0037013826
0.003688779
0.0036752909
0.003660883
0.0036455237
0.0036291845
0.0036118403
0.0035934706
0.0035740604
0.0035536002
0.0035320868
0.0035095236
0.0034859209
0.0034612961
0.0034356733
0.0034090836
0.0033815643
0.0033531585
0.0033239141
0.0032938832
0.0032631206
0.0032316832
0.0031996283
0.0031670126
0.0031338912
0.0031003163
0.0030663364
0.0030319959
0.0029973342
0.0029623858
0.0029271801
0.0028917417
0.0028560907
0.0028202433
0.0027842118
0.0027480058
0.0027116324
0.0026750966
0.002638402
0.0026015505
0.0025645433
0.0025273804
0.0024900608
0.0024525827
0.0024149433
0.0023771387
0.002339164
0.0023010131
0.0022626787
0.0022241525
0.0021854249
0.0021464849
0.0021073207
0.0020679193
0.0020282667
0.001988348
0.0019481476
0.001907649
0.0018668352
0.0018256885
0.0017841911
0.0017423244
0.00170007
0.0016574088
0.001614322
0.0015707906
0.0015267957
0.0014823185
0.0014373407
0.0013918443
0.0013458121
0.0012992275
0.0012520749
0.0012043401
0.0011560107
0.0011070765
0.0010575297
0.0010073667
0.00095658798
0.00090520006
0.00085321764
0.00080066342
0.00074757754
0.00069400433
0.00064003882
0.00058572496
0.00053132098
0.00047665187
0.00042262475
0.00036755401
0.00031466917
0.00025441762
0.00018434723
4.4961514e-05
0.003669399
0.0036618108
0.0036537731
0.0036451758
0.0036359517
0.0036260781
0.0036155314
0.0036042778
0.0035922828
0.0035795145
0.003565943
0.0035515402
0.0035362796
0.0035201377
0.0035030941
0.0034851322
0.0034662393
0.0034464074
0.0034256331
0.0034039184
0.0033812704
0.0033577015
0.0033332294
0.0033078768
0.0032816714
0.0032546448
0.0032268326
0.0031982734
0.003169008
0.0031390786
0.0031085282
0.0030773995
0.0030457342
0.0030135723
0.0029809516
0.0029479072
0.0029144712
0.0028806723
0.0028465361
0.0028120849
0.0027773381
0.0027423122
0.0027070212
0.0026714767
0.0026356884
0.0025996643
0.0025634106
0.0025269321
0.0024902322
0.0024533132
0.0024161759
0.00237882
0.0023412437
0.0023034442
0.0022654172
0.0022271572
0.0021886575
0.0021499101
0.0021109056
0.0020716337
0.0020320829
0.0019922407
0.0019520938
0.0019116278
0.0018708278
0.0018296781
0.0017881626
0.0017462644
0.0017039666
0.0016612516
0.0016181019
0.0015744995
0.0015304268
0.0014858657
0.0014407987
0.0013952086
0.0013490784
0.001302392
0.0012551339
0.00120729
0.0011588475
0.0011097957
0.0010601261
0.0010098335
0.00095891657
0.00090737911
0.00085523157
0.00080249148
0.00074918913
0.00069535991
0.00064107107
0.00058635923
0.00053138098
0.00047601795
0.00042071375
0.00036429804
0.00030774145
0.00024451187
0.00016719188
5.3756146e-05
0.0035714264
0.0035644672
0.003557135
0.0035493446
0.0035410379
0.0035321947
0.0035227954
0.0035128122
0.0035022154
0.0034909772
0.0034790705
0.0034664692
0.0034531475
0.0034390814
0.0034242484
0.003408628
0.0033922023
0.0033749559
0.0033568767
0.0033379555
0.0033181871
0.0032975699
0.0032761062
0.0032538021
0.003230668
0.0032067177
0.0031819687
0.0031564421
0.0031301614
0.0031031532
0.0030754456
0.0030470685
0.0030180525
0.0029884287
0.002958228
0.0029274807
0.0028962162
0.0028644622
0.0028322451
0.0027995893
0.0027665172
0.0027330494
0.0026992044
0.0026649987
0.002630447
0.0025955623
0.0025603557
0.0025248368
0.0024890138
0.0024528932
0.00241648
0.0023797778
0.002342789
0.0023055144
0.0022679534
0.002230104
0.002191963
0.0021535257
0.0021147862
0.0020757374
0.002036371
0.0019966775
0.0019566464
0.0019162664
0.0018755252
0.0018344096
0.0017929058
0.0017509994
0.0017086755
0.0016659185
0.0016227126
0.0015790415
0.001534889
0.0014902384
0.0014450732
0.0013993771
0.0013531339
0.001306328
0.0012589443
0.0012109685
0.0011623878
0.0011131906
0.0010633675
0.0010129117
0.00096181927
0.00091009058
0.00085773088
0.00080475079
0.00075116916
0.0006970084
0.00064230648
0.0005870807
0.00053139357
0.00047513615
0.00041837221
0.00036024273
0.0003001233
0.00023398889
0.00015223275
5.811026e-05
0.0034637874
0.0034574753
0.0034508464
0.0034438339
0.0034363989
0.0034285263
0.0034201986
0.0034113923
0.003402083
0.0033922471
0.0033818613
0.003370902
0.0033593461
0.0033471706
0.0033343534
0.0033208733
0.0033067102
0.0032918453
0.0032762615
0.0032599436
0.0032428785
0.0032250555
0.0032064662
0.003187105
0.0031669691
0.0031460586
0.0031243764
0.0031019282
0.0030787226
0.0030547707
0.003030086
0.0030046842
0.0029785828
0.002951801
0.002924359
0.0028962782
0.0028675801
0.0028382868
0.00280842
0.0027780013
0.0027470516
0.0027155907
0.002683638
0.0026512113
0.0026183276
0.0025850024
0.0025512499
0.0025170831
0.0024825137
0.0024475519
0.0024122064
0.0023764848
0.0023403932
0.0023039362
0.0022671171
0.0022299379
0.0021923991
0.0021545
0.0021162383
0.0020776108
0.0020386128
0.0019992385
0.001959481
0.0019193323
0.0018787835
0.0018378246
0.001796445
0.0017546331
0.0017123766
0.0016696627
0.0016264778
0.001582808
0.0015386388
0.0014939554
0.001448743
0.0014029864
0.0013566705
0.0013097804
0.0012623015
0.0012142199
0.0011655222
0.0011161964
0.0010662316
0.001015619
0.00096435168
0.00091242553
0.00085983949
0.00080659548
0.000752699
0.00069815556
0.00064297236
0.00058713674
0.00053062722
0.00047330594
0.0004149581
0.00035489485
0.00029159021
0.00022320233
0.00013928632
5.8379071e-05
0.0033538053
0.0033480765
0.0033420899
0.0033357961
0.0033291583
0.0033221627
0.0033147962
0.0033070404
0.003298875
0.0032902794
0.0032812339
0.0032717186
0.003261713
0.0032511969
0.0032401499
0.0032285517
0.0032163826
0.0032036232
0.0031902549
0.0031762597
0.0031616208
0.0031463226
0.0031303505
0.0031136919
0.0030963355
0.003078272
0.003059494
0.003039996
0.0030197746
0.0029988286
0.0029771587
0.0029547678
0.0029316607
0.002907844
0.0028833262
0.0028581171
0.0028322281
0.0028056716
0.0027784611
0.0027506107
0.0027221351
0.0026930494
0.0026633688
0.0026331083
0.0026022828
0.0025709068
0.0025389943
0.0025065587
0.0024736124
0.0024401674
0.0024062344
0.0023718232
0.0023369427
0.0023016005
0.0022658032
0.0022295562
0.0021928637
0.0021557288
0.0021181533
0.002080138
0.0020416822
0.0020027843
0.0019634416
0.0019236502
0.0018834052
0.0018427007
0.0018015297
0.0017598844
0.0017177559
0.0016751348
0.0016320104
0.0015883717
0.0015442069
0.0014995035
0.0014542485
0.0014084286
0.0013620301
0.0013150393
0.0012674423
0.0012192253
0.001170375
0.0011208785
0.0010707233
0.0010198983
0.00096839285
0.00091619765
0.00086330417
0.00080970398
0.00075538759
0.00070034061
0.00064453904
0.0005879341
0.00053043407
0.00047185508
0.00041181438
0.00034973046
0.00028379301
0.00021374285
0.00012947622
5.6799893e-05
0.0032296877
0.0032246
0.0032192894
0.0032137175
0.0032078644
0.0032017204
0.0031952733
0.0031885077
0.0031814075
0.0031739567
0.003166139
0.0031579377
0.0031493355
0.0031403149
0.0031308582
0.0031209473
0.0031105641
0.0030996904
0.0030883081
0.0030763992
0.003063946
0.0030509312
0.0030373381
0.0030231503
0.0030083525
0.0029929303
0.00297687
0.0029601594
0.0029427871
0.0029247435
0.00290602
0.0028866097
0.0028665072
0.0028457084
0.002824211
0.0028020142
0.0027791184
0.0027555258
0.0027312397
0.0027062646
0.0026806063
0.0026542715
0.0026272678
0.0025996036
0.0025712877
0.0025423296
0.002512739
0.0024825256
0.0024516994
0.0024202703
0.0023882477
0.0023556411
0.0023224592
0.0022887104
0.0022544026
0.002219543
0.0021841379
0.0021481929
0.0021117128
0.0020747016
0.0020371623
0.001999097
0.0019605072
0.001921393
0.001881754
0.0018415886
0.0018008942
0.0017596674
0.0017179036
0.0016755972
0.0016327416
0.0015893294
0.001545352
0.0015008001
0.0014556633
0.0014099308
0.0013635908
0.0013166309
0.0012690385
0.0012208004
0.0011719032
0.0011223331
0.0010720763
0.0010211183
0.00096944477
0.00091704015
0.00086388755
0.0008099671
0.00075525348
0.00069971138
0.00064328759
0.00058589847
0.00052740137
0.00046757579
0.00040597594
0.00034212841
0.00027433742
0.00020334602
0.00012013527
5.2768613e-05
0.0031148062
0.0031102363
0.0031054815
0.0031005179
0.0030953228
0.0030898856
0.0030841975
0.0030782467
0.0030720205
0.0030655065
0.0030586915
0.0030515617
0.0030441026
0.0030362997
0.0030281378
0.0030196014
0.0030106748
0.0030013417
0.0029915859
0.0029813906
0.0029707392
0.0029596142
0.0029479978
0.0029358731
0.0029232232
0.002910032
0.002896284
0.0028819638
0.0028670562
0.0028515465
0.0028354206
0.0028186655
0.0028012687
0.0027832189
0.0027645058
0.0027451199
0.002725053
0.002704298
0.0026828489
0.002660701
0.0026378506
0.0026142951
0.0025900331
0.0025650643
0.0025393891
0.0025130092
0.0024859267
0.0024581449
0.0024296673
0.0024004985
0.0023706431
0.0023401064
0.0023088942
0.0022770122
0.0022444671
0.0022112656
0.0021774144
0.0021429199
0.0021077883
0.0020720254
0.0020356369
0.0019986276
0.0019610024
0.001922765
0.0018839188
0.001844466
0.0018044081
0.0017637453
0.0017224771
0.0016806015
0.0016381158
0.0015950161
0.0015512972
0.0015069528
0.0014619757
0.0014163572
0.0013700877
0.0013231566
0.0012755522
0.0012272623
0.0011782737
0.001128572
0.0010781417
0.0010269657
0.00097502538
0.00092229925
0.00086876223
0.00081438349
0.0007591233
0.00070292821
0.00064572246
0.00058739789
0.00052778651
0.00046666047
0.0004035938
0.00033824803
0.00026920353
0.00019780255
0.00011590807
5.1161936e-05
0.0029707549
0.0029668408
0.0029627676
0.0029585121
0.0029540661
0.0029494239
0.0029445768
0.0029395144
0.0029342265
0.0029287027
0.002922932
0.0029169032
0.0029106042
0.002904023
0.0028971468
0.0028899624
0.0028824565
0.0028746149
0.0028664233
0.0028578671
0.002848931
0.0028395997
0.0028298573
0.0028196874
0.0028090733
0.0027979984
0.0027864462
0.0027744003
0.0027618439
0.0027487603
0.0027351332
0.0027209466
0.0027061851
0.0026908331
0.0026748752
0.0026582967
0.0026410831
0.002623221
0.0026046971
0.0025854993
0.0025656159
0.0025450362
0.0025237503
0.0025017489
0.002479024
0.0024555681
0.0024313748
0.0024064384
0.0023807541
0.0023543182
0.0023271276
0.0022991803
0.0022704752
0.0022410125
0.0022107936
0.00217982
0.0021480937
0.002115618
0.0020823971
0.0020484362
0.002013741
0.0019783181
0.0019421743
0.001905317
0.0018677537
0.0018294916
0.0017905372
0.0017508955
0.0017105698
0.0016695625
0.0016278746
0.001585506
0.0015424549
0.0014987182
0.0014542911
0.0014091676
0.0013633397
0.0013167985
0.0012695339
0.0012215344
0.0011727863
0.0011232741
0.0010729801
0.0010218848
0.00096996505
0.00091719414
0.00086353977
0.00080896224
0.00075341122
0.00069682148
0.00063910554
0.00058014704
0.00051977956
0.0004577992
0.00039385036
0.00032773442
0.00025834637
0.00018735261
0.00010781311
4.6423546e-05
0.0028694956
0.0028659721
0.0028623149
0.0028585122
0.0028545458
0.0028504075
0.0028460917
0.0028415909
0.0028368963
0.0028319989
0.0028268897
0.0028215592
0.0028159975
0.0028101942
0.0028041385
0.0027978194
0.0027912253
0.0027843442
0.0027771636
0.0027696707
0.0027618523
0.0027536952
0.0027451857
0.002736309
0.0027270502
0.0027173938
0.0027073236
0.0026968233
0.0026858769
0.0026744677
0.002662579
0.0026501941
0.0026372957
0.002623867
0.0026098912
0.0025953515
0.0025802306
0.0025645114
0.0025481769
0.0025312106
0.002513596
0.0024953168
0.0024763574
0.0024567021
0.002436336
0.0024152444
0.0023934128
0.0023708274
0.0023474741
0.0023233394
0.0022984092
0.0022726695
0.0022461018
0.0022187033
0.0021905033
0.0021615101
0.0021317144
0.0021011099
0.0020696969
0.0020374776
0.0020044546
0.0019706312
0.0019360118
0.0019006016
0.0018644062
0.0018274305
0.001789678
0.001751152
0.0017118564
0.0016717948
0.0016309705
0.0015893848
0.0015470376
0.0015039273
0.001460051
0.0014154043
0.0013699786
0.0013237633
0.0012767509
0.0012289341
0.0011803001
0.0011308327
0.0010805133
0.0010293207
0.00097723013
0.00092421189
0.00087023033
0.00081524202
0.00075919318
0.00070201651
0.00064362606
0.00058391407
0.00052273557
0.00045992908
0.00039521388
0.00032850274
0.00025884496
0.00018799743
0.00010895833
4.7488608e-05
0.0026971381
0.0026943797
0.0026915052
0.0026885004
0.0026853626
0.0026820879
0.0026786697
0.0026751006
0.0026713736
0.0026674816
0.0026634169
0.0026591713
0.0026547366
0.002650104
0.0026452644
0.0026402082
0.0026349255
0.0026294057
0.0026236377
0.0026176103
0.0026113122
0.0026047315
0.0025978553
0.0025906708
0.0025831649
0.0025753238
0.0025671329
0.0025585772
0.0025496413
0.0025403094
0.002530565
0.002520391
0.0025097695
0.0024986827
0.0024871126
0.0024750404
0.0024624472
0.0024493134
0.0024356192
0.0024213445
0.0024064686
0.0023909706
0.0023748295
0.0023580235
0.0023405309
0.0023223292
0.0023033959
0.0022837076
0.0022632404
0.0022419695
0.0022198692
0.002196912
0.0021730682
0.0021483066
0.0021226084
0.0020959742
0.0020684079
0.0020399122
0.0020104927
0.0019801595
0.001948928
0.0019168183
0.0018838555
0.0018500681
0.0018155012
0.0017801982
0.0017441508
0.0017073388
0.001669749
0.0016313735
0.0015922104
0.001552257
0.0015115052
0.001469945
0.0014275665
0.0013843596
0.0013403132
0.0012954152
0.0012496526
0.001203011
0.0011554741
0.0011070236
0.0010576391
0.0010072976
0.00095597261
0.0009036337
0.00085024525
0.00079576538
0.00074014429
0.00068332256
0.00062522834
0.00056577741
0.00050486346
0.00044238348
0.00037815309
0.00031220703
0.00024385549
0.00017499416
9.9728753e-05
4.2441459e-05
0.0026461301
0.0026433903
0.0026405547
0.0026376154
0.0026345541
0.0026313637
0.0026280407
0.0026245799
0.0026209745
0.0026172176
0.0026133022
0.0026092212
0.0026049669
0.0026005312
0.0025959057
0.0025910817
0.0025860499
0.0025808008
0.0025753244
0.0025696101
0.0025636472
0.002557424
0.002550929
0.00254415
0.0025370743
0.0025296887
0.0025219791
0.0025139312
0.0025055301
0.0024967605
0.0024876062
0.0024780509
0.0024680776
0.0024576685
0.0024468053
0.002435469
0.0024236408
0.0024113012
0.0023984304
0.0023850082
0.002371014
0.0023564272
0.0023412267
0.0023253915
0.0023089001
0.0022917315
0.0022738649
0.0022552798
0.0022359563
0.0022158754
0.0021950188
0.00217337
0.0021509175
0.0021276358
0.0021034754
0.0020784119
0.0020524403
0.0020255555
0.0019977497
0.001969017
0.0019393555
0.0019087668
0.0018772561
0.0018448321
0.0018115116
0.0017773149
0.0017422551
0.001706346
0.0016696114
0.0016320781
0.0015937463
0.0015545938
0.0015146008
0.0014737537
0.0014320399
0.0013894449
0.0013459536
0.0013015506
0.00125622
0.0012099454
0.0011627092
0.0011144924
0.0010652746
0.001015033
0.00096374248
0.00091137475
0.00085789768
0.00080327444
0.00074746241
0.00069041208
0.00063206474
0.00057235294
0.00051119019
0.0004484945
0.0003840954
0.00031802554
0.00024952154
0.0001803547
0.00010403807
4.4944276e-05
0.0023681824
0.0023659305
0.0023635895
0.0023611479
0.002358604
0.0023559552
0.0023531963
0.0023503218
0.0023473263
0.0023442043
0.00234095
0.0023375573
0.0023340196
0.0023303302
0.0023264822
0.0023224682
0.0023182805
0.002313911
0.0023093514
0.0023045929
0.0022996264
0.0022944425
0.0022890311
0.0022833821
0.0022774847
0.0022713278
0.0022648999
0.002258189
0.0022511829
0.0022438686
0.0022362331
0.0022282627
0.0022199435
0.0022112612
0.002202201
0.002192748
0.0021828867
0.0021726018
0.0021618772
0.0021506971
0.0021390454
0.002126906
0.0021142626
0.0021010993
0.0020874
0.0020731492
0.0020583317
0.0020429332
0.0020269403
0.0020103401
0.0019931215
0.0019752747
0.0019567916
0.001937668
0.0019178946
0.0018974443
0.0018762855
0.0018543891
0.0018317267
0.0018082676
0.0017839794
0.0017588284
0.0017327798
0.0017057999
0.0016778469
0.0016488858
0.0016189298
0.0015880044
0.0015561333
0.0015233368
0.0014896104
0.0014549298
0.0014192727
0.0013826229
0.0013449651
0.0013062826
0.0012665585
0.0012257761
0.0011839188
0.0011409698
0.0010969121
0.0010517284
0.0010054008
0.00095791099
0.00090924009
0.00085936843
0.00080827566
0.00075594074
0.0007023421
0.00064745813
0.00059126716
0.00053375052
0.00047488716
0.00041467943
0.00035307826
0.0002902508
0.00022571588
0.00016130581
9.169857e-05
3.8902135e-05
)
;

boundaryField
{
    inlet
    {
        type            zeroGradient;
    }
    top
    {
        type            zeroGradient;
    }
    outlet
    {
        type            fixedValue;
        value           uniform 0;
    }
    slipsurface
    {
        type            slip;
    }
    bottom
    {
        type            zeroGradient;
    }
    frontandback
    {
        type            empty;
    }
}


// ************************************************************************* //
